1
0.9998869895935059
0.9998668432235718
0.9998366832733154
0.9997642636299133
0.9996398687362671
0.9995682835578918
0.99955815076828
0.9995095729827881
0.9994866847991943
0.9991158843040466
0.9992014765739441
0.9931174516677856
0.9960681200027466
0.9950399994850159
0.9973801970481873
0.9962177872657776
0.9965413212776184
0.990925669670105
0.9864808320999146
0.9251916408538818
0.9315742254257202
0.9744905829429626
0.8757715821266174
0.8228758573532104
0.9024007320404053
0.8570764064788818
0.8532422184944153
0.8353456854820251
0.8767902851104736
0.7492378950119019
0.9870703816413879
0.9612914323806763
0.9481083750724792
0.8796171545982361
0.9408872127532959
0.8861640691757202
0.9073718190193176
0.9105835556983948
0.9476866722106934
0.9883480668067932
0.9932942986488342
0.9963319897651672
0.9981176853179932
0.9960659146308899
0.9988489151000977
0.9990721940994263
0.999178946018219
0.9994093179702759
0.9972620010375977
0.9995940327644348
0.9994547963142395
0.999624490737915
0.9995176792144775
0.999496340751648
0.9994688630104065
0.9995191097259521
0.9986686706542969
0.9987887740135193
0.9983585476875305
0.9970173835754395
0.9797709584236145
0.9794967174530029
0.8964889049530029
0.9074508547782898
0.6415589451789856
0.748172402381897
0.47564491629600525
0.5840155482292175
0.49372005462646484
0.5721310377120972
0.411215215921402
0.4845249652862549
0.6135479807853699
0.5240980386734009
0.4167417585849762
0.6525949835777283
0.7134559750556946
0.673553466796875
0.7065987586975098
0.7209271192550659
0.6271829009056091
0.6637746691703796
0.4537051022052765
0.5998332500457764
0.37034282088279724
0.7037333250045776
0.4312903583049774
0.42416897416114807
0.2780775725841522
0.38084009289741516
0.25386732816696167
0.3210347890853882
0.34778332710266113
0.4386429488658905
0.312139630317688
0.2844544053077698
0.24432595074176788
0.5169287919998169
0.22621293365955353
0.20592233538627625
0.2320762276649475
0.242571622133255
0.22107341885566711
0.11922624707221985
0.26183971762657166
0.6882957816123962
0.5391964912414551
0.3234880864620209
0.7767404913902283
0.44025692343711853
0.2792450785636902
0.2600450813770294
0.25837936997413635
0.28497177362442017
0.22889314591884613
0.29261112213134766
0.4960973262786865
0.365731805562973
0.353369802236557
0.5390726327896118
0.31607016921043396
0.1804189831018448
0.31741589307785034
0.2667354345321655
0.24467545747756958
0.5005393028259277
0.4715171456336975
0.3266274929046631
0.3808596730232239
0.5567575693130493
0.5393140316009521
0.5885581970214844
0.7587429285049438
0.754326581954956
0.5223429799079895
0.7914204597473145
0.8928166627883911
0.8818599581718445
0.8772978782653809
0.9040327668190002
0.9276765584945679
0.9374678730964661
0.9513576030731201
0.8740720748901367
0.8021422624588013
0.7206679582595825
0.77362459897995
0.7760433554649353
0.8676812052726746
0.8249800801277161
0.8849992752075195
0.7194077372550964
0.8246881365776062
0.7417429089546204
0.7173179984092712
0.6257864832878113
0.8544825315475464
0.9588614702224731
0.555575966835022
0.7296924591064453
0.5062566995620728
0.49969714879989624
0.3812858760356903
0.627168595790863
0.672400176525116
0.6477412581443787
0.5126209259033203
0.5835999846458435
0.6764040589332581
0.5738873481750488
0.6347836256027222
0.6488131880760193
0.5744385719299316
0.6906052827835083
0.7306845784187317
0.646991491317749
0.6296701431274414
0.5693864822387695
0.5519328713417053
0.5588058233261108
0.4670730531215668
0.4114281237125397
0.4524359703063965
0.6574225425720215
0.5519832372665405
0.23652367293834686
0.30719250440597534
0.44193902611732483
0.44777223467826843
0.3534751236438751
0.5095927119255066
0.39234936237335205
0.5485246181488037
0.7225318551063538
0.4840477705001831
0.5197668671607971
0.4521973431110382
0.5659022331237793
0.45213446021080017
0.36081621050834656
0.34956133365631104
0.48910799622535706
0.2978103756904602
0.24032969772815704
0.44957637786865234
0.5834611654281616
0.4046172499656677
0.6700249910354614
0.36578381061553955
0.4470420777797699
0.5168541669845581
0.4414837956428528
0.29299870133399963
0.49756231904029846
0.6034998297691345
0.3828870952129364
0.4387367367744446
0.21211548149585724
0.0894135907292366
0.05823764204978943
0.08383756130933762
0.1599932610988617
0.32495513558387756
0.3790915608406067
0.5562750101089478
0.5334823131561279
0.5345213413238525
0.5988340973854065
0.732640266418457
0.6152294278144836
0.5269801616668701
0.5324275493621826
0.7409889101982117
0.5425987243652344
0.27254220843315125
0.25805798172950745
0.35818034410476685
0.27263280749320984
0.6340467929840088
0.6490857601165771
0.33298954367637634
0.4244166910648346
0.2815820574760437
0.22761166095733643
0.4295872747898102
0.26662886142730713
0.17462725937366486
0.1200728490948677
0.22346286475658417
0.3621147572994232
0.33126533031463623
0.42247769236564636
0.5733057856559753
0.1417020559310913
0.499705970287323
0.49864470958709717
0.5601435303688049
0.9021346569061279
0.4031384587287903
0.38473525643348694
0.026775985956192017
0.9380019903182983
0.9301130771636963
0.868190348148346
0.9353715181350708
0.9520625472068787
0.9467881917953491
0.9608258008956909
0.9556837677955627
0.9343449473381042
0.9175724387168884
0.8538810014724731
0.7661259770393372
0.7486557364463806
0.8337066769599915
0.7199673652648926
0.9094682931900024
0.8369852900505066
0.7781333327293396
0.8864505887031555
0.7903150916099548
0.4957081973552704
0.46706920862197876
0.43658414483070374
0.4354299306869507
0.570915937423706
0.4751565754413605
0.4201793372631073
0.7730751037597656
0.8586626648902893
0.7023972272872925
0.7494238018989563
0.806603729724884
0.5838732719421387
0.7615208625793457
0.8817132115364075
0.726144015789032
0.5975580811500549
0.30154484510421753
0.2768401503562927
0.4718962013721466
0.5883839130401611
0.6081434488296509
0.5366243124008179
0.4081394672393799
0.4753936529159546
0.41731196641921997
0.33034950494766235
0.4582923948764801
0.5220252275466919
0.6221992373466492
0.711526095867157
0.7933791279792786
0.7047566175460815
0.695184051990509
0.8131378889083862
0.7322550415992737
0.6276866793632507
0.5985398888587952
0.627745509147644
0.8078501224517822
0.6630403995513916
0.6289066672325134
0.7341233491897583
0.18777519464492798
0.4596855342388153
0.44427722692489624
0.25773295760154724
0.18505404889583588
0.46914535760879517
0.2427319437265396
0.2369157373905182
0.1769697219133377
0.2543227970600128
0.17983560264110565
0.13503633439540863
0.20165567100048065
0.19848525524139404
0.13133710622787476
0.43705371022224426
0.6165338754653931
0.5148302912712097
0.6427445411682129
0.5675241351127625
0.47159117460250854
0.7830905318260193
0.33649304509162903
0.43806883692741394
0.553272008895874
0.388210654258728
0.39706459641456604
0.44560301303863525
0.5585715770721436
0.6377537250518799
0.6970953345298767
0.4619755744934082
0.4476735293865204
0.5615347027778625
0.4765889644622803
0.33932989835739136
0.41766121983528137
0.5312211513519287
0.6214861273765564
0.7884211540222168
0.7366476655006409
0.49992138147354126
0.30159249901771545
0.4059180021286011
0.6024022102355957
0.5070424675941467
0.9618334174156189
0.8914157152175903
0.9666368365287781
0.965158998966217
0.9805471301078796
0.9866234660148621
0.3801670968532562
0.2783082127571106
0.2033042460680008
0.17661742866039276
0.17609451711177826
0.1473385989665985
0.33696773648262024
0.5261191129684448
0.5804125070571899
0.7759853601455688
0.709979236125946
0.8282119035720825
0.8069626688957214
0.7162743806838989
0.6177927255630493
0.5893694758415222
0.6524860858917236
0.6375720500946045
0.7314487099647522
0.695974588394165
0.30136916041374207
0.3401529788970947
0.36646178364753723
0.691925048828125
0.99479079246521
0.13983361423015594
0.19867748022079468
0.45020371675491333
0.032599858939647675
0.4645884931087494
0.23503777384757996
0.08114129304885864
0.2051815539598465
0.04380672052502632
0.19697001576423645
0.039986368268728256
0.19972197711467743
0.1948314607143402
0.1841413825750351
0.1587001383304596
0.23053915798664093
0.339905321598053
0.18562191724777222
0.14747609198093414
0.2745204567909241
0.07801724225282669
0.15382693707942963
0.20835532248020172
0.38189026713371277
0.3825642764568329
0.4826519191265106
0.4749968647956848
0.36469316482543945
0.32668694853782654
0.23612305521965027
0.24126394093036652
0.19968950748443604
0.32530099153518677
0.22700537741184235
0.17529116570949554
0.3358149528503418
0.3872804343700409
0.33116409182548523
0.17773480713367462
0.21079912781715393
0.28752729296684265
0.21713432669639587
0.20702916383743286
0.14655573666095734
0.5562754273414612
0.4576076567173004
0.6025080680847168
0.5147876739501953
0.4447696805000305
0.44917532801628113
0.21213291585445404
0.1713898628950119
0.30618584156036377
0.38435444235801697
0.38471388816833496
0.3651513159275055
0.20271402597427368
0.20384420454502106
0.22566092014312744
0.488849014043808
0.5534352660179138
0.5291065573692322
0.46238839626312256
0.5327473878860474
0.4311673045158386
0.39434128999710083
0.39374101161956787
0.3734033703804016
0.3025684654712677
0.3608577847480774
0.2774873971939087
0.38018420338630676
0.3666415214538574
0.36071112751960754
0.3449890613555908
0.3435935378074646
0.2077413648366928
0.2601478695869446
0.15470637381076813
0.21305927634239197
0.2843390107154846
0.3220706582069397
0.2524259686470032
0.26342788338661194
0.35087162256240845
0.382778525352478
0.44344761967658997
0.2615576982498169
0.2491738200187683
0.28864842653274536
0.18760928511619568
0.2798618972301483
0.27659139037132263
0.24391447007656097
0.22011376917362213
0.24949154257774353
0.4132869243621826
0.5663950443267822
0.6051996946334839
0.47338640689849854
0.5103026032447815
0.4113137722015381
0.4952293038368225
0.31807443499565125
0.2575726807117462
0.2308236062526703
0.2695820927619934
0.48151740431785583
0.10819374024868011
0.7357502579689026
0.7415972352027893
0.7232967019081116
0.724625289440155
0.6687946319580078
0.6614763736724854
0.6763308048248291
0.7261226177215576
0.6941318511962891
0.6242908239364624
0.6987689137458801
0.6864915490150452
0.5181904435157776
0.48125478625297546
0.43625345826148987
0.284851610660553
0.18529607355594635
0.29978466033935547
0.44985538721084595
0.29812344908714294
0.20874017477035522
0.5491616725921631
0.3411736786365509
0.22618111968040466
0.30365312099456787
0.2606314718723297
0.2123899608850479
0.25588005781173706
0.33844876289367676
0.41840264201164246
0.2655883729457855
0.239821195602417
0.4277656674385071
0.37061020731925964
0.1428001970052719
0.11949562281370163
0.10802870988845825
0.2265446037054062
0.42739948630332947
0.30127814412117004
0.3245828151702881
0.19164830446243286
0.2144325077533722
0.15293091535568237
0.22654989361763
0.37660878896713257
0.3510434329509735
0.2561381757259369
0.7639927268028259
0.535244345664978
0.5664684176445007
0.394723504781723
0.3075391948223114
0.5524118542671204
0.5743686556816101
0.32666078209877014
0.26521217823028564
0.5513899326324463
0.28168588876724243
0.17477750778198242
0.1833270639181137
0.2595837116241455
0.35450661182403564
0.47049131989479065
0.4011487364768982
0.42663219571113586
0.2772856652736664
0.4357769191265106
0.2822796702384949
0.447623610496521
0.596398651599884
0.5940006375312805
0.33341896533966064
0.7661466598510742
0.509224534034729
0.45439982414245605
0.5686500072479248
0.5645169615745544
0.4437903165817261
0.2578269839286804
0.45953965187072754
0.5001776218414307
0.36759063601493835
0.5271269679069519
0.4899452328681946
0.4503169059753418
0.4669123888015747
0.5661115646362305
0.5537479519844055
0.5521554350852966
0.9997455477714539
0.9995285272598267
0.99932861328125
0.9983047246932983
0.9963345527648926
0.9896341562271118
0.9931984543800354
0.9928534626960754
0.9890972375869751
0.9855654835700989
0.9635645747184753
0.9611063003540039
0.9807235598564148
0.990250289440155
0.9898684024810791
0.9900811314582825
0.9811938405036926
0.9665806889533997
0.9704214334487915
0.9269312024116516
0.6335676312446594
0.6717631816864014
0.21629859507083893
0.9234090447425842
0.7793514132499695
0.8444452881813049
0.7735880017280579
0.5455551147460938
0.5684843063354492
0.4738873541355133
0.4819861948490143
0.4525120258331299
0.5398517847061157
0.5695433616638184
0.27820777893066406
0.40630269050598145
0.5379630923271179
0.3541329503059387
0.47169533371925354
0.22034849226474762
0.5400062203407288
0.5440808534622192
0.44845905900001526
0.332278847694397
0.46563416719436646
0.6452327966690063
0.7108654975891113
0.8603773713111877
0.9076094031333923
0.9004848599433899
0.826206624507904
0.8203459978103638
0.8537872433662415
0.8888590335845947
0.884066104888916
0.9227331876754761
0.8768867254257202
0.9345715045928955
0.923019289970398
0.9454721212387085
0.9361040592193604
0.9219416379928589
0.8911504745483398
0.8836163878440857
0.7152185440063477
0.7045160531997681
0.5658565163612366
0.4760267436504364
0.5094780325889587
0.3505666255950928
0.3029360771179199
0.2900080978870392
0.8845479488372803
0.557397186756134
0.9503155946731567
0.9467196464538574
0.9749312996864319
0.9796018600463867
0.974376380443573
0.9122003316879272
0.9437016248703003
0.9341901540756226
0.9419324994087219
0.7505223155021667
0.7420591711997986
0.7486711144447327
0.8959049582481384
0.9194987416267395
0.9820823669433594
0.982699990272522
0.9786561727523804
0.9657909274101257
0.9884839653968811
0.9560023546218872
0.9371642470359802
0.9321104288101196
0.7574999332427979
0.8081297278404236
0.9137911200523376
0.8799062371253967
0.8476498126983643
0.9447161555290222
0.8687613010406494
0.7592020034790039
0.7285358309745789
0.86037677526474
0.9388318657875061
0.8359864950180054
0.9173738956451416
0.9482715129852295
0.8956416845321655
0.8797214031219482
0.8373505473136902
0.7720801830291748
0.7687122225761414
0.7691402435302734
0.6709253787994385
0.6701511740684509
0.5310226678848267
0.6638472080230713
0.4810531735420227
0.4728700518608093
0.3070193827152252
0.39516404271125793
0.4280155301094055
0.5200502872467041
0.23884013295173645
0.24622760713100433
0.48783227801322937
0.3529236912727356
0.2558605670928955
0.22413769364356995
0.43693962693214417
0.4530734717845917
0.39701011776924133
0.3182491064071655
0.3524841070175171
0.3328224718570709
0.5295084714889526
0.49276241660118103
0.5512319207191467
0.5975425243377686
0.5794435143470764
0.17702406644821167
0.5168124437332153
0.38273346424102783
0.36764857172966003
0.4571923017501831
0.4263139069080353
0.4975937008857727
0.4197032153606415
0.3239688277244568
0.24609734117984772
0.3151603639125824
0.3285089135169983
0.22081494331359863
0.05696282535791397
0.4378490447998047
0.4925336241722107
0.4911380708217621
0.40181347727775574
0.33638933300971985
0.3498724102973938
0.33188676834106445
0.30165237188339233
0.39510437846183777
0.37563538551330566
0.32888609170913696
0.44735559821128845
0.4395367503166199
0.45873960852622986
0.4183937907218933
0.3336949050426483
0.4644908308982849
0.204359233379364
0.36464187502861023
0.40119844675064087
0.5603145360946655
0.7338401675224304
0.6939099431037903
0.8614668846130371
0.778904378414154
0.6106802225112915
0.5649864673614502
0.5347046256065369
0.7034172415733337
0.6073983311653137
0.6116014719009399
0.5626371502876282
0.4388590455055237
0.38706138730049133
0.5362143516540527
0.3115980923175812
0.16871453821659088
0.2831122577190399
0.44010207056999207
0.3714434802532196
0.3813140094280243
0.503944456577301
0.4688096046447754
0.22142811119556427
0.23709245026111603
0.185983806848526
0.11066897213459015
0.09229543805122375
0.16362468898296356
0.07272878289222717
0.0984649583697319
0.19978687167167664
0.26697373390197754
0.2957226037979126
0.18101894855499268
0.48582184314727783
0.6632815599441528
0.49616169929504395
0.2431894987821579
0.4156420826911926
0.46778371930122375
0.2511439621448517
0.2515694200992584
0.13469092547893524
0.1067526638507843
0.11000646650791168
0.11658824235200882
0.10556967556476593
0.1259140819311142
0.12911321222782135
0.13939495384693146
0.16465696692466736
0.10868122428655624
0.18022461235523224
0.14588554203510284
0.26087120175361633
0.3178695738315582
0.30600520968437195
0.33679550886154175
0.36182230710983276
0.30896738171577454
0.29299014806747437
0.3787491023540497
0.48996561765670776
0.38815897703170776
0.3788941204547882
0.4494280219078064
0.3988945186138153
0.5718047618865967
0.5356769561767578
0.5508244037628174
0.5886765122413635
0.5749874711036682
0.621896505355835
0.5706438422203064
0.4625791311264038
0.6519437432289124
0.6449926495552063
0.35077255964279175
0.41114965081214905
0.3875351846218109
0.4347791373729706
0.31023862957954407
0.41426751017570496
0.33044660091400146
0.6652647256851196
0.5752187967300415
0.8054084181785583
0.3874644637107849
0.4511268436908722
0.3413178026676178
0.5539034605026245
0.31151533126831055
0.7416144013404846
0.8264153003692627
0.5792826414108276
0.7841914296150208
0.6564493775367737
0.7797755002975464
0.6470234990119934
0.45348161458969116
0.523033618927002
0.5907443761825562
0.47735166549682617
0.5980773568153381
0.5542751550674438
0.5784488916397095
0.6325478553771973
0.48170170187950134
0.3159809410572052
0.2754075229167938
0.3509294092655182
0.2559215724468231
0.21603357791900635
0.1879357546567917
0.18766845762729645
0.19488750398159027
0.12632569670677185
0.19847321510314941
0.12324829399585724
0.1278892308473587
0.13663287460803986
0.11234209686517715
0.13737912476062775
0.2081814706325531
0.06471923738718033
0.2900545001029968
0.27227070927619934
0.4449501633644104
0.3279557526111603
0.4560733437538147
0.18534936010837555
0.14944742619991302
0.8459038138389587
0.3817116320133209
0.4935932159423828
0.26446062326431274
0.1764768809080124
0.16785259544849396
0.21525566279888153
0.19893984496593475
0.2283656895160675
0.43821802735328674
0.5528929829597473
0.4448006749153137
0.615309476852417
0.49533480405807495
0.5406787991523743
0.2753705382347107
0.5252999067306519
0.506781816482544
0.5294159054756165
0.3422648310661316
0.44727110862731934
0.47578418254852295
0.5864722728729248
0.6364495158195496
0.6017981767654419
0.7117465734481812
0.5708124041557312
0.6083563566207886
0.4498904049396515
0.5000815391540527
0.5111974477767944
0.49386993050575256
0.5738089084625244
0.4869137108325958
0.23514527082443237
0.40033239126205444
0.4190913438796997
0.27109548449516296
0.3128032684326172
0.28288036584854126
0.2689472436904907
0.14230334758758545
0.0716572254896164
0.10587405413389206
0.1273241937160492
0.17061713337898254
0.15500101447105408
0.11190273612737656
0.11665543168783188
0.37951192259788513
0.2796687185764313
0.758354902267456
0.6613278388977051
0.7033572196960449
0.525576651096344
0.17695164680480957
0.7710242867469788
0.84485924243927
0.9393568634986877
0.8178174495697021
0.9447332620620728
0.8840659856796265
0.9479807019233704
0.9411819577217102
0.9661556482315063
0.9544829726219177
0.937784731388092
0.6491181254386902
0.478699266910553
0.525484025478363
0.2940538227558136
0.49029091000556946
0.4815410077571869
0.38736534118652344
0.2690820097923279
0.2432098686695099
0.21111710369586945
0.1669856160879135
0.45844021439552307
0.43129605054855347
0.3623511493206024
0.4937308728694916
0.5375728607177734
0.24778293073177338
0.5309671759605408
0.42357325553894043
0.20725172758102417
0.4553346633911133
0.3058939576148987
0.40679308772087097
0.4103304147720337
0.32058343291282654
0.44112613797187805
0.43770986795425415
0.6218428015708923
0.45522376894950867
0.9118556380271912
0.7643888592720032
0.5889192819595337
0.517534613609314
0.34922558069229126
0.48591527342796326
0.3611133098602295
0.24720479547977448
0.2584310472011566
0.33562135696411133
0.28655895590782166
0.4264533519744873
0.28505975008010864
0.5091496706008911
0.4962073862552643
0.4773682951927185
0.7740506529808044
0.6149051785469055
0.6703155636787415
0.4358271658420563
0.4907192885875702
0.4367842674255371
0.35174649953842163
0.3830641210079193
0.32774391770362854
0.3949244022369385
0.366306334733963
0.42866986989974976
0.4373858869075775
0.3969583511352539
0.33387646079063416
0.3998228907585144
0.4295877516269684
0.4354318082332611
0.26893213391304016
0.7262491583824158
0.7235310673713684
0.7361143827438354
0.4837922751903534
0.48648643493652344
0.4519951045513153
0.1694142371416092
0.42549824714660645
0.3777671456336975
0.6003914475440979
0.44321128726005554
0.3927164077758789
0.5713078379631042
0.5228100419044495
0.41129612922668457
0.37893787026405334
0.35958606004714966
0.42318597435951233
0.3698427677154541
0.43792474269866943
0.5033169984817505
0.34804049134254456
0.39560776948928833
0.22669340670108795
0.19514326751232147
0.2621128559112549
0.36771121621131897
0.3278580605983734
0.4115733504295349
0.3658249080181122
0.2468390166759491
0.14904220402240753
0.12507975101470947
0.20373493432998657
0.15833140909671783
0.17556804418563843
0.21060673892498016
0.1353597342967987
0.12057462334632874
0.23897255957126617
0.05779018625617027
0.41506054997444153
0.5288752913475037
0.30685773491859436
0.3510328531265259
0.2965586185455322
0.43803268671035767
0.4898017942905426
0.48721587657928467
0.5850058197975159
0.7426843047142029
0.6138257384300232
0.5774759650230408
0.6806833744049072
0.6413796544075012
0.5910505652427673
0.7464169263839722
0.9007552862167358
0.8473419547080994
0.9092314839363098
0.8806673288345337
0.8744031190872192
0.9180208444595337
0.9074118733406067
0.9454362392425537
0.8208317160606384
0.9677485227584839
0.9727401733398438
0.9801982045173645
0.9772191047668457
0.9787149429321289
0.9836893677711487
0.9836724400520325
0.8460365533828735
0.911257266998291
0.7467557191848755
0.7288621068000793
0.5765948295593262
0.6479109525680542
0.8016366362571716
0.8278008103370667
0.6837723255157471
0.5715993046760559
0.4962630271911621
0.4302210211753845
0.40295153856277466
0.2499968409538269
0.2180551290512085
0.16848158836364746
0.4281017780303955
0.4483489990234375
0.8159815073013306
0.7915460467338562
0.9449278116226196
0.7154560685157776
0.9224565625190735
0.7251819968223572
0.6135764718055725
0.9416974782943726
0.768363893032074
0.9064406752586365
0.911921501159668
0.9192838072776794
0.9370447397232056
0.9349662661552429
0.9503410458564758
0.9691612124443054
0.9171835780143738
0.9559905529022217
0.9234204292297363
0.9142772555351257
0.8819137811660767
0.9148895740509033
0.7807042598724365
0.831663191318512
0.80034339427948
0.8343605995178223
0.8206108808517456
0.8163509964942932
0.6844412684440613
0.640753984451294
0.6018686294555664
0.5663634538650513
0.8545112609863281
0.9359936118125916
0.916683554649353
0.7736730575561523
0.8496483564376831
0.8101326823234558
0.7268868088722229
0.750617265701294
0.6631420850753784
0.787722647190094
0.625403881072998
0.8008317947387695
0.7764322757720947
0.6547560691833496
0.727945864200592
0.6574826836585999
0.6623192429542542
0.7531634569168091
0.41506052017211914
0.38537177443504333
0.569450318813324
0.514001190662384
0.5045490264892578
0.6827466487884521
0.7217453718185425
0.5514397025108337
0.4996475577354431
0.8377701044082642
0.7019771933555603
0.8053144812583923
0.4992479681968689
0.5969996452331543
0.7967038750648499
0.7030995488166809
0.28842693567276
0.46526893973350525
0.5118986368179321
0.7416506409645081
0.9128900766372681
0.8304928541183472
0.7993526458740234
0.9091991782188416
0.8004229664802551
0.8097883462905884
0.9280411005020142
0.9588918089866638
0.9436139464378357
0.9315212965011597
0.9434290528297424
0.7808774709701538
0.8107383847236633
0.7270218729972839
0.6506519317626953
0.7412254214286804
0.6137082576751709
0.4559774398803711
0.5541439652442932
0.6248771548271179
0.6406821608543396
0.5437214374542236
0.6993727087974548
0.5659052133560181
0.7243922352790833
0.7151352763175964
0.6665781736373901
0.5891406536102295
0.6476431488990784
0.7541864514350891
0.7533721923828125
0.7949120402336121
0.673610508441925
0.5624818801879883
0.7234489321708679
0.8916847109794617
0.643490731716156
0.6163690090179443
0.24623824656009674
0.47059711813926697
0.37541306018829346
0.2249431610107422
0.39478418231010437
0.31793534755706787
0.47600021958351135
0.7046267986297607
0.5079492330551147
0.8223190307617188
0.8985475301742554
0.8672122359275818
0.9325312376022339
0.9660598635673523
0.9717279672622681
0.9349765777587891
0.6654540300369263
0.7998247146606445
0.7069525122642517
0.775486409664154
0.8225383758544922
0.5564804673194885
0.566946804523468
0.6306983828544617
0.5446879267692566
0.5567837357521057
0.6314356923103333
0.5599529147148132
0.8393862843513489
0.5834000110626221
0.649283230304718
0.7230169773101807
0.6121405959129333
0.6833633780479431
0.6145235896110535
0.6606226563453674
0.5698094964027405
0.6672754287719727
0.6087684035301208
0.7939008474349976
0.48706671595573425
0.5093144774436951
0.4225787818431854
0.3600333034992218
0.5949222445487976
0.3904043138027191
0.6316276788711548
0.5099464058876038
0.38133862614631653
0.50969398021698
0.28566622734069824
0.4089602828025818
0.3698408007621765
0.4829201102256775
0.48104262351989746
0.45200231671333313
0.502605676651001
0.4825008809566498
0.4720095098018646
0.6923788785934448
0.5053361058235168
0.5624440312385559
0.5154290199279785
0.5370699167251587
0.6575987935066223
0.6166525483131409
0.7752646207809448
0.7761412262916565
0.8065696954727173
0.8161736726760864
0.7193043828010559
0.8403074741363525
0.920689046382904
0.7484175562858582
0.8024088740348816
0.9256712794303894
0.906853973865509
0.8539538383483887
0.9398736357688904
0.9487621784210205
0.9206508994102478
0.930136501789093
0.8733710050582886
0.8369224071502686
0.7140731811523438
0.5310536623001099
0.5805069208145142
0.5362258553504944
0.4885895550251007
0.4965599775314331
0.576565146446228
0.6180717945098877
0.4652160704135895
0.46712934970855713
0.4193938374519348
0.3391939103603363
0.4179361164569855
0.4022761285305023
0.4063417911529541
0.433864563703537
0.37535515427589417
0.2954774796962738
0.3899574875831604
0.4115232229232788
0.3785317838191986
0.5113570690155029
0.489691823720932
0.6614933609962463
0.7829190492630005
0.6686187386512756
0.8016737699508667
0.791358232498169
0.8608686327934265
0.862805187702179
0.8236944675445557
0.8002586960792542
0.6973102688789368
0.6250924468040466
0.6035656929016113
0.6177123785018921
0.6113250255584717
0.7080429196357727
0.6873822212219238
0.6564233303070068
0.7389310002326965
0.761085033416748
0.8248515129089355
0.894769012928009
0.8516080975532532
0.8459970951080322
0.7979785203933716
0.7140460014343262
0.7979649901390076
0.8214105367660522
0.6714935302734375
0.7415834665298462
0.6835020780563354
0.758779764175415
0.713085412979126
0.5811034440994263
0.7272701859474182
0.7063402533531189
0.7793426513671875
0.7625517845153809
0.7342156171798706
0.8127903938293457
0.6671257615089417
0.7088708877563477
0.5395964980125427
0.5700575709342957
0.7125081419944763
0.7115445733070374
0.6159121990203857
0.5920689105987549
0.5537242293357849
0.4664958715438843
0.3879139721393585
0.6379791498184204
0.6145528554916382
0.6240646243095398
0.9997420907020569
0.9996709823608398
0.9993094205856323
0.9986851811408997
0.9977661371231079
0.9915967583656311
0.9851142168045044
0.9707053899765015
0.9808016419410706
0.920686662197113
0.9695976376533508
0.8116891980171204
0.6330419182777405
0.7110918164253235
0.31790250539779663
0.5341399908065796
0.1295701414346695
0.3228914737701416
0.34723129868507385
0.3573090434074402
0.2299562245607376
0.4201647639274597
0.524295449256897
0.5476816892623901
0.5155270099639893
0.7460094690322876
0.8122838735580444
0.9186390042304993
0.7254210114479065
0.8191120624542236
0.8449045419692993
0.49436506628990173
0.31792911887168884
0.3737518787384033
0.3090759813785553
0.2167395055294037
0.27454090118408203
0.34999170899391174
0.28016045689582825
0.3788127303123474
0.4957621991634369
0.4507714509963989
0.6283838748931885
0.5726555585861206
0.5136805772781372
0.39750295877456665
0.627955973148346
0.5864942073822021
0.70348060131073
0.519485592842102
0.4081631302833557
0.47695624828338623
0.5620166063308716
0.5842838883399963
0.7810015678405762
0.2788771986961365
0.8037323951721191
0.7722657918930054
0.8161554932594299
0.9105987548828125
0.8627058267593384
0.8142428994178772
0.895961582660675
0.629473090171814
0.7751362919807434
0.7197914719581604
0.7631236910820007
0.8383110165596008
0.9364696741104126
0.8494613766670227
0.9304571151733398
0.8863904476165771
0.898670494556427
0.8754478693008423
0.59608393907547
0.4447516202926636
0.3968473970890045
0.4858224093914032
0.6402960419654846
0.6146737933158875
0.6721811294555664
0.7834293246269226
0.6202369332313538
0.8680961728096008
0.8847787976264954
0.8394159078598022
0.7729359865188599
0.7596670389175415
0.765378475189209
0.6204873919487
0.8038933873176575
0.9806259870529175
0.9506368637084961
0.9666250348091125
0.9746692776679993
0.9786686897277832
0.9836041331291199
0.9807836413383484
0.9845108985900879
0.8994490504264832
0.8677476644515991
0.8410206437110901
0.8549183011054993
0.935977578163147
0.9448824524879456
0.974939227104187
0.9672299027442932
0.9639934301376343
0.9794967174530029
0.9871692657470703
0.9910799860954285
0.9804046750068665
0.9824737906455994
0.9735051393508911
0.973604679107666
0.9702896475791931
0.9633466601371765
0.9432195425033569
0.8897414803504944
0.6510107517242432
0.586870014667511
0.37758028507232666
0.5904847383499146
0.7225059866905212
0.9321365356445312
0.698907732963562
0.3788740634918213
0.2713489234447479
0.44182002544403076
0.31001952290534973
0.3029491603374481
0.23032590746879578
0.24018248915672302
0.2307778298854828
0.43380075693130493
0.37087827920913696
0.4622163772583008
0.46547165513038635
0.39454028010368347
0.2707766890525818
0.21165575087070465
0.701825737953186
0.3204597532749176
0.3530116081237793
0.3754199147224426
0.34994393587112427
0.2956092059612274
0.4088854193687439
0.561064600944519
0.7058396935462952
0.6741282343864441
0.8232694864273071
0.7866548895835876
0.7553822994232178
0.7040543556213379
0.8106507062911987
0.8145257234573364
0.7507584095001221
0.7653217911720276
0.780442476272583
0.7964720726013184
0.7623501420021057
0.9114327430725098
0.8749510645866394
0.8150511980056763
0.8954899907112122
0.9575642943382263
0.9025396704673767
0.893811821937561
0.9044118523597717
0.9270800948143005
0.8873006701469421
0.9307089447975159
0.89886075258255
0.6516215801239014
0.5604053735733032
0.28950947523117065
0.13639937341213226
0.43068885803222656
0.22353094816207886
0.592540442943573
0.6464760899543762
0.4496176838874817
0.3401031792163849
0.6610913276672363
0.6011382341384888
0.6068587899208069
0.6893585920333862
0.8802958726882935
0.7962518334388733
0.949869692325592
0.5932962894439697
0.8970514535903931
0.9264096617698669
0.9556648135185242
0.8863105177879333
0.9699764847755432
0.9642132520675659
0.945041835308075
0.9532743096351624
0.9998936653137207
0.9998902082443237
0.9998667240142822
0.9998620748519897
0.9998495578765869
0.9998114705085754
0.9998378753662109
0.9998416900634766
0.9998171925544739
0.9997844099998474
0.9996395111083984
0.9996569156646729
0.9994093179702759
0.999339759349823
0.9989603757858276
0.9991067051887512
0.998485267162323
0.9993577599525452
0.9990248680114746
0.999100923538208
0.9991279244422913
0.9991496801376343
0.9983324408531189
0.9978419542312622
0.9975076913833618
0.996834933757782
0.9975121021270752
0.9972091317176819
0.9980210065841675
0.9981400966644287
0.997757613658905
0.998496413230896
0.9986469149589539
0.9988514184951782
0.9986593723297119
0.9976365566253662
0.9977142810821533
0.9974021911621094
0.9978302121162415
0.9981550574302673
0.9982467889785767
0.9956049919128418
0.9976342916488647
0.9985756874084473
0.9979693293571472
0.9976187348365784
0.9980599284172058
0.9978759288787842
0.9976233839988708
0.9978481531143188
0.9979997277259827
0.9987615346908569
0.9991195797920227
0.9992914199829102
0.9992761015892029
0.9992721676826477
0.9994686245918274
0.9995608925819397
0.999680757522583
0.9996738433837891
0.9997275471687317
