503.0,17.0,137.0,419.0
503,12,136,425
505,11,134,424
504,13,134,420
506,13,131,418
508,11,130,421
509,12,128,419
509,13,128,419
509,11,129,418
508,14,130,417
507,12,130,418
503,18,133,410
497,18,140,409
498,19,140,406
495,18,143,406
497,21,140,402
498,19,139,402
501,24,135,398
498,27,137,396
502,26,135,400
500,25,134,403
502,26,125,401
499,27,124,399
496,27,124,398
492,28,125,396
491,29,127,397
486,31,138,406
484,47,130,395
477,45,142,393
463,44,157,404
469,59,151,388
465,51,155,391
461,52,163,393
458,50,167,386
458,43,167,390
463,42,167,386
456,31,178,385
460,26,175,386
462,18,174,386
463,7,173,394
472,2,165,396
475,0,163,392
473,0,163,389
485,0,152,387
486,0,153,386
490,0,148,386
494,0,145,389
497,0,141,392
492,1,147,395
492,0,146,402
496,1,143,406
499,2,140,413
499,3,139,419
498,13,141,417
497,24,140,415
496,34,143,409
494,37,145,415
494,42,145,410
497,45,142,408
493,46,144,407
487,54,146,397
478,45,149,407
475,48,149,405
471,41,153,413
467,40,158,419
464,30,163,426
462,7,168,432
458,10,162,434
458,6,165,439
453,2,172,432
451,2,183,443
455,3,182,451
452,0,187,457
453,0,186,467
446,0,193,473
442,2,197,470
437,1,201,476
433,0,206,473
435,1,203,478
430,13,208,459
422,5,214,470
413,14,220,461
400,37,177,436
458,20,163,453
448,8,166,463
378,36,152,421
485,4,153,474
372,38,225,427
473,3,157,464
318,49,197,390
351,41,263,425
339,49,158,392
332,48,176,396
331,53,174,388
335,55,181,392
383,36,246,438
458,18,164,455
328,63,173,384
338,57,199,399
499,10,137,465
305,32,224,432
426,31,198,437
349,3,290,467
37,56,602,420
494,4,145,468
147,46,11,352
15,66,109,301
364,65,113,370
484,7,95,445
509,3,130,464
517,7,122,459
295,1,186,472
448,3,191,458
454,2,184,466
419,4,220,468
262,4,365,469
281,0,291,474
280,0,282,478
292,2,252,477
303,11,233,468
329,5,187,470
333,0,188,475
341,0,192,479
297,0,249,474
303,1,254,474
235,23,358,454
322,0,310,475
23,66,151,357
19,63,146,353
303,0,301,476
322,1,315,476
25,49,437,407
351,4,288,466
366,1,273,473
383,0,255,477
422,0,214,477
444,0,195,475
466,0,173,478
478,0,161,477
486,0,153,477
487,0,151,478
490,0,148,479
495,0,142,478
504,0,135,480
512,0,127,478
513,0,124,475
513,0,126,475
514,0,123,478
516,0,120,477
514,0,123,477
513,0,123,476
513,0,126,478
512,0,124,478
517,0,122,478
517,0,120,476
518,0,119,475
519,0,118,477
509,0,128,478
510,0,129,477
496,0,141,479
486,0,153,478
482,2,157,475
476,1,162,475
471,0,168,476
462,0,177,478
461,0,178,479
461,0,178,474
463,0,176,476
469,0,170,475
469,0,170,474
473,0,166,473
479,0,160,473
423,0,125,478
490,1,149,475
482,1,157,474
481,0,156,477
477,0,162,477
471,0,165,475
469,0,170,476
468,0,171,476
471,0,168,478
467,0,172,477
465,0,173,477
437,0,201,476
6,0,284,477
175,0,464,477
8,0,293,477
453,0,186,478
452,0,187,475
448,0,191,477
441,0,198,476
432,0,207,473
422,0,217,472
423,0,216,471
430,0,205,469
427,0,208,458
429,0,203,454
420,0,210,444
415,1,217,445
424,8,203,440
406,18,218,428
259,18,371,432
415,21,219,437
425,84,206,385
392,20,245,456
79,0,326,477
138,13,398,462
420,158,217,317
61,1,331,478
78,0,309,471
69,1,326,477
60,0,329,479
70,0,326,478
106,10,396,453
67,0,340,478
102,0,320,474
125,0,296,478
133,0,282,478
143,0,275,477
145,0,283,475
153,3,269,470
150,15,353,436
90,1,539,419
88,0,255,473
72,0,257,476
16,0,296,474
14,0,300,471
16,1,312,469
9,0,290,475
5,0,284,473
5,0,272,471
3,0,266,473
0,0,260,476
0,0,253,476
31,0,223,472
0,0,235,476
2,0,237,475
0,0,217,474
298,75,133,287
315,83,109,276
315,85,121,277
308,87,123,276
299,86,144,277
0,0,153,469
0,0,141,468
0,0,139,473
0,0,137,469
0,0,147,446
2,0,118,468
0,0,171,318
2,0,167,318
1,1,160,326
0,3,147,318
8,19,302,325
0,14,131,309
0,49,108,262
0,38,97,253
0,83,72,195
0,89,67,193
0,111,48,159
0,128,26,138
0,122,145,182
283,105,129,254
285,110,122,249
282,105,130,253
285,109,125,251
285,105,123,257
285,108,124,255
285,109,121,258
285,109,118,262
288,113,110,261
289,114,105,266
289,119,105,264
290,115,104,268
293,115,100,270
295,115,99,270
294,111,102,274
286,116,110,269
272,109,124,275
258,106,134,277
235,110,152,270
216,107,175,271
206,98,179,282
209,100,178,281
200,97,185,282
202,98,186,284
205,103,203,278
200,113,229,271
557,0,82,477
572,8,67,467
560,0,79,478
555,0,84,477
549,0,89,477
538,0,101,477
518,0,118,477
501,0,135,477
481,0,156,477
461,0,176,478
440,0,193,479
412,1,220,473
386,4,245,470
377,10,259,466
377,4,253,469
359,11,264,461
343,15,284,457
304,16,325,456
292,16,328,459
243,24,352,447
277,11,299,463
275,18,281,457
234,22,286,450
253,19,253,452
262,21,212,447
265,1,196,472
257,0,190,470
261,0,179,473
255,2,178,469
237,5,188,463
227,3,194,466
223,11,189,446
218,0,187,463
211,9,185,440
204,6,203,446
199,18,210,413
198,27,222,397
197,38,205,381
191,8,206,409
183,15,210,403
176,8,217,406
159,31,205,377
151,9,201,401
144,12,197,402
135,19,151,394
138,28,199,389
125,30,157,371
133,46,222,373
120,48,154,355
123,44,148,369
125,51,279,372
122,34,142,349
119,50,132,343
543,2,96,455
544,4,95,455
533,8,106,451
522,4,116,450
507,9,131,446
494,5,143,454
474,9,163,452
97,43,126,342
446,12,168,448
93,54,135,327
94,50,127,328
92,57,130,328
92,54,126,329
90,53,118,331
87,59,119,324
83,55,113,329
82,63,107,317
79,51,106,328
76,51,105,327
75,60,104,316
71,54,108,322
68,59,111,314
65,64,113,310
67,70,114,304
67,72,109,306
67,76,115,304
67,77,112,301
69,89,106,291
68,86,108,296
69,91,104,289
69,93,102,289
70,93,102,286
72,93,98,282
72,92,98,277
73,91,98,276
75,91,98,274
77,91,95,271
79,94,93,266
81,90,96,271
81,92,100,270
81,70,112,292
82,42,108,320
77,37,232,396
75,43,251,429
72,32,220,441
11,28,262,445
1,22,242,453
1,19,212,455
3,9,208,469
2,1,199,475
0,0,205,477
0,1,196,474
0,2,206,472
0,11,203,464
0,3,186,475
0,2,165,474
0,14,149,465
0,39,147,373
0,36,102,348
0,55,103,410
0,68,86,363
0,82,60,294
0,86,50,302
8,96,186,262
94,113,57,266
119,123,93,220
76,122,144,223
130,115,86,233
1,116,307,272
0,93,83,300
200,91,153,287
2,80,97,312
0,76,98,323
0,69,100,333
9,71,141,333
0,76,95,327
0,77,101,329
0,77,103,331
0,80,106,329
0,76,111,330
0,74,121,332
3,72,136,332
4,73,147,329
8,75,149,331
13,74,144,336
15,65,155,342
23,57,145,351
32,51,144,361
42,45,146,369
51,43,143,377
55,42,147,380
63,46,145,378
72,52,144,371
81,54,136,369
91,50,132,374
109,49,129,378
122,49,128,375
131,42,198,383
129,39,199,389
136,29,177,398
139,22,208,410
138,35,220,399
147,23,210,406
160,40,190,397
172,37,179,400
190,19,154,419
207,11,144,428
211,5,139,436
214,5,157,442
213,12,192,435
214,7,195,441
223,2,206,447
232,23,200,424
255,24,191,429
269,31,186,430
283,37,190,434
299,33,188,441
310,46,197,428
348,16,188,460
370,7,187,467
390,11,183,461
402,1,179,473
417,0,188,476
426,0,188,476
431,0,199,475
453,5,181,470
468,7,168,466
497,6,142,467
529,0,110,474
552,1,86,466
567,4,68,344
578,0,61,257
351,74,118,328
347,76,121,324
350,65,127,337
350,65,128,346
347,61,136,357
345,56,139,375
342,48,147,399
339,40,152,416
343,29,150,433
345,16,151,453
346,12,155,457
345,12,162,453
340,11,171,454
338,5,180,462
332,11,194,465
330,8,199,468
319,7,213,467
315,0,214,475
308,0,237,475
298,0,250,474
291,0,264,477
267,0,298,473
248,1,332,474
245,3,314,473
234,0,312,477
221,0,319,476
186,3,335,476
161,0,365,473
135,2,394,470
92,0,422,476
45,0,437,474
6,0,410,474
0,0,392,470
0,0,344,476
3,0,281,477
0,0,202,476
0,0,125,314
291,184,127,173
295,177,122,183
295,173,124,188
297,169,125,192
297,169,128,195
300,171,125,195
301,172,123,198
304,171,120,206
305,168,117,214
305,174,115,213
307,172,113,218
307,175,110,218
307,175,108,219
309,172,105,220
309,171,104,222
309,166,104,225
177,159,149,250
0,106,65,358
0,104,94,354
0,87,126,372
0,73,142,392
1,76,151,391
0,80,165,388
0,91,177,381
0,91,187,383
0,97,194,378
1,88,203,388
3,80,194,388
79,111,309,324
9,107,189,367
37,112,198,357
26,100,214,372
40,94,268,374
58,97,155,372
79,100,151,369
88,101,185,363
99,96,151,365
109,97,177,367
120,98,170,372
130,105,177,358
134,106,191,357
140,109,201,358
145,110,222,353
146,121,216,346
148,126,219,341
150,135,221,332
158,137,224,330
174,135,213,327
181,144,224,320
193,144,217,324
203,152,212,321
213,154,208,322
221,152,211,322
230,169,207,305
234,163,199,309
237,121,202,352
241,215,209,261
240,199,219,276
241,226,215,250
236,232,233,245
235,228,233,248
235,226,239,251
233,224,246,252
232,218,252,259
233,212,254,265
230,211,263,265
229,196,262,280
237,190,265,285
234,178,276,298
240,165,271,311
245,143,269,333
246,129,262,345
258,113,255,363
276,99,243,377
284,80,235,395
291,69,241,403
289,67,224,406
295,58,225,414
295,50,227,422
296,48,226,422
310,49,209,420
315,42,218,431
326,44,197,428
336,40,202,433
347,37,182,438
352,41,181,431
356,34,174,442
365,31,167,443
369,29,164,446
379,25,161,450
388,30,160,444
393,12,159,462
402,6,158,466
410,2,155,470
417,8,153,466
420,4,158,475
426,8,166,469
434,4,179,472
442,2,184,473
449,4,183,473
458,3,174,475
465,4,174,473
476,5,161,471
484,6,155,470
491,4,147,470
499,7,140,467
509,5,129,470
523,4,116,474
532,3,107,475
548,4,91,473
560,6,79,470
574,23,65,450
593,34,46,438
259,240,159,160
226,250,116,130
222,247,124,134
226,248,121,132
228,250,122,133
228,251,124,132
229,253,123,132
225,252,126,133
230,252,122,135
234,252,117,137
234,252,116,139
241,251,108,138
223,246,125,143
214,240,132,147
229,241,115,148
209,235,136,154
213,231,132,157
220,228,127,160
213,222,136,168
224,218,128,174
230,216,123,174
226,209,128,183
232,205,123,188
235,193,121,200
228,188,130,205
237,184,120,210
239,178,117,216
234,170,121,223
229,163,124,228
225,159,126,231
223,156,125,235
217,146,124,245
220,144,118,246
214,132,123,256
212,134,125,257
208,125,119,269
197,125,126,272
184,120,136,279
182,115,143,283
186,118,143,282
185,114,143,287
184,107,143,295
182,103,141,299
178,98,141,306
174,89,137,314
169,82,135,319
166,76,138,326
337,155,302,324
154,68,129,328
549,216,88,261
544,82,94,394
555,7,84,471
552,6,87,471
547,2,92,475
542,0,97,476
530,0,109,477
508,2,131,474
479,8,160,468
461,5,178,471
438,2,201,477
435,0,204,477
426,0,212,476
416,0,221,473
413,0,217,477
405,2,215,475
397,2,216,474
393,1,209,477
393,0,199,477
386,2,201,475
394,8,185,469
392,2,178,474
396,0,167,477
389,2,161,472
384,4,163,473
377,5,178,470
364,6,154,469
357,6,162,473
348,9,175,465
353,12,156,464
352,10,173,468
354,9,186,468
349,9,195,466
343,16,205,459
337,24,216,449
341,17,217,458
342,28,227,446
350,17,230,460
359,30,232,447
365,15,227,462
365,19,229,458
381,16,215,460
382,16,212,460
396,9,215,466
366,9,217,466
383,3,205,469
377,8,208,469
369,4,211,470
360,0,221,477
352,0,237,471
346,1,250,471
351,1,256,470
350,1,259,474
76,3,518,471
314,10,302,466
8,5,471,470
0,0,343,474
5,0,197,472
37,0,356,474
198,16,429,459
9,2,198,469
17,3,212,473
13,7,197,467
10,1,197,470
7,0,195,474
4,0,201,475
376,33,160,445
0,3,197,471
307,34,227,439
1,0,193,479
3,0,285,471
36,1,446,471
283,38,243,430
14,0,242,477
177,27,360,441
327,40,214,430
308,26,228,444
320,43,210,425
311,41,218,430
310,43,212,428
304,44,204,425
293,53,205,417
0,0,156,476
256,36,216,431
76,11,383,457
0,4,161,464
0,0,157,480
0,0,160,477
0,0,165,479
0,0,164,478
0,0,159,479
0,0,168,477
167,32,219,434
102,14,241,454
0,0,182,472
0,0,178,480
0,0,188,475
0,0,188,480
0,0,197,476
0,0,207,476
4,0,216,476
10,0,212,478
20,0,236,477
29,0,244,478
38,0,253,476
51,0,258,475
57,0,258,476
59,0,259,477
58,10,257,467
62,13,254,460
61,12,255,464
70,15,250,457
77,14,255,457
82,13,259,458
93,10,260,464
106,8,256,465
108,7,264,465
97,7,282,465
89,10,300,461
72,8,324,466
170,1,243,474
194,5,221,468
206,4,220,472
213,1,219,473
220,4,222,470
223,8,224,465
224,11,228,462
228,12,232,461
232,14,235,457
239,20,233,452
240,16,240,455
235,38,243,433
230,29,247,443
217,38,259,433
214,39,261,434
209,42,265,425
179,42,299,428
0,68,146,392
0,40,130,407
123,38,332,438
0,57,112,389
0,38,110,412
0,41,108,412
0,44,109,409
0,61,109,389
0,66,105,387
0,63,100,394
0,97,102,363
9,98,253,375
250,56,224,419
251,61,222,415
247,57,225,420
251,59,220,418
246,47,222,427
246,47,222,428
247,33,222,441
246,31,221,442
247,22,217,450
245,1,219,472
244,22,221,454
242,4,225,470
241,4,223,472
239,0,225,476
236,0,227,477
231,0,233,480
225,0,236,479
224,0,238,479
221,0,248,475
222,0,254,477
226,0,257,475
217,0,266,475
218,0,286,475
219,0,295,474
229,0,307,473
240,0,315,476
252,0,288,474
257,0,319,473
261,0,282,474
269,0,274,472
280,0,316,473
293,0,278,472
311,0,301,477
327,0,297,477
328,0,299,476
364,0,269,475
377,0,258,472
396,1,240,464
422,0,217,471
437,3,202,472
455,0,184,470
466,1,173,477
481,3,154,472
501,0,138,478
525,1,113,477
544,0,95,478
305,62,135,352
0,1,93,408
0,1,110,406
0,5,119,410
0,16,131,400
0,40,133,379
0,20,103,400
0,50,96,374
0,43,110,405
0,77,121,401
0,78,183,398
0,44,200,435
0,17,221,459
3,0,229,473
2,0,239,477
1,0,240,477
1,0,245,475
2,0,266,475
5,0,265,475
0,0,284,474
10,2,298,473
23,0,298,478
35,0,325,479
52,0,339,479
100,1,342,472
142,2,283,471
171,0,305,474
141,0,364,478
157,0,370,477
139,1,416,477
143,0,433,473
117,2,484,471
119,0,496,472
236,1,381,472
213,0,415,478
237,0,391,474
219,0,406,479
266,0,355,478
230,0,392,477
179,0,452,472
201,0,425,474
233,0,374,469
213,0,367,471
0,55,171,409
5,36,172,438
6,34,182,435
17,21,428,458
83,12,484,463
319,0,274,477
334,0,246,475
336,0,241,478
346,0,233,476
365,0,210,476
391,0,200,477
401,0,182,477
404,0,184,477
413,0,181,478
412,0,186,475
412,0,201,477
424,0,197,479
436,0,191,478
435,0,198,479
443,0,193,480
444,0,195,475
450,0,187,478
452,0,187,475
451,0,188,478
448,0,191,475
453,0,186,477
447,0,192,475
438,0,201,477
435,0,204,479
413,0,226,478
430,0,209,479
436,0,203,475
446,0,193,479
455,0,184,477
110,0,529,478
25,0,376,468
14,0,384,465
44,0,374,468
111,0,327,469
126,2,340,469
131,2,336,473
135,2,376,471
145,0,366,474
131,2,385,472
123,0,415,475
135,0,420,476
177,0,397,473
110,0,458,477
187,0,414,471
209,1,423,468
353,0,284,474
384,0,255,476
452,0,187,476
489,0,150,480
489,4,150,472
120,6,484,460
74,0,241,442
77,16,207,427
46,0,237,442
81,30,211,415
84,10,218,432
96,24,213,423
101,17,215,435
102,37,223,415
103,35,234,423
103,43,243,420
117,30,241,436
139,33,226,430
161,13,205,450
181,31,185,432
201,24,168,441
208,20,159,445
210,15,159,447
219,23,165,433
220,18,299,453
207,9,366,444
196,11,283,451
205,9,335,451
214,9,276,457
205,13,267,454
194,12,275,457
195,17,254,453
199,30,225,439
184,27,243,442
182,34,237,438
149,41,257,431
118,48,289,429
130,52,262,414
156,64,247,407
151,69,239,408
133,76,245,399
86,81,280,390
88,86,265,386
98,93,254,381
93,100,247,373
54,105,279,368
91,109,240,367
90,117,235,358
85,125,238,348
79,130,239,345
63,138,251,335
67,144,247,331
64,149,243,327
62,155,249,320
69,163,238,312
55,166,268,305
61,172,250,302
62,156,556,322
64,170,279,298
473,3,164,472
468,10,169,467
470,4,168,470
460,10,176,466
460,4,178,470
454,1,184,475
443,0,194,475
437,0,199,477
434,0,202,478
423,0,211,475
424,1,209,477
407,2,224,473
392,1,244,477
377,5,257,473
361,4,268,470
364,5,272,470
379,4,257,474
379,4,253,473
387,0,248,479
48,113,294,360
78,111,257,356
374,12,259,465
74,93,275,372
89,86,226,377
95,74,226,394
95,68,218,398
96,62,361,409
150,35,484,439
108,40,531,430
308,7,329,466
350,3,283,473
92,36,241,427
319,0,308,476
331,0,298,475
312,4,307,471
325,1,302,473
315,0,309,477
316,0,309,478
315,0,305,477
311,0,315,474
313,0,315,475
318,1,309,473
301,0,299,473
314,0,311,472
311,0,316,466
318,0,288,474
41,8,327,452
54,3,291,450
329,0,236,473
374,0,247,474
326,0,284,472
361,0,271,470
88,15,294,446
20,13,361,441
44,34,539,433
131,21,221,435
348,0,276,465
369,3,247,466
380,0,249,469
370,0,253,470
48,45,576,413
149,18,268,437
260,14,348,461
358,4,217,469
402,1,180,475
397,0,200,480
387,0,203,477
404,0,188,476
389,0,192,475
399,2,186,473
398,4,205,475
403,0,198,475
399,0,214,478
402,0,231,478
408,0,226,474
414,0,224,474
432,0,205,474
430,0,203,473
442,0,195,473
449,0,188,475
450,0,186,474
468,0,171,477
484,0,154,478
489,1,149,474
493,3,145,474
496,4,143,473
490,14,147,460
446,2,191,470
435,23,171,444
451,45,155,425
460,49,148,424
475,45,147,426
485,38,148,427
494,17,140,448
504,11,134,441
504,9,135,438
500,12,139,437
492,8,147,437
467,1,169,444
441,6,194,439
431,1,207,447
417,6,222,442
408,17,231,435
405,17,234,441
403,1,236,462
394,0,245,458
388,0,248,450
388,0,250,460
401,2,237,462
398,0,237,455
407,4,226,454
455,3,178,448
402,17,232,441
488,0,149,453
428,0,210,463
489,0,150,464
425,0,213,467
507,2,132,472
417,0,220,476
426,0,211,477
435,0,202,476
432,1,207,477
416,0,222,479
397,2,240,475
383,1,252,473
363,1,257,477
334,0,286,478
308,0,295,474
280,0,304,474
242,0,315,477
220,0,311,476
195,0,325,474
178,0,341,472
155,0,366,476
145,0,361,474
138,0,336,470
130,0,373,469
127,0,352,470
128,0,278,470
119,0,275,472
118,0,265,472
113,0,256,474
110,0,250,470
111,0,235,474
108,0,231,474
102,0,217,479
98,0,205,476
88,0,208,477
79,0,211,477
68,0,204,474
57,0,202,478
45,0,209,474
34,0,208,475
25,0,208,478
18,0,211,478
10,0,211,476
3,0,208,478
1,0,205,477
2,0,194,476
0,0,190,479
0,0,181,478
0,0,171,475
0,4,162,472
0,2,152,473
0,10,148,461
36,7,216,460
462,0,170,449
479,0,158,474
507,1,132,478
482,0,157,478
483,0,153,476
476,1,160,477
465,2,171,473
451,0,188,476
437,0,200,475
431,1,206,478
417,0,217,476
408,0,228,477
389,1,250,477
380,0,259,474
339,2,296,473
307,0,303,478
296,0,316,476
294,0,283,479
295,0,263,476
295,1,277,478
290,3,220,474
287,0,212,479
277,0,197,477
267,0,194,475
256,0,191,478
249,0,193,476
239,0,190,478
228,0,197,476
216,0,207,476
205,0,216,479
197,0,224,479
187,0,230,480
179,0,228,480
167,0,228,478
160,0,236,476
147,0,231,477
133,0,229,473
120,1,227,476
107,0,226,475
97,2,221,473
81,8,251,466
66,4,235,470
51,2,242,474
37,3,262,472
12,2,273,472
11,6,259,472
8,3,248,471
5,3,240,474
6,0,225,476
6,0,210,479
0,0,210,476
0,0,205,477
0,0,192,477
0,0,169,477
0,0,165,476
0,3,123,474
0,3,130,475
0,0,110,472
90,8,469,434
447,7,192,434
439,4,177,436
439,44,163,390
416,13,159,424
449,11,187,433
449,5,188,445
456,5,181,454
457,11,181,448
457,15,178,447
463,16,176,451
470,19,169,447
480,14,159,456
489,9,150,457
505,6,133,463
519,6,119,463
524,0,115,467
527,0,112,475
520,0,119,478
519,0,120,464
520,0,119,465
516,0,123,466
519,1,119,415
511,2,128,426
512,1,127,373
511,2,126,346
516,0,123,416
517,0,122,408
515,3,124,366
518,1,119,382
519,2,118,356
520,1,118,407
520,0,119,384
519,2,120,403
530,1,109,376
532,0,107,381
539,0,98,357
543,0,96,357
553,0,84,355
550,1,88,384
573,0,66,387
424,38,131,328
0,69,101,337
0,55,106,345
0,53,114,351
0,69,124,334
0,54,136,345
0,75,141,325
264,94,159,282
279,93,160,283
295,88,157,288
312,85,150,288
327,84,149,290
345,83,143,289
360,80,144,292
372,77,142,297
326,67,196,306
392,75,142,303
405,65,135,310
419,71,140,303
432,66,140,309
448,68,137,309
459,62,141,315
472,67,138,312
474,70,134,311
481,58,132,322
484,68,136,311
491,55,137,327
502,66,131,317
505,55,131,331
512,68,126,319
519,59,118,330
525,56,113,337
530,57,109,336
533,56,106,339
536,54,103,342
540,53,99,348
544,54,95,350
549,54,90,352
553,54,86,352
557,54,82,352
560,53,79,353
564,55,75,354
567,51,72,362
569,52,70,362
571,54,68,360
573,56,66,361
574,55,65,362
574,49,65,368
574,49,65,367
571,53,68,363
569,51,70,365
568,54,71,365
566,55,73,365
563,56,76,365
562,59,77,364
552,58,87,364
543,61,96,361
539,60,100,364
534,66,105,360
534,76,105,352
532,72,107,357
536,79,103,348
541,74,98,352
548,79,91,345
555,74,84,349
551,66,88,355
543,69,96,355
531,76,108,352
508,71,130,359
485,68,151,353
464,58,170,365
447,62,190,360
435,61,191,359
422,60,190,359
416,66,185,352
411,62,178,355
409,65,175,353
403,66,167,350
396,60,163,356
395,66,155,351
396,55,137,361
390,55,127,363
385,60,117,360
378,57,113,361
363,57,119,361
352,60,118,359
335,56,128,365
319,57,133,367
307,56,142,371
297,64,151,357
282,57,167,367
281,74,167,352
281,61,164,368
290,68,152,362
299,62,138,363
306,23,124,381
312,16,137,386
311,18,163,384
311,9,185,384
308,13,200,378
306,7,211,386
305,7,213,388
302,10,214,390
297,11,211,395
292,9,210,401
288,10,211,408
282,13,201,414
280,26,195,403
277,37,186,399
274,50,172,391
265,61,161,382
250,78,149,369
236,65,165,391
226,89,174,366
216,86,179,368
222,106,172,347
216,93,175,355
222,65,159,384
234,60,149,378
240,54,142,379
245,46,136,384
246,42,134,382
246,39,135,382
245,36,137,382
241,33,140,383
238,30,143,386
235,28,144,388
235,32,141,385
228,38,144,377
213,51,155,368
215,35,154,384
212,38,157,384
131,21,251,441
143,21,270,448
153,20,278,452
143,26,289,448
141,29,306,449
137,21,298,457
132,38,305,441
134,35,297,437
136,11,289,466
158,27,270,449
172,8,258,467
183,11,247,461
187,2,245,473
195,5,247,470
202,12,243,463
209,32,242,443
230,18,228,455
236,4,250,472
245,3,253,468
271,5,250,470
271,8,257,464
274,8,260,463
285,15,258,460
166,3,380,467
106,7,194,471
104,0,194,477
115,0,219,478
353,6,228,468
127,0,178,477
136,0,234,477
134,8,175,468
384,7,211,469
407,2,198,473
432,1,189,474
181,0,235,475
199,5,252,472
199,0,259,477
206,3,281,476
203,2,300,476
207,0,348,479
232,0,265,473
226,0,310,480
254,0,327,479
274,4,279,475
292,3,296,476
305,0,299,479
307,0,267,476
305,0,281,477
315,0,286,477
324,0,290,478
330,0,277,477
338,0,268,477
351,0,249,479
360,0,260,479
377,1,240,474
398,0,230,478
396,0,239,475
399,2,237,475
398,0,239,477
396,8,242,468
389,13,246,465
389,21,245,454
379,32,252,441
389,40,199,409
385,15,250,456
391,20,201,430
403,10,229,458
394,36,144,384
390,28,214,428
374,46,166,372
353,42,184,371
330,21,203,380
311,7,245,402
299,13,245,401
286,27,226,384
276,27,257,387
272,43,262,373
270,40,244,376
265,40,254,382
260,50,252,370
249,48,248,378
243,57,241,374
236,58,241,375
231,62,244,376
227,67,243,369
225,68,244,371
225,70,236,368
229,68,225,368
238,67,206,371
246,65,183,367
254,64,162,364
257,61,143,364
251,56,130,367
243,56,123,363
238,57,121,360
234,56,123,361
226,60,127,356
220,62,132,348
211,68,134,344
207,72,130,337
207,77,126,336
207,84,126,330
205,90,122,321
203,96,124,321
198,103,129,315
192,108,134,310
190,113,140,306
179,115,161,305
163,117,201,310
142,120,225,311
132,117,262,311
126,119,265,307
116,121,291,305
111,117,293,309
110,117,287,306
109,110,299,311
115,105,275,314
123,99,282,317
128,95,232,320
137,89,237,328
155,87,206,330
172,85,189,332
190,76,194,336
328,3,225,474
348,0,208,480
222,37,109,379
215,43,190,387
211,10,182,403
224,0,317,478
206,4,329,469
179,4,334,471
159,1,341,472
149,0,340,480
149,0,327,478
155,0,304,478
171,0,272,477
188,1,252,477
197,0,236,477
193,0,211,478
186,0,217,476
168,0,262,478
149,0,277,473
133,0,287,478
121,0,279,476
113,0,283,476
103,0,290,477
94,0,282,476
92,0,278,476
91,0,267,474
84,0,266,474
75,0,265,477
62,0,275,474
53,0,284,478
46,0,292,477
38,0,292,475
28,0,296,474
20,0,302,475
11,0,299,479
8,0,287,474
8,0,278,478
5,0,287,476
4,0,288,477
4,2,297,460
0,0,250,477
164,52,135,391
1,0,299,447
8,3,186,472
182,56,135,368
176,55,131,361
0,0,201,472
178,81,143,371
172,79,135,366
146,60,164,388
175,88,134,361
160,64,151,385
72,56,240,395
170,87,150,364
180,64,132,376
181,57,142,381
182,50,135,377
183,41,143,385
183,37,140,381
183,32,141,381
184,27,140,386
184,21,140,385
187,9,139,395
188,7,138,399
190,5,138,399
189,4,140,404
189,6,141,405
189,7,141,408
189,11,142,408
190,15,142,408
188,20,144,410
189,25,144,409
187,29,146,413
189,33,143,415
191,40,141,410
192,44,139,407
194,46,140,406
196,46,141,407
197,44,139,408
197,42,141,406
197,36,142,409
197,33,143,410
197,28,143,412
196,20,144,418
197,17,145,417
196,15,147,420
197,12,146,420
196,11,148,420
196,9,149,424
196,9,150,424
194,8,152,426
195,7,152,428
195,7,153,427
198,8,152,427
198,10,150,428
199,11,150,431
200,14,150,430
206,16,152,436
215,20,149,431
222,19,150,435
229,19,150,437
234,25,151,433
239,25,149,433
245,25,150,421
240,4,153,419
237,0,154,429
236,0,153,426
238,0,152,416
233,0,155,419
232,0,155,418
227,0,157,419
226,0,158,425
223,1,160,428
222,4,160,431
218,7,162,437
217,13,162,437
217,18,161,437
219,23,157,435
220,26,155,435
221,30,154,432
225,31,150,430
223,32,152,430
225,26,149,432
