1
0.9998090863227844
0.999850869178772
0.9998152852058411
0.9998118281364441
0.9997933506965637
0.9997970461845398
0.9997593760490417
0.9997469782829285
0.9997182488441467
0.9996253252029419
0.9996089339256287
0.9993605017662048
0.9994733929634094
0.9993403553962708
0.9990378618240356
0.9990699887275696
0.9989302754402161
0.9996022582054138
0.9994233846664429
0.9994328618049622
0.9993348717689514
0.9997020363807678
0.9995207786560059
0.9993290901184082
0.9994751811027527
0.9993639588356018
0.9990587830543518
0.9985018968582153
0.9903554916381836
0.9321227669715881
0.9703158140182495
0.9141892790794373
0.931537926197052
0.958668053150177
0.8073410987854004
0.8900661468505859
0.9438037276268005
0.6830421686172485
0.484634131193161
0.6480856537818909
0.3413778245449066
0.22339273989200592
0.38213080167770386
0.44932806491851807
0.24095696210861206
0.2128855586051941
0.3454020023345947
0.43990281224250793
0.44191455841064453
0.5120893120765686
0.2317371517419815
0.5702462792396545
0.4045524299144745
0.6861168742179871
0.4911181330680847
0.3113487958908081
0.31094691157341003
0.14408843219280243
0.1554887294769287
0.22446638345718384
0.19286879897117615
0.2609241008758545
0.39890778064727783
0.25555580854415894
0.37233832478523254
0.25991174578666687
0.15755461156368256
0.18264639377593994
0.14730492234230042
0.3993105888366699
0.23569321632385254
0.3459198772907257
0.3605960011482239
0.6526861190795898
0.29052260518074036
0.4410092830657959
0.5438228845596313
0.3420502245426178
0.3291013538837433
0.5529951453208923
0.43759483098983765
0.5324130654335022
0.2661484181880951
0.15422438085079193
0.2967642843723297
0.38442695140838623
0.2631722092628479
0.38156217336654663
0.11701901257038116
0.22342902421951294
0.26134100556373596
0.26804471015930176
0.6730511784553528
0.9365714192390442
0.9724586009979248
0.9695836305618286
0.8571459650993347
0.9767472147941589
0.9528170228004456
0.8769223093986511
0.8884812593460083
0.7646991014480591
0.9084181785583496
0.8948078751564026
0.6810188293457031
0.5654098987579346
0.4005264341831207
0.2921862304210663
0.3320178687572479
0.20179219543933868
0.2858605980873108
0.18492010235786438
0.28979966044425964
0.18567416071891785
0.1833006888628006
0.24463535845279694
0.34125468134880066
0.20174750685691833
0.152598038315773
0.145144522190094
0.06882746517658234
0.3814532160758972
0.09349458664655685
0.12836231291294098
0.13324619829654694
0.2642199397087097
0.18085454404354095
0.49380695819854736
0.23636677861213684
0.4004647135734558
0.24346008896827698
0.09751161932945251
0.2840074896812439
0.34533485770225525
0.32070302963256836
0.3151094913482666
0.3383982479572296
0.7323513031005859
0.661249041557312
0.49718141555786133
0.4527208209037781
0.184515118598938
0.19970163702964783
0.14287306368350983
0.14158578217029572
0.18469955027103424
0.1802327185869217
0.1653486043214798
0.2803453505039215
0.23890894651412964
0.25731828808784485
0.37389540672302246
0.35257411003112793
0.43808218836784363
0.45425766706466675
0.389187216758728
0.6830349564552307
0.644677996635437
0.7611740231513977
0.33284062147140503
0.2600367069244385
0.6320521235466003
0.3548083007335663
0.2557908594608307
0.43265795707702637
0.7513349652290344
0.5024968981742859
0.6655389070510864
0.3768152892589569
0.49150165915489197
0.4856773912906647
0.33915725350379944
0.4564613699913025
0.41490212082862854
0.5000786781311035
0.5894973874092102
0.5558225512504578
0.4518883526325226
0.4809193015098572
0.34074872732162476
0.30074697732925415
0.4740111827850342
0.3095804452896118
0.2608043849468231
0.5923133492469788
0.46532079577445984
0.43760427832603455
0.6673254370689392
0.8179607391357422
0.7017314434051514
0.9174551367759705
0.6666919589042664
0.5210593938827515
0.8784627914428711
0.9064951539039612
0.807369589805603
0.604668915271759
0.8954159021377563
0.9280253052711487
0.9646875858306885
0.9998486042022705
0.9998846054077148
0.9998781681060791
0.9998365640640259
0.9998843669891357
0.9998456239700317
0.9998292922973633
0.9998340606689453
0.999812662601471
0.9998051524162292
0.9998189806938171
0.9998329877853394
0.9997518658638
0.9998385906219482
0.9998395442962646
0.9997549653053284
0.9997592568397522
0.9998136162757874
0.9996837377548218
0.9997379183769226
0.9995527863502502
0.999413013458252
0.9991521835327148
0.9989413619041443
0.9984117746353149
0.9980818033218384
0.9987779259681702
0.9990814924240112
0.9996354579925537
0.9995859265327454
0.9997217059135437
0.9995417594909668
0.9995821118354797
0.999189555644989
0.9990758895874023
0.9993525147438049
0.9994981288909912
0.9995107650756836
0.9994727969169617
0.9994949102401733
0.9995037317276001
0.9992002844810486
0.9986251592636108
0.9986894726753235
0.9978315234184265
0.9975332021713257
0.9989776611328125
0.9988640546798706
0.9988775849342346
0.9990766048431396
0.9985622763633728
0.998699426651001
0.9978759288787842
0.9982705116271973
0.9940845370292664
0.9933962225914001
0.9943870306015015
0.9582104086875916
0.9884697198867798
0.8626313209533691
0.9831569790840149
0.8664556741714478
0.5166974067687988
0.42107751965522766
0.45335161685943604
0.49822425842285156
0.4433712065219879
0.7196928858757019
0.6710206270217896
0.6801351308822632
0.7083781957626343
0.7742241621017456
0.8407813310623169
0.7507614493370056
0.7490955591201782
0.5632348656654358
0.7239044904708862
0.4950515031814575
0.7401378154754639
0.686791718006134
0.9430890083312988
0.7095397710800171
0.9376771450042725
0.7146372199058533
0.8702352046966553
0.6838061213493347
0.5473763346672058
0.7230796217918396
0.6418635845184326
0.5328322052955627
0.31189480423927307
0.48085781931877136
0.6155800819396973
0.33444732427597046
0.380611389875412
0.6336851119995117
0.32001447677612305
0.7488566040992737
0.3168972134590149
0.6556480526924133
0.6141462922096252
0.6214927434921265
0.5937192440032959
0.5859493613243103
0.548750638961792
0.686018168926239
0.7127571105957031
0.738105833530426
0.6725927591323853
0.6793851852416992
0.2637256979942322
0.7884513735771179
0.7217936515808105
0.7648050785064697
0.945052981376648
0.7822577357292175
0.35206231474876404
0.16816984117031097
0.34911930561065674
0.8187247514724731
0.4395245909690857
0.7930007576942444
0.3447822332382202
0.628574788570404
0.40911105275154114
0.6522971391677856
0.7090948820114136
0.4330242872238159
0.6833569407463074
0.3804728090763092
0.1822190284729004
0.7034683227539062
0.5340984463691711
0.3257655203342438
0.592535138130188
0.2633305788040161
0.6553336977958679
0.7126469612121582
0.6309616565704346
0.6475030183792114
0.5267330408096313
0.6201814413070679
0.6630470156669617
0.4750072956085205
0.25222787261009216
0.8535959124565125
0.8174353241920471
0.5852402448654175
0.333796888589859
0.871809720993042
0.33808907866477966
0.7855516672134399
0.8455640077590942
0.8638187646865845
0.8668723106384277
0.8802973628044128
0.8595969676971436
0.8681060671806335
0.9036746025085449
0.8483735918998718
0.71884685754776
0.4977988302707672
0.1864124834537506
0.8329764008522034
0.9169881939888
0.7840662598609924
0.8356766104698181
0.8092976212501526
0.7752552032470703
0.5426817536354065
0.8568636178970337
0.857825517654419
0.9346523880958557
0.6959850788116455
0.4892702102661133
0.826032817363739
0.6416739821434021
0.61549973487854
0.560322105884552
0.5154577493667603
0.41242215037345886
0.4233943819999695
0.6632717847824097
0.6256568431854248
0.6675032377243042
0.8817160129547119
0.8733711242675781
0.9398040175437927
0.9456972479820251
0.9695517420768738
0.9612160325050354
0.9765453934669495
0.9662609696388245
0.9801115393638611
0.9811918139457703
0.9893553853034973
0.9887279272079468
0.9878541827201843
0.9754140973091125
0.969170868396759
0.9998340606689453
0.9997463822364807
0.9995132684707642
0.9988849759101868
0.9988915324211121
0.9983034133911133
0.9957971572875977
0.9940869808197021
0.9941363334655762
0.9923484325408936
0.989905059337616
0.9929270148277283
0.9855318069458008
0.9963351488113403
0.9914776682853699
0.9896115064620972
0.9380339980125427
0.8273483514785767
0.7875403165817261
0.6312280297279358
0.44217565655708313
0.3565831184387207
0.6616519093513489
0.29878485202789307
0.6457681059837341
0.3771428167819977
0.87300044298172
0.41911470890045166
0.41399237513542175
0.5400177836418152
0.7848358154296875
0.8320481777191162
0.9754067063331604
0.9449452757835388
0.9948834776878357
0.9910454154014587
0.9955217838287354
0.9837221503257751
0.9887863397598267
0.9898899793624878
0.9917888045310974
0.9860222339630127
0.9886383414268494
0.9756382703781128
0.9814496040344238
0.9761677980422974
0.967944860458374
0.9735798239707947
0.9626256823539734
0.9477287530899048
0.8944351673126221
0.9186756014823914
0.8597914576530457
0.9317298531532288
0.825954258441925
0.9128772616386414
0.8517901301383972
0.8308423161506653
0.6466783285140991
0.61528480052948
0.737406849861145
0.7348329424858093
0.4283120036125183
0.2660031020641327
0.3680504858493805
0.5658321976661682
0.4377935528755188
0.665255069732666
0.8559736013412476
0.8956607580184937
0.9236589670181274
0.9392921924591064
0.9468532800674438
0.9646329283714294
0.9823340177536011
0.9909160733222961
0.9909634590148926
0.993037760257721
0.984494149684906
0.98785400390625
0.995712399482727
0.993716299533844
0.9880498051643372
0.979399561882019
0.9812455177307129
0.9612269997596741
0.9351859092712402
0.9823938608169556
0.9771431684494019
0.9775180220603943
0.9812268018722534
0.9827327728271484
0.9862717390060425
0.964726448059082
0.990533709526062
0.9873292446136475
0.984093189239502
0.9965482354164124
0.9916102290153503
0.9933520555496216
0.9935330152511597
0.9839741587638855
0.9689948558807373
0.9608184695243835
0.971921980381012
0.9885834455490112
0.9844175577163696
0.9871053695678711
0.9814867377281189
0.989137589931488
0.9688981771469116
0.9389750957489014
0.901683509349823
0.8788865208625793
0.954097330570221
0.9097254872322083
0.9736401438713074
0.9383987188339233
0.9573938250541687
0.9538285136222839
0.9444047212600708
0.9707085490226746
0.9676872491836548
0.9623233079910278
0.9784106016159058
0.9860679507255554
0.9859122633934021
0.9564536213874817
0.92802494764328
0.934330940246582
0.9629908204078674
0.9416452646255493
0.9469901323318481
0.9377187490463257
0.9338737726211548
0.8727545738220215
0.761807918548584
0.7197248339653015
0.6524805426597595
0.7082048058509827
0.6064707636833191
0.6956679224967957
0.861139178276062
0.8994531035423279
0.8752330541610718
0.8549594879150391
0.8262420892715454
0.9007549285888672
0.8266215324401855
0.9737052321434021
0.9640582203865051
0.8908284306526184
0.7710801362991333
0.7657992839813232
0.4665745496749878
0.49820592999458313
0.30138224363327026
0.379734605550766
0.3456442356109619
0.8632043600082397
0.5287284851074219
0.6651636958122253
0.28218215703964233
0.38943207263946533
0.4135817885398865
0.2390885204076767
0.17245113849639893
0.2307712286710739
0.19002068042755127
0.1899728626012802
0.16655783355236053
0.16669823229312897
0.10814225673675537
0.2208533138036728
0.11023836582899094
0.054790690541267395
0.13862767815589905
0.06464845687150955
0.07058291137218475
0.061851490288972855
0.08486257493495941
0.050688862800598145
0.1267763376235962
0.2679741084575653
0.14152391254901886
0.25711584091186523
0.18305060267448425
0.1424948275089264
0.12269798666238785
0.19307802617549896
0.17987984418869019
0.28393685817718506
0.452445924282074
0.39115110039711
0.2650448679924011
0.3960168659687042
0.436507910490036
0.37781989574432373
0.46964019536972046
0.42701256275177
0.4092008173465729
0.37676823139190674
0.3198738992214203
0.3326057493686676
0.2850196361541748
0.3595297336578369
0.2964627146720886
0.289347380399704
0.3319125473499298
0.6139211654663086
0.5091376304626465
0.5919398665428162
0.5760981440544128
0.7755603194236755
0.8168891072273254
0.7091478705406189
0.68631911277771
0.7213582992553711
0.6141781210899353
0.6246741414070129
0.6585294008255005
0.7161219120025635
0.6506046652793884
0.24686631560325623
0.3945607542991638
0.48047491908073425
0.6644933819770813
0.8955101370811462
0.9034010171890259
0.8194453716278076
0.8007076978683472
0.7927759289741516
0.7635242342948914
0.6192811727523804
0.661186695098877
0.620057225227356
0.7382646799087524
0.6388471126556396
0.6151042580604553
0.6239097714424133
0.5644233226776123
0.765386164188385
0.5126456022262573
0.6719357371330261
0.4538023769855499
0.5012674927711487
0.6777305006980896
0.3713468611240387
0.5296333432197571
0.2771728038787842
0.3872600495815277
0.3843870759010315
0.23767484724521637
0.30344295501708984
0.4325801432132721
0.26744145154953003
0.3319879472255707
0.27856314182281494
0.34012287855148315
0.264870285987854
0.39463841915130615
0.2514655292034149
0.4478433132171631
0.4379057288169861
0.37961921095848083
0.3632105588912964
0.38441771268844604
0.41502195596694946
0.30902132391929626
0.5394837856292725
0.46167224645614624
0.3531155288219452
0.43527641892433167
0.5821741819381714
0.37033042311668396
0.6423357129096985
0.4430321455001831
0.6044965982437134
0.5829284191131592
0.5976526737213135
0.5552886724472046
0.6851030588150024
0.7390037775039673
0.765953004360199
0.6952669024467468
0.6860603094100952
0.6431336998939514
0.7234254479408264
0.6783395409584045
0.47723329067230225
0.4415767192840576
0.25594770908355713
0.529837965965271
0.4209567904472351
0.3762637674808502
0.2022499144077301
0.41054201126098633
0.2592237889766693
0.23008060455322266
0.23648126423358917
0.24754713475704193
0.3715447187423706
0.30705058574676514
0.4305156469345093
0.42406415939331055
0.4510888159275055
0.30347928404808044
0.3614548444747925
0.19885635375976562
0.2567075788974762
0.2865947186946869
0.3167060613632202
0.2733894884586334
0.2134086638689041
0.40921828150749207
0.40859177708625793
0.20969028770923615
0.3213667571544647
0.3769613802433014
0.3101837635040283
0.3529694974422455
0.31285935640335083
0.2349516898393631
0.29974445700645447
0.1440727412700653
0.44423624873161316
0.35754650831222534
0.27075788378715515
0.33331137895584106
0.347008615732193
0.4576164782047272
0.3061809241771698
0.3388634920120239
0.09606874734163284
0.20156803727149963
0.2337893545627594
0.12629786133766174
0.17336559295654297
0.2033887356519699
0.2516879737377167
0.17468225955963135
0.056874051690101624
0.21432428061962128
0.1493223011493683
0.17929606139659882
0.2309512048959732
0.38142403960227966
0.3291904330253601
0.3281845450401306
0.20016077160835266
0.24934042990207672
0.3996959626674652
0.2810444235801697
0.27303510904312134
0.16203726828098297
0.10610070824623108
0.11124563962221146
0.1340508610010147
0.17935076355934143
0.2387927621603012
0.3333345055580139
0.22854940593242645
0.14349381625652313
0.3895617723464966
0.23759642243385315
0.3245006501674652
0.24893081188201904
0.318189799785614
0.3530103862285614
0.4833160936832428
0.25178098678588867
0.34904780983924866
0.15514600276947021
0.20737016201019287
0.40540698170661926
0.07257496565580368
0.3792739510536194
0.39233502745628357
0.4308372139930725
0.2611179053783417
0.17915396392345428
0.31325051188468933
0.3420352041721344
0.31758666038513184
0.17224624752998352
0.2024293690919876
0.22960355877876282
0.30390509963035583
0.3714180886745453
0.26514336466789246
0.2885112762451172
0.19432376325130463
0.3317919969558716
0.33703914284706116
0.4882846474647522
0.3633497655391693
0.4054143726825714
0.6749581098556519
0.6731089353561401
0.637337863445282
0.999891996383667
0.9998407363891602
0.9998182654380798
0.9996379613876343
0.9997045397758484
0.9997116923332214
0.9993342757225037
0.99894779920578
0.9991645812988281
0.997329592704773
0.9958714842796326
0.9981980919837952
0.9976110458374023
0.9980984330177307
0.9996322393417358
0.9994968175888062
0.9993398785591125
0.9995902180671692
0.999330997467041
0.9975065588951111
0.9951015114784241
0.9967591166496277
0.9988812804222107
0.9975551962852478
0.9990057349205017
0.998666524887085
0.9986555576324463
0.9980085492134094
0.9978805780410767
0.9946198463439941
0.9944137334823608
0.9885993003845215
0.9874411821365356
0.9789782166481018
0.9605314135551453
0.8739652037620544
0.8656774759292603
0.9866347908973694
0.993128776550293
0.9963494539260864
0.9956876635551453
0.9944713115692139
0.997199535369873
0.9974207878112793
0.9857164621353149
0.9929121136665344
0.9971144199371338
0.9985413551330566
0.9869508147239685
0.9445545673370361
0.9703916907310486
0.9204036593437195
0.9611697196960449
0.9613238573074341
0.9651798605918884
0.9951691031455994
0.9904530048370361
0.9949953556060791
0.9928829669952393
0.9905318021774292
0.9847026467323303
0.9598090052604675
0.9148341417312622
0.9413707256317139
0.9780662059783936
0.9798126220703125
0.9655009508132935
0.9479399919509888
0.898322582244873
0.9150958061218262
0.937590479850769
0.9370735287666321
0.9131775498390198
0.9132788777351379
0.9082685112953186
0.9358862638473511
0.7610788345336914
0.8485212922096252
0.8643887042999268
0.8833240866661072
0.9566616415977478
0.9586930274963379
0.8346409201622009
0.9261602759361267
0.9719874858856201
0.9974478483200073
0.9861984252929688
0.9806399345397949
0.9875255823135376
0.9299925565719604
0.974929928779602
0.8874130249023438
0.9695438742637634
0.9890735745429993
0.9868099689483643
0.980109691619873
0.9741543531417847
0.99504554271698
0.6822652220726013
0.6508107781410217
0.6427009701728821
0.47799861431121826
0.6736946702003479
0.4661232829093933
0.547275960445404
0.5113828778266907
0.7358962297439575
0.7683102488517761
0.6027199625968933
0.6897066831588745
0.6826911568641663
0.6753978133201599
0.7701765894889832
0.8064864277839661
0.7147160768508911
0.42703720927238464
0.41416987776756287
0.38670864701271057
0.37576237320899963
0.4544052481651306
0.24353112280368805
0.16086898744106293
0.19841334223747253
0.1270882785320282
0.1770218014717102
0.21495559811592102
0.3755151033401489
0.35511985421180725
0.3388235867023468
0.43517574667930603
0.2353367805480957
0.3316899240016937
0.4354066550731659
0.44232845306396484
0.4314226508140564
0.47839048504829407
0.503711462020874
0.4721769094467163
0.5232851505279541
0.7043797373771667
0.8530855178833008
0.7653359174728394
0.7237768173217773
0.6915139555931091
0.6946425437927246
0.6996619701385498
0.5330142974853516
0.5216272473335266
0.6234488487243652
0.6300330758094788
0.6954655051231384
0.9432682394981384
0.8948222398757935
0.8863122463226318
0.8648893237113953
0.7671058177947998
0.9021396040916443
0.7724440693855286
0.8038895130157471
0.7716915607452393
0.7793940305709839
0.8222123384475708
0.8168382048606873
0.8665671348571777
0.8356027603149414
0.7754403948783875
0.7350752353668213
0.7427404522895813
0.7538377046585083
0.7521442770957947
0.7689918875694275
0.7801688313484192
0.8893376588821411
0.8289391994476318
0.8806492686271667
0.8890951871871948
0.9018032550811768
0.9419944882392883
0.9500306248664856
0.986602783203125
0.9810197949409485
0.9874072074890137
0.9743262529373169
0.9595176577568054
0.9273639917373657
0.9690213799476624
0.8621965646743774
0.9226571917533875
0.8438742756843567
0.7631807327270508
0.7951126098632812
0.8703896403312683
0.8822391629219055
0.8041824698448181
0.7107266187667847
0.6822236180305481
0.7877664566040039
0.715155303478241
0.8167399168014526
0.7521010041236877
0.9979618787765503
0.992986261844635
0.9927974343299866
0.981342613697052
0.9715166091918945
0.905647873878479
0.919719934463501
0.7811306118965149
0.855856716632843
0.8178672790527344
0.9566748142242432
0.8633937239646912
0.8694978356361389
0.8438761234283447
0.8804230093955994
0.7961738109588623
0.6771607398986816
0.6942768692970276
0.35213959217071533
0.520142138004303
0.5180666446685791
0.6006783843040466
0.6156423687934875
0.5302747488021851
0.5057200789451599
0.4634530544281006
0.4202425181865692
0.4601435363292694
0.4984285235404968
0.5767685174942017
0.606795608997345
0.583624541759491
0.5392522215843201
0.5237222909927368
0.6562732458114624
0.5508883595466614
0.3862447440624237
0.2895289361476898
0.33641475439071655
0.09574300795793533
0.25932690501213074
0.2973978817462921
0.4931785464286804
0.5008230805397034
0.5099747180938721
0.651292085647583
0.044301096349954605
0.3830220103263855
0.5583532452583313
0.5125386714935303
0.5876661539077759
0.21620161831378937
0.3806799650192261
0.5213770270347595
0.459911584854126
0.33195391297340393
0.2327924221754074
0.43655940890312195
0.20641686022281647
0.14820683002471924
0.3124545216560364
0.25285616517066956
0.13282804191112518
0.13544800877571106
0.054190922528505325
0.07235267758369446
0.03118969313800335
0.06766418367624283
0.18929915130138397
0.18725840747356415
0.12938396632671356
0.08974509686231613
0.155620276927948
0.10086880624294281
0.08563431352376938
0.12084487080574036
0.11366283148527145
0.0797695517539978
0.05522816628217697
0.045961230993270874
0.2532808780670166
0.21101601421833038
0.1958351880311966
0.06976882368326187
0.17404039204120636
0.32695603370666504
0.24970248341560364
0.19968989491462708
0.2899084687232971
0.36491671204566956
0.15296660363674164
0.14333495497703552
0.23296356201171875
0.30041706562042236
0.19994211196899414
0.21548190712928772
0.20080015063285828
0.2729378044605255
0.3159719407558441
0.19800573587417603
0.2427302449941635
0.13224762678146362
0.23882979154586792
0.19560553133487701
0.1882931888103485
0.2507077753543854
0.23083356022834778
0.22810472548007965
0.24717740714550018
0.26502564549446106
0.3324672281742096
0.3445724844932556
0.2924721837043762
0.18338029086589813
0.1381147801876068
0.11568351835012436
0.13224126398563385
0.13460135459899902
0.10440389066934586
0.09605859220027924
0.04922829568386078
0.05863848701119423
0.07264526933431625
0.1432330161333084
0.17124220728874207
0.10346759855747223
0.17432136833667755
0.0742526724934578
0.12798191606998444
0.11382953077554703
0.07810374349355698
0.15529006719589233
0.12560215592384338
0.12242348492145538
0.16945944726467133
0.19161833822727203
0.29105037450790405
0.13458691537380219
0.1467338651418686
0.21618866920471191
0.11424215883016586
0.36138781905174255
0.1981462836265564
0.13945545256137848
0.14632302522659302
0.13188916444778442
0.15364326536655426
0.15993864834308624
0.18864449858665466
0.20180977880954742
0.20970605313777924
0.2355624884366989
0.25313231348991394
0.41092249751091003
0.5004140734672546
0.7329644560813904
0.8044043779373169
0.6537854075431824
0.7352077960968018
0.5652961134910583
0.7806076407432556
0.7793832421302795
0.8357051610946655
0.5607759952545166
0.6083564758300781
0.7170286774635315
0.6586278080940247
0.6498926877975464
0.8671681880950928
0.5264237523078918
0.5270664691925049
0.8405731320381165
0.4922112226486206
0.42223453521728516
0.43251973390579224
0.3235354423522949
0.554008960723877
0.3296965956687927
0.3960544466972351
0.4635116457939148
0.6236374974250793
0.4566842317581177
0.6226786971092224
0.6805347204208374
0.7228302955627441
0.8923006653785706
0.9280024766921997
0.9301238059997559
0.8988402485847473
0.9177113175392151
0.9051206111907959
0.9431598782539368
0.7859398722648621
0.7447275519371033
0.9041649103164673
0.7135181427001953
0.7532469034194946
0.6874755620956421
0.846474826335907
0.7128972411155701
0.9999245405197144
0.9999234676361084
0.9999302625656128
0.9999066591262817
0.9998772144317627
0.9998832941055298
0.9998094439506531
0.9997183680534363
0.9993801116943359
0.9995478987693787
0.9992794394493103
0.99967360496521
0.99883633852005
0.999339759349823
0.9981208443641663
0.9995618462562561
0.9993725419044495
0.9995916485786438
0.9995042085647583
0.9995255470275879
0.9978577494621277
0.9992201328277588
0.9992040991783142
0.9986681938171387
0.9993796348571777
0.9992265701293945
0.9985646605491638
0.9991381168365479
0.9988487958908081
0.9993612170219421
0.9994262456893921
0.9993869066238403
0.9991942048072815
0.9989940524101257
0.9996236562728882
0.9993259906768799
0.999286949634552
0.9989675283432007
0.999110758304596
0.9996009469032288
0.9995880722999573
0.9997891783714294
0.9997009038925171
0.999554455280304
0.999566376209259
0.999346911907196
0.9978613257408142
0.9977366924285889
0.9954754710197449
0.9986950755119324
0.9961363673210144
0.997914731502533
0.9990500807762146
0.9926064014434814
0.9975988268852234
0.9899336695671082
0.9938066005706787
0.9872905611991882
0.9837360978126526
0.9399138689041138
0.9625020623207092
0.8762077689170837
0.8452340364456177
0.6905027627944946
0.8877419233322144
0.8272355198860168
0.8458287119865417
0.9845016598701477
0.9042820930480957
0.8459493517875671
0.5191068053245544
0.6314423680305481
0.7919918894767761
0.5375410318374634
0.5292271971702576
0.3929344415664673
0.49986329674720764
0.7113111019134521
0.5304018259048462
0.6627379059791565
0.7632695436477661
0.7200844287872314
0.48791560530662537
0.5370495319366455
0.6370841264724731
0.37558719515800476
0.6236432790756226
0.6364816427230835
0.8340460062026978
0.8775331377983093
0.8466423153877258
0.9681429266929626
0.9916805624961853
0.9728347063064575
0.9987888932228088
0.9953290224075317
0.9991517066955566
0.9990200996398926
0.999523401260376
0.9992793202400208
0.9988577365875244
0.9887082576751709
0.995713472366333
0.9964537620544434
0.9978826642036438
0.9977132081985474
0.9970724582672119
0.9982840418815613
0.9975060820579529
0.9855345487594604
0.9856997132301331
0.9579116702079773
0.9891726970672607
0.9895575642585754
0.9962600469589233
0.994266927242279
0.9804542660713196
0.9857505559921265
0.9779249429702759
0.9776796698570251
0.9987525939941406
0.6172136068344116
0.6008290648460388
0.8395646810531616
0.8337966799736023
0.9615623950958252
0.8616715669631958
0.9969146251678467
0.9016751050949097
0.8359196782112122
0.8965707421302795
0.9548582434654236
0.9948112964630127
0.8293810486793518
0.7264946103096008
0.9287904500961304
0.5703657269477844
0.3967675566673279
0.769197940826416
0.5501798987388611
0.2755293846130371
0.8150964975357056
0.8443040251731873
0.8153316378593445
0.3992013931274414
0.8335610032081604
0.4383847415447235
0.6941198706626892
0.7788252234458923
0.6988043785095215
0.9162481427192688
0.9159467816352844
0.812441349029541
0.9390971064567566
0.9489161968231201
0.836211085319519
0.5348920822143555
0.5414683818817139
0.4976038634777069
0.843043327331543
0.742315948009491
0.29173043370246887
0.6774364113807678
0.20623384416103363
0.20157654583454132
0.23893526196479797
0.7808998227119446
0.34801748394966125
0.33285996317863464
0.4838173985481262
0.03253740817308426
0.34731537103652954
0.026525961235165596
0.019435293972492218
0.23034656047821045
0.0269921962171793
0.11953575164079666
0.1347263902425766
0.06679083406925201
0.3212801218032837
0.874813973903656
0.9092106223106384
0.9939975738525391
0.8851668238639832
0.6715567111968994
0.8027106523513794
0.5574538111686707
0.643437922000885
0.49581801891326904
0.6464845538139343
0.2819438874721527
0.13554924726486206
0.21205900609493256
0.2828895151615143
0.17427968978881836
0.12845203280448914
0.17079323530197144
0.047444894909858704
0.03608626499772072
0.12771835923194885
0.0782916471362114
0.272696852684021
0.20231759548187256
0.1028793528676033
0.37463057041168213
0.2518065571784973
0.36732563376426697
0.4066459536552429
0.46256327629089355
0.7411842942237854
0.28880032896995544
0.459214448928833
0.6188982129096985
0.5040965676307678
0.6507404446601868
0.4708870053291321
0.8242456316947937
0.27722233533859253
0.6539008617401123
0.42396435141563416
0.35172855854034424
0.4615674316883087
0.7030791640281677
0.23885490000247955
0.571876049041748
0.9143575429916382
0.9817880392074585
0.9524790644645691
0.9684624671936035
0.9928626418113708
0.9921184778213501
0.9819021224975586
0.9677675366401672
0.8854145407676697
0.9814673066139221
0.8505048751831055
0.9830852150917053
0.9820206761360168
0.9911244511604309
0.963887631893158
0.9555977582931519
0.9049901366233826
0.8284133672714233
0.7393085360527039
0.8149409890174866
0.6849803328514099
0.43116816878318787
0.6302236914634705
0.47156840562820435
0.6229133009910583
0.5793197751045227
0.6495122313499451
0.6938640475273132
0.74919193983078
0.6355485320091248
0.4060756266117096
0.41625508666038513
0.7211282849311829
0.553363561630249
0.41394659876823425
0.37705564498901367
0.4267256259918213
0.40283891558647156
0.4513033926486969
0.36828795075416565
0.4203873574733734
0.5959863662719727
0.32900384068489075
0.3628426492214203
0.34045764803886414
0.26350441575050354
0.5415633320808411
0.5618435740470886
0.5279185175895691
0.2319502830505371
0.18049617111682892
0.432648241519928
0.2579323649406433
0.26979726552963257
0.34180396795272827
0.1815149337053299
0.46982043981552124
0.5271592140197754
0.4929899275302887
0.491256982088089
0.5364136099815369
0.47634604573249817
0.40505868196487427
0.358857125043869
0.45453080534935
0.49636733531951904
0.3328479826450348
0.5531473755836487
0.38006722927093506
0.3821015954017639
0.4369114935398102
0.4118366241455078
0.45440465211868286
0.542144238948822
0.4921313524246216
0.4331560730934143
0.5525374412536621
0.44917580485343933
0.5262109637260437
0.3946487605571747
0.325346440076828
