1
0.9999057054519653
0.9998420476913452
0.9998024106025696
0.9996854066848755
0.9983795881271362
0.9953978657722473
0.990938663482666
0.9944109320640564
0.9935111403465271
0.9945154786109924
0.9867587685585022
0.9837206602096558
0.9343500733375549
0.8746914863586426
0.7868326902389526
0.6806702017784119
0.8735896348953247
0.931161642074585
0.7695828080177307
0.8514598608016968
0.9452710151672363
0.9181709289550781
0.9707105755805969
0.9864782094955444
0.9864816665649414
0.9856114387512207
0.9845713376998901
0.9821081757545471
0.9843124747276306
0.9827498197555542
0.9756335020065308
0.9747352004051208
0.9692849516868591
0.9609711170196533
0.9704543352127075
0.9627814888954163
0.9816837906837463
0.9786059260368347
0.9801411032676697
0.9767950177192688
0.9833213090896606
0.9793804287910461
0.9806398749351501
0.9680781364440918
0.980620801448822
0.9843147397041321
0.9827343821525574
0.9434722661972046
0.9447070956230164
0.9903662204742432
0.9882389307022095
0.9830900430679321
0.9753647446632385
0.9780308604240417
0.9832825064659119
0.9860754609107971
0.9669944047927856
0.9608736038208008
0.9388716816902161
0.9109290242195129
0.9294862747192383
0.9691592454910278
0.9166284799575806
0.9398571848869324
0.9031296968460083
0.9691416621208191
0.9657022953033447
0.9595006108283997
0.9239541292190552
0.9021665453910828
0.9666164517402649
0.8160555362701416
0.9093506336212158
0.7487450242042542
0.8789434432983398
0.9059394598007202
0.86256343126297
0.8976167440414429
0.7209669947624207
0.8796680569648743
0.9226836562156677
0.8705557584762573
0.8653262853622437
0.8124414086341858
0.833612859249115
0.8637403249740601
0.9057130217552185
0.8038396835327148
0.8240527510643005
0.8754713535308838
0.8337301015853882
0.7848075032234192
0.7269803881645203
0.7131349444389343
0.7176271677017212
0.7537115216255188
0.5296938419342041
0.7197291254997253
0.6746289730072021
0.7638475894927979
0.7782064080238342
0.8439871072769165
0.8554933071136475
0.8668051958084106
0.7917084097862244
0.8366493582725525
0.7828850150108337
0.7707551121711731
0.8022622466087341
0.79776930809021
0.8133642673492432
0.8059377670288086
0.7776955962181091
0.8242260813713074
0.860141932964325
0.8432844281196594
0.8566221594810486
0.8109244704246521
0.8537248373031616
0.8319851160049438
0.9339487552642822
0.8982351422309875
0.9201605916023254
0.9564557075500488
0.9423297643661499
0.8490931391716003
0.8810914158821106
0.8479073643684387
0.840191662311554
0.7922067046165466
0.8659339547157288
0.8331872224807739
0.9472790956497192
0.8422048687934875
0.9833041429519653
0.9878326654434204
0.9869362711906433
0.9748332500457764
0.9904187321662903
0.9840126037597656
0.9415553212165833
0.9775221347808838
0.9845893979072571
0.9817705750465393
0.9446980357170105
0.9611278772354126
0.9385058283805847
0.9531093239784241
0.9413310885429382
0.9313885569572449
0.9601806998252869
0.9459338784217834
0.9584881663322449
0.956122100353241
0.9766690135002136
0.9493401646614075
0.9558159708976746
0.9381262063980103
0.8781673312187195
0.93741375207901
0.9258963465690613
0.9574956893920898
0.9760147929191589
0.8948736190795898
0.8130571246147156
0.8202415108680725
0.6265533566474915
0.8659539818763733
0.7444452047348022
0.7019302248954773
0.7338681817054749
0.8066580295562744
0.8462714552879333
0.9121615290641785
0.8468865752220154
0.7842593789100647
0.8565616607666016
0.9274824857711792
0.8535831570625305
0.8961259126663208
0.8847631812095642
0.9359397292137146
0.9776806831359863
0.9760090112686157
0.9831255078315735
0.9827449917793274
0.9834257364273071
0.9729650616645813
0.9626264572143555
0.9691941738128662
0.9542480111122131
0.9792869091033936
0.9661352038383484
0.974966287612915
0.9646779298782349
0.9761565327644348
0.9650670289993286
0.9769132137298584
0.975623607635498
0.9803905487060547
0.9993347525596619
0.9990324974060059
0.9980377554893494
0.9953433275222778
0.9787766337394714
0.9668125510215759
0.9403591156005859
0.9467010498046875
0.7145166993141174
0.771680474281311
0.79228276014328
0.8696607947349548
0.9452588558197021
0.9665864109992981
0.9782751798629761
0.982280969619751
0.9717401266098022
0.985441267490387
0.9848031997680664
0.9834049940109253
0.983447790145874
0.9716836214065552
0.9850009679794312
0.9724270701408386
0.9418513178825378
0.8211594223976135
0.5493361353874207
0.6165881752967834
0.5112071633338928
0.5206239223480225
0.6075259447097778
0.5413576364517212
0.4922744631767273
0.619888424873352
0.5646793842315674
0.5052531957626343
0.6847332119941711
0.6290353536605835
0.5783063173294067
0.7614143490791321
0.29466575384140015
0.5031655430793762
0.4639744460582733
0.37160393595695496
0.35383838415145874
0.42327961325645447
0.6211626529693604
0.7102421522140503
0.7038012742996216
0.7599509954452515
0.6483062505722046
0.72739177942276
0.8022437691688538
0.8023390769958496
0.8415930271148682
0.8702143430709839
0.790317952632904
0.8531143665313721
0.8663164377212524
0.9284190535545349
0.9288148283958435
0.9260917901992798
0.9627833366394043
0.9561614394187927
0.9609321355819702
0.9616319537162781
0.9669846296310425
0.9635844826698303
0.9634366035461426
0.9542262554168701
0.9619760513305664
0.9542439579963684
0.9513291120529175
0.9648621678352356
0.9702267646789551
0.9635222554206848
0.949749767780304
0.9719545245170593
0.9731970429420471
0.9802344441413879
0.9715035557746887
0.9596588015556335
0.947675347328186
0.8753035664558411
0.790582537651062
0.8067333102226257
0.6601271629333496
0.7893259525299072
0.7607008218765259
0.7273047566413879
0.7102288007736206
0.9017293453216553
0.8660521507263184
0.7940610647201538
0.8677971363067627
0.9364070892333984
0.9317631721496582
0.9497805237770081
0.9317222833633423
0.936066210269928
0.9665952920913696
0.9570867419242859
0.9676909446716309
0.9624239206314087
0.9722362756729126
0.971080482006073
0.9689835906028748
0.9880529642105103
0.9873213768005371
0.9897720217704773
0.9898527264595032
0.9898348450660706
0.9845877885818481
0.9830112457275391
0.9824669361114502
0.9767934083938599
0.9734694361686707
0.9679229855537415
0.890312671661377
0.8597314953804016
0.8235348463058472
0.4977308213710785
0.8765040040016174
0.7706195712089539
0.8201382756233215
0.8239553570747375
0.7396981716156006
0.7975572347640991
0.93392014503479
0.958971381187439
0.7997832894325256
0.765330970287323
0.9066419005393982
0.8924762010574341
0.7567010521888733
0.5824835896492004
0.7568609714508057
0.9233158826828003
0.9155413508415222
0.848838210105896
0.8679178357124329
0.8648114800453186
0.8487455248832703
0.8023082613945007
0.8880746364593506
0.8988434076309204
0.9252843856811523
0.9310850501060486
0.7945448160171509
0.8570372462272644
0.9034914374351501
0.95779949426651
0.9045712947845459
0.9523830413818359
0.9335485696792603
0.8464943766593933
0.8458003997802734
0.7031882405281067
0.951549768447876
0.9196453094482422
0.8861550688743591
0.8074473738670349
0.8602173328399658
0.9344710111618042
0.9839271903038025
0.923343300819397
0.9587778449058533
0.9696329832077026
0.9712427258491516
0.9577447175979614
0.8868252038955688
0.942763090133667
0.9460794925689697
0.9606961011886597
0.9773712158203125
0.9818026423454285
0.9784762263298035
0.9702085852622986
0.9562089443206787
0.9685310125350952
0.9714946746826172
0.9570507407188416
0.8830156326293945
0.9085268378257751
0.9316352009773254
0.9070398211479187
0.8431939482688904
0.8873955607414246
0.7450001835823059
0.733189582824707
0.721390962600708
0.6818451285362244
0.6782528162002563
0.6447603702545166
0.7516773343086243
0.470369428396225
0.7546347379684448
0.6720684170722961
0.5018495917320251
0.9072590470314026
0.9998192191123962
0.9996764659881592
0.9991437196731567
0.9979254007339478
0.9974180459976196
0.9956585168838501
0.9942713975906372
0.9939529299736023
0.9821575880050659
0.9885753989219666
0.9755786657333374
0.982593834400177
0.9436482191085815
0.9463993906974792
0.8855312466621399
0.8980646133422852
0.8902301788330078
0.8153148889541626
0.7256436944007874
0.5472826361656189
0.4891114830970764
0.7092266082763672
0.7940563559532166
0.7978644967079163
0.9197332262992859
0.9824227094650269
0.8836559057235718
0.9534499645233154
0.9036428928375244
0.825244128704071
0.8480211496353149
0.8936062455177307
0.9092166423797607
0.6375076174736023
0.44427797198295593
0.33424925804138184
0.3437586724758148
0.4929559528827667
0.32686927914619446
0.24795959889888763
0.4639468491077423
0.3990418314933777
0.3898791968822479
0.6282972693443298
0.4996984601020813
0.5053281784057617
0.5223667025566101
0.7683036923408508
0.632392168045044
0.9178633093833923
0.9062463045120239
0.7831974029541016
0.6779811382293701
0.7787584662437439
0.6255794167518616
0.6294078230857849
0.6628620624542236
0.7774209380149841
0.8404520153999329
0.6548216342926025
0.619240939617157
0.2488551288843155
0.04689592495560646
0.038974374532699585
0.04725101590156555
0.05906137451529503
0.06365270167589188
0.17926891148090363
0.24742984771728516
0.27863967418670654
0.20463524758815765
0.35141971707344055
0.40140795707702637
0.0852709487080574
0.3296942412853241
0.44530919194221497
0.4599649906158447
0.5794697403907776
0.6314893960952759
0.7366482615470886
0.7755025625228882
0.8320956230163574
0.7865641713142395
0.7924124598503113
0.7859500050544739
0.9162350296974182
0.7751912474632263
0.7469996213912964
0.723101019859314
0.6758067011833191
0.7429674863815308
0.48586371541023254
0.6719595789909363
0.7182177305221558
0.7049233317375183
0.7117640972137451
0.7276062965393066
0.7442911267280579
0.8595612645149231
0.7651340961456299
0.7451601028442383
0.7779884934425354
0.6613078713417053
0.7676961421966553
0.7335641384124756
0.590795636177063
0.5074928402900696
0.626958966255188
0.6037114262580872
0.5960798859596252
0.7780194282531738
0.8381242752075195
0.7791441679000854
0.7828108668327332
0.6183189153671265
0.3702060878276825
0.7573681473731995
0.8135267496109009
0.8589155077934265
0.7699034214019775
0.8740020394325256
0.7600096464157104
0.7944619655609131
0.7532433271408081
0.7852031588554382
0.6356436610221863
0.4778589904308319
0.6558645963668823
0.5922515988349915
0.5899248123168945
0.7096790075302124
0.7328230142593384
0.787286102771759
0.8308002352714539
0.7238143682479858
0.6963327527046204
0.7034579515457153
0.6196828484535217
0.5785852670669556
0.572262704372406
0.7225247025489807
0.7012074589729309
0.5281230211257935
0.7459850907325745
0.6252912282943726
0.6066377758979797
0.6631565690040588
0.5769649744033813
0.5661435723304749
0.6829921007156372
0.6651459336280823
0.678239107131958
0.5172924399375916
0.4786854386329651
0.47692906856536865
0.3562702536582947
0.5007174015045166
0.5439906716346741
0.6591345071792603
0.48478156328201294
0.542853057384491
0.3473550081253052
0.25576210021972656
0.5755364894866943
0.6392077803611755
0.7364591956138611
0.7382246255874634
0.7789456844329834
0.8247982263565063
0.8162859082221985
0.8945064544677734
0.8638828992843628
0.820923924446106
0.7617411613464355
0.6679264903068542
0.5669854283332825
0.5114211440086365
0.4815990626811981
0.698036789894104
0.7409714460372925
0.9007959365844727
0.8400757312774658
0.9412383437156677
0.9185054302215576
0.8945686221122742
0.921075165271759
0.8888542056083679
0.8975335359573364
0.8850771188735962
0.951545774936676
0.9197820425033569
0.9019186496734619
0.930145800113678
0.9488306641578674
0.9604077935218811
0.9535778164863586
0.9373541474342346
0.9027361273765564
0.9170361161231995
0.8755244612693787
0.999884843826294
0.9998176693916321
0.9996932744979858
0.9995642304420471
0.9989238381385803
0.9989588260650635
0.998333752155304
0.9961974620819092
0.997374415397644
0.9960247278213501
0.9917646050453186
0.9958481788635254
0.9961733222007751
0.9922927618026733
0.9916450381278992
0.993884265422821
0.9967400431632996
0.9916199445724487
0.9900890588760376
0.9925918579101562
0.9946038126945496
0.9888228178024292
0.9926387071609497
0.9930013418197632
0.9909987449645996
0.9872649908065796
0.987515926361084
0.9809607267379761
0.9890367388725281
0.9844143390655518
0.9875775575637817
0.99049311876297
0.9899696707725525
0.9898277521133423
0.99184650182724
0.9918968081474304
0.9872422218322754
0.9868161082267761
0.9840307235717773
0.9858195781707764
0.9777236580848694
0.9808774590492249
0.9810711741447449
0.9927351474761963
0.9927086234092712
0.9925200939178467
0.9925593137741089
0.9896185994148254
0.9905475974082947
0.989504337310791
0.9877013564109802
0.9861168265342712
0.991771399974823
0.9934932589530945
0.9956653714179993
0.9914247989654541
0.9863032698631287
0.9826571345329285
0.9811847805976868
0.9798529148101807
0.9824931621551514
0.9447162747383118
0.9638899564743042
0.9776455163955688
0.9724408984184265
0.9834239482879639
0.984733521938324
0.9779466390609741
0.97789067029953
0.9763523936271667
0.9821746349334717
0.986416220664978
0.9836438298225403
0.9771977066993713
0.9477724432945251
0.9316046237945557
0.9443700909614563
0.9349405169487
0.947664737701416
0.9728239178657532
0.9828373193740845
0.9837290644645691
0.9734963178634644
0.9798353910446167
0.9776745438575745
0.9832140207290649
0.9760943055152893
0.9469431638717651
0.9604398012161255
0.9051582217216492
0.916035532951355
0.9337311387062073
0.935722827911377
0.9190689325332642
0.9107418060302734
0.8933622241020203
0.8809225559234619
0.8993891477584839
0.8586452007293701
0.8629754185676575
0.7198102474212646
0.8193483352661133
0.8378507494926453
0.833058774471283
0.7395880818367004
0.7744662761688232
0.8080370426177979
0.8620008826255798
0.8111844658851624
0.8624312877655029
0.9023101925849915
0.9148758053779602
0.9459834694862366
0.8528195023536682
0.9111965894699097
0.832115650177002
0.8471318483352661
0.8540730476379395
0.9347360134124756
0.9202118515968323
0.9465429186820984
0.965957522392273
0.9552432298660278
0.9747861623764038
0.9668260216712952
0.9620818495750427
0.9735004901885986
0.9792090654373169
0.9737421870231628
0.9725942611694336
0.9704552292823792
0.9640054702758789
0.9641863107681274
0.9390735626220703
0.9286311268806458
0.9207439422607422
0.9220244288444519
0.9264930486679077
0.8659090399742126
0.7759327292442322
0.8697130084037781
0.7801108956336975
0.7760987281799316
0.7069686055183411
0.8911385536193848
0.8477972745895386
0.6302269697189331
0.7053170800209045
0.6814384460449219
0.7028356790542603
0.7278230786323547
0.7836762070655823
0.7915602326393127
0.8355884552001953
0.729299783706665
0.8263132572174072
0.7970253229141235
0.8036522269248962
0.8421822190284729
0.9130356311798096
0.8988996744155884
0.8505483269691467
0.8511733412742615
0.9189267754554749
0.7511926889419556
0.7653008699417114
0.8341015577316284
0.6393505334854126
0.7022062540054321
0.5852234363555908
0.8573539853096008
0.8736966848373413
0.9069749712944031
0.8906799554824829
0.9025086760520935
0.9168881773948669
0.881764829158783
0.8675349354743958
0.9162930846214294
0.9190378189086914
0.8641574382781982
0.9036915302276611
0.8940099477767944
0.9176228642463684
0.9017981886863708
0.9097526669502258
0.9119666814804077
0.8591262102127075
0.8278951644897461
0.7759541869163513
0.8722078204154968
0.8275728821754456
0.8092696666717529
0.7057920694351196
0.6920118927955627
0.8099273443222046
0.8548048734664917
0.835597813129425
0.7771236300468445
0.6765431761741638
0.999946117401123
0.9999134540557861
0.9998034834861755
0.9995481371879578
0.9991554021835327
0.9992870688438416
0.9987146854400635
0.9990105628967285
0.996313750743866
0.997187077999115
0.9960792660713196
0.9954143762588501
0.9961026906967163
0.9959470629692078
0.9974139928817749
0.9979756474494934
0.9938194155693054
0.9960960745811462
0.9901086091995239
0.9948675632476807
0.9980506896972656
0.9978848099708557
0.9881953001022339
0.9835047721862793
0.9888043999671936
0.9918212890625
0.9856589436531067
0.9611780047416687
0.9440229535102844
0.920120894908905
0.9531885981559753
0.8378214836120605
0.7865796685218811
0.9486880302429199
0.945382297039032
0.9700378775596619
0.9840393662452698
0.9768120646476746
0.9533947706222534
0.9748165011405945
0.9747022390365601
0.9894700050354004
0.9815022349357605
0.9774388670921326
0.9738519787788391
0.9821767807006836
0.9664686918258667
0.9836861491203308
0.9094487428665161
0.5739546418190002
0.6595659852027893
0.5936946868896484
0.393083393573761
0.44393786787986755
0.4202900528907776
0.3839257061481476
0.2591392993927002
0.3405929505825043
0.17316822707653046
0.26920074224472046
0.49527281522750854
0.3941410183906555
0.4627816677093506
0.5102483034133911
0.48874637484550476
0.5837536454200745
0.654296338558197
0.7712705731391907
0.779217541217804
0.8351271152496338
0.6272096633911133
0.7014930844306946
0.6869135499000549
0.6399648189544678
0.45962899923324585
0.4226827621459961
0.3275996446609497
0.35077938437461853
0.34467601776123047
0.4338933527469635
0.5382897257804871
0.34928056597709656
0.41113409399986267
0.6175443530082703
0.4846693277359009
0.7138416171073914
0.6276270747184753
0.17561252415180206
0.1311909407377243
0.41863876581192017
0.6985080242156982
0.7080712914466858
0.7488929033279419
0.6759324073791504
0.25414928793907166
0.43197131156921387
0.26994720101356506
0.5531078577041626
0.35471028089523315
0.3542245328426361
0.26568716764450073
0.26916199922561646
0.565706193447113
0.43346378207206726
0.5907459855079651
0.5850950479507446
0.6415297389030457
0.5078206062316895
0.22207896411418915
0.5474998950958252
0.5065880417823792
0.5322943329811096
0.5707792043685913
0.7287644743919373
0.6038674712181091
0.7348640561103821
0.7234929800033569
0.8705922961235046
0.5923193693161011
0.8860676288604736
0.5782055258750916
0.49631235003471375
0.4512746334075928
0.31611761450767517
0.22793668508529663
0.31408315896987915
0.19437606632709503
0.1527813822031021
0.1557249277830124
0.1677267700433731
0.13158495724201202
0.3218385577201843
0.3916434645652771
0.47815757989883423
0.42685508728027344
0.4933857023715973
0.3972465395927429
0.2541007697582245
0.3007437288761139
0.3684450387954712
0.16572685539722443
0.35618045926094055
0.287864089012146
0.4968988001346588
0.581850528717041
0.5943174958229065
0.5731320977210999
0.6611223816871643
0.8263604640960693
0.7695504426956177
0.620863139629364
0.5798322558403015
0.6131795048713684
0.6280643939971924
0.4843948185443878
0.4800199568271637
0.42333006858825684
0.3112737536430359
0.11584170907735825
0.37889909744262695
0.2513294816017151
0.42766073346138
0.6393207907676697
0.5625163912773132
0.6860504746437073
0.6482923626899719
0.5364978909492493
0.6349706649780273
0.5455604791641235
0.6732304692268372
0.2548886239528656
0.6068257689476013
0.771874189376831
0.397279292345047
0.5137957334518433
0.4826470911502838
0.3076070547103882
0.15469706058502197
0.35268330574035645
0.47033578157424927
0.4743945002555847
0.6133718490600586
0.2479124665260315
0.3901466131210327
0.29848235845565796
0.19741103053092957
0.1684446632862091
0.14343571662902832
0.14301377534866333
0.09909307956695557
0.01785867288708687
0.04098311439156532
0.011496443301439285
0.03893906995654106
0.03902179002761841
0.02987821213901043
0.01449564192444086
0.12847799062728882
0.7955664992332458
0.8950052857398987
0.9992695450782776
0.9990548491477966
0.9991697072982788
0.9984717965126038
0.9942458271980286
0.9946422576904297
0.9949243068695068
0.9858917593955994
0.9781898856163025
0.9615523815155029
0.9420268535614014
0.9716728329658508
0.977919340133667
0.9825488328933716
0.9766098856925964
0.9310483932495117
0.9382098317146301
0.9655418992042542
0.9501063823699951
0.9117692708969116
0.9099180102348328
0.8160029053688049
0.660298228263855
0.47521644830703735
0.6044961214065552
0.5301178693771362
0.5901987552642822
0.6010494828224182
0.639509379863739
0.6587756276130676
0.5057922601699829
0.45266345143318176
0.58720862865448
0.370402991771698
0.5427905321121216
0.43334269523620605
0.4956079125404358
0.46106046438217163
0.5475307703018188
0.3797634243965149
0.34718552231788635
0.40087172389030457
0.3099178671836853
0.3207540512084961
0.4210212826728821
0.4789218306541443
0.3118216395378113
0.276723712682724
0.216586634516716
0.23301896452903748
0.2778500020503998
0.34829452633857727
0.3254059851169586
0.48528042435646057
0.5889514088630676
0.6818145513534546
0.7754019498825073
0.7060444355010986
0.5819944143295288
0.6176019310951233
0.7498955726623535
0.5923173427581787
0.6249806880950928
0.49446868896484375
0.6400414109230042
0.28501561284065247
0.217232346534729
0.6029236912727356
0.3547475039958954
0.6692820191383362
0.7967778444290161
0.27126172184944153
0.44706082344055176
0.2122965306043625
0.2410222589969635
0.14875631034374237
0.4182380735874176
0.18394894897937775
0.37928450107574463
0.6059640645980835
0.7682533860206604
0.8007975220680237
0.808480978012085
0.5560855865478516
0.6362730264663696
0.8068335652351379
0.6885619759559631
0.5673940777778625
0.6812443137168884
0.7401623725891113
0.6949795484542847
0.7881327867507935
0.8290984034538269
0.770068883895874
0.799048125743866
0.8281452655792236
0.8181313872337341
0.7897993326187134
0.8245496153831482
0.7645655274391174
0.5412572026252747
0.5670105218887329
0.49245497584342957
0.5202897787094116
0.46641385555267334
0.4975323975086212
0.4378885328769684
0.45728546380996704
0.5083128809928894
0.6145132780075073
0.5258017182350159
0.343363493680954
0.3320998549461365
0.4459468424320221
0.457211434841156
0.5653162598609924
0.4213891923427582
0.474079430103302
0.6075165271759033
0.5842224955558777
0.5781769156455994
0.37543785572052
0.3653726279735565
0.5188485980033875
0.4906894564628601
0.4532567858695984
0.4475490152835846
0.5149452686309814
0.5879378914833069
0.6511239409446716
0.5013645887374878
0.36353182792663574
0.5657421350479126
0.5313616991043091
0.3405117690563202
0.5796618461608887
0.5468573570251465
0.5801203846931458
0.3349471390247345
0.40416228771209717
0.13879063725471497
0.21769674122333527
0.2916412055492401
0.28681156039237976
0.3214970827102661
0.6026870608329773
0.23330727219581604
0.3160642981529236
0.423075795173645
0.46842503547668457
0.3475358784198761
0.3072494566440582
0.4066087007522583
0.5516456961631775
0.3212347626686096
0.3185358941555023
0.5304999351501465
0.3802204132080078
0.28676602244377136
0.2241392284631729
0.47670215368270874
0.4642120599746704
0.3796197772026062
0.3912223279476166
0.4536878168582916
0.5292407274246216
0.478426456451416
0.24357189238071442
0.3031984865665436
0.3378664553165436
0.17186239361763
0.2802487313747406
0.519526481628418
0.44948485493659973
0.5270946025848389
0.37309083342552185
0.4409233033657074
0.46931976079940796
0.13886135816574097
0.4679880440235138
0.1650715470314026
0.36191439628601074
0.3000527620315552
0.41278064250946045
0.3916779160499573
0.4881499409675598
0.41407647728919983
0.43011757731437683
0.4346061646938324
0.27601978182792664
0.3613891303539276
0.4036717116832733
0.2842021584510803
0.4182473421096802
0.4344620108604431
0.5326555967330933
0.46447935700416565
0.4070676863193512
0.5118687152862549
0.46880042552948
0.3361971974372864
0.6283075213432312
0.5229954123497009
0.5804004669189453
0.5226858854293823
0.4769202768802643
0.6878613233566284
0.4760901629924774
0.5286448001861572
0.551740825176239
0.4157550036907196
0.4329521954059601
0.3865048885345459
0.34345754981040955
0.2740773558616638
0.3194458484649658
0.24259154498577118
0.26403722167015076
0.4406196177005768
0.3694523572921753
0.42797815799713135
0.6393206119537354
0.632369875907898
0.31912893056869507
0.5413982272148132
0.5321340560913086
0.29968830943107605
0.5254161357879639
0.5208461880683899
0.5823807716369629
0.4374646544456482
0.5325623750686646
0.48490241169929504
0.656173825263977
0.5356935262680054
0.36468133330345154
0.3909912109375
0.5033302307128906
0.4362049102783203
0.5049120783805847
0.5770171880722046
0.5873188972473145
0.6336173415184021
0.5448035597801208
0.4767473042011261
0.40442025661468506
0.41707807779312134
0.4729733467102051
0.527130663394928
0.37041914463043213
0.26700326800346375
0.2534526288509369
0.21788465976715088
0.18358062207698822
0.314365953207016
0.28215721249580383
0.20583322644233704
0.288657009601593
0.5094552040100098
0.654596209526062
0.2820461094379425
0.3085988163948059
0.19883914291858673
0.4883134663105011
0.6119035482406616
0.46257784962654114
0.7356430292129517
0.6789251565933228
0.5420634150505066
0.22709806263446808
0.24867288768291473
0.6289533972740173
0.41991037130355835
0.5415118932723999
0.25162652134895325
0.3368125557899475
0.32004043459892273
0.41130539774894714
0.3235926926136017
0.7348154783248901
0.6167510151863098
0.725458025932312
0.4785107374191284
0.5919772982597351
0.6292731165885925
0.4835710823535919
0.7477863430976868
0.7338678240776062
0.6385241150856018
0.49613669514656067
0.4877842962741852
0.634070098400116
0.6364802122116089
0.7642635703086853
0.46171510219573975
0.8813626766204834
0.7693199515342712
0.6969596147537231
0.8867152333259583
0.8358867168426514
0.8194274306297302
0.7818003296852112
0.8043850064277649
0.6450178623199463
0.7078484892845154
0.5796037912368774
0.44189390540122986
0.5753310918807983
0.5523714423179626
0.7214037775993347
0.7830419540405273
0.6805001497268677
0.5790953040122986
0.6527290940284729
0.5381661057472229
0.5415662527084351
0.41018620133399963
0.5005969405174255
0.5111398100852966
0.5098579525947571
0.22665223479270935
0.2571890950202942
0.32275035977363586
0.6799409985542297
0.7046543955802917
0.5886666178703308
0.5216538906097412
0.37103787064552307
0.4534788131713867
0.37958696484565735
0.42726629972457886
0.3505593240261078
0.29687437415122986
0.42310211062431335
0.07251269370317459
0.5015109777450562
0.1723576784133911
0.18142852187156677
0.4472024738788605
0.4279025197029114
0.33725112676620483
0.3839820921421051
0.6471349000930786
0.7187438011169434
0.6807343363761902
0.7406779527664185
0.8024054169654846
0.42594072222709656
0.23963014781475067
0.1993333399295807
0.40032702684402466
0.2684327960014343
0.4998142123222351
0.5707792043685913
0.7029155492782593
0.6851210594177246
0.6222831010818481
0.6756995320320129
0.8201306462287903
0.5367478132247925
0.5857064127922058
0.3521897792816162
0.3219865560531616
0.7471107840538025
0.6318831443786621
0.8430095314979553
0.7322587370872498
0.7743333578109741
0.8580301403999329
0.8343318700790405
0.8766814470291138
0.885528028011322
0.8593956232070923
0.8863495588302612
0.8921745419502258
0.7483375668525696
0.6668239235877991
0.7489728331565857
0.6649467945098877
0.7835171222686768
0.8608848452568054
0.8130869269371033
0.865082323551178
0.7116714119911194
0.8187650442123413
0.7585271596908569
0.6598588228225708
0.6680911183357239
0.7960622906684875
0.9167769551277161
0.873719334602356
0.7746303081512451
0.8921862244606018
0.7372120022773743
0.7077162265777588
0.8252881765365601
0.5960396528244019
0.529686689376831
0.6614553928375244
0.7749735116958618
0.9997527003288269
0.9981231093406677
0.9955036044120789
0.998786985874176
0.9959731698036194
0.9933446645736694
0.9928889274597168
0.9953188300132751
0.9958750605583191
0.9967350363731384
0.9959267973899841
0.9934023022651672
0.9913014769554138
0.9895970225334167
0.9831758737564087
0.9318336844444275
0.9435360431671143
0.8677391409873962
0.9262701272964478
0.9140469431877136
0.8896164298057556
0.9374315142631531
0.94867342710495
0.9382387399673462
0.95857173204422
0.9469473361968994
0.9673375487327576
0.9507638216018677
0.9514009952545166
0.9433215856552124
0.9256664514541626
0.9704443216323853
0.9677001237869263
0.9820535182952881
0.9834883809089661
0.9848096966743469
0.9785531759262085
0.979129433631897
0.9873926043510437
0.9874888062477112
0.9737223982810974
0.9699795246124268
0.9525769352912903
0.9648382067680359
0.9863553643226624
0.9889312982559204
0.9876962304115295
0.9852110147476196
0.981577455997467
0.9787716865539551
0.9773056507110596
0.9768473505973816
0.9687016010284424
0.9762797951698303
0.9800216555595398
0.9772375226020813
0.9681437015533447
0.9530896544456482
0.9539844989776611
0.9400263428688049
0.9650875926017761
0.923724353313446
0.9315875768661499
0.9213835000991821
0.8323206901550293
0.8661988377571106
0.9174896478652954
0.9376392364501953
0.9321891665458679
0.9715975522994995
0.9268730282783508
0.94499272108078
0.955489993095398
0.9562973976135254
0.913404643535614
0.9502439498901367
0.9480615854263306
0.9511409997940063
0.926631510257721
0.9506726264953613
0.9243522882461548
0.8753052949905396
0.9162634611129761
0.9405989050865173
0.9501287937164307
0.9478492736816406
0.9618028402328491
0.9596338868141174
0.9661523103713989
0.9629381895065308
0.9368051886558533
0.938341498374939
0.9626832604408264
0.9410132169723511
0.9371394515037537
0.8872081637382507
0.915546715259552
0.9491491913795471
0.9725836515426636
0.9655027985572815
0.9458345174789429
0.943976879119873
0.9040514230728149
0.9450634121894836
0.900362491607666
0.8390880823135376
0.9581177234649658
0.9455167055130005
0.8816582560539246
0.8895505666732788
0.9448680877685547
0.9510539770126343
0.9773589968681335
0.9885918498039246
0.9878964424133301
0.9923535585403442
0.9901538491249084
0.9903185367584229
0.9807666540145874
0.9830318689346313
0.9791984558105469
0.9724761843681335
0.9443074464797974
0.9733109474182129
0.9758005738258362
0.9733793139457703
0.969990074634552
0.980735719203949
0.9603570103645325
0.9659689664840698
0.9683765172958374
0.9183896780014038
0.9614280462265015
0.9361890554428101
0.9052309989929199
0.9620388150215149
0.9671584367752075
0.9529683589935303
0.9771619439125061
0.9760777950286865
0.9759399890899658
0.9824866056442261
0.9846320152282715
0.9576325416564941
0.9709427952766418
0.9733138680458069
0.9649738073348999
0.9741364121437073
0.9756534695625305
0.9657955765724182
0.9693850874900818
0.9751235842704773
0.9810476899147034
0.9851480722427368
0.9756921529769897
0.979881763458252
0.9894881248474121
0.9900118708610535
0.9907307028770447
0.9910474419593811
0.9877069592475891
0.9794379472732544
0.9858907461166382
0.9853737354278564
0.9809890389442444
0.9657193422317505
0.9777777791023254
0.9560944437980652
0.972561776638031
0.9732658863067627
0.9552730321884155
0.9603189826011658
0.968808650970459
0.9654667973518372
0.7915987372398376
0.9602423310279846
0.8532140851020813
0.8106948137283325
0.7853647470474243
0.6827454566955566
0.650729238986969
0.7827550768852234
0.9272161722183228
0.9035882353782654
0.8380134701728821
0.7527722716331482
0.6946889758110046
0.7511035203933716
0.7774071097373962
0.6169806718826294
0.906602680683136
0.46183010935783386
0.4747752249240875
0.7082849144935608
0.2873871624469757
0.43490275740623474
0.7206760048866272
0.9292551875114441
0.760827362537384
0.9289175868034363
0.9996981620788574
0.9881858825683594
0.9582118391990662
0.9475424885749817
0.6116907000541687
0.12222115695476532
0.7278960347175598
0.5616711974143982
0.5836562514305115
0.561310887336731
0.7985961437225342
0.7239693403244019
0.926662027835846
0.9408931136131287
0.19225001335144043
0.12643161416053772
0.6014283895492554
0.6890023946762085
0.3768098056316376
0.2233096957206726
0.49324047565460205
0.27177396416664124
0.2779652774333954
0.03293507918715477
0.03269749879837036
0.04198349267244339
0.0526859275996685
0.18583126366138458
0.12222301959991455
0.2932966947555542
0.28939515352249146
0.5535083413124084
0.35225555300712585
0.4163770377635956
0.7267389893531799
0.8694130778312683
0.8895725607872009
0.5942937135696411
0.735393226146698
0.6438761949539185
0.6360616683959961
0.6667594909667969
0.371734619140625
0.41895297169685364
0.2970045506954193
0.6283583641052246
0.5573780536651611
0.5061829090118408
0.4898603558540344
0.3809416592121124
0.5339176654815674
0.603847861289978
0.7875086069107056
0.8144271969795227
0.8808741569519043
0.860825777053833
0.9029550552368164
0.8934811949729919
0.898777425289154
0.8834359049797058
0.8620191216468811
0.8624305725097656
0.8812241554260254
0.8675980567932129
0.8185701370239258
0.8618300557136536
0.4041375517845154
0.3100956082344055
0.28789398074150085
0.26755788922309875
0.21313172578811646
0.1864454299211502
0.19075167179107666
0.1670520305633545
0.07267849147319794
0.04980780929327011
0.05566389486193657
0.18127647042274475
0.1604967713356018
0.2520397901535034
0.19642336666584015
0.14008697867393494
0.22769173979759216
0.250739187002182
0.6194041967391968
0.7826060056686401
0.5932590365409851
0.5444964170455933
0.45989832282066345
0.5554803013801575
0.5328603386878967
0.6023908257484436
0.6625210642814636
0.6908588409423828
0.3693842589855194
0.4061582088470459
0.4233155846595764
0.5098898410797119
0.33944499492645264
0.19447672367095947
0.30940738320350647
0.35597050189971924
0.5079209208488464
0.19907942414283752
0.5332537293434143
0.1789969801902771
0.5970872044563293
0.17907269299030304
0.3173280358314514
0.41565170884132385
0.40569907426834106
0.5333487391471863
0.37193819880485535
0.6717873215675354
0.6142082214355469
0.4635729193687439
0.29958805441856384
0.4575691521167755
0.4075215458869934
0.4451477527618408
0.35401153564453125
0.5027996897697449
0.5256745219230652
0.6373909711837769
0.517143726348877
0.405672550201416
0.3695151209831238
0.4541671574115753
0.41919708251953125
0.28303709626197815
0.14405471086502075
0.16269925236701965
0.3025427460670471
0.23333168029785156
0.3019186556339264
0.4588480591773987
0.29053065180778503
0.37870749831199646
0.13043524324893951
0.0957474336028099
0.33633461594581604
0.4673084020614624
0.1919020563364029
0.2741260528564453
0.19034838676452637
0.5517287254333496
0.0653061792254448
0.529434859752655
0.5463807582855225
0.7205295562744141
0.8043802380561829
0.4490029811859131
0.5714640617370605
0.4451136291027069
0.4262954592704773
0.5094231963157654
0.5771937966346741
0.5783141255378723
0.6629069447517395
0.6891343593597412
0.7245742082595825
0.6754518151283264
0.6576268672943115
0.5689358115196228
0.571165919303894
0.6036273241043091
0.34346887469291687
0.23795199394226074
0.13599790632724762
0.13535498082637787
0.13715282082557678
0.055493731051683426
0.16136372089385986
0.3368048071861267
0.5399631857872009
0.7129396796226501
0.6606141328811646
0.8820013403892517
0.9092720150947571
0.8158650994300842
0.7935162782669067
0.7840304970741272
0.828076183795929
0.8494765162467957
0.8163347840309143
0.8335930109024048
0.5077828764915466
0.43351951241493225
0.09898898005485535
0.4521438181400299
0.35401442646980286
0.48408520221710205
0.49555766582489014
0.49318087100982666
0.5628006458282471
0.2678535282611847
0.5899856686592102
0.6022255420684814
0.5697840452194214
0.6324434876441956
0.9996840953826904
0.9994251728057861
0.9962440729141235
0.988456130027771
0.8601328134536743
0.7906692028045654
0.731275737285614
0.4889224171638489
0.4532330632209778
0.21366235613822937
0.10695533454418182
0.11419086158275604
0.09618407487869263
0.3031676113605499
0.5304608941078186
0.7085773944854736
0.3460984230041504
0.6165436506271362
0.25179845094680786
0.4889441728591919
0.3424456715583801
0.6249626278877258
0.5407957434654236
0.4983963072299957
0.5602315664291382
0.5581880211830139
0.4642190933227539
0.5723589062690735
0.4889720678329468
0.18394744396209717
0.47476330399513245
0.3683106601238251
0.506258487701416
0.5697705745697021
0.5568148493766785
0.4691058099269867
0.46922388672828674
0.46996939182281494
0.29034847021102905
0.28597843647003174
0.3343503177165985
0.6482527256011963
0.8123294115066528
0.83388352394104
0.8713372945785522
0.8558366894721985
0.8652133941650391
0.8300245404243469
0.8279749751091003
0.7279847860336304
0.8265133500099182
0.8437351584434509
0.6586636304855347
0.733772337436676
0.8193472027778625
0.8297815918922424
0.8617664575576782
0.8772417306900024
0.8502184152603149
0.8669360280036926
0.8289684653282166
0.7170136570930481
0.6854468584060669
0.7144761085510254
0.7170564532279968
0.6364403963088989
0.49926236271858215
0.5815344452857971
0.5611300468444824
0.3993203341960907
0.4244324564933777
0.5646045207977295
0.592390239238739
0.7047656178474426
0.7177894115447998
0.49308404326438904
0.8420592546463013
0.7385435700416565
0.7275134921073914
0.7050898671150208
0.6805455088615417
0.8368961811065674
0.8011041879653931
0.7406410574913025
0.8204507827758789
0.8181275725364685
0.8790661096572876
0.9179307818412781
0.8099435567855835
0.794352114200592
0.7844328284263611
0.7938329577445984
0.8156713247299194
0.8099774718284607
0.6970784068107605
0.5992445349693298
0.6377658247947693
0.6442736387252808
0.6601596474647522
0.6895948648452759
0.6669682264328003
0.7216699123382568
0.8488888144493103
0.7560449838638306
0.70498126745224
0.726490318775177
0.8415269255638123
0.8730055093765259
0.408875435590744
0.8518689870834351
0.7760149240493774
0.8534206748008728
0.8312132954597473
0.7406681776046753
0.7354121208190918
0.6949028372764587
0.7486680150032043
0.7155167460441589
0.828321099281311
0.8507082462310791
0.8395324349403381
0.8597840666770935
0.7989767789840698
0.9014536142349243
0.9279433488845825
0.9505593180656433
0.8686100840568542
0.9223936200141907
0.8075899481773376
0.6933310031890869
0.8510259389877319
0.8656089901924133
0.8172765374183655
0.8541621565818787
0.8678296208381653
0.9005251526832581
0.9149950742721558
0.8976783156394958
0.901852011680603
0.8434076309204102
0.6518778204917908
0.630462110042572
0.6274113059043884
0.7920314073562622
0.8446828722953796
0.9556977152824402
0.9022840857505798
0.8276326656341553
0.8732652068138123
0.8747336268424988
0.9212213754653931
0.9473018646240234
0.8018257021903992
0.9057065844535828
0.6929373145103455
0.7252455949783325
0.6702605485916138
0.8019964098930359
0.804029643535614
0.781282901763916
0.732068657875061
0.7454470992088318
0.6056141257286072
0.45381221175193787
0.6245875358581543
0.2639838457107544
0.2892223298549652
0.17157894372940063
0.6347669959068298
0.6911672353744507
0.7940285801887512
0.8779264092445374
0.8834832310676575
0.4964202046394348
0.7856614589691162
0.4853001832962036
0.5571364760398865
0.6114680767059326
0.5503561496734619
0.762466311454773
0.7135454416275024
0.7842392325401306
0.8508725762367249
0.8670702576637268
0.8987944722175598
0.9070518016815186
0.7910349369049072
0.6892734169960022
0.5965365767478943
0.7643834948539734
0.5937342643737793
0.3693457841873169
0.31609877943992615
0.3369888961315155
0.4107896089553833
0.24650512635707855
0.39651253819465637
0.32353031635284424
0.5433692336082458
0.5642243027687073
0.9999061822891235
0.9998564720153809
0.9997844099998474
0.9995213747024536
0.9982435703277588
0.9895971417427063
0.9911608099937439
0.9956509470939636
0.9924724102020264
0.9868566393852234
0.9858683347702026
0.9812023639678955
0.9734294414520264
0.9826116561889648
0.9873852729797363
0.9913322329521179
0.9933764338493347
0.993109941482544
0.9930683374404907
0.9929046034812927
0.9938684105873108
0.9938493371009827
0.9938341379165649
0.9921039342880249
0.9932392835617065
0.9942561984062195
0.994016170501709
0.9926270842552185
0.988195538520813
0.9877718687057495
0.9856013655662537
0.9808740019798279
0.9837225079536438
0.9641918540000916
0.9116614460945129
0.9374288320541382
0.9123411178588867
0.8065431714057922
0.9665498733520508
0.9190229177474976
0.8379088640213013
0.9702733755111694
0.8958194255828857
0.5220245718955994
0.7315508723258972
0.6953633427619934
0.7435809373855591
0.7819257378578186
0.5226081609725952
0.6629521250724792
0.44525888562202454
0.38250353932380676
0.40224766731262207
0.325918972492218
0.25591403245925903
0.2331407070159912
0.31060153245925903
0.8231172561645508
0.7814719676971436
0.8551194667816162
0.8302133679389954
0.904302179813385
0.8607276082038879
0.8808073401451111
0.8394826650619507
0.7622407674789429
0.7594830989837646
0.7330955862998962
0.588394045829773
0.5008285045623779
0.47430866956710815
0.7619372606277466
0.8745314478874207
0.7670460939407349
0.788974940776825
0.7032864689826965
0.8919546604156494
0.6912727355957031
0.8872171640396118
0.8569789528846741
0.8223061561584473
0.717504620552063
0.9420455098152161
0.9251320362091064
0.8834252953529358
0.8815478086471558
0.9406733512878418
0.8704953193664551
0.893983006477356
0.8992887735366821
0.8585489392280579
0.9314279556274414
0.9617452025413513
0.9758203029632568
0.978548526763916
0.9687041640281677
0.9120435118675232
0.9255324602127075
0.7919588685035706
0.860331654548645
0.7699579000473022
0.7626800537109375
0.7016677260398865
0.8893776535987854
0.7541249394416809
0.8209384083747864
0.9663484692573547
0.944275438785553
0.9335938692092896
0.9242537021636963
0.6442919969558716
0.5897709131240845
0.60538649559021
0.6510884165763855
0.7173537015914917
0.7726315855979919
0.6107121706008911
0.49235692620277405
0.506294310092926
0.77048659324646
0.32832810282707214
0.7136057019233704
0.724551260471344
0.9152588248252869
0.7953658699989319
0.8723449110984802
0.9405102133750916
0.9254661202430725
0.7634444832801819
0.7019423842430115
0.8795848488807678
0.8471121191978455
0.6920341849327087
0.6834679841995239
0.6566419005393982
0.699080765247345
0.8684092164039612
0.4232180714607239
0.7716532945632935
0.831516444683075
0.8875853419303894
0.8199000954627991
0.899554967880249
0.5681235790252686
0.7562080025672913
0.6905864477157593
0.8239324688911438
0.6735730171203613
0.5723867416381836
0.6954045295715332
0.8213272094726562
0.7754433155059814
0.5396564602851868
0.39119094610214233
0.3860321342945099
0.45679429173469543
0.32600584626197815
0.4003933072090149
0.2198934108018875
0.2852836847305298
0.46621862053871155
0.45756471157073975
0.49279913306236267
0.31467151641845703
0.6621286273002625
0.5826110243797302
0.5590795278549194
0.6319036483764648
0.5437307953834534
0.5754042267799377
0.7585413455963135
0.8070043921470642
0.9127444624900818
0.8784123063087463
0.9037410020828247
0.9480058550834656
0.9504602551460266
0.9712173342704773
0.932429313659668
0.7978579998016357
0.9488297700881958
0.9383185505867004
0.8938414454460144
0.6531383991241455
0.8750318288803101
0.8366678357124329
0.655857264995575
0.6296220421791077
0.7169784903526306
0.78206866979599
0.8179543018341064
0.8344357013702393
0.7405677437782288
0.8084284663200378
0.8606542944908142
0.9122198820114136
0.9324253797531128
0.9405150413513184
0.9440639019012451
0.9323198795318604
0.9995922446250916
0.995411217212677
0.9899895191192627
0.9510774612426758
0.9717025756835938
0.9714975357055664
0.6963326334953308
0.8664970397949219
0.8625273704528809
0.9021239280700684
0.9494295716285706
0.9294387698173523
0.9636876583099365
0.9596983194351196
0.9736391305923462
0.9495342373847961
0.9534327387809753
0.9538199305534363
0.9737425446510315
0.956813395023346
0.9779418110847473
0.9528561234474182
0.930337131023407
0.9452776908874512
0.9008445143699646
0.9377467632293701
0.9130749106407166
0.837712287902832
0.9076228737831116
0.8077582120895386
0.8579298257827759
0.8189149498939514
0.794738233089447
0.7824153304100037
0.7323479056358337
0.7389634847640991
0.5944046378135681
0.7864460349082947
0.8729625344276428
0.8960244059562683
0.9308352470397949
0.8917300701141357
0.876075804233551
0.800420880317688
0.8045268654823303
0.7269224524497986
0.6385929584503174
0.6702647805213928
0.6678550839424133
0.7605123519897461
0.7142418622970581
0.8662397861480713
0.8527113199234009
0.84161776304245
0.7960702180862427
0.7874424457550049
0.6592531800270081
0.610868513584137
0.5446780323982239
0.5941595435142517
0.7028450965881348
0.6889925003051758
0.7062165141105652
0.8723469972610474
0.8744085431098938
0.9516371488571167
0.9228742122650146
0.9353840351104736
0.9520285129547119
0.9696962833404541
0.9474037885665894
0.976318895816803
0.9438782930374146
0.9221870303153992
0.9408054351806641
0.8819746971130371
0.9101176261901855
0.9725874662399292
0.981421947479248
0.9771174192428589
0.9066991209983826
0.9595780372619629
0.8920795917510986
0.7636561989784241
0.5475912094116211
0.21336796879768372
0.5838282108306885
0.5735726356506348
0.5358617305755615
0.7535982131958008
0.5648926496505737
0.7809897065162659
0.8104827404022217
0.5747067928314209
0.4514586925506592
0.45223361253738403
0.4866265654563904
0.39059385657310486
0.32528871297836304
0.20492354035377502
0.3911028206348419
0.512832760810852
0.5478918552398682
0.2585662305355072
0.4824218153953552
0.42475658655166626
0.8839752078056335
0.9219379425048828
0.6660629510879517
0.5392945408821106
0.28329843282699585
0.4765254259109497
0.8012893795967102
0.897386372089386
0.8316198587417603
0.836321234703064
0.8916814923286438
0.7611643671989441
0.7428284287452698
0.3982354402542114
0.40293312072753906
0.19172446429729462
0.19992363452911377
0.4371252655982971
0.6386517286300659
0.4223375916481018
0.7152355909347534
0.7119515538215637
0.9318282008171082
0.8754725456237793
0.9366700649261475
0.9351675510406494
0.9602636694908142
0.8888113498687744
0.8273200988769531
0.8223633170127869
0.7194262146949768
0.6779273748397827
0.6279646754264832
0.6206516027450562
0.7299582958221436
0.6489673256874084
0.7077450752258301
0.7892867922782898
0.7882757186889648
0.8588576912879944
0.9194741249084473
0.9823327660560608
0.9830501675605774
0.9795417189598083
0.9751195311546326
0.9766142964363098
0.9884034991264343
0.9728342890739441
0.9526492357254028
0.9645981788635254
0.9102320075035095
0.8525001406669617
0.6798867583274841
0.48856282234191895
0.4240207076072693
0.39341098070144653
0.24511831998825073
0.27031922340393066
0.28077825903892517
0.3438640236854553
0.28566476702690125
0.11814070492982864
0.2750101685523987
0.25502386689186096
0.4414825439453125
0.33494189381599426
0.6652776002883911
0.6742463707923889
0.4776056408882141
0.2887023091316223
0.4797199070453644
0.321099191904068
0.4970840811729431
0.510013997554779
0.31441015005111694
0.7960005402565002
0.7952704429626465
0.9171563386917114
0.9715226292610168
0.9688199758529663
0.9381722211837769
0.9799966812133789
0.8852181434631348
0.8230898380279541
0.917910635471344
0.8694932460784912
0.9599294066429138
0.8090940713882446
0.6895567178726196
0.639877200126648
0.5924580097198486
0.3497641086578369
0.3459436595439911
0.5594919919967651
0.9998101592063904
0.9991143345832825
0.9953393936157227
0.9949067234992981
0.9903802871704102
0.9791169762611389
0.9049417972564697
0.8250561952590942
0.9756631255149841
0.966058075428009
0.9477304816246033
0.9686384797096252
0.981566309928894
0.9841446876525879
0.9805631637573242
0.985694944858551
0.9766383767127991
0.9732643365859985
0.9824183583259583
0.9829607605934143
0.9781176447868347
0.9719657897949219
0.9774940013885498
0.9747297167778015
0.9661078453063965
0.973206639289856
0.9600379467010498
0.9684343934059143
0.9576749205589294
0.9692471027374268
0.971916675567627
0.9830417633056641
0.9649404883384705
0.9670198559761047
0.9730616807937622
0.9551809430122375
0.9523044228553772
0.929323673248291
0.9030970931053162
0.9005913734436035
0.8899350762367249
0.8545382618904114
0.8926356434822083
0.9288655519485474
0.8838528990745544
0.9211980104446411
0.9238795042037964
0.8952677845954895
0.8157707452774048
0.9512478709220886
0.8179313540458679
0.9348562359809875
0.9187793731689453
0.7117162942886353
0.32590898871421814
0.6986272931098938
0.8096764087677002
0.8614509701728821
0.6503533124923706
0.642304539680481
0.8532331585884094
0.8454140424728394
0.861975908279419
0.8562279939651489
0.6536972522735596
0.6438807249069214
0.6331784725189209
0.6170699596405029
0.365133672952652
0.6890565156936646
0.8389895558357239
0.8459869027137756
0.9390730261802673
0.893669068813324
0.9646427631378174
0.9597031474113464
0.8834744691848755
0.7808032631874084
0.627884566783905
0.680372953414917
0.5618802905082703
0.5252454280853271
0.5637856721878052
0.607231080532074
0.4194222092628479
0.5152269005775452
0.8703603744506836
0.8366765975952148
0.8681322336196899
0.8968600034713745
0.9703270196914673
0.9690054059028625
0.927611231803894
0.945249080657959
0.9618089199066162
0.9536697864532471
0.9474136829376221
0.9639140963554382
0.9773526191711426
0.9722418785095215
0.945160984992981
0.9560475945472717
0.9735947251319885
0.969554603099823
0.9813076257705688
0.9784258008003235
0.9722771644592285
0.9422363638877869
0.9737240076065063
0.9562495350837708
0.9495298266410828
0.9519535303115845
0.9522873759269714
0.9461599588394165
0.9518401026725769
0.9525649547576904
0.9136102199554443
0.9132763743400574
0.8328290581703186
0.854755163192749
0.8925797343254089
0.8633046746253967
0.6653197407722473
0.8787932395935059
0.704695999622345
0.6139039993286133
0.7434042096138
0.7916297912597656
0.8470067977905273
0.8693317174911499
0.7413736581802368
0.7610573172569275
0.7623260021209717
0.6859398484230042
0.764351487159729
0.6745274066925049
0.7419955134391785
0.7476160526275635
0.664031445980072
0.7700965404510498
0.7103853821754456
0.7089512348175049
0.8400854468345642
0.8027468919754028
0.7473263144493103
0.8280931711196899
0.8688713312149048
0.7719231843948364
0.7888901233673096
0.8235470056533813
0.7374587059020996
0.864858090877533
0.8721305727958679
0.8413772583007812
0.9099151492118835
0.8624482154846191
0.9170019030570984
0.8879842758178711
0.8867846131324768
0.9015051126480103
0.8996566534042358
0.8996614217758179
0.9500042796134949
0.9433829188346863
0.9641547203063965
0.97122722864151
0.8891924023628235
0.6434818506240845
0.5179800987243652
0.3903068006038666
0.3441464304924011
0.24185678362846375
0.16308733820915222
0.06596313416957855
0.24937041103839874
0.02472628839313984
0.12439829856157303
0.3629800081253052
0.27357304096221924
0.20475457608699799
0.22681672871112823
0.2437048703432083
0.6501230597496033
0.5446110963821411
0.45683932304382324
0.3857535123825073
0.17558574676513672
0.26494652032852173
0.21900559961795807
0.20992018282413483
0.38452640175819397
0.6457341313362122
0.5952434539794922
0.7382291555404663
0.6951597332954407
0.6264726519584656
0.7750396728515625
0.7852362394332886
0.8983342051506042
0.773897111415863
0.9999401569366455
0.9998947381973267
0.9998337030410767
0.9995877146720886
0.9985454082489014
