1
0.9997721314430237
0.9996858835220337
0.9997401833534241
0.9996602535247803
0.9992771744728088
0.9975886344909668
0.9983912110328674
0.9924243688583374
0.992656409740448
0.9923558235168457
0.8970098495483398
0.4675980508327484
0.3203447461128235
0.045401640236377716
0.06825558096170425
0.07273265719413757
0.07941529154777527
0.17904770374298096
0.08514747023582458
0.3942109942436218
0.15905921161174774
0.1484890729188919
0.0620090626180172
0.1606036275625229
0.6511862874031067
0.3701364994049072
0.33809801936149597
0.5325526595115662
0.5431020259857178
0.11463390290737152
0.06209716573357582
0.28541791439056396
0.24678172171115875
0.3512442111968994
0.04864034056663513
0.037156473845243454
0.4509057402610779
0.03313514217734337
0.04129241779446602
0.1301252841949463
0.23120369017124176
0.4487431049346924
0.20659597218036652
0.08683754503726959
0.011716837994754314
0.02850600890815258
0.17997770011425018
0.0263163223862648
0.039614953100681305
0.029759129509329796
0.08849652856588364
0.41624999046325684
0.6269885897636414
0.6118652820587158
0.5958259701728821
0.3030911087989807
0.4243638813495636
0.43587401509284973
0.5442003607749939
0.5472323298454285
0.48477059602737427
0.20718614757061005
0.20442616939544678
0.37921398878097534
0.4157181978225708
0.2524269223213196
0.9321336150169373
0.9976966977119446
0.9977915287017822
0.9878210425376892
0.989971399307251
0.9844909310340881
0.9833241105079651
0.9894924163818359
0.9455731511116028
0.9225304126739502
0.9294489622116089
0.8238214254379272
0.9582170844078064
0.9697787165641785
0.9691854119300842
0.9401498436927795
0.9838243722915649
0.9675668478012085
0.6835710406303406
0.7255187034606934
0.6647530794143677
0.469654381275177
0.3585256040096283
0.5980486273765564
0.6988435387611389
0.7808507680892944
0.825158953666687
0.7054035067558289
0.6419861316680908
0.7329813241958618
0.8441039323806763
0.9339881539344788
0.9808830618858337
0.9848455190658569
0.9850524067878723
0.9812768697738647
0.9520577788352966
0.781743049621582
0.6401526927947998
0.6361145377159119
0.5465088486671448
0.4004492163658142
0.4590113162994385
0.5184354186058044
0.47877341508865356
0.26685869693756104
0.45227742195129395
0.5642740726470947
0.6148720979690552
0.16896462440490723
0.21587404608726501
0.17134244740009308
0.11722356081008911
0.2766426205635071
0.13519340753555298
0.2677425742149353
0.09070146083831787
0.2522982060909271
0.04881212115287781
0.2281060665845871
0.022503241896629333
0.028919631615281105
0.3161645829677582
0.10422847419977188
0.06054916977882385
0.07497809827327728
0.09567675739526749
0.03391554206609726
0.023458339273929596
0.021516749635338783
0.0165114663541317
0.03985678404569626
0.04285045340657234
0.04159577935934067
0.06331417709589005
0.02687181904911995
0.0686417669057846
0.006212572101503611
0.014305050484836102
0.03209866210818291
0.02501758560538292
0.007814732380211353
0.040798384696245193
0.008346179500222206
0.006016605533659458
0.005470577161759138
0.0040103658102452755
0.045523010194301605
0.07811196148395538
0.06610963493585587
0.03386674448847771
0.08726514130830765
0.004481999669224024
0.004094452131539583
0.004251979757100344
0.009611089713871479
0.004397728014737368
0.005833179224282503
0.006691602058708668
0.00467839976772666
0.0058311414904892445
0.14950425922870636
0.04120086878538132
0.039142731577157974
0.045785728842020035
0.016212482005357742
0.006843878421932459
0.009286407381296158
0.020346447825431824
0.01208182331174612
0.022489966824650764
0.05455075949430466
0.02419719286262989
0.02152928151190281
0.016663266345858574
0.05737251043319702
0.016635488718748093
0.07356353849172592
0.02905605547130108
0.008609636686742306
0.05657930672168732
0.006272413302212954
0.014727555215358734
0.008621325716376305
0.005626016762107611
0.026541758328676224
0.007629845291376114
0.006663383450359106
0.009729734621942043
0.005593934096395969
0.013321016915142536
0.08162812888622284
0.01779133640229702
0.04727701470255852
0.03273190185427666
0.08015195280313492
0.02047649584710598
0.07263201475143433
0.009432257153093815
0.007773177232593298
0.008477925322949886
0.028578633442521095
0.09436072409152985
0.11229611933231354
0.2733174264431
0.21002544462680817
0.22561593353748322
0.12016415596008301
0.27485424280166626
0.22558346390724182
0.17815373837947845
0.2823066711425781
0.4888942539691925
0.7039163708686829
0.7422348260879517
0.648750364780426
0.4023212194442749
0.7531142830848694
0.5986757278442383
0.9231640696525574
0.6676948666572571
0.4882325232028961
0.4171050488948822
0.6042545437812805
0.6990433931350708
0.6880971789360046
0.4670328199863434
0.21955899894237518
0.15963822603225708
0.41269615292549133
0.39130115509033203
0.48712483048439026
0.4285200834274292
0.14214985072612762
0.2512814998626709
0.00546105345711112
0.004533436149358749
0.004504683427512646
0.004207625053822994
0.005118061322718859
0.028954455628991127
0.004640922881662846
0.0028028173837810755
0.004202539566904306
0.04969382286071777
0.11125354468822479
0.02913694642484188
0.2575303018093109
0.16901296377182007
0.23181654512882233
0.23893895745277405
0.04118168726563454
0.030617116019129753
0.018715916201472282
0.7570863962173462
0.7596113085746765
0.7667696475982666
0.6449781656265259
0.375808984041214
0.17938296496868134
0.14082291722297668
0.4647578001022339
0.108540378510952
0.16351430118083954
0.17353495955467224
0.022642534226179123
0.007011519744992256
0.035850103944540024
0.033614449203014374
0.02491050399839878
0.014627155847847462
0.1477421671152115
0.10922983288764954
0.11786871403455734
0.14164818823337555
0.149478018283844
0.23715923726558685
0.2931673228740692
0.30662211775779724
0.2736724317073822
0.2800740599632263
0.22908638417720795
0.33067241311073303
0.30138063430786133
0.1945039927959442
0.16627435386180878
0.10092854499816895
0.36951592564582825
0.39268723130226135
0.23747605085372925
0.6423696279525757
0.514622151851654
0.5369835495948792
0.5420427322387695
0.6414969563484192
0.4589121639728546
0.6783584952354431
0.6980161070823669
0.5621479153633118
0.64227694272995
0.5552164316177368
0.4196735918521881
0.2949496805667877
0.5310017466545105
0.5519987344741821
0.4128812253475189
0.28638720512390137
0.4147031605243683
0.24438194930553436
0.23426474630832672
0.3689582645893097
0.08796155452728271
0.42115986347198486
0.2435961365699768
0.014394811354577541
0.10789899528026581
0.37865638732910156
0.19825036823749542
0.02586502395570278
0.35782086849212646
0.08278544247150421
0.129917174577713
0.24815447628498077
0.37992215156555176
0.06562487781047821
0.030765602365136147
0.3499182462692261
0.036692406982183456
0.15651912987232208
0.22646109759807587
0.1250343769788742
0.15379677712917328
0.3900180459022522
0.4665519595146179
0.5863230228424072
0.47693806886672974
0.501752495765686
0.044000424444675446
0.5626847147941589
0.2395493984222412
0.35476458072662354
0.2424231767654419
0.4633232355117798
0.5951753258705139
0.44535666704177856
0.7282198667526245
0.8340066075325012
0.7258262038230896
0.7473889589309692
0.5000220537185669
0.36358222365379333
0.15691891312599182
0.1248093917965889
0.05096309259533882
0.08138055354356766
0.20504918694496155
0.09331785142421722
0.23787222802639008
0.2896023690700531
0.3370736241340637
0.36320960521698
0.608561098575592
0.5686516761779785
0.1888282299041748
0.36240431666374207
0.382165789604187
0.3544830083847046
0.5851568579673767
0.2305072546005249
0.11829032003879547
0.1577940285205841
0.022161876782774925
0.2393232136964798
0.15102724730968475
0.09928981214761734
0.33441367745399475
0.12774793803691864
0.07005008310079575
0.6618241667747498
0.5289226770401001
0.3939981460571289
0.1665290892124176
0.20928983390331268
0.25066399574279785
0.1651105284690857
0.346577525138855
0.3162136375904083
0.46128982305526733
0.5457854270935059
0.4984720051288605
0.4833463430404663
0.4406859278678894
0.573060929775238
0.20959125459194183
0.519621729850769
0.5638009905815125
0.6450550556182861
0.634893536567688
0.5823243260383606
0.5828380584716797
0.45933815836906433
0.35042980313301086
0.29541486501693726
0.2814045548439026
0.13195089995861053
0.2698817551136017
0.4966975748538971
0.5380911827087402
0.5317400693893433
0.4338139295578003
0.6105760335922241
0.6524356007575989
0.49756279587745667
0.44308164715766907
0.29254350066185
0.2000533640384674
0.4179263710975647
0.6194282174110413
0.6174195408821106
0.6804750561714172
0.632104218006134
0.8694556355476379
0.8206888437271118
0.48014986515045166
0.6131351590156555
0.4511060416698456
0.5313358306884766
0.3719451427459717
0.7042955160140991
0.3998408317565918
0.5101475715637207
0.61016446352005
0.5490274429321289
0.5049766302108765
0.4970092177391052
0.7372421622276306
0.8211073875427246
0.8511515259742737
0.8891483545303345
0.7470763921737671
0.8558861017227173
0.6426968574523926
0.7437930703163147
0.6606464385986328
0.6563757658004761
0.7819414138793945
0.6329092979431152
0.5401296019554138
0.6214075684547424
0.7652044892311096
0.5956533551216125
0.5838220715522766
0.7435804605484009
0.6564690470695496
0.7385656237602234
0.6436812877655029
0.5366829037666321
0.5675820112228394
0.6425527334213257
0.5968714356422424
0.6897691488265991
0.7341101765632629
0.5513665676116943
0.6897146701812744
0.559473991394043
0.46353036165237427
0.3807007968425751
0.3063238561153412
0.4888387620449066
0.36121565103530884
0.4756459593772888
0.46573132276535034
0.4288405478000641
0.3878204822540283
0.5520815253257751
0.36425870656967163
0.37533262372016907
0.45218804478645325
0.3860854506492615
0.3363700807094574
0.39152324199676514
0.6384772658348083
0.5641118884086609
0.5407177209854126
0.7758821845054626
0.6517217755317688
0.7731559872627258
0.6303632855415344
0.6630145907402039
0.6777693033218384
0.5503894090652466
0.3864620327949524
0.3974887430667877
0.4428309202194214
0.39807987213134766
0.6333541870117188
0.3707617521286011
0.2938360571861267
0.48284560441970825
0.33238470554351807
0.5568274259567261
0.7487968802452087
0.907166063785553
0.8654182553291321
0.849785566329956
0.6948840022087097
0.4865643084049225
0.374742329120636
0.6898011565208435
0.4856417179107666
0.28114473819732666
0.4861786365509033
0.46771693229675293
0.5760883092880249
0.08649039268493652
0.588967502117157
0.5156225562095642
0.5052021741867065
0.5932832360267639
0.5893983840942383
0.49281036853790283
0.3111456036567688
0.14172226190567017
0.16201958060264587
0.17495828866958618
0.09120921045541763
0.13769929111003876
0.3284016251564026
0.14400078356266022
0.39573580026626587
0.13550609350204468
0.13310900330543518
0.10353964567184448
0.21474643051624298
0.1168658435344696
0.06652572751045227
0.09204800426959991
0.07996466755867004
0.07499207556247711
0.05679874122142792
0.08720239996910095
0.049092285335063934
0.048418860882520676
0.1008264571428299
0.06235889345407486
0.0849832147359848
0.14643877744674683
0.12584342062473297
0.12691877782344818
0.04992194101214409
0.43150022625923157
0.4436904191970825
0.23889821767807007
0.3247664272785187
0.7025482058525085
0.5668016672134399
0.3497477173805237
0.5295795798301697
0.3665608763694763
0.30742546916007996
0.07925835251808167
0.03191787749528885
0.09715811163187027
0.1408464014530182
0.16517449915409088
0.11184285581111908
0.07501492649316788
0.06605451554059982
0.2189466953277588
0.23454293608665466
0.19517488777637482
0.6381030082702637
0.5035371780395508
0.15326383709907532
0.0959039255976677
0.20610769093036652
0.07867858558893204
0.12175130099058151
0.02149253711104393
0.038593243807554245
0.10038373619318008
0.008406889624893665
0.015577278099954128
0.14619790017604828
0.05159936100244522
0.3845994472503662
0.4507487714290619
0.2886943221092224
0.36885732412338257
0.2943483293056488
0.2454482465982437
0.20281440019607544
0.19740818440914154
0.45039674639701843
0.21526379883289337
0.19484640657901764
0.2834676504135132
0.3923541307449341
0.6468098759651184
0.6375698447227478
0.3760586678981781
0.29271069169044495
0.19216927886009216
0.8225738406181335
0.7124395370483398
0.4947398602962494
0.517387330532074
0.6342552304267883
0.902689516544342
0.9197860360145569
0.8893386721611023
0.9563668966293335
0.9382367730140686
0.9163918495178223
0.7614666223526001
0.657271146774292
0.7875167727470398
0.6778653264045715
0.6478406190872192
0.6985474824905396
0.12049934267997742
0.13101594150066376
0.5798363089561462
0.6577039957046509
0.9166969656944275
0.9154931902885437
0.9639583826065063
0.7785466909408569
0.5000868439674377
0.6189373731613159
0.8427226543426514
0.9067447781562805
0.8375559449195862
0.9273152947425842
0.9478862881660461
0.9013574123382568
0.5769444704055786
0.36366334557533264
0.45679110288619995
0.6385324597358704
0.8344379663467407
0.6456605792045593
0.537098228931427
0.5251905918121338
0.4998336434364319
0.41486021876335144
0.375977486371994
0.5074082612991333
0.759867250919342
0.6301354765892029
0.6798573136329651
0.7547615766525269
0.7910026907920837
0.8634192943572998
0.9080487489700317
0.882485032081604
0.7689679265022278
0.754197895526886
0.733785092830658
0.6656516790390015
0.6431562900543213
0.7380695343017578
0.7248867154121399
0.8100766539573669
0.6679587364196777
0.5679026246070862
0.7092360258102417
0.38106998801231384
0.38549914956092834
0.5462684631347656
0.5459505319595337
0.5069923400878906
0.4610564112663269
0.2918568253517151
0.18293972313404083
0.3357122838497162
0.40007898211479187
0.5691309571266174
0.3352799713611603
0.6648237109184265
0.6110390424728394
0.43173083662986755
0.5079723596572876
0.643108606338501
0.4123770296573639
0.5878517627716064
0.8351601362228394
0.7388021349906921
0.3441708981990814
0.4902982711791992
0.31779712438583374
0.41613027453422546
0.32282838225364685
0.6274095177650452
0.7166234254837036
0.8216063380241394
0.8728541731834412
0.5490053296089172
0.386335164308548
0.2981027364730835
0.24827969074249268
0.35143420100212097
0.24370333552360535
0.2595064640045166
0.3536657989025116
0.5028769969940186
0.2643459737300873
0.2736765742301941
0.17441706359386444
0.1834287941455841
0.48370057344436646
0.42821788787841797
0.19112704694271088
0.4533718228340149
0.3839810788631439
0.34416982531547546
0.3508293330669403
0.5441872477531433
0.6638184785842896
0.46890494227409363
0.4234149754047394
0.5645751953125
0.4180208444595337
0.41665589809417725
0.7442036271095276
0.5910531282424927
0.506664514541626
0.6692417860031128
0.5972885489463806
0.6392065286636353
0.887405514717102
0.8866125345230103
0.8922675848007202
0.7341778874397278
0.6488884687423706
0.5574477314949036
0.25533828139305115
0.1314580887556076
0.10031580179929733
0.10431506484746933
0.09179060161113739
0.08102937042713165
0.04818479344248772
0.08247524499893188
0.1806066930294037
0.15793228149414062
0.19371604919433594
0.1750258058309555
0.08202018588781357
0.14981690049171448
0.18240542709827423
0.09910376369953156
0.03347739949822426
0.20043505728244781
0.13712187111377716
0.10092843323945999
0.02024013362824917
0.03510608524084091
0.05261536315083504
0.014909234829246998
0.06849748641252518
0.04790443181991577
0.10665887594223022
0.04207747429609299
0.11025118827819824
0.12451273202896118
0.13869240880012512
0.22811046242713928
0.19263575971126556
0.20552922785282135
0.5186172723770142
0.6793289184570312
0.6576759219169617
0.4695717394351959
0.3791711926460266
0.18022669851779938
0.4456923305988312
0.3607012927532196
0.35737890005111694
0.38794073462486267
0.2658889889717102
0.20463289320468903
0.16897810995578766
0.1320311427116394
0.12069118767976761
0.07826847583055496
0.08380487561225891
0.21394860744476318
0.3107375204563141
0.26360905170440674
0.2665516138076782
0.3254069983959198
0.28847432136535645
0.4043745696544647
0.40626972913742065
0.4073314368724823
0.17562370002269745
0.1819981038570404
0.10850249975919724
0.22181491553783417
0.25322291254997253
0.2550795376300812
0.20494313538074493
0.31913650035858154
0.21518433094024658
0.27992498874664307
0.36177995800971985
0.32203197479248047
0.30591076612472534
0.11927657574415207
0.34440189599990845
0.33263298869132996
0.5534915924072266
0.4835323393344879
0.2730099558830261
0.5179940462112427
0.20322775840759277
0.38276657462120056
0.2010067105293274
0.19240836799144745
0.1731577068567276
0.17624783515930176
0.23052851855754852
0.12961910665035248
0.26607319712638855
0.12110064923763275
0.23623360693454742
0.16321057081222534
0.28176149725914
0.24252556264400482
0.11394833028316498
0.2231607288122177
0.34690016508102417
0.29323944449424744
0.2631310522556305
0.5013806223869324
0.6312083601951599
0.6283069849014282
0.6608573198318481
0.6959509253501892
0.7624800205230713
0.6130735278129578
0.5101088881492615
0.4740625023841858
0.42179811000823975
0.5199910998344421
0.5505526661872864
0.2564562261104584
0.2316582351922989
0.2165641486644745
0.24906153976917267
0.24499879777431488
0.18002067506313324
0.15225686132907867
0.01711827702820301
0.1271335631608963
0.2692181468009949
0.11545205861330032
0.193621426820755
0.3995272219181061
0.5642275810241699
0.5527674555778503
0.4658351242542267
0.30917707085609436
0.505652666091919
0.5698689818382263
0.5247877836227417
0.3188138008117676
0.25643783807754517
0.26976871490478516
0.35959336161613464
0.500359833240509
0.5375478267669678
0.4960359036922455
0.574187159538269
0.7024815678596497
0.6909266710281372
0.6923728585243225
0.5681703090667725
0.2873123586177826
0.42827898263931274
0.3182072341442108
0.20399759709835052
0.25963401794433594
0.23563188314437866
0.25039124488830566
0.30536434054374695
0.37360379099845886
0.34467360377311707
0.28727591037750244
0.4359016418457031
0.43098342418670654
0.3535163104534149
0.382260799407959
0.28559404611587524
0.4009634554386139
0.46662473678588867
0.3877590298652649
0.3655748665332794
0.4669950008392334
0.4129377007484436
0.5853626728057861
0.5418552756309509
0.526729166507721
0.760490357875824
0.5829321146011353
0.4805097281932831
0.44853368401527405
0.5310267210006714
0.5675051808357239
0.696614146232605
0.6179748177528381
0.5936585664749146
0.6112979054450989
0.3506694436073303
0.15127238631248474
0.025784308090806007
0.011090302839875221
0.021255116909742355
0.01480729691684246
0.016559917479753494
0.17861142754554749
0.3040412962436676
0.31452760100364685
0.23239505290985107
0.3158572316169739
0.28215721249580383
0.40186765789985657
0.19061678647994995
0.27440154552459717
0.11170676350593567
0.3941962420940399
0.4526129961013794
0.15444104373455048
0.4577290117740631
0.15105867385864258
0.03280806168913841
0.12433972209692001
0.26115918159484863
0.19729240238666534
0.22903664410114288
0.207364022731781
0.16080524027347565
0.3143966794013977
0.18948307633399963
0.14635427296161652
0.35812151432037354
0.38064125180244446
0.2776034474372864
0.2690100371837616
0.19531109929084778
0.17130708694458008
0.22228501737117767
0.22719410061836243
0.1544979065656662
0.14127875864505768
0.23514051735401154
0.18937170505523682
0.07995206862688065
0.39644289016723633
0.4499443769454956
0.454202800989151
0.5744031667709351
0.3898238241672516
0.4706723988056183
0.4387119710445404
0.7034351825714111
0.7172464728355408
0.6218909025192261
0.7073361873626709
0.7091278433799744
0.7021331191062927
0.5365431904792786
0.5778082013130188
0.4667011499404907
0.36549803614616394
0.44965919852256775
0.21162167191505432
0.1934502124786377
0.30403438210487366
0.2474054992198944
0.2848700284957886
0.30823907256126404
0.21211373805999756
0.3552544116973877
0.18326041102409363
0.30715450644493103
0.2656366527080536
0.15246622264385223
0.1442212164402008
0.10419338941574097
0.14085271954536438
0.07009627670049667
0.16977925598621368
0.2950885593891144
0.2547360360622406
0.39951321482658386
0.2139286994934082
0.3467177450656891
0.2796276807785034
0.12676526606082916
0.301878958940506
0.14306090772151947
0.18813861906528473
0.1449049562215805
0.26003068685531616
0.28373220562934875
0.20164228975772858
0.16992032527923584
0.26472142338752747
0.2486971616744995
0.1483868658542633
0.0778924748301506
0.2036021202802658
0.195767343044281
0.1163293644785881
0.0726696252822876
0.012013586238026619
0.06824442744255066
0.1615074872970581
0.23562555015087128
0.07267977297306061
0.04795078933238983
0.029573803767561913
0.01159831415861845
0.016950855031609535
0.016062717884778976
0.010661630891263485
0.0837235227227211
0.20375338196754456
0.28534334897994995
0.28995731472969055
0.23391298949718475
0.3261376619338989
0.3560657799243927
0.2200421690940857
0.18391017615795135
0.29487478733062744
0.3025639057159424
0.4459236264228821
0.39588257670402527
0.4918227791786194
0.3357302248477936
0.2475801557302475
0.4375353455543518
0.5380891561508179
0.5702769160270691
0.5577602982521057
0.5903143882751465
0.35382896661758423
0.24705655872821808
0.2603277564048767
0.21617253124713898
0.1831190437078476
0.14416271448135376
0.1476137340068817
0.4516317546367645
0.4325456917285919
0.6100516319274902
0.4186236560344696
0.3568437695503235
0.1389753520488739
0.07094361633062363
0.123133085668087
0.21132805943489075
0.14355728030204773
0.32995232939720154
0.11992667615413666
0.06748849153518677
0.1314927041530609
0.2625011205673218
0.47633466124534607
0.492745578289032
0.32357633113861084
0.3961995542049408
0.33877262473106384
0.4704796075820923
0.26181691884994507
0.5389804840087891
0.4103751480579376
0.5408384203910828
0.36722567677497864
0.1985005885362625
0.23919975757598877
0.2644856572151184
0.36242708563804626
0.41208401322364807
0.44739586114883423
0.36456945538520813
0.26173949241638184
0.3035111129283905
0.16004720330238342
0.20915019512176514
0.15403401851654053
0.14759381115436554
0.3002761900424957
0.24542802572250366
0.46976470947265625
0.3775423765182495
0.3017139434814453
0.18811729550361633
0.393363893032074
0.3723802864551544
0.49990203976631165
0.4208262264728546
0.40242359042167664
0.20677991211414337
0.21612566709518433
0.26252827048301697
0.20721547305583954
0.4431222975254059
0.31743720173835754
0.1947472244501114
0.36071017384529114
0.634498655796051
0.3368232846260071
0.43371084332466125
0.37461018562316895
0.2837740182876587
0.27743586897850037
0.1385270655155182
0.12411163002252579
0.18546292185783386
0.155337855219841
0.15772409737110138
0.3841271996498108
0.41011327505111694
0.20167407393455505
0.23789672553539276
0.2233579307794571
0.32417330145835876
0.26019906997680664
0.15584821999073029
0.1602194905281067
0.25101396441459656
0.4790067672729492
0.341834157705307
0.23252403736114502
0.13015274703502655
0.04819255694746971
0.14221596717834473
0.22163546085357666
0.29982683062553406
0.06533188372850418
0.29254472255706787
0.1466781347990036
0.4167417585849762
0.5821702480316162
0.3337397575378418
0.3463733494281769
0.5054734349250793
0.1618361622095108
0.20983386039733887
0.25814518332481384
0.3208979666233063
0.2855459451675415
0.3616098463535309
0.44115546345710754
0.5550115704536438
0.5052544474601746
0.62971431016922
0.7020434737205505
0.36666426062583923
0.3578285574913025
0.2655298709869385
0.4863694906234741
0.3789093494415283
0.19763506948947906
0.372824102640152
0.10260055214166641
0.42228642106056213
0.16547688841819763
0.13101640343666077
0.22318437695503235
0.14528566598892212
0.24679069221019745
0.2527309060096741
0.14462563395500183
0.19685721397399902
0.32894712686538696
0.2529027462005615
0.16960307955741882
0.20911313593387604
0.12224236130714417
0.10059363394975662
0.17797699570655823
0.08992813527584076
0.1512657105922699
0.03551187366247177
0.4177989065647125
0.3590557277202606
0.39648255705833435
0.4884604513645172
0.2160724550485611
0.47158560156822205
0.34099850058555603
0.4722138047218323
0.1717763990163803
0.2522810101509094
0.21165704727172852
0.1382962316274643
0.36463889479637146
0.36562246084213257
0.36813685297966003
0.4217938482761383
0.3935222029685974
0.5135916471481323
0.44342800974845886
0.4343053698539734
0.24416929483413696
0.5654029250144958
0.5031248927116394
0.4210711419582367
0.3126697838306427
0.32721996307373047
0.1347527652978897
0.14202697575092316
0.15371173620224
0.0895099863409996
0.09514413774013519
0.04012129083275795
0.49094703793525696
0.3724297285079956
0.5176249742507935
0.5400216579437256
0.5682194828987122
0.5799291729927063
0.6605923175811768
0.6045087575912476
0.6280777454376221
0.5213428735733032
0.3631304204463959
0.5908604264259338
0.40243059396743774
0.4429320991039276
0.49572259187698364
0.5381590723991394
0.6815330386161804
0.6800453066825867
0.6309454441070557
0.369050532579422
0.41342079639434814
0.3291074335575104
0.205343559384346
0.42306408286094666
0.4239618182182312
0.49642714858055115
0.35975342988967896
0.7107482552528381
0.7325355410575867
0.4737943112850189
0.7314608693122864
0.6236715912818909
0.4546092450618744
0.43575161695480347
0.362070232629776
0.31973883509635925
0.2944202423095703
0.14865589141845703
0.27203625440597534
0.26145458221435547
0.1328645497560501
0.04382961615920067
0.05128885433077812
0.17237016558647156
0.18820486962795258
0.10404040664434433
0.1852124035358429
0.22823332250118256
0.3712914288043976
0.2513451874256134
0.19048963487148285
0.18104664981365204
0.21602004766464233
0.04037565365433693
0.29694968461990356
0.5318842530250549
0.25503548979759216
0.4721916913986206
0.31188464164733887
0.4740821123123169
0.3117061257362366
0.39349809288978577
0.35135531425476074
0.30498677492141724
0.3515588343143463
0.37578701972961426
0.38633599877357483
0.6095937490463257
0.31608396768569946
0.38033851981163025
0.3138154447078705
0.12503443658351898
0.06909219920635223
0.17604009807109833
0.02208731882274151
0.08022560924291611
0.05709950998425484
0.03333981707692146
0.14627210795879364
0.10794106870889664
0.1948097199201584
0.08725310117006302
0.14645469188690186
0.1438746154308319
0.22832515835762024
0.1905645728111267
0.3285054564476013
0.21060843765735626
0.2731119394302368
0.4027988016605377
0.5169795155525208
0.43342968821525574
0.15627877414226532
0.19248323142528534
0.32700833678245544
0.39127251505851746
0.3212178349494934
0.4501223564147949
0.3858327865600586
0.255870521068573
0.5398247241973877
0.3691048324108124
0.5561919808387756
0.2836924195289612
0.3324684798717499
0.17562592029571533
0.35580185055732727
0.07007863372564316
0.05148890241980553
0.2302866131067276
0.012013433501124382
0.021593758836388588
0.06301143765449524
0.11388824135065079
0.1254718005657196
0.14013396203517914
0.2654029130935669
0.26968303322792053
0.3269004821777344
0.16567453742027283
0.3921131193637848
0.31884124875068665
0.4378547668457031
0.4509247839450836
0.24228888750076294
0.2756086587905884
0.27506235241889954
0.31915155053138733
0.20275439321994781
0.3279525935649872
0.47665178775787354
0.26740333437919617
0.18200263381004333
0.36110490560531616
0.18691469728946686
0.27995428442955017
0.30929070711135864
0.4171224534511566
0.06447397172451019
0.08060725778341293
0.01390589028596878
0.09040677547454834
0.03557498753070831
0.053918514400720596
0.05402699485421181
0.032821692526340485
0.15737475454807281
0.14684265851974487
0.16589824855327606
0.11817417293787003
0.11424824595451355
0.08705727756023407
0.024267010390758514
0.1450026035308838
0.10773826390504837
0.29388412833213806
0.3159487843513489
0.31809836626052856
0.16875872015953064
0.35259929299354553
0.396264910697937
0.361398845911026
0.4399263858795166
0.11558718979358673
0.48335060477256775
0.676847517490387
0.2999144196510315
0.20522993803024292
0.2044789046049118
0.2061586081981659
0.1530008167028427
0.03235389664769173
0.3064950704574585
0.15368422865867615
0.2092108279466629
0.23397329449653625
0.16895386576652527
0.15057137608528137
0.1456490457057953
0.2703838646411896
0.32703879475593567
0.3855072259902954
0.21894943714141846
0.24457432329654694
0.14125938713550568
0.04175085946917534
0.141215980052948
0.08983367681503296
0.12929531931877136
0.12981809675693512
0.034130681306123734
0.0349363349378109
0.06473091244697571
0.07666628062725067
0.06839340180158615
0.07418054342269897
0.11688999831676483
0.11849191784858704
0.11571377515792847
0.012148594483733177
0.0785941332578659
0.11095781624317169
0.08141797035932541
0.1798219382762909
0.1677544116973877
0.20360343158245087
0.21839264035224915
0.3136255443096161
0.20051105320453644
0.22400015592575073
0.09941598773002625
0.11768151819705963
0.19361348450183868
0.15636509656906128
0.09712019562721252
0.1313287615776062
0.017143750563263893
0.026193125173449516
0.09949275106191635
0.10343106091022491
0.06287209689617157
0.2094402015209198
0.2461054027080536
0.3417360782623291
0.30365851521492004
0.1957511007785797
0.1326693743467331
0.27454322576522827
0.26184993982315063
0.3503282368183136
0.2558404505252838
0.17430151998996735
0.15337668359279633
0.24258166551589966
0.38058266043663025
0.3924337923526764
0.7516036629676819
0.8107881546020508
0.2862906754016876
0.2183934599161148
0.32266879081726074
0.39197054505348206
0.2874572277069092
0.3595433533191681
0.4537903070449829
0.3075571358203888
0.5181337594985962
0.5466012954711914
0.380716472864151
0.39193227887153625
0.2984811067581177
0.4311417043209076
0.4591805636882782
0.4572247862815857
0.7338719367980957
0.7359275221824646
0.6656192541122437
0.5042887330055237
0.5207338333129883
0.5012377500534058
0.5244834423065186
0.39341047406196594
0.36350059509277344
0.35408467054367065
0.28941288590431213
0.29924145340919495
0.1811092346906662
0.2324737310409546
0.2966524660587311
0.31119439005851746
0.5740354657173157
0.5100340247154236
0.6141673922538757
0.6136608123779297
0.4938594698905945
0.42192158102989197
0.4477824568748474
0.6854984760284424
0.426758348941803
0.6473850011825562
0.5110594034194946
0.43979528546333313
0.6226231455802917
0.5203403830528259
0.6268298625946045
0.4877796471118927
0.3681064248085022
0.2159215211868286
0.41912761330604553
0.46607500314712524
0.3144957721233368
0.4338870942592621
0.23346830904483795
0.5188910961151123
0.5524865984916687
0.49765026569366455
0.6852085590362549
0.5526195168495178
0.5729985237121582
0.35297486186027527
0.17494416236877441
0.17411823570728302
0.45053401589393616
0.3147047162055969
0.17629723250865936
0.36747464537620544
0.6027550101280212
0.3175703287124634
0.4658951461315155
0.45553070306777954
0.3360773026943207
0.3477904498577118
0.06254548579454422
0.31350940465927124
0.06063499301671982
0.12406320124864578
0.36388227343559265
0.3254852890968323
0.23473094403743744
0.1869479864835739
0.07840760052204132
0.17375658452510834
0.012298353016376495
0.1614631861448288
0.4500620663166046
0.3779517412185669
0.30084437131881714
0.36861518025398254
0.37652263045310974
0.3880364000797272
0.3083697259426117
0.3423455059528351
0.41452834010124207
0.3386934995651245
0.2295561283826828
0.13210080564022064
0.022835858166217804
0.08882635086774826
0.14853179454803467
0.06000378727912903
0.046737924218177795
0.01331927441060543
0.024010131135582924
0.008750577457249165
0.005752252880483866
0.019345099106431007
0.026799021288752556
0.018024533987045288
0.006454275920987129
0.14226911962032318
0.0425698347389698
0.2705935537815094
0.07559739053249359
0.15655545890331268
0.024874739348888397
0.01214187778532505
0.07234232127666473
0.01971888355910778
0.12837284803390503
0.1926136016845703
0.18889006972312927
0.2585778832435608
0.31031739711761475
0.4785121977329254
0.44913050532341003
0.1417253315448761
0.23059271275997162
0.15702228248119354
0.12511083483695984
0.15472520887851715
0.189008891582489
0.2775144577026367
0.3490135967731476
0.4271361827850342
0.4159140884876251
0.5861145257949829
0.630826473236084
0.6178171634674072
0.6059668660163879
0.49143484234809875
0.348621129989624
0.29047155380249023
0.3499999940395355
0.11714369803667068
0.27709537744522095
0.18974071741104126
0.3124080002307892
0.29244184494018555
0.3249480128288269
0.3295768201351166
0.28884944319725037
0.2506447434425354
0.2214297205209732
0.2491140216588974
0.3598848581314087
0.3256048262119293
0.41537949442863464
0.33835601806640625
0.42731574177742004
0.38003775477409363
0.28366562724113464
0.28967058658599854
0.2329874336719513
0.35893794894218445
0.301653116941452
0.1214650571346283
0.2907278835773468
0.20623645186424255
0.17518118023872375
0.322950541973114
0.3091067671775818
0.28205370903015137
0.39890944957733154
0.3944339454174042
0.536249041557312
0.661984384059906
0.5561375617980957
0.5366978049278259
0.6871747374534607
0.6769748330116272
0.6211199760437012
0.5049223303794861
0.6383357644081116
0.5361316800117493
0.3970256447792053
0.1736466884613037
0.15287873148918152
0.27394506335258484
0.28246966004371643
0.25996124744415283
0.31037643551826477
0.23270398378372192
0.09792271256446838
0.13286222517490387
0.17719407379627228
0.23657935857772827
0.2229195535182953
0.05220155045390129
0.028975853696465492
0.11912988126277924
0.10805797576904297
0.07014699280261993
0.17874744534492493
0.027657385915517807
0.01045924611389637
0.033361148089170456
0.03976137563586235
0.07853388786315918
0.051043663173913956
0.25277990102767944
0.3112768828868866
0.347001850605011
0.4462343156337738
0.624409019947052
0.18475835025310516
0.25326862931251526
0.06304363161325455
0.02898014709353447
0.17667444050312042
0.24437175691127777
0.20881317555904388
0.15399010479450226
0.19259805977344513
0.09779774397611618
0.14607444405555725
0.08165653049945831
0.2913922071456909
0.0888097956776619
0.020345347002148628
0.04457928612828255
0.016189811751246452
0.015235344879329205
0.03480374813079834
0.1428445279598236
0.02078244462609291
0.08205623924732208
0.18696512281894684
0.11377708613872528
0.2673003673553467
0.15987558662891388
0.14451035857200623
0.3337794542312622
0.30077090859413147
0.24545422196388245
0.3749268651008606
0.1737452894449234
0.18976595997810364
0.3897668719291687
0.26794105768203735
0.26256412267684937
0.22140444815158844
0.19323615729808807
0.15370236337184906
0.1176808625459671
0.07408750057220459
0.07197302579879761
0.08103137463331223
0.05562244728207588
0.06820742785930634
0.07909444719552994
0.04682309553027153
0.06219084933400154
0.043758928775787354
0.04788873344659805
0.04244980961084366
0.11333964765071869
0.02471340261399746
0.11676696687936783
0.02164275385439396
0.034872010350227356
0.019540011882781982
0.04125894233584404
0.08180569112300873
0.09039096534252167
0.021484270691871643
