1
0.9998288154602051
0.9998563528060913
0.9998328685760498
0.9998440742492676
0.9998441934585571
0.9998329877853394
0.9998641014099121
0.9998270869255066
0.9998449087142944
0.9998365640640259
0.9998254179954529
0.9998581409454346
0.999612033367157
0.999859094619751
0.9998143315315247
0.9984942674636841
0.9997194409370422
0.9997608065605164
0.9997890591621399
0.9996974468231201
0.9996676445007324
0.9992371797561646
0.9987367987632751
0.9980658888816833
0.9981783628463745
0.9981841444969177
0.997955322265625
0.9969236254692078
0.9979908466339111
0.9931737780570984
0.9865165948867798
0.9900417327880859
0.9945060610771179
0.9970358610153198
0.9984622001647949
0.9989551305770874
0.9992173910140991
0.9991275668144226
0.9994171857833862
0.9993452429771423
0.9992939233779907
0.999187171459198
0.9994747042655945
0.9994416832923889
0.9993051290512085
0.9992852807044983
0.9991934895515442
0.9990869760513306
0.9983727335929871
0.9980399012565613
0.9961028099060059
0.9946925044059753
0.9931296706199646
0.9924873113632202
0.9910231828689575
0.9857150912284851
0.9834428429603577
0.9800301194190979
0.9923772811889648
0.9924833178520203
0.9940998554229736
0.9937684535980225
0.9921369552612305
0.9961386322975159
0.9743315577507019
0.9686458706855774
0.9383813738822937
0.9584364891052246
0.8126987814903259
0.9213250279426575
0.9862507581710815
0.8296784162521362
0.818605363368988
0.6330841183662415
0.9388648271560669
0.90485018491745
0.9799617528915405
0.9385647177696228
0.681348979473114
0.9221996068954468
0.8965516686439514
0.8994719982147217
0.9016435146331787
0.8916128873825073
0.7119044065475464
0.8101500272750854
0.67704176902771
0.6155821681022644
0.6651204228401184
0.5453808307647705
0.6074856519699097
0.5584700703620911
0.6306577920913696
0.6068323850631714
0.9194075465202332
0.9126205444335938
0.9315229058265686
0.9759343862533569
0.9827620387077332
0.9863988161087036
0.9884079098701477
0.9861630797386169
0.9835125803947449
0.9861114025115967
0.9843848943710327
0.9718381762504578
0.9774567484855652
0.9740664958953857
0.958314061164856
0.9149949550628662
0.8731643557548523
0.8955474495887756
0.9657384753227234
0.9554276466369629
0.9471468925476074
0.9805355072021484
0.9090762138366699
0.9525676369667053
0.8754863142967224
0.7887022495269775
0.8410928845405579
0.8297619819641113
0.8425719738006592
0.6917890906333923
0.8382776975631714
0.7354640364646912
0.724918782711029
0.6981877088546753
0.7392730712890625
0.7766905426979065
0.891592800617218
0.8769013285636902
0.911583662033081
0.8913263082504272
0.8853135704994202
0.8005423545837402
0.760410487651825
0.7693950533866882
0.8140913248062134
0.8194246888160706
0.7731770873069763
0.7047529220581055
0.6020063161849976
0.6291183829307556
0.5329391956329346
0.3558714687824249
0.5304644703865051
0.43667659163475037
0.12372329831123352
0.03169868513941765
0.04344839230179787
0.62823486328125
0.49948328733444214
0.3539489209651947
0.5893133282661438
0.5967252850532532
0.6103172898292542
0.7449823021888733
0.7686448097229004
0.3620595932006836
0.23457525670528412
0.21632757782936096
0.2507973909378052
0.39430132508277893
0.3749479353427887
0.3062741160392761
0.22423739731311798
0.3141769766807556
0.3277665376663208
0.34069812297821045
0.32452481985092163
0.5058208703994751
0.46671590209007263
0.37924566864967346
0.4078509509563446
0.4233967065811157
0.5403974652290344
0.36679577827453613
0.50751793384552
0.4999382495880127
0.4789775013923645
0.38810545206069946
0.2726224362850189
0.26411303877830505
0.46716171503067017
0.3837733864784241
0.37481704354286194
0.4724884033203125
0.38019895553588867
0.3485572636127472
0.41519367694854736
0.4857756495475769
0.4753563702106476
0.49880683422088623
0.5556665658950806
0.596341073513031
0.8568029999732971
0.7368192672729492
0.7883590459823608
0.7355554103851318
0.9994462132453918
0.9984833598136902
0.9980136156082153
0.9951820969581604
0.988243043422699
0.9730442762374878
0.9310222268104553
0.859201967716217
0.7976338863372803
0.5816860795021057
0.7156544327735901
0.815378725528717
0.8069987893104553
0.8935366868972778
0.8313623070716858
0.7832778096199036
0.8248055577278137
0.749480664730072
0.796876847743988
0.8205423355102539
0.8402249813079834
0.8181607723236084
0.8852739334106445
0.8550636768341064
0.8129470348358154
0.8167316913604736
0.763115644454956
0.7273352742195129
0.8873341083526611
0.8210347294807434
0.7705275416374207
0.8240136504173279
0.8878952860832214
0.9060102105140686
0.8368421792984009
0.8386839032173157
0.8910540342330933
0.7299702763557434
0.7376207709312439
0.7429140210151672
0.6794708967208862
0.7398284077644348
0.7894494533538818
0.841888427734375
0.8088293671607971
0.7376196980476379
0.7508774995803833
0.7956106662750244
0.7284872531890869
0.7733819484710693
0.5959454774856567
0.7553216218948364
0.7577481269836426
0.6435505151748657
0.6937637329101562
0.8032050132751465
0.9121795892715454
0.935971200466156
0.9638241529464722
0.9496567845344543
0.9428750872612
0.9469835162162781
0.9601534008979797
0.9128060340881348
0.9372743368148804
0.92885422706604
0.905109167098999
0.947668731212616
0.9536033272743225
0.9533527493476868
0.9692664742469788
0.9349744915962219
0.9477136731147766
0.9347351789474487
0.9452675580978394
0.9849409461021423
0.9851085543632507
0.9842839241027832
0.9762629866600037
0.9626704454421997
0.9665008783340454
0.9801124334335327
0.9802683591842651
0.9794578552246094
0.9807743430137634
0.9813002347946167
0.9828141927719116
0.9853627681732178
0.984703779220581
0.9841870665550232
0.9847210049629211
0.9848891496658325
0.9883876442909241
0.9826521873474121
0.9753522872924805
0.9742463827133179
0.9776681661605835
0.9833094477653503
0.9855868816375732
0.9844388365745544
0.9870572686195374
0.9856181740760803
0.9842841625213623
0.9888659119606018
0.9870588183403015
0.9827597141265869
0.9792419672012329
0.9707880020141602
0.9631304144859314
0.9566189646720886
0.9517837762832642
0.9846389889717102
0.9800507426261902
0.9693120718002319
0.9687128663063049
0.9811021685600281
0.9807072281837463
0.9758601188659668
0.9884711503982544
0.9794273376464844
0.9717807769775391
0.952274739742279
0.9581176042556763
0.9677467942237854
0.9639798998832703
0.9579654335975647
0.9657427072525024
0.9616453051567078
0.9696503281593323
0.9632328748703003
0.9534525275230408
0.9226953387260437
0.8983703851699829
0.8914394974708557
0.8650338649749756
0.9185848832130432
0.9476003050804138
0.9444941878318787
0.9233806729316711
0.9533420205116272
0.9419928193092346
0.9200354218482971
0.8663685321807861
0.9145245552062988
0.9700731635093689
0.9282235503196716
0.9232896566390991
0.9435440897941589
0.9697728753089905
0.9157642126083374
0.7839186191558838
0.6717301607131958
0.6832616329193115
0.7275662422180176
0.7745358943939209
0.7868901491165161
0.5427889227867126
0.6572973132133484
0.7917603850364685
0.6567691564559937
0.6477487683296204
0.6829820871353149
0.5048093795776367
0.5442655682563782
0.6577161550521851
0.6693369150161743
0.734029233455658
0.7228995561599731
0.7820854783058167
0.7315425276756287
0.6667800545692444
0.7276415228843689
0.6611455678939819
0.8672752380371094
0.8463970422744751
0.8889262080192566
0.8583480715751648
0.8558176159858704
0.8185006976127625
0.8366098999977112
0.852096438407898
0.8880157470703125
0.8771142959594727
0.7879648804664612
0.824363648891449
0.8961592316627502
0.83917635679245
0.8430821299552917
0.8069838285446167
0.8044771552085876
0.7466397881507874
0.8900097608566284
0.8847458362579346
0.9091746211051941
0.8175392150878906
0.7792577147483826
0.8405736088752747
0.9174150228500366
0.9077995419502258
0.870106041431427
0.9995359182357788
0.9976884126663208
0.9978415966033936
0.9969252943992615
0.9974101185798645
0.9976524710655212
0.9905403852462769
0.9867349863052368
0.9836428761482239
0.9772701859474182
0.9523950815200806
0.8804354667663574
0.8872568607330322
0.8347004055976868
0.8635461330413818
0.885221540927887
0.7854196429252625
0.8712273240089417
0.9288207292556763
0.8638855814933777
0.8033073544502258
0.707398533821106
0.8181464672088623
0.898356556892395
0.9155550003051758
0.7569187879562378
0.8794808387756348
0.8350474834442139
0.9012754559516907
0.9263489246368408
0.9249681234359741
0.8816861510276794
0.8824946880340576
0.7906674146652222
0.8461734056472778
0.7974463701248169
0.8328039646148682
0.8358892202377319
0.8305884003639221
0.7516665458679199
0.6934215426445007
0.6230542659759521
0.5309824347496033
0.3777594566345215
0.48466986417770386
0.5076605677604675
0.5042861700057983
0.48907971382141113
0.4410068392753601
0.4852552115917206
0.5701915621757507
0.6726661324501038
0.6660922765731812
0.6354937553405762
0.6281915307044983
0.6293759942054749
0.5596352815628052
0.5346255898475647
0.5389213562011719
0.4549313187599182
0.5639024376869202
0.5872315764427185
0.5501146912574768
0.3415001630783081
0.46281689405441284
0.4073967933654785
0.6040095686912537
0.685478150844574
0.6821527481079102
0.7810545563697815
0.7242817282676697
0.49870219826698303
0.5865635871887207
0.4865182936191559
0.27259761095046997
0.3231257498264313
0.7093214988708496
0.2859644591808319
0.6880093216896057
0.6741316318511963
0.3903235197067261
0.5649533867835999
0.4545953869819641
0.6772264838218689
0.5558682680130005
0.6583142876625061
0.6254233121871948
0.8670178055763245
0.727809727191925
0.9219586849212646
0.9439274668693542
0.9393134117126465
0.9331621527671814
0.9340011477470398
0.9322689175605774
0.927846372127533
0.8976731896400452
0.8662362694740295
0.8472532033920288
0.8612685203552246
0.8739151358604431
0.9619133472442627
0.9358484745025635
0.964774489402771
0.9472295641899109
0.9682568907737732
0.9553321003913879
0.9521251320838928
0.9373233318328857
0.9545884132385254
0.9568132162094116
0.9504422545433044
0.9531819224357605
0.8894519209861755
0.9721022844314575
0.9629810452461243
0.9665515422821045
0.9634413719177246
0.9714769124984741
0.9577651619911194
0.955961287021637
0.9626290202140808
0.9695155024528503
0.9726951122283936
0.970292866230011
0.9634377360343933
0.9777339100837708
0.9821083545684814
0.980904757976532
0.9820989370346069
0.9843116402626038
0.991561233997345
0.9880834221839905
0.9819133877754211
0.9857752323150635
0.9737387895584106
0.9736887216567993
0.9688146114349365
0.8759827613830566
0.8851396441459656
0.9138427972793579
0.9105499386787415
0.8678522109985352
0.8206291198730469
0.6736516952514648
0.8045178651809692
0.7428720593452454
0.802462637424469
0.590499222278595
0.5872742533683777
0.615431547164917
0.6066274046897888
0.563765287399292
0.5654798150062561
0.46124812960624695
0.46056675910949707
0.7868756055831909
0.6150219440460205
0.20546668767929077
0.7272253036499023
0.7526963949203491
0.711546003818512
0.6053716540336609
0.25392571091651917
0.6958606243133545
0.42942190170288086
0.7571801543235779
0.6447498798370361
0.29847949743270874
0.42608267068862915
0.5758561491966248
0.5545602440834045
0.10945256054401398
0.37187713384628296
0.5063019394874573
0.5816428065299988
0.4685218334197998
0.3161778151988983
0.45332568883895874
0.5501165986061096
0.480928510427475
0.587382435798645
0.7601617574691772
0.8387817740440369
0.9067835211753845
0.8672702312469482
0.8947452306747437
0.7798733711242676
0.5737236738204956
0.7081078290939331
0.6411592960357666
0.644078254699707
0.48984354734420776
0.3555516302585602
0.2888640761375427
0.19385404884815216
0.4822728633880615
0.6095231771469116
0.4407139718532562
0.29350265860557556
0.3850288391113281
0.40976807475090027
0.38727089762687683
0.5853319764137268
0.5740236043930054
0.6106873750686646
0.6797778606414795
0.6143553256988525
0.6405302286148071
0.7114287614822388
0.6674883961677551
0.5629696249961853
0.6916589140892029
0.6142430305480957
0.6739487648010254
0.7618094086647034
0.7313223481178284
0.9774877429008484
0.7745053172111511
0.37425002455711365
0.5940954089164734
0.5958852171897888
0.6350624561309814
0.6852521896362305
0.5608024001121521
0.4063299596309662
0.736382782459259
0.46909981966018677
0.3443489968776703
0.6918604969978333
0.494387686252594
0.6156598329544067
0.6458093523979187
0.7362264394760132
0.666061282157898
0.6767630577087402
0.7689734101295471
0.8587906956672668
0.8254736661911011
0.71391761302948
0.7678866982460022
0.7729097008705139
0.8015801906585693
0.7956477403640747
0.8189718127250671
0.650050699710846
0.7919939160346985
0.8727313280105591
0.7835198640823364
0.9500774145126343
0.8808231353759766
0.8939509987831116
0.8991336822509766
0.9555380940437317
0.9792286157608032
0.9848067164421082
0.9789900183677673
0.9796392917633057
0.9864212274551392
0.9828810691833496
0.9813382625579834
0.9799894690513611
0.9787684082984924
0.9700431227684021
0.9713463187217712
0.9710158705711365
0.9455428123474121
0.9659767746925354
0.9692497253417969
0.9679857492446899
0.9720078706741333
0.9817126393318176
0.9633210301399231
0.9763265252113342
0.9756364226341248
0.9771596789360046
0.9706951975822449
0.9606767296791077
0.9377553462982178
0.8611150979995728
0.857690691947937
0.8725970387458801
0.8367356657981873
0.6910558938980103
0.5717576742172241
0.5120839476585388
0.5084806084632874
0.6206602454185486
0.6133086681365967
0.5201799869537354
0.46328771114349365
0.4460931122303009
0.3030410408973694
0.4850131571292877
0.7922907471656799
0.6340751647949219
0.8505854606628418
0.9196259379386902
0.9568876028060913
0.9632445573806763
0.9862189888954163
0.9662993550300598
0.9681950211524963
0.8138983845710754
0.865256130695343
0.9361971020698547
0.892017662525177
0.7629711627960205
0.6896848678588867
0.35045960545539856
0.572702944278717
0.7260815501213074
0.4958573877811432
0.8067595362663269
0.7780892848968506
0.6790589094161987
0.9850806593894958
0.8169286251068115
0.7016410231590271
0.9301155805587769
0.927642285823822
0.9662730693817139
0.7583242058753967
0.9482840299606323
0.8766962885856628
0.9514350891113281
0.9221733808517456
0.975665271282196
0.8509159684181213
0.9137214422225952
0.9682911038398743
0.9424757361412048
0.9776495099067688
0.9557826519012451
0.9741026759147644
0.9602060914039612
0.9671579599380493
0.9377396106719971
0.9422798752784729
0.9401363134384155
0.9124419689178467
0.8600616455078125
0.9443771839141846
0.9603458046913147
0.9761816263198853
0.948029637336731
0.8291425108909607
0.9466948509216309
0.9614027142524719
0.9018413424491882
0.9292669296264648
0.8818970322608948
0.8622739315032959
0.8239406943321228
0.8870877027511597
0.8943386673927307
0.9493770003318787
0.8909763097763062
0.9673277139663696
0.9299807548522949
0.8772513270378113
0.937166690826416
0.9373098015785217
0.9118650555610657
0.8537840843200684
0.8522130846977234
0.8499051332473755
0.9173045754432678
0.8250550031661987
0.6687700152397156
0.6322385668754578
0.5426467657089233
0.8154362440109253
0.6662638187408447
0.3851831555366516
0.29435938596725464
0.2862755358219147
0.4890134930610657
0.16586171090602875
0.09267378598451614
0.07957641035318375
0.022345270961523056
0.15482543408870697
0.11320222169160843
0.01357313897460699
0.3103090226650238
0.18939286470413208
0.23142673075199127
0.21638764441013336
0.2795964181423187
0.1787514090538025
0.13880717754364014
0.12230157107114792
0.3307328224182129
0.12774844467639923
0.2796918451786041
0.18929997086524963
0.2514913082122803
0.32882487773895264
0.12975025177001953
0.23459041118621826
0.4192291796207428
0.3949841260910034
0.2908243238925934
0.44354790449142456
0.15619517862796783
0.16284939646720886
0.1708754301071167
0.21127082407474518
0.30240046977996826
0.5111871957778931
0.4490344822406769
0.40282273292541504
0.3852972984313965
0.46816104650497437
0.4008635878562927
0.3544592261314392
0.2410109043121338
0.4184509813785553
0.2073943316936493
0.29084643721580505
0.2331954687833786
0.24931085109710693
0.3218627870082855
0.15487909317016602
0.7445310354232788
0.9211345911026001
0.8150995969772339
0.9107547998428345
0.9476674199104309
0.9203877449035645
0.9531938433647156
0.8666126132011414
0.688940167427063
0.5168154239654541
0.5428130626678467
0.5510826110839844
0.33341819047927856
0.2891789674758911
0.4596857726573944
0.47432756423950195
0.5697879791259766
0.7403066158294678
0.8988125920295715
0.8171294927597046
0.8228188157081604
0.6032120585441589
0.45104166865348816
0.604753851890564
0.5499847531318665
0.5527785420417786
0.6783774495124817
0.6579897999763489
0.649475634098053
0.6608698964118958
0.6466524004936218
0.7726733684539795
0.6489367485046387
0.7043355107307434
0.6624637842178345
0.7983468770980835
0.7445380687713623
0.7249746918678284
0.5902400016784668
0.6283848285675049
0.6731341481208801
0.6817031502723694
0.6830194592475891
0.6642408967018127
0.8024357557296753
0.8264477252960205
0.9450448155403137
0.9245401620864868
0.9686903953552246
0.9254361987113953
0.8710415959358215
0.9260085821151733
0.8651344776153564
0.862038254737854
0.9305469393730164
0.8881111145019531
0.8735292553901672
0.8345864415168762
0.7551011443138123
0.6654525399208069
0.6798906326293945
0.6898127794265747
0.7767800688743591
0.7476848363876343
0.8020951151847839
0.7589263916015625
0.6214244961738586
0.6486808657646179
0.6851143836975098
0.5193989872932434
0.5161555409431458
0.6318871974945068
0.5279467701911926
0.6822329759597778
0.6309041976928711
0.81441730260849
0.7362864017486572
0.7836018800735474
0.7453914284706116
0.658404529094696
0.8457571268081665
0.8162361979484558
0.6917414665222168
0.8239389657974243
0.8175256848335266
0.8438577055931091
0.9345497488975525
0.9129074811935425
0.9106702208518982
0.9204687476158142
0.9115304946899414
0.9268968105316162
0.8738443851470947
0.6839287877082825
0.5552554726600647
0.45460447669029236
0.26674196124076843
0.30202749371528625
0.3622068166732788
0.4669162631034851
0.4991180896759033
0.27861499786376953
0.4158830940723419
0.4072173535823822
0.40632471442222595
0.5159124732017517
0.21190284192562103
0.25627967715263367
0.08472783863544464
0.4541254937648773
0.7624028325080872
0.7398744225502014
0.41402095556259155
0.5672182440757751
0.514463484287262
0.5786005854606628
0.5584049820899963
0.23845075070858002
0.5096173882484436
0.4797718822956085
0.4488375782966614
0.12410211563110352
0.04090362787246704
0.04123053699731827
0.04362696409225464
0.05410207062959671
0.14904122054576874
0.3426787555217743
0.45091673731803894
0.18100376427173615
0.23528149724006653
0.2782619893550873
0.3648377060890198
0.44108688831329346
0.33412468433380127
0.23143362998962402
0.21001604199409485
0.3358520269393921
0.15344905853271484
0.16530120372772217
0.13518577814102173
0.0807001069188118
0.9589622020721436
0.5078576803207397
0.5312289595603943
0.40095219016075134
0.730671763420105
0.6522815227508545
0.7935382723808289
0.8140097260475159
0.8694496154785156
0.8260892033576965
0.8654070496559143
0.813148021697998
0.8339410424232483
0.8303807973861694
0.6786481142044067
0.7256853580474854
0.884782075881958
0.8401213884353638
0.9564792513847351
0.9708226919174194
0.9752210974693298
0.9775675535202026
0.9718725681304932
0.9615498781204224
0.9566302299499512
0.9629155993461609
0.9471991658210754
0.974545419216156
0.9594232439994812
0.9812600612640381
0.961676836013794
0.9422810673713684
0.9327157139778137
0.998974084854126
0.9989426732063293
0.9976348876953125
0.9975692629814148
0.9978773593902588
0.9977380037307739
0.9963693618774414
0.9952599406242371
0.9950082302093506
0.9955043196678162
0.9954389929771423
0.9952489733695984
0.9936076402664185
0.9903850555419922
0.992384135723114
0.9944527745246887
0.990898072719574
0.991204023361206
0.9886646270751953
0.9885468482971191
0.9867241978645325
0.9837660789489746
0.9748684167861938
0.9549441933631897
0.968686044216156
0.9730324149131775
0.9683747291564941
0.9657947421073914
0.9717117547988892
0.9701699018478394
0.9655341506004333
0.9580310583114624
0.8682013154029846
0.769612729549408
0.5473473072052002
0.5888245105743408
0.5750804543495178
0.4328189194202423
0.44012582302093506
0.37536847591400146
0.6413054466247559
0.7455505132675171
0.7845563888549805
0.7930169701576233
0.7158995270729065
0.7008734941482544
0.8067542314529419
0.8038808107376099
0.7392621040344238
0.7134432792663574
0.6945886015892029
0.7350370287895203
0.5071802139282227
0.6605226993560791
0.6325033903121948
0.4748953878879547
0.5013287663459778
0.5185222625732422
0.40520018339157104
0.5128281712532043
0.5496480464935303
0.6245896220207214
0.7272725105285645
0.7136845588684082
0.6988282203674316
0.6601468920707703
0.6575457453727722
0.6024073362350464
0.6350034475326538
0.6471415758132935
0.6917215585708618
0.6629515290260315
0.7100429534912109
0.7307249307632446
0.6900126338005066
0.664997398853302
0.7275720834732056
0.5874484181404114
0.4529055953025818
0.3978871703147888
0.4964216351509094
0.39228615164756775
0.4945601224899292
0.4096860885620117
0.43149739503860474
0.4421008825302124
0.5226992964744568
0.5026599764823914
0.733646035194397
0.7323427200317383
0.6600061655044556
0.7254607081413269
0.7366940379142761
0.5626646280288696
0.7783935070037842
0.6980859041213989
0.639446496963501
0.7478097081184387
0.7015151381492615
0.7684484720230103
0.7073895931243896
0.6175451874732971
0.49854394793510437
0.5800052881240845
0.20676393806934357
0.5261349081993103
0.18743163347244263
0.4172239601612091
0.27547386288642883
0.28980857133865356
0.5966709852218628
0.4541345536708832
0.43307584524154663
0.30990007519721985
0.28507184982299805
0.16791854798793793
0.2961602807044983
0.24725037813186646
0.16622301936149597
0.1849256455898285
0.29428690671920776
0.519279956817627
0.5803477764129639
0.6776976585388184
0.5294345617294312
0.2793200612068176
0.19279731810092926
0.3606458306312561
0.3518994152545929
0.2816845178604126
0.12739697098731995
0.3476695418357849
0.21313360333442688
0.18143010139465332
0.4616382122039795
0.25050604343414307
0.254060298204422
0.1259099543094635
0.08804474771022797
0.11599508672952652
0.16300274431705475
0.20258578658103943
0.2845408022403717
0.1285506933927536
0.16167928278446198
0.1372462511062622
0.1730629801750183
0.2546069025993347
0.21056248247623444
0.1316024512052536
0.1153520792722702
0.054472386837005615
0.0586661621928215
0.12720441818237305
0.7195338010787964
0.8469231128692627
0.7300363183021545
0.7396638989448547
0.7183570265769958
0.4839639961719513
0.8786811232566833
0.698413074016571
0.6105606555938721
0.438594251871109
0.6011075973510742
0.726874053478241
0.7893781661987305
0.7310447096824646
0.6241676807403564
0.6564918160438538
0.6577213406562805
0.6007800102233887
0.5357295274734497
0.6128711104393005
0.6987501978874207
0.8510335683822632
0.971856415271759
0.8403959274291992
0.9083489775657654
0.5427082180976868
0.7191091775894165
0.6350382566452026
0.48548993468284607
0.7525754570960999
0.8452243208885193
0.9532533884048462
0.9607997536659241
0.9639089107513428
0.9430191516876221
0.9530887603759766
0.872840404510498
0.9480844736099243
0.8994857668876648
0.8843943476676941
0.901498556137085
0.6704572439193726
0.20942848920822144
0.26370057463645935
0.02692699246108532
0.5269491076469421
0.3822847008705139
0.743844747543335
0.37220945954322815
0.02263566479086876
0.31604036688804626
0.1721576601266861
0.018575945869088173
0.09493770450353622
0.22719420492649078
0.13652433454990387
0.03941073641180992
0.05034921318292618
0.05405939370393753
0.04637793451547623
0.10745624452829361
0.06646610796451569
0.1209029033780098
0.13660645484924316
0.25642865896224976
0.3845781683921814
0.48673921823501587
0.4804461896419525
0.4632117748260498
0.7059352397918701
0.6321847438812256
0.613366425037384
0.4561062753200531
0.6206436157226562
0.7654979825019836
0.16699452698230743
0.3329753577709198
0.017916010692715645
0.015442492440342903
0.6430239081382751
0.670406699180603
0.40967777371406555
0.4826725721359253
0.376763254404068
0.3395572900772095
0.3124006688594818
0.40248575806617737
0.2846272885799408
0.19723264873027802
0.1916322410106659
0.2479560226202011
0.25779375433921814
0.3824887275695801
0.5012837052345276
0.5119825601577759
0.5427837371826172
0.58564293384552
0.5307566523551941
0.6777647733688354
0.7340601086616516
0.6708423495292664
0.5538420677185059
0.5268204808235168
0.5110358595848083
0.5787527561187744
0.6404826045036316
0.5615352392196655
0.5819012522697449
0.6034955978393555
0.5597770810127258
0.6069461107254028
0.5613669753074646
0.4294413626194
0.6507479548454285
0.7126936316490173
0.6232510805130005
0.721397340297699
0.7609614133834839
0.7915353775024414
0.7341408133506775
0.830503523349762
0.7449325323104858
0.7977970838546753
0.780039370059967
0.8103823661804199
0.8069421052932739
0.7795595526695251
0.6911200881004333
0.3984431326389313
