381.0,9.0,101.0,433.0
384,10,98,432
383,13,100,432
382,10,100,434
381,9,101,432
382,8,100,432
380,11,99,432
382,12,101,428
378,11,106,428
373,13,107,426
367,14,124,423
353,12,137,429
360,10,119,432
342,16,142,425
297,15,188,427
151,16,207,416
136,20,216,419
155,11,211,427
126,14,174,422
129,8,122,430
240,31,233,409
120,3,119,453
124,7,351,445
115,3,135,461
114,10,359,429
123,5,121,457
352,42,116,388
345,14,126,418
350,20,132,408
349,22,157,408
339,23,190,414
131,12,111,433
298,24,193,407
233,18,222,425
268,20,206,416
272,19,209,413
133,16,167,419
275,22,225,408
277,18,203,415
281,18,200,407
103,6,129,440
126,12,120,437
290,17,187,425
287,16,193,413
263,11,215,406
109,29,174,410
217,22,239,395
265,18,235,413
133,25,218,430
230,47,262,401
100,47,142,422
91,41,160,416
342,39,169,419
354,43,136,412
350,4,136,443
345,64,138,377
346,69,144,364
345,67,149,363
346,63,149,365
348,60,153,367
341,1,157,424
340,0,169,423
113,1,403,415
328,0,156,429
342,0,168,424
337,0,193,420
328,0,216,435
329,0,136,438
332,0,132,440
330,1,134,442
328,1,127,445
322,7,129,445
314,9,135,445
312,12,133,445
303,14,135,445
287,16,151,443
285,8,158,451
287,14,154,444
292,7,160,450
293,13,193,442
298,13,157,445
301,13,145,441
308,5,135,454
312,10,138,451
317,4,154,458
311,2,135,465
311,4,142,465
307,9,156,469
306,8,198,465
298,8,175,459
294,19,222,456
293,27,239,450
293,35,237,444
294,41,240,438
299,41,230,438
308,36,172,440
312,35,209,439
313,30,168,440
321,36,168,436
326,28,156,443
331,22,152,448
336,28,146,438
338,23,141,442
340,29,143,435
341,25,149,438
338,26,162,442
336,33,160,432
334,37,160,432
244,36,253,436
0,7,123,469
247,38,353,436
0,11,130,460
225,36,262,440
0,7,150,469
0,6,123,469
350,52,151,425
281,47,211,417
19,0,533,477
5,0,326,470
0,0,545,474
84,4,359,429
0,0,136,472
0,0,326,465
0,0,460,467
0,0,119,471
54,0,523,476
4,0,432,449
0,0,411,480
0,0,137,465
350,1,237,477
362,0,211,477
344,0,215,473
343,1,216,475
321,0,237,477
298,3,261,476
0,0,360,452
308,5,252,474
312,31,253,448
0,4,166,468
299,72,280,405
284,42,323,435
301,36,330,430
262,5,363,473
337,9,296,469
268,23,325,448
276,9,310,470
275,1,285,470
264,12,301,455
274,1,291,467
283,0,282,464
293,0,263,473
299,0,257,471
303,0,261,471
313,0,251,462
307,0,261,471
310,0,271,472
314,0,282,472
324,4,290,475
324,0,293,479
331,0,275,480
340,3,233,474
309,39,203,430
346,7,155,460
344,0,254,453
296,43,216,418
355,2,188,456
339,0,237,474
180,33,97,264
491,13,78,402
491,29,84,387
491,28,86,390
451,23,127,392
317,6,263,432
271,31,285,448
265,3,292,466
257,0,311,466
253,0,321,468
246,0,332,451
242,2,333,466
79,10,329,404
236,9,189,434
17,17,225,326
63,72,149,325
31,1,141,473
17,2,191,476
22,4,137,466
75,0,507,445
73,0,264,466
113,3,102,426
156,0,331,458
90,0,139,463
34,5,331,457
46,9,143,469
42,0,471,474
109,17,111,458
211,0,291,463
220,3,336,473
15,0,158,476
41,2,149,477
39,1,472,459
47,0,171,468
105,0,177,371
69,2,270,331
53,0,425,404
351,0,239,456
367,0,221,470
216,0,290,471
129,0,378,476
138,2,346,477
54,1,166,471
40,0,168,479
30,0,175,478
27,0,189,477
37,0,193,475
53,1,192,478
54,0,210,477
66,0,210,478
80,0,209,475
93,0,205,478
451,34,188,405
504,44,135,396
517,51,122,382
531,46,108,389
527,36,112,403
554,51,85,393
570,46,69,392
579,42,60,397
588,57,51,383
413,19,226,418
282,2,234,474
282,0,265,476
295,2,262,474
303,3,278,473
317,2,288,474
333,0,286,477
334,1,293,478
369,0,260,480
386,2,246,475
407,0,232,480
450,0,189,477
482,1,157,475
486,1,152,471
498,14,141,460
296,1,343,475
187,30,347,335
229,154,292,183
524,4,115,464
555,4,84,470
551,3,88,434
265,179,290,155
478,108,130,196
582,40,57,436
499,154,91,204
501,152,64,153
508,155,58,147
503,141,66,144
470,119,84,151
489,121,150,322
205,153,275,139
199,142,292,139
560,194,79,280
582,210,57,268
562,256,77,222
588,52,51,424
565,44,74,433
552,44,87,433
564,95,75,382
524,36,115,441
484,15,154,459
441,30,188,389
439,61,179,368
440,42,182,415
414,64,164,384
328,75,288,377
420,76,192,391
420,77,178,393
400,52,179,419
379,76,182,400
367,62,261,413
351,73,271,406
368,67,239,412
359,58,243,419
350,52,245,421
336,51,257,427
340,45,228,433
336,21,232,458
314,16,235,463
314,15,227,464
311,6,224,470
306,0,236,473
297,13,251,456
286,14,270,458
296,5,259,460
282,10,277,454
292,2,232,449
282,12,151,396
264,12,124,356
270,19,127,357
277,11,121,364
272,14,124,363
269,18,122,370
254,23,141,371
245,35,143,365
248,34,138,369
246,40,152,368
235,50,222,390
297,67,215,405
339,65,161,405
325,67,172,405
213,78,112,347
207,75,103,352
201,75,106,357
216,70,365,385
175,59,129,375
448,10,10,443
331,65,56,205
152,46,306,363
374,0,265,472
131,30,149,374
132,29,150,370
141,17,468,423
175,18,326,428
469,9,107,405
131,16,135,374
179,0,413,396
417,21,85,382
182,8,290,415
392,26,102,412
469,21,48,266
465,51,95,292
131,29,291,390
113,31,412,420
327,55,166,352
133,39,332,390
367,24,117,395
371,55,105,366
376,61,105,365
384,66,111,354
385,56,125,365
180,34,260,377
376,18,150,390
326,43,197,362
402,40,132,342
247,21,261,376
342,38,176,376
401,37,104,341
151,15,201,382
138,16,190,385
148,20,192,383
160,22,168,383
176,23,152,381
190,24,140,387
209,32,122,380
222,30,111,384
234,32,105,388
243,38,105,386
251,45,100,374
242,40,116,365
242,30,116,379
240,32,149,378
237,29,148,368
232,28,184,356
293,20,293,446
221,21,136,391
227,32,113,373
227,31,113,370
222,32,111,371
221,33,109,370
212,38,116,390
214,68,112,370
213,72,105,365
208,73,108,370
207,82,108,365
203,78,107,365
203,81,105,369
193,79,131,368
190,61,231,383
224,35,264,432
243,21,99,406
177,45,127,378
177,35,152,398
170,26,159,373
174,19,154,403
185,5,165,384
208,10,224,413
293,0,188,464
290,0,181,457
277,0,196,454
244,1,224,448
238,0,232,458
186,0,285,464
157,0,270,438
163,1,285,476
160,0,293,480
178,0,252,480
172,7,239,472
167,13,223,466
161,5,214,474
165,0,235,478
173,0,201,479
381,75,100,396
398,81,101,391
403,74,102,395
409,69,99,399
407,61,114,402
421,57,114,401
413,41,128,425
437,44,121,412
446,33,122,414
402,27,173,429
443,32,137,427
451,27,143,420
473,28,128,418
482,28,132,425
393,16,137,458
488,24,151,448
300,8,152,471
220,3,231,475
226,0,225,478
241,0,217,479
253,4,226,473
261,9,234,466
281,15,234,462
288,17,235,461
317,24,225,455
300,2,246,476
307,11,258,468
313,11,270,468
313,8,259,471
307,3,260,475
317,8,262,470
302,2,240,476
324,8,256,464
317,0,234,475
453,15,144,446
469,13,139,456
452,10,161,454
463,8,146,444
455,10,152,452
459,11,151,451
459,17,151,451
462,19,142,450
461,23,152,448
427,19,159,451
290,6,167,469
290,0,184,467
286,0,159,472
283,0,170,480
275,0,166,474
270,0,170,478
275,0,170,479
277,0,174,477
264,1,166,471
448,0,173,448
463,3,141,443
450,6,151,444
444,8,155,449
436,3,157,457
436,10,156,460
436,18,159,454
426,29,172,442
424,40,170,434
426,38,166,436
422,47,167,428
424,42,164,432
425,44,150,430
421,37,154,438
429,38,140,433
399,27,158,442
429,21,138,440
227,0,130,471
424,11,161,443
419,14,162,440
427,15,158,439
417,13,167,439
422,15,151,434
408,12,175,443
421,17,155,427
351,8,230,445
346,7,225,454
375,13,205,448
330,24,254,439
385,18,193,459
226,4,128,472
226,16,131,462
225,9,136,470
224,24,138,454
225,8,144,469
221,15,179,453
215,1,146,473
221,7,160,471
372,32,227,445
429,15,173,461
427,20,190,454
427,9,197,464
436,0,197,473
436,0,203,476
435,0,204,474
439,0,200,470
420,0,151,463
217,3,171,475
450,0,188,478
335,0,205,470
213,0,171,473
215,1,167,472
228,5,172,474
477,0,160,479
482,0,157,477
487,0,151,477
489,0,149,479
485,0,153,479
477,0,160,476
478,0,161,478
465,27,170,449
435,31,201,445
213,5,161,472
213,10,179,469
215,17,171,461
213,19,175,456
215,24,177,452
238,15,379,464
211,10,160,465
467,26,167,450
472,18,164,459
477,2,158,476
480,0,157,479
245,1,169,478
399,0,231,478
232,4,158,473
500,0,139,480
232,35,162,443
225,30,178,435
241,84,132,377
265,120,121,330
226,0,162,447
259,83,129,357
221,0,166,439
244,15,138,415
263,66,122,355
231,1,142,421
252,36,135,375
244,17,137,391
264,37,111,373
237,0,150,418
255,60,129,353
232,1,149,433
237,41,138,402
244,53,126,386
227,0,145,450
219,7,145,446
203,5,155,463
186,0,169,469
185,0,177,453
360,2,235,474
339,0,264,475
292,0,220,479
423,0,202,409
470,0,154,400
468,0,159,387
472,0,150,386
471,0,146,377
467,0,145,375
458,0,157,371
448,0,44,450
427,0,179,369
396,0,217,369
128,11,306,463
116,16,319,463
257,8,242,419
383,0,211,374
329,0,153,440
381,2,205,365
111,8,311,470
346,0,237,383
392,0,189,374
388,0,190,380
389,0,186,383
384,0,185,382
387,0,177,397
394,0,161,396
393,1,154,397
383,7,160,406
381,0,156,420
369,13,161,420
3,28,260,442
6,6,175,470
115,0,302,475
177,0,366,477
250,0,302,462
337,6,217,457
341,0,208,467
348,0,207,477
359,0,226,477
381,0,210,477
381,1,224,472
394,0,214,474
400,0,219,477
405,2,221,473
415,6,216,470
430,19,209,460
439,5,198,470
457,8,182,469
478,21,161,452
476,10,163,469
480,78,159,396
495,74,144,394
492,77,147,385
514,69,125,383
535,74,103,363
569,105,70,327
579,92,60,327
584,78,55,325
586,88,53,302
596,109,43,258
601,135,38,239
599,115,40,246
602,72,37,278
596,60,43,283
597,51,42,286
598,41,41,288
596,48,43,277
596,15,43,301
594,33,45,275
585,85,54,219
584,48,55,251
581,67,58,228
554,17,85,279
553,1,86,293
571,15,68,280
565,0,74,288
583,0,56,290
597,0,42,288
602,39,37,250
603,24,36,268
601,11,38,281
598,13,41,282
599,13,40,286
598,5,41,296
597,2,42,304
598,3,41,307
597,1,42,312
587,0,52,320
581,1,58,328
568,4,71,333
558,0,81,350
554,0,85,368
339,0,296,383
126,5,157,468
125,5,173,473
113,15,208,455
91,34,227,439
81,45,275,425
72,64,262,409
70,59,244,411
66,79,282,398
71,80,272,394
76,89,271,386
87,70,266,407
94,77,263,399
104,78,255,400
113,62,246,412
128,58,225,415
142,50,202,429
155,38,178,437
173,28,151,449
178,16,146,462
187,13,145,462
401,27,156,395
198,3,184,471
195,0,205,473
198,0,220,468
200,2,234,464
195,0,244,470
204,2,246,467
495,8,121,391
248,8,324,404
202,4,292,467
218,7,278,467
227,2,273,475
224,2,271,473
239,5,273,471
250,8,261,458
244,12,256,463
263,13,282,463
269,5,272,471
288,40,261,432
295,14,270,454
326,0,229,471
349,1,159,468
363,3,149,469
372,0,152,474
381,3,173,472
386,0,222,476
395,2,208,471
399,3,205,469
409,0,212,477
418,1,206,473
429,0,200,474
433,8,203,468
430,8,209,469
435,1,199,473
449,0,190,474
445,0,194,473
443,0,195,475
442,0,197,476
444,0,195,474
450,0,188,468
460,8,177,443
466,50,163,334
470,59,161,331
468,63,158,328
457,66,174,344
455,69,173,328
449,73,180,326
446,72,186,374
453,8,179,423
450,75,180,357
452,35,179,432
454,0,179,472
468,1,168,470
475,0,164,470
490,0,149,471
503,1,136,472
501,0,138,472
509,2,130,468
507,2,132,469
503,0,136,469
503,2,135,459
498,2,140,459
497,2,142,454
493,0,145,457
489,0,149,460
485,0,151,464
476,0,158,467
451,0,177,468
439,0,182,468
436,0,176,472
438,0,166,474
441,0,157,474
442,0,143,477
431,3,151,473
411,6,167,468
397,8,182,466
392,10,190,465
399,6,187,469
380,14,223,454
372,15,209,447
368,17,212,451
371,16,207,448
369,23,209,444
368,16,236,458
366,18,220,459
363,15,197,454
362,15,217,459
352,9,148,461
351,1,198,464
339,11,156,463
334,0,156,464
330,1,215,423
321,10,179,457
304,16,137,457
294,12,181,459
276,8,161,465
289,8,162,466
266,14,184,433
277,15,178,435
267,25,179,416
263,23,183,433
263,26,174,411
259,24,207,407
253,26,171,425
253,21,214,427
249,14,167,419
251,12,178,454
251,7,168,455
250,3,164,451
251,2,151,447
252,1,141,455
247,3,135,452
243,5,129,439
238,6,124,433
257,14,268,364
231,3,236,398
217,6,120,427
218,11,236,388
202,7,120,431
192,6,133,435
188,5,130,438
181,11,138,439
173,13,146,439
160,20,154,430
143,22,166,427
146,30,165,413
154,22,156,421
147,24,165,426
140,21,162,423
136,10,167,428
131,12,162,428
126,0,150,437
120,0,141,435
114,3,129,427
99,8,143,424
83,2,156,428
273,35,292,337
54,4,162,431
381,51,142,319
410,58,111,313
409,58,114,316
410,60,109,317
417,63,106,313
24,4,165,443
29,7,153,441
21,5,159,447
24,1,153,452
25,1,149,451
63,10,305,408
34,0,148,448
48,5,228,429
41,9,147,438
31,5,134,441
321,46,197,337
379,54,138,326
274,40,238,339
373,49,141,336
23,11,203,425
4,5,180,440
1,6,197,436
46,12,384,395
0,14,186,435
2,8,250,431
288,44,244,347
190,32,343,373
0,14,205,433
0,15,247,428
371,55,167,345
229,36,295,368
40,11,468,398
370,36,157,370
360,48,163,352
346,48,172,352
335,44,179,354
325,44,183,354
318,42,183,352
313,40,182,352
313,34,185,364
312,37,179,367
319,38,171,369
323,41,165,367
327,40,158,373
333,41,161,374
337,43,167,378
345,39,213,404
343,40,144,383
456,14,183,460
456,21,182,454
472,35,167,441
310,51,150,391
311,54,149,390
330,55,123,391
371,29,211,435
12,42,455,414
309,20,212,427
305,25,202,438
302,27,324,450
304,11,316,466
281,21,339,457
274,18,326,457
264,21,318,456
261,19,300,460
259,7,280,469
262,12,265,467
268,7,248,469
265,9,220,466
264,9,206,469
245,10,217,466
231,9,218,466
216,6,237,468
209,6,276,471
201,5,299,470
187,7,321,471
176,9,338,470
162,6,346,471
156,1,342,474
142,0,342,474
125,0,343,473
103,0,346,478
75,0,348,476
58,0,340,475
24,0,355,471
44,0,329,468
48,0,320,453
201,1,162,440
196,0,163,443
202,0,152,441
210,0,140,448
206,5,136,444
208,8,133,442
208,8,129,446
207,10,128,446
204,11,132,446
199,16,133,442
194,20,135,441
184,22,145,438
172,20,155,436
162,21,160,430
149,19,171,432
147,10,172,436
150,10,171,432
154,11,172,429
168,14,165,421
187,11,153,421
221,13,127,417
233,10,124,422
241,13,153,416
251,5,183,407
250,0,207,409
249,1,224,405
252,0,216,399
250,0,228,398
261,1,208,396
250,0,215,386
272,0,182,392
277,0,153,392
2,0,425,389
47,0,388,398
152,0,300,400
140,0,314,417
233,6,226,410
264,6,209,415
276,7,209,422
252,8,245,423
275,17,236,421
311,23,204,414
320,27,199,412
340,32,187,410
104,31,158,403
172,14,357,419
396,24,150,411
364,31,196,403
268,24,309,412
433,26,181,406
447,20,181,405
186,13,406,409
199,12,167,403
206,13,146,420
223,22,156,410
236,23,140,413
245,16,142,419
257,34,136,401
266,33,136,405
268,13,125,428
268,8,122,431
271,12,121,430
271,10,120,431
271,9,124,435
278,8,119,436
265,3,138,420
283,0,108,402
278,0,115,414
279,0,113,409
283,0,108,402
276,0,116,405
276,0,117,404
272,1,113,405
267,0,114,414
264,0,123,419
256,0,125,425
253,0,130,436
250,0,131,439
247,0,133,446
241,1,130,454
242,1,134,462
239,2,120,468
233,3,131,468
231,6,133,467
231,8,130,464
228,11,130,463
226,10,132,466
221,8,136,467
219,6,136,466
218,3,133,466
214,1,133,465
216,2,133,457
207,4,142,451
203,1,140,447
203,0,140,443
191,2,159,434
190,1,145,431
185,4,160,442
171,5,171,463
189,0,145,469
178,5,154,469
184,0,152,477
181,4,153,472
177,5,155,473
171,9,158,467
166,13,162,463
164,16,156,460
157,11,161,462
156,4,159,469
152,3,156,470
144,0,157,469
138,0,162,467
132,2,196,443
119,0,165,454
123,0,164,448
117,0,166,439
111,0,178,439
293,3,175,398
323,7,138,394
293,3,160,409
304,2,171,410
305,8,195,409
302,12,216,410
308,18,224,408
308,23,227,407
300,25,237,411
240,20,286,428
90,15,431,448
5,0,451,478
105,0,395,475
191,5,327,473
178,0,355,477
32,0,519,470
184,34,279,445
2,0,159,473
0,0,143,477
0,1,138,478
0,0,120,467
0,3,108,466
22,0,303,406
136,8,208,427
22,0,196,458
168,0,203,442
120,11,269,434
150,7,261,433
183,12,216,436
207,10,210,435
203,9,220,446
195,10,161,446
193,4,170,455
191,13,170,449
189,4,170,462
190,19,175,447
193,13,172,457
192,6,175,464
195,13,184,459
195,15,193,455
205,15,194,450
219,10,216,453
232,8,236,457
250,5,253,458
270,15,249,446
276,2,257,456
280,8,264,448
293,5,253,438
293,2,251,438
298,0,246,436
298,0,247,419
294,0,240,412
296,0,192,411
302,0,167,399
300,1,140,390
288,1,138,387
283,1,130,387
261,1,151,388
213,0,195,394
272,14,126,379
244,5,160,392
232,11,172,386
181,5,219,392
176,3,215,395
186,3,205,398
196,5,195,397
204,10,192,401
203,2,198,414
201,7,206,412
196,22,215,403
199,0,207,429
207,0,205,432
218,3,191,435
228,1,176,441
245,0,162,448
267,0,129,454
270,0,127,460
267,0,135,466
269,0,161,464
272,1,203,473
270,0,239,473
274,0,247,470
277,2,257,470
274,1,265,471
269,7,257,470
286,8,254,466
268,18,260,456
267,8,244,466
286,0,210,474
278,12,223,462
292,8,214,466
292,0,222,470
269,0,248,467
255,6,263,461
248,6,262,459
245,0,262,462
259,0,245,457
265,0,241,454
275,0,230,446
287,0,204,446
297,0,183,445
311,0,161,445
315,0,158,452
314,0,152,452
310,0,160,452
300,0,169,453
285,0,188,448
92,0,385,449
265,0,215,455
256,2,226,449
75,0,414,457
276,0,222,469
300,0,210,469
333,0,197,472
255,0,300,478
367,0,180,478
356,0,197,474
278,8,302,466
382,0,194,476
391,0,160,477
397,0,154,477
394,0,162,479
358,0,211,479
399,0,161,475
399,0,164,478
400,0,202,480
387,3,193,468
368,0,241,470
358,0,231,474
339,0,282,477
325,0,290,476
298,2,307,474
301,0,317,475
300,0,317,480
306,0,322,477
315,0,318,476
326,0,308,479
212,27,422,448
153,66,305,354
137,63,194,341
161,76,200,338
226,49,413,430
165,74,159,336
180,64,201,341
158,54,179,337
166,49,172,345
152,40,181,347
155,47,164,335
158,52,158,332
157,56,152,328
159,53,141,334
160,64,139,327
161,66,125,329
163,69,122,332
161,77,118,328
161,83,112,324
162,90,107,319
161,92,104,319
159,94,103,316
154,94,108,316
147,99,115,310
142,95,120,308
136,95,128,306
133,88,134,308
141,84,126,310
141,79,122,315
141,79,121,311
138,73,118,316
135,73,130,316
134,67,110,317
135,52,113,315
126,30,109,324
123,31,106,329
118,34,97,322
115,26,89,326
111,24,87,333
108,30,82,328
105,30,85,335
101,30,85,342
98,37,88,338
91,44,94,335
85,51,97,332
79,59,108,328
61,65,128,321
51,73,153,324
42,80,145,321
40,80,195,318
41,78,117,327
37,79,123,328
35,75,113,319
34,67,110,332
111,42,294,437
266,8,134,466
248,5,193,474
229,4,223,475
216,4,235,473
209,1,263,475
201,0,282,478
202,0,288,479
198,0,290,477
204,0,282,474
218,3,274,471
231,5,272,471
280,5,230,468
327,15,191,462
349,0,176,475
353,0,179,476
368,5,173,472
372,0,186,477
389,0,180,475
398,0,178,478
404,2,177,473
408,1,174,475
411,3,175,474
199,62,374,412
447,10,149,464
332,32,282,447
211,58,352,395
318,41,316,435
228,67,126,320
234,59,123,320
241,59,135,319
245,59,131,318
253,58,139,320
258,57,132,317
265,55,141,320
276,59,139,317
287,54,134,321
297,55,137,322
309,60,134,319
319,60,129,319
328,59,125,321
341,59,119,322
355,59,112,322
366,60,106,325
374,58,104,327
370,60,104,324
372,59,105,325
375,57,100,327
377,59,103,324
378,56,98,326
380,56,98,324
382,55,98,324
382,55,98,328
384,54,99,327
385,53,96,327
386,51,97,330
384,51,104,326
369,49,111,330
363,47,106,334
353,48,111,332
342,49,110,333
332,49,112,333
323,53,116,333
313,53,113,333
303,54,116,335
293,55,118,331
284,56,112,330
270,58,116,327
258,57,118,323
246,54,124,324
233,51,135,329
232,34,140,363
211,4,326,474
196,0,332,478
168,0,348,471
142,0,358,473
321,9,174,461
259,6,226,462
164,14,305,443
263,23,193,442
65,0,372,467
274,17,169,451
255,9,178,462
249,8,184,462
252,20,177,451
258,4,167,468
251,3,170,471
247,1,177,471
250,4,170,467
254,1,175,474
250,10,175,462
249,16,175,456
243,12,178,461
240,5,178,468
238,6,175,466
233,0,173,472
224,0,169,473
224,3,159,474
211,5,156,469
213,2,136,471
208,17,130,462
173,13,142,462
181,6,147,468
53,44,206,396
144,3,174,474
60,39,179,395
65,18,229,445
67,10,242,467
71,20,235,457
67,7,233,470
70,17,226,459
64,6,227,470
66,13,223,460
67,5,221,472
67,8,216,470
66,5,217,470
55,12,227,463
60,7,227,468
63,8,224,470
53,12,228,463
36,12,232,464
28,7,231,471
19,14,237,464
16,8,249,470
15,12,257,465
26,17,260,462
34,14,269,465
48,5,308,474
61,0,345,475
78,11,340,464
87,8,347,467
94,8,355,467
92,6,364,469
86,4,378,472
75,2,391,474
57,9,414,469
46,14,435,462
98,18,377,444
44,19,417,458
295,32,161,440
336,32,121,428
355,24,112,382
356,27,125,379
369,20,119,383
380,21,123,392
381,25,134,391
392,19,132,398
393,13,126,396
395,13,129,403
399,11,126,407
403,7,127,413
408,11,129,414
414,4,127,419
417,5,130,422
421,5,134,424
423,5,137,428
425,3,137,435
429,7,138,433
428,2,144,443
434,2,139,442
437,3,140,446
441,4,143,449
444,3,143,450
444,2,147,452
444,1,150,458
448,3,150,455
449,0,154,459
458,1,149,452
443,2,171,458
366,6,251,452
465,6,156,455
401,2,229,453
457,0,166,461
453,5,182,457
358,6,258,453
145,10,316,451
155,7,296,454
176,8,293,457
204,13,281,449
233,11,250,455
299,5,322,466
431,3,199,456
283,3,178,468
290,11,176,454
296,9,165,451
299,9,155,450
303,11,149,444
310,13,148,430
313,19,168,421
312,18,174,422
316,15,183,426
333,8,306,466
317,19,143,413
322,18,143,419
321,21,144,416
327,27,142,411
327,23,147,414
328,17,157,419
330,19,171,427
345,9,291,452
337,37,176,396
343,24,146,413
347,22,153,416
351,26,134,413
327,31,165,407
313,31,181,406
301,30,190,408
290,30,204,408
286,27,203,402
285,28,204,404
285,32,233,400
287,29,199,399
312,28,320,444
304,27,331,452
316,18,281,455
326,5,306,474
344,5,295,474
365,3,274,473
384,0,254,473
384,0,253,474
395,0,238,475
372,0,255,474
364,0,254,470
348,0,261,472
334,0,260,472
328,1,253,471
310,0,265,476
257,0,278,473
148,0,386,476
172,4,371,472
171,0,361,473
164,0,355,474
169,2,389,477
171,0,347,472
175,2,360,470
176,0,345,477
173,0,360,475
152,0,321,473
140,0,278,478
131,1,307,472
105,0,323,479
91,4,318,475
85,0,326,478
73,0,338,479
68,0,370,476
55,0,379,480
54,0,382,480
170,16,385,463
297,15,250,460
311,17,300,456
337,21,284,454
334,14,278,460
322,8,288,466
305,6,272,466
327,18,257,460
357,9,223,469
355,6,241,468
357,0,216,476
340,12,254,467
377,3,212,472
361,4,226,472
366,9,233,469
372,3,229,471
386,2,222,475
403,4,206,474
420,4,188,473
428,0,195,475
436,0,198,476
439,0,197,474
446,0,192,473
450,0,189,468
447,0,167,465
454,5,147,449
459,3,151,448
464,3,151,457
468,4,151,450
473,10,144,445
478,19,135,435
480,12,144,449
484,17,141,440
488,10,138,452
491,10,139,451
493,7,142,456
496,9,141,453
499,5,135,446
501,6,135,438
503,2,131,443
504,1,131,446
507,0,129,448
507,0,129,444
508,0,129,449
510,0,129,450
509,0,129,452
511,0,128,457
514,0,125,456
517,0,122,458
519,0,120,455
519,0,118,455
517,0,119,454
516,0,123,454
515,0,124,458
512,0,127,459
506,0,133,459
497,0,142,462
490,0,148,465
483,0,154,455
474,0,164,456
459,0,178,458
449,0,189,458
442,0,197,466
434,1,205,468
440,0,197,472
467,4,171,469
491,5,145,465
507,0,130,473
505,7,134,463
505,8,134,463
505,3,133,469
503,1,135,469
500,2,136,471
491,2,146,472
3,18,139,457
473,7,163,466
481,0,158,471
450,0,177,470
439,11,198,460
413,0,222,467
397,0,242,466
385,12,254,455
101,11,487,458
402,0,235,462
386,0,249,463
332,0,301,468
441,0,186,464
430,3,200,466
453,2,175,460
461,0,167,468
462,0,162,468
444,0,178,467
459,0,162,464
289,0,324,462
0,0,142,475
458,0,172,452
8,0,287,475
463,23,159,435
472,1,163,457
470,0,162,462
22,0,199,474
8,0,278,470
440,10,198,462
293,0,328,472
14,1,404,462
418,1,215,467
429,0,210,471
431,0,207,472
443,0,193,471
448,0,191,471
455,4,183,469
466,0,172,473
473,0,165,472
482,0,157,475
488,0,151,475
490,0,149,479
497,2,142,472
506,4,131,472
476,10,163,464
513,9,125,417
496,4,143,473
474,0,160,470
446,0,187,470
343,0,281,477
261,0,378,474
65,26,537,448
118,0,509,471
63,0,505,477
25,7,562,467
19,53,543,424
302,0,274,465
349,0,275,474
317,0,316,477
280,0,334,474
226,0,357,477
176,0,355,472
123,15,367,464
137,22,478,454
124,2,279,477
523,11,116,468
489,0,150,476
461,0,178,478
437,1,202,477
416,0,223,477
411,0,228,477
399,0,240,474
387,0,252,472
381,0,257,472
380,0,259,473
373,0,265,470
366,1,268,469
362,5,268,465
354,1,269,471
347,0,261,473
338,1,256,474
328,0,232,476
323,0,210,476
315,2,196,475
311,5,179,471
310,7,166,467
308,8,156,467
302,11,152,465
294,12,151,461
281,11,157,464
282,17,157,459
281,33,160,445
276,26,163,453
277,22,162,455
271,20,167,458
272,12,166,465
271,10,166,466
269,1,169,475
266,0,171,476
265,0,175,478
265,0,176,478
263,0,177,477
261,0,177,476
261,0,177,475
260,0,178,475
260,0,179,475
259,0,182,476
259,0,181,474
256,0,181,477
256,0,179,475
254,0,183,480
249,0,185,478
247,8,183,466
247,14,187,463
242,0,188,478
242,0,187,476
241,0,192,474
241,6,192,469
239,18,194,460
235,3,197,471
232,8,200,466
228,7,201,468
224,0,205,473
221,0,206,476
218,0,212,474
210,0,219,476
210,0,219,475
202,0,228,475
201,0,229,476
203,0,218,477
205,0,215,477
194,0,221,476
187,0,231,474
179,3,237,474
167,0,251,471
161,0,262,474
169,7,247,467
180,0,251,478
192,0,242,474
185,0,246,475
188,0,244,473
176,0,260,476
163,0,270,478
177,0,230,478
69,0,305,472
230,0,191,480
261,0,149,410
282,0,144,276
267,0,150,293
310,0,102,312
124,3,291,397
204,0,234,475
94,1,352,474
109,0,361,480
55,0,425,480
145,0,359,476
126,0,410,476
106,0,457,472
101,0,501,474
91,0,526,478
82,0,523,479
75,0,474,479
220,0,389,472
311,2,322,471
52,0,577,478
98,0,540,473
50,0,241,480
38,0,275,479
42,0,265,477
31,0,282,478
23,0,305,479
32,0,279,476
22,0,304,478
23,0,306,477
7,0,338,476
21,0,311,474
29,0,300,476
22,0,312,478
23,0,302,479
23,0,296,475
29,0,289,477
31,0,282,474
36,0,271,474
37,0,274,478
34,0,274,473
36,0,270,478
31,0,276,479
43,0,260,476
35,1,271,478
43,0,262,477
46,0,260,478
42,0,269,479
47,0,268,480
40,0,279,480
40,0,281,477
45,0,277,475
49,0,268,479
51,0,267,479
59,0,260,478
55,0,261,477
57,0,261,478
58,0,258,473
58,0,265,475
56,0,260,473
61,0,259,476
57,0,264,474
58,0,263,479
60,0,261,474
64,3,255,467
61,0,260,478
68,9,249,468
65,0,252,476
65,0,250,477
67,1,247,478
70,0,244,475
69,3,243,473
73,0,236,475
72,0,238,478
76,7,231,465
74,0,237,476
75,0,231,476
70,0,236,475
76,0,222,470
