1
0.9999090433120728
0.9999070167541504
0.9999022483825684
0.9998981952667236
0.9998867511749268
0.9998781681060791
0.9998588562011719
0.9997736811637878
0.9997376799583435
0.9996857643127441
0.9996576309204102
0.9996914863586426
0.9996616840362549
0.999747097492218
0.9996945858001709
0.9997586607933044
0.999735414981842
0.9997010231018066
0.999619722366333
0.9995342493057251
0.9995903372764587
0.9996681213378906
0.9996496438980103
0.9997393488883972
0.9996981620788574
0.9996968507766724
0.9997444748878479
0.9996224641799927
0.9996851682662964
0.9997212290763855
0.9996558427810669
0.9996323585510254
0.9995463490486145
0.9995535016059875
0.9995193481445312
0.9995431900024414
0.9995827078819275
0.9993996620178223
0.9993299245834351
0.998852014541626
0.9995007514953613
0.9993759989738464
0.9995063543319702
0.9988476037979126
0.9990555644035339
0.9991660118103027
0.9872384071350098
0.9948862195014954
0.9854512214660645
0.9141363501548767
0.9207521080970764
0.9393154382705688
0.8612322807312012
0.940339207649231
0.9520912766456604
0.9690941572189331
0.9590998888015747
0.770359456539154
0.7686731219291687
0.6586506366729736
0.8504725694656372
0.9168177247047424
0.9022542834281921
0.9634276628494263
0.9772787690162659
0.9738945960998535
0.9767590761184692
0.9692177772521973
0.9843722581863403
0.955815851688385
0.9308097958564758
0.9570865631103516
0.891092836856842
0.946114182472229
0.9112217426300049
0.8315780162811279
0.9419850707054138
0.9100030064582825
0.8180685043334961
0.5563176870346069
0.6612583994865417
0.5563364028930664
0.8567887544631958
0.8637153506278992
0.7004386782646179
0.7000679969787598
0.7298155426979065
0.9136408567428589
0.8151805400848389
0.8522218465805054
0.8173915147781372
0.8577278256416321
0.9129638075828552
0.963420033454895
0.8761744499206543
0.9375137686729431
0.9717826843261719
0.978623628616333
0.97412109375
0.9673370122909546
0.9819440841674805
0.9900434017181396
0.9529547095298767
0.9777969717979431
0.9887365698814392
0.980983316898346
0.9768344759941101
0.9878800511360168
0.9687831401824951
0.9321775436401367
0.8996477723121643
0.961540699005127
0.9467375874519348
0.9516088366508484
0.9590425491333008
0.9633913636207581
0.9762247800827026
0.981307864189148
0.9896098375320435
0.9948345422744751
0.9931580424308777
0.9914616346359253
0.9904521703720093
0.9852660298347473
0.9498646259307861
0.9834514856338501
0.9701875448226929
0.9724406003952026
0.9705867767333984
0.9447832107543945
0.7363440990447998
0.5266745686531067
0.4399004578590393
0.42255860567092896
0.5732754468917847
0.3990866541862488
0.4973001480102539
0.5628472566604614
0.9307215213775635
0.9405693411827087
0.9168452620506287
0.9142563939094543
0.659823477268219
0.5493191480636597
0.38014206290245056
0.3544767200946808
0.7541570663452148
0.897628664970398
0.884792149066925
0.9425294399261475
0.956710934638977
0.9215839505195618
0.9042931199073792
0.8283337354660034
0.8512232899665833
0.8446948528289795
0.8468762040138245
0.8112086653709412
0.7576659321784973
0.4767434895038605
0.8433797955513
0.5942043662071228
0.889670193195343
0.6846132278442383
0.3323694169521332
0.5695662498474121
0.8522027134895325
0.7910830974578857
0.7730520963668823
0.9333181977272034
0.8157309293746948
0.8221549987792969
0.7381485104560852
0.9555940628051758
0.9842005372047424
0.9896117448806763
0.989621639251709
0.9212086796760559
0.9897133111953735
0.9829553961753845
0.981497049331665
0.9877678751945496
0.9940022826194763
0.9912229776382446
0.9929807186126709
0.9942581653594971
0.992933988571167
0.9906930327415466
0.9697363376617432
0.9779541492462158
0.9665663242340088
0.9393725395202637
0.8673779368400574
0.8139428496360779
0.9697105288505554
0.9394278526306152
0.7748914957046509
0.6374660134315491
0.44036149978637695
0.7448960542678833
0.9996961355209351
0.9890572428703308
0.9122028350830078
0.5708221197128296
0.11640171706676483
0.042827412486076355
0.20920878648757935
0.07860500365495682
0.110504649579525
0.25674203038215637
0.3485814332962036
0.175881490111351
0.26970234513282776
0.5820459723472595
0.30514997243881226
0.39148393273353577
0.47558748722076416
0.25595852732658386
0.29239025712013245
0.3814581036567688
0.22123783826828003
0.13660211861133575
0.17136450111865997
0.2008078396320343
0.5698240399360657
0.3557088077068329
0.7380063533782959
0.7980741858482361
0.9569107890129089
0.8469772934913635
0.9493557214736938
0.9737899303436279
0.9830710291862488
0.9823923707008362
0.9732844233512878
0.9664749503135681
0.9498209953308105
0.9369848370552063
0.9421933889389038
0.9044721126556396
0.8815170526504517
0.9288983345031738
0.8534321188926697
0.9609516263008118
0.9653162360191345
0.9069985151290894
0.8322855234146118
0.9476604461669922
0.8959413170814514
0.9515239000320435
0.9517109990119934
0.9749512076377869
0.9782407283782959
0.9865923523902893
0.9893311262130737
0.9783666729927063
0.9780866503715515
0.9691113233566284
0.9798722863197327
0.9804447889328003
0.9761719703674316
0.9821881651878357
0.9801938533782959
0.9809344410896301
0.9774540066719055
0.9793260097503662
0.9851587414741516
0.9912602305412292
0.9891707301139832
0.9847774505615234
0.9793751835823059
0.9678675532341003
0.949037492275238
0.8979427218437195
0.8170945644378662
0.6664032340049744
0.4230715334415436
0.3664598762989044
0.645845890045166
0.2895631790161133
0.3899741768836975
0.6092483997344971
0.6334628462791443
0.6010624766349792
0.5446168184280396
0.6813504099845886
0.44780367612838745
0.8076372146606445
0.6356916427612305
0.7059222459793091
0.7316011786460876
0.7105450630187988
0.6073194146156311
0.7987366914749146
0.8339471817016602
0.7986913919448853
0.7567234039306641
0.6554051637649536
0.6742210984230042
0.6640003323554993
0.5756451487541199
0.4880654811859131
0.46319741010665894
0.6124217510223389
0.5697614550590515
0.6956471800804138
0.7138985991477966
0.6837384104728699
0.27275070548057556
0.1778547614812851
0.3890998959541321
0.43863645195961
0.43736475706100464
0.5303605794906616
0.5366901159286499
0.6301888823509216
0.7147260308265686
0.6941327452659607
0.7200241684913635
0.7451921105384827
0.6628597378730774
0.6967893242835999
0.6567696928977966
0.5834277272224426
0.5231822729110718
0.6122233867645264
0.8009762167930603
0.6931688189506531
0.646957516670227
0.6362287998199463
0.5969467759132385
0.5050512552261353
0.44872793555259705
0.5918424725532532
0.7426255941390991
0.6605416536331177
0.7351469397544861
0.8312408328056335
0.8037701845169067
0.6220164895057678
0.8287084698677063
0.7477047443389893
0.6580404043197632
0.70127934217453
0.6500887274742126
0.7707242369651794
0.7945587635040283
0.9254797697067261
0.9630137085914612
0.9753021597862244
0.97255939245224
0.9748719334602356
0.9691501259803772
0.9290298223495483
0.9542316198348999
0.8883019089698792
0.8256441354751587
0.8205589056015015
0.5325445532798767
0.550153911113739
0.874152421951294
0.6542736887931824
0.6307828426361084
0.4673904478549957
0.3549215495586395
0.45244675874710083
0.3855612277984619
0.19720031321048737
0.38560616970062256
0.5058735013008118
0.425396203994751
0.4233921766281128
0.6037013530731201
0.7156636118888855
0.7040480375289917
0.7907795310020447
0.800707995891571
0.981359601020813
0.969829797744751
0.9780187606811523
0.9662835597991943
0.9713321328163147
0.8323290348052979
0.9153643846511841
0.7502533793449402
0.772181510925293
0.8218070864677429
0.8500515818595886
0.865958034992218
0.9210038185119629
0.9474241137504578
0.9674699902534485
0.96384197473526
0.9640911221504211
0.9749705791473389
0.976507306098938
0.9681658148765564
0.9198168516159058
0.902926504611969
0.9502673149108887
0.9997345805168152
0.9997077584266663
0.999687671661377
0.9996063113212585
0.9995763897895813
0.9995379447937012
0.9992690682411194
0.9982616305351257
0.9967172741889954
0.9958025813102722
0.9965901374816895
0.9893564581871033
0.9896103143692017
0.9849433898925781
0.97495436668396
0.9787765145301819
0.9930132031440735
0.9932409524917603
0.9897263646125793
0.9877094030380249
0.9685243368148804
0.9739001393318176
0.9776290059089661
0.9785232543945312
0.9854429960250854
0.9916422367095947
0.9894734025001526
0.9888417720794678
0.992825984954834
0.9936844706535339
0.9926922917366028
0.9937334656715393
0.9858798384666443
0.9942604303359985
0.9697462916374207
0.9618452191352844
0.9158021807670593
0.8984007835388184
0.9650530815124512
0.9717459082603455
0.9686656594276428
0.9616156816482544
0.9779829978942871
0.9775965213775635
0.9783850908279419
0.9854846596717834
0.9858887791633606
0.9887263178825378
0.9943211078643799
0.9960506558418274
0.9816006422042847
0.986629843711853
0.984941840171814
0.9846190810203552
0.9576446413993835
0.9675755500793457
0.924405038356781
0.9706932902336121
0.9661336541175842
0.9580872654914856
0.9372162222862244
0.9518634676933289
0.9565554857254028
0.9544634819030762
0.9846681952476501
0.9781702160835266
0.9505192637443542
0.9755222201347351
0.9442914128303528
0.9586654305458069
0.9882248640060425
0.9943453073501587
0.9605661630630493
0.9884458780288696
0.9565867781639099
0.9624150395393372
0.9139693379402161
0.779623806476593
0.744032621383667
0.6549702286720276
0.6762382388114929
0.7119143009185791
0.6262487173080444
0.6093311309814453
0.7912253737449646
0.8269253969192505
0.7200855016708374
0.791930615901947
0.7458703517913818
0.8244295120239258
0.8766409754753113
0.8483661413192749
0.9163224101066589
0.9687564969062805
0.8233258128166199
0.7892559170722961
0.7796633839607239
0.747840940952301
0.7882110476493835
0.7963382601737976
0.7101932168006897
0.6934421062469482
0.6825539469718933
0.5668510794639587
0.7550258040428162
0.5447545051574707
0.5899443030357361
0.7497792840003967
0.8020544648170471
0.8263702392578125
0.8040756583213806
0.7190887928009033
0.5261175036430359
0.47109654545783997
0.6372134685516357
0.4612177908420563
0.4886254370212555
0.4102814495563507
0.4773421287536621
0.35663241147994995
0.3932594656944275
0.32525354623794556
0.20549309253692627
0.5351451635360718
0.30578720569610596
0.3165741264820099
0.5887387990951538
0.6297513246536255
0.6532155871391296
0.6547573208808899
0.7352759838104248
0.7135722041130066
0.5277393460273743
0.5495120882987976
0.35260188579559326
0.4546906650066376
0.25114157795906067
0.27741125226020813
0.3433108329772949
0.46214601397514343
0.5943558812141418
0.7271303534507751
0.7492163777351379
0.7201889157295227
0.730651319026947
0.7012307047843933
0.694375216960907
0.8482971787452698
0.7305589318275452
0.8518639206886292
0.8315427303314209
0.7914660573005676
0.716755211353302
0.697360098361969
0.6051130890846252
0.6040955185890198
0.3711625635623932
0.2023496776819229
0.17058716714382172
0.2547149956226349
0.429234117269516
0.3200330138206482
0.2931731343269348
0.33922815322875977
0.34892135858535767
0.4583383798599243
0.3532009720802307
0.3538280427455902
0.4719952344894409
0.4395737946033478
0.4326840341091156
0.49326786398887634
0.6065518856048584
0.5988554358482361
0.604010283946991
0.5162256956100464
0.39172232151031494
0.5679686069488525
0.6351574063301086
0.6274929642677307
0.6333670020103455
0.5574970245361328
0.6181033253669739
0.7088450789451599
0.6347301602363586
0.6321201920509338
0.6473531723022461
0.6793766617774963
0.7456248998641968
0.7670192718505859
0.8991249203681946
0.8640026450157166
0.9147189855575562
0.86563640832901
0.8830081224441528
0.9045478105545044
0.9186245203018188
0.9399535655975342
0.9528205990791321
0.9594764709472656
0.9999263286590576
0.9998587369918823
0.9997240900993347
0.9996669292449951
0.9997125267982483
0.9994198083877563
0.9988932013511658
0.9991950392723083
0.9992150068283081
0.9990874528884888
0.9992157220840454
0.9993926286697388
0.9995026588439941
0.9994131326675415
0.9988747239112854
0.9981281161308289
0.9975330829620361
0.9972809553146362
0.995915949344635
0.9969894289970398
0.9982991814613342
0.9975355863571167
0.9983630776405334
0.9972392320632935
0.9977307915687561
0.9960320591926575
0.9878221154212952
0.9915477633476257
0.9760833978652954
0.9695844650268555
0.9779354333877563
0.9727686047554016
0.9745535254478455
0.9773882627487183
0.9738528728485107
0.9620569944381714
0.9895511269569397
0.9847859740257263
0.9726200699806213
0.9900741577148438
0.9897667765617371
0.9748026728630066
0.9693571329116821
0.9460596442222595
0.9552190899848938
0.9679014086723328
0.9648416042327881
0.9671363234519958
0.9858514666557312
0.9782246351242065
0.9856125116348267
0.9870622754096985
0.9884558916091919
0.8638402223587036
0.947306215763092
0.9087809324264526
0.6988447308540344
0.9381004571914673
0.9560762047767639
0.9696435928344727
0.969047486782074
0.9866434335708618
0.9712774753570557
0.9854851365089417
0.9901248216629028
0.9834519624710083
0.9895510077476501
0.9780264496803284
0.9693812131881714
0.9449223875999451
0.9347977638244629
0.9543191194534302
0.9712542295455933
0.9360910058021545
0.9610651135444641
0.9552424550056458
0.9737752079963684
0.9500210285186768
0.9778535962104797
0.9666000008583069
0.9629794955253601
0.9522473812103271
0.9237814545631409
0.7745457291603088
0.48915523290634155
0.6156205534934998
0.7148268818855286
0.8128963112831116
0.9060513973236084
0.9677249789237976
0.9901590943336487
0.9892918467521667
0.99221271276474
0.9882938861846924
0.9877974390983582
0.984459638595581
0.9716674089431763
0.9871042370796204
0.9849633574485779
0.9915521144866943
0.992807149887085
0.992783784866333
0.9934619665145874
0.988330602645874
0.9905378818511963
0.995368242263794
0.9937142729759216
0.9900943636894226
0.9925535321235657
0.9934042096138
0.9834844470024109
0.977559506893158
0.9735584259033203
0.9758533239364624
0.9681592583656311
0.9172192811965942
0.8960860371589661
0.889285147190094
0.7972375154495239
0.611447274684906
0.6889117956161499
0.8168185353279114
0.7778410315513611
0.7082477807998657
0.5267741680145264
0.43580493330955505
0.42287707328796387
0.3329991400241852
0.3196016550064087
0.26324960589408875
0.22803160548210144
0.37248745560646057
0.36383360624313354
0.3035280108451843
0.4500446319580078
0.6527479887008667
0.7031527757644653
0.6648239493370056
0.6711446046829224
0.6034839749336243
0.6418266892433167
0.27317628264427185
0.605344831943512
0.4832577407360077
0.5821804404258728
0.5454443097114563
0.4158274233341217
0.43204009532928467
0.35110825300216675
0.41532444953918457
0.41472434997558594
0.45010602474212646
0.6508206129074097
0.5983960628509521
0.6996094584465027
0.900850772857666
0.8723277449607849
0.6887788772583008
0.5149546265602112
0.261547327041626
0.464069128036499
0.3742798864841461
0.5137366056442261
0.5951072573661804
0.4557493329048157
0.7066137790679932
0.5381634831428528
0.7056891322135925
0.8066667318344116
0.7052571177482605
0.380592942237854
0.31558939814567566
0.7951490879058838
0.3590502142906189
0.16704817116260529
0.04683568701148033
0.09724638611078262
0.06624195724725723
0.03879707306623459
0.06511711329221725
0.094770647585392
0.4918370842933655
0.8092035055160522
0.9035171866416931
0.8535459041595459
0.9080407023429871
0.9066499471664429
0.96294105052948
0.9712186455726624
0.9479988813400269
0.9618796110153198
0.9048471450805664
0.9211459159851074
0.6744294166564941
0.822692334651947
0.8731637597084045
0.8771774172782898
0.5461580753326416
0.5560325980186462
0.6364130973815918
0.9996651411056519
0.9994471669197083
0.9982801675796509
0.9905374646186829
0.9652844071388245
0.9632205963134766
0.9246245622634888
0.9762643575668335
0.9796317219734192
0.9704251289367676
0.9759972095489502
0.9872708320617676
0.9866061806678772
0.972137987613678
0.9494326710700989
0.9123063683509827
0.9157952070236206
0.9210891127586365
0.9695128202438354
0.9724348187446594
0.9724527597427368
0.980034351348877
0.9837326407432556
0.9807218313217163
0.9609400629997253
0.9675495028495789
0.9896550178527832
0.976658046245575
0.9846958518028259
0.9151754379272461
0.9610188007354736
0.9672004580497742
0.9598307609558105
0.9597330093383789
0.9695233702659607
0.9577582478523254
0.9613839983940125
0.9416213631629944
0.9426146745681763
0.9450727105140686
0.899074912071228
0.8410091400146484
0.8588293790817261
0.6711933612823486
0.7605883479118347
0.8526532053947449
0.8235241174697876
0.6680495738983154
0.8841575980186462
0.8610431551933289
0.9466418623924255
0.8425544500350952
0.831133246421814
0.7079474329948425
0.4138832986354828
0.680960476398468
0.6783568263053894
0.7025812268257141
0.7031629681587219
0.6883292198181152
0.7224220037460327
0.7277400493621826
0.8094317317008972
0.7927150130271912
0.7150212526321411
0.31504181027412415
0.5660909414291382
0.6255837082862854
0.7465696930885315
0.8085729479789734
0.632167637348175
0.6172114014625549
0.40329232811927795
0.8079264163970947
0.7068790197372437
0.7176489233970642
0.736350417137146
0.7070192098617554
0.620793342590332
0.5961491465568542
0.6946760416030884
0.47597748041152954
0.6369149684906006
0.8383399248123169
0.8664263486862183
0.8852729797363281
0.8037558794021606
0.919083833694458
0.8188879489898682
0.7773016691207886
0.8005038499832153
0.7776991724967957
0.23823297023773193
0.3524447977542877
0.7760072350502014
0.5984533429145813
0.7536234855651855
0.753978967666626
0.5321703553199768
0.8776544332504272
0.8406273126602173
0.8346364498138428
0.9055496454238892
0.911802351474762
0.8995582461357117
0.9191566705703735
0.7407673597335815
0.8140131235122681
0.5371816158294678
0.36572590470314026
0.5196221470832825
0.42439621686935425
0.5787109732627869
0.5763225555419922
0.7099456787109375
0.6959589719772339
0.543438196182251
0.7221983075141907
0.7699488997459412
0.6707722544670105
0.7571484446525574
0.8340256214141846
0.7265012860298157
0.3820909857749939
0.48746049404144287
0.47953569889068604
0.5742061734199524
0.5122368931770325
0.3553018271923065
0.7052646279335022
0.566130518913269
0.6520976424217224
0.6068281531333923
0.7018982768058777
0.7984349131584167
0.6830132603645325
0.7986127734184265
0.637222170829773
0.5729926824569702
0.6179289817810059
0.6317186951637268
0.6388267874717712
0.6757627725601196
0.6838825345039368
0.8066144585609436
0.6696324944496155
0.6992302536964417
0.4791443943977356
0.5335721969604492
0.5817193984985352
0.5467413067817688
0.4999244809150696
0.585865318775177
0.6918614506721497
0.5324750542640686
0.6718530654907227
0.592676043510437
0.5198556780815125
0.7562523484230042
0.6349517703056335
0.8027883768081665
0.6031743288040161
0.42666879296302795
0.3364366888999939
0.6203373074531555
0.49964383244514465
0.37294715642929077
0.3317580223083496
0.47212642431259155
0.49681323766708374
0.42438918352127075
0.3051474392414093
0.3869675099849701
0.25173380970954895
0.2640647888183594
0.15553312003612518
0.267374187707901
0.41615554690361023
0.4707798659801483
0.229349285364151
0.688089907169342
0.603868842124939
0.8160086274147034
0.7135940194129944
0.793644368648529
0.7237849831581116
0.8178884387016296
0.8810354471206665
0.6568729281425476
0.7863565683364868
0.7944393754005432
0.8730424046516418
0.8068752884864807
0.7994880080223083
0.7649986743927002
0.8057928085327148
0.6439748406410217
0.6516667008399963
0.5674933195114136
0.6378015279769897
0.9991474151611328
0.9931788444519043
0.9894591569900513
0.9869027137756348
0.9902340173721313
0.9694322943687439
0.8363229632377625
0.9375426769256592
0.7429322600364685
0.7568904161453247
0.8271970152854919
0.8139461278915405
0.6985397338867188
0.7550925016403198
0.6978926062583923
0.6899445056915283
0.6618888974189758
0.7511909008026123
0.7320196032524109
0.6085435748100281
0.6669011116027832
0.7427724003791809
0.7380790710449219
0.6554590463638306
0.5691884160041809
0.7936710715293884
0.7732867002487183
0.45357751846313477
0.3548085391521454
0.5271968841552734
0.649514377117157
0.5512051582336426
0.5112138986587524
0.5810455679893494
0.3716936409473419
0.45679742097854614
0.4445275366306305
0.4807054400444031
0.4584789574146271
0.43120551109313965
0.5455005168914795
0.5888088941574097
0.7069929242134094
0.8088008761405945
0.7726149559020996
0.5534979701042175
0.7317100167274475
0.6292883157730103
0.15184803307056427
0.34479600191116333
0.3500731885433197
0.38014769554138184
0.3214956521987915
0.6138647794723511
0.27437999844551086
0.15056245028972626
0.23586386442184448
0.5902577638626099
0.5121942162513733
0.47400012612342834
0.3869052529335022
0.4365162253379822
0.34924691915512085
0.22088998556137085
0.257926344871521
0.2401893138885498
0.3262115716934204
0.6379377245903015
0.3514960706233978
0.4484293460845947
0.6161454319953918
0.7460989356040955
0.7378423810005188
0.5669370293617249
0.7333134412765503
0.6851192712783813
0.7182348370552063
0.8583870530128479
0.912041187286377
0.9177854657173157
0.86844402551651
0.9493944048881531
0.9671735763549805
0.9623932242393494
0.9420233964920044
0.9540488123893738
0.9368049502372742
0.9550539255142212
0.9413769245147705
0.7718933820724487
0.8910655975341797
0.9609177112579346
0.8813406229019165
0.8241757750511169
0.5817020535469055
0.7426371574401855
0.7771385908126831
0.7268590331077576
0.7359886765480042
0.7759822607040405
0.6749503016471863
0.8100263476371765
0.7334878444671631
0.6191373467445374
0.7640756964683533
0.4801807701587677
0.4433918297290802
0.40384677052497864
0.4342712163925171
0.4329162538051605
0.7306317090988159
0.8899811506271362
0.8915787935256958
0.8510352969169617
0.6233386993408203
0.7639866471290588
0.8563503623008728
0.885365903377533
0.8848950862884521
0.9307131767272949
0.793321430683136
0.6772963404655457
0.525938868522644
0.6883692145347595
0.6641773581504822
0.6656140685081482
0.8119431138038635
0.7166138887405396
0.8333359360694885
0.7172397375106812
0.6119405031204224
0.7929796576499939
0.7239344120025635
0.7440908551216125
0.8382935523986816
0.8987903594970703
0.8082454204559326
0.7291874289512634
0.8399609923362732
0.7538625001907349
0.7926850914955139
0.8237144947052002
0.8989744782447815
0.9028767347335815
0.8676571249961853
0.9356187582015991
0.9078862071037292
0.8951021432876587
0.9070870876312256
0.8652904629707336
0.827305257320404
0.8800793886184692
0.8944950103759766
0.8111176490783691
0.7014135122299194
0.8319737315177917
0.810034453868866
0.8828068375587463
0.9001689553260803
0.8556420803070068
0.9625649452209473
0.8075119256973267
0.8653873205184937
0.798772931098938
0.8902378678321838
0.8919671177864075
0.9271200299263
0.906414806842804
0.9526508450508118
0.944679319858551
0.9444577097892761
0.8187779784202576
0.8212671875953674
0.877305805683136
0.9672442674636841
0.9262926578521729
0.7144380211830139
0.9214188456535339
0.9460347294807434
0.9107624888420105
0.8852065801620483
0.9231864809989929
0.9330266118049622
0.9274888634681702
0.8408347368240356
0.7560499906539917
0.8845425844192505
0.9177125096321106
0.921473503112793
0.9706648588180542
0.9798151254653931
0.9713582396507263
0.9595372676849365
0.963395357131958
0.9848074913024902
0.9681158065795898
0.9727932214736938
0.949574887752533
0.9569758176803589
0.9730576276779175
0.9997640252113342
0.9997777342796326
0.9997239708900452
0.9996839761734009
0.999657154083252
0.9995751976966858
0.9993891716003418
0.9986995458602905
0.9954150915145874
0.9872081875801086
0.9707165360450745
0.9631018042564392
0.9161604642868042
0.8281248211860657
0.9364083409309387
0.9029821753501892
0.859856367111206
0.878641664981842
0.8399227857589722
0.74860018491745
0.7652826905250549
0.6983245015144348
0.7248458862304688
0.7295252084732056
0.9129080772399902
0.8871750235557556
0.7010711431503296
0.6775913238525391
0.6909850239753723
0.7924584150314331
0.7098909616470337
0.7070209383964539
0.6989964246749878
0.8969130516052246
0.6536624431610107
0.9069057703018188
0.8634966015815735
0.8875212073326111
0.8695569634437561
0.9244367480278015
0.8132399916648865
0.8996264338493347
0.9118512272834778
0.9125531315803528
0.8868733048439026
0.8221945762634277
0.8925768136978149
0.8750936388969421
0.8847389221191406
0.809105634689331
0.8119024634361267
0.8896787166595459
0.7779024243354797
0.811543881893158
0.8227044343948364
0.8194722533226013
0.8736110329627991
0.8216556310653687
0.9004047513008118
0.9295554757118225
0.9709146022796631
0.8951526284217834
0.9147177934646606
0.9367429614067078
0.9493651986122131
0.9268501400947571
0.8932690024375916
0.9180783629417419
0.9090810418128967
0.9191089272499084
0.8941126465797424
0.8936465978622437
0.9347268342971802
0.9509321451187134
0.7929280400276184
0.8498373031616211
0.8148266077041626
0.7547698020935059
0.562826931476593
0.7612370848655701
0.8538005948066711
0.8974471092224121
0.8441254496574402
0.7274698615074158
0.7778294682502747
0.7874621748924255
0.6031293272972107
0.7338958382606506
0.6325348019599915
0.40884116291999817
0.6228307485580444
0.849355161190033
0.8711944818496704
0.8609503507614136
0.839962899684906
0.8968315720558167
0.827176034450531
0.9507789015769958
0.8830526471138
0.8133057355880737
0.9568086862564087
0.9293715357780457
0.9151656627655029
0.8974692225456238
0.8536319732666016
0.8882371187210083
0.9494596719741821
0.9161431789398193
0.9640271067619324
0.8756371140480042
0.9050540924072266
0.8484893441200256
0.7257305979728699
0.6878662705421448
0.8450891971588135
0.8620274662971497
0.8997884392738342
0.9022717475891113
0.9739060401916504
0.9598676562309265
0.9564699530601501
0.9845401644706726
0.9809294939041138
0.9782202243804932
0.9599518179893494
0.9686980247497559
0.9654204845428467
0.9406939148902893
0.9628958702087402
0.9473631381988525
0.9420214891433716
0.9186751842498779
0.8467029333114624
0.8491286039352417
0.8905655145645142
0.8903874158859253
0.9487671256065369
0.9454620480537415
0.9589167833328247
0.9425109028816223
0.9518033862113953
0.9590105414390564
0.9585161209106445
0.9464120268821716
0.9605404138565063
0.9695433974266052
0.9720764756202698
0.9759374856948853
0.9830270409584045
0.9836705923080444
0.9812829494476318
0.9819615483283997
0.9838166236877441
0.9746219515800476
0.9438995718955994
0.9137973189353943
0.8387312889099121
0.6543572545051575
0.6028149724006653
0.4301479160785675
0.4358862340450287
0.34978237748146057
0.498583048582077
0.551151692867279
0.16984416544437408
0.25895440578460693
0.3024357259273529
0.18408432602882385
0.193656787276268
0.5821647047996521
0.5376392602920532
0.43316876888275146
0.31953632831573486
0.14217282831668854
0.38887345790863037
0.5167975425720215
0.5057296752929688
0.7545996308326721
0.759238600730896
0.7685837745666504
0.7202531099319458
0.603242039680481
0.6609262228012085
0.6726424098014832
0.5713974833488464
0.6049625277519226
0.631454348564148
0.6113651990890503
0.37136349081993103
0.48283442854881287
0.5763705968856812
0.4039830267429352
0.12739057838916779
0.31842365860939026
0.2157851904630661
0.5327706336975098
0.35822826623916626
0.3287056088447571
0.4863860011100769
0.6081904172897339
0.9995997548103333
0.9938352108001709
0.9311383962631226
0.82123863697052
0.784125566482544
0.6923004984855652
0.6614530086517334
0.9032056927680969
0.9406651258468628
0.9081174731254578
0.9667401313781738
0.9302395582199097
0.9619671106338501
0.9537670016288757
0.9708958268165588
0.9428738355636597
0.9442425966262817
0.9434484839439392
0.9339923858642578
0.9392980337142944
0.9732271432876587
0.977286696434021
0.9732698798179626
0.924086332321167
0.8746159076690674
0.9310099482536316
0.7147917151451111
0.7323529124259949
0.5563958287239075
0.734149694442749
0.7944843173027039
0.7509616017341614
0.7051646709442139
0.7433747053146362
0.7388664484024048
0.8982398509979248
0.9190945625305176
0.9752816557884216
0.9887287616729736
0.9823524355888367
0.9773707389831543
0.9788991808891296
0.9861330389976501
0.9906423687934875
0.9897817373275757
0.9885834455490112
0.9829928278923035
0.9743859767913818
0.9725667238235474
0.9770574569702148
0.9723927974700928
0.9759725332260132
0.9791550040245056
0.9839555621147156
0.9839473962783813
0.9903126955032349
0.9897961020469666
0.9812846779823303
0.9822040796279907
0.9723020792007446
0.9818922877311707
0.9703856110572815
0.9572319984436035
0.9430816769599915
0.9590613842010498
0.966688871383667
0.9659417271614075
0.9720022678375244
0.9700254201889038
0.9732014536857605
0.9773700833320618
0.9790715575218201
0.9774839878082275
0.9840227365493774
0.9763435125350952
0.97870272397995
0.9807471632957458
0.9828743934631348
0.9877485632896423
0.9860570430755615
0.965212881565094
0.9684506058692932
0.9819141030311584
0.9782930016517639
0.9829726219177246
0.9769642949104309
0.9692345857620239
0.9819146990776062
0.9812644720077515
0.9761146306991577
0.9799641966819763
0.9851250648498535
0.9854355454444885
0.981165885925293
0.9825949668884277
0.9882053136825562
0.9900254011154175
0.9870272278785706
0.9717729091644287
0.9611775875091553
0.9676761031150818
0.9703173637390137
0.9682139754295349
0.9509321451187134
0.9473447799682617
0.9709199070930481
0.9614338874816895
0.9882042407989502
0.9837408661842346
0.977724015712738
0.9822251200675964
0.9814910888671875
0.981531023979187
0.9807301759719849
0.9609699845314026
0.9717446565628052
0.9222490787506104
0.9764847159385681
0.9543715119361877
0.9438169002532959
0.7132177948951721
0.5697447061538696
0.5566473603248596
0.6649194359779358
0.1386096328496933
0.26948049664497375
0.41665688157081604
0.46418067812919617
0.7928850650787354
0.8777707815170288
0.9424002170562744
0.9284782409667969
0.9720742702484131
0.970008373260498
0.982668399810791
0.9739002585411072
0.9062430262565613
0.9594682455062866
0.9758047461509705
0.9669414758682251
0.8916971683502197
0.8973709344863892
0.8411432504653931
0.7229140996932983
0.5074872970581055
0.6067886352539062
0.5607717633247375
0.7154367566108704
0.43357053399086
0.7717692852020264
0.636013925075531
0.5890598893165588
0.7590948939323425
0.5185667872428894
0.5808054208755493
0.5760716795921326
0.95029217004776
0.8712683916091919
0.9246498346328735
0.9636080265045166
0.9793757796287537
0.9471279382705688
0.9791589975357056
0.986522376537323
0.9854605793952942
0.9892249703407288
0.9942832589149475
0.9918762445449829
0.993105947971344
0.9937483072280884
0.9930099248886108
0.9820234179496765
0.9889066219329834
0.9883108139038086
0.982826828956604
0.9726997017860413
0.9552590250968933
0.9354065656661987
0.9258995056152344
0.9131811261177063
0.9469703435897827
0.9286872148513794
0.8748940229415894
0.9452772736549377
0.9103366136550903
0.9646556377410889
0.9282651543617249
0.9398243427276611
0.9607837796211243
0.9553638100624084
0.961516797542572
0.9819412231445312
0.9685176014900208
0.9720836877822876
0.9732640981674194
0.9345253705978394
0.9603270888328552
0.9744371771812439
0.9669791460037231
0.9301353693008423
0.9998063445091248
0.9997226595878601
0.9997102618217468
0.9997565150260925
0.9997150301933289
0.9995324611663818
0.9994297623634338
0.99930739402771
0.9981188178062439
0.9987838864326477
0.9966024160385132
0.9816734790802002
0.9947783946990967
0.993251383304596
0.9927856922149658
0.9915771484375
0.9739883542060852
0.9482064247131348
0.9629995226860046
0.9591156840324402
0.9379118084907532
0.8989717960357666
0.9076682925224304
0.9312452673912048
0.926358699798584
0.9153335094451904
0.8816727995872498
0.8669540882110596
0.922748327255249
0.9527742266654968
0.9692988395690918
0.9811509251594543
0.974453330039978
0.9687545895576477
0.9701233506202698
0.9631330966949463
0.966543436050415
0.9339166283607483
0.9626126289367676
0.9681059718132019
0.9593598246574402
0.943901777267456
0.9486221671104431
0.9487879276275635
0.9491192102432251
0.9526762962341309
0.9619697332382202
0.9821369051933289
0.9742344617843628
0.9709866642951965
0.9834719896316528
0.96964430809021
0.9366384744644165
0.8848893642425537
0.9007448554039001
0.7396464347839355
0.8843943476676941
0.8632771968841553
0.9212340712547302
0.916522204875946
0.9277102947235107
0.9577962160110474
0.9658506512641907
0.9585059285163879
0.9745668172836304
0.9775282740592957
0.9816669225692749
0.9562157392501831
0.9374447464942932
0.937613844871521
0.9606350064277649
