1
0.9998296499252319
0.9998261332511902
0.9998492002487183
0.9998524188995361
0.9998564720153809
0.9998573064804077
0.99982088804245
0.9998339414596558
0.9998314380645752
0.9997971653938293
0.9997040629386902
0.999774158000946
0.999815046787262
0.9997777342796326
0.9997368454933167
0.9997532963752747
0.9997374415397644
0.9997819066047668
0.9996306896209717
0.9998217225074768
0.9997109770774841
0.9997798800468445
0.9995362758636475
0.9995098114013672
0.9995494484901428
0.9991920590400696
0.9994414448738098
0.99946528673172
0.9994906187057495
0.9991010427474976
0.999357283115387
0.9991600513458252
0.9992276430130005
0.9978078007698059
0.9988062381744385
0.9993288516998291
0.9990254640579224
0.9991148114204407
0.9984354376792908
0.9978540539741516
0.9978075623512268
0.9961174726486206
0.9973342418670654
0.9971140623092651
0.9985852241516113
0.9964122176170349
0.9975787997245789
0.9952152967453003
0.9915008544921875
0.9914110898971558
0.9925343990325928
0.994462788105011
0.997423529624939
0.9985001087188721
0.9979981780052185
0.9975082874298096
0.9944591522216797
0.99610435962677
0.9966741800308228
0.9963854551315308
0.9974561333656311
0.9829379916191101
0.9812490940093994
0.9913642406463623
0.9689221382141113
0.9709591269493103
0.94898521900177
0.9896785020828247
0.9948182702064514
0.991958498954773
0.8740851879119873
0.9543387293815613
0.9489012956619263
0.945468008518219
0.7911818027496338
0.8855010271072388
0.7670761346817017
0.8685958981513977
0.8311021327972412
0.9138193726539612
0.9268105030059814
0.871972382068634
0.7596696615219116
0.6104660630226135
0.5752449035644531
0.49252575635910034
0.8309446573257446
0.89021235704422
0.7502201795578003
0.7650212645530701
0.8900277614593506
0.9665358066558838
0.9905943870544434
0.9787502288818359
0.9759619832038879
0.9702001810073853
0.9674857258796692
0.9326508641242981
0.9548268914222717
0.9757458567619324
0.9870461225509644
0.9874165058135986
0.9764379858970642
0.9852235317230225
0.9856563806533813
0.9865044951438904
0.9872815012931824
0.9836687445640564
0.9871269464492798
0.9839434623718262
0.988937258720398
0.9855425357818604
0.9786818623542786
0.9779962301254272
0.9615280032157898
0.9799157381057739
0.9802512526512146
0.9734082221984863
0.975515604019165
0.9296082258224487
0.9662221074104309
0.9680700898170471
0.9665406346321106
0.9549944400787354
0.9756498336791992
0.9723159074783325
0.9769414067268372
0.9708117842674255
0.9832562208175659
0.989528477191925
0.9951104521751404
0.9936032891273499
0.9920430779457092
0.9892751574516296
0.9898552894592285
0.9828842878341675
0.9909223914146423
0.9696776866912842
0.9473475217819214
0.922268271446228
0.9800675511360168
0.9793938398361206
0.956838071346283
0.9576981067657471
0.9075320959091187
0.9471833109855652
0.9388466477394104
0.9453405737876892
0.9580220580101013
0.9714455604553223
0.9611053466796875
0.9886083602905273
0.979619026184082
0.9835975766181946
0.9754145741462708
0.9838804602622986
0.9724489450454712
0.9804140329360962
0.9727856516838074
0.9692270755767822
0.9414374828338623
0.9690524339675903
0.9568915367126465
0.9760264754295349
0.9871531128883362
0.9821317195892334
0.9934758543968201
0.9889257550239563
0.9811831712722778
0.9899969100952148
0.9921636581420898
0.9918619394302368
0.9862761497497559
0.9770765900611877
0.9505707025527954
0.95733243227005
0.7436313629150391
0.6834618449211121
0.3800002932548523
0.5522487163543701
0.3843172490596771
0.8186855912208557
0.48943451046943665
0.8838028907775879
0.9786027073860168
0.9850842356681824
0.9794714450836182
0.9896028637886047
0.9647811651229858
0.9728083610534668
0.9750427603721619
0.9767679572105408
0.9644386172294617
0.9278897643089294
0.8872237205505371
0.7329957485198975
0.7824733257293701
0.7362921833992004
0.734989583492279
0.6455021500587463
0.9962372779846191
0.9991064667701721
0.9571554660797119
0.791580319404602
0.7287043333053589
0.6349822282791138
0.7862887382507324
0.8897172212600708
0.9458315968513489
0.9704779982566833
0.9626951813697815
0.9503900408744812
0.9632489681243896
0.9460679888725281
0.9534093141555786
0.9733524918556213
0.9784656167030334
0.9446025490760803
0.9451102018356323
0.9490070939064026
0.9744452238082886
0.9613806009292603
0.9742890000343323
0.9639955163002014
0.9791347980499268
0.9729717373847961
0.9794823527336121
0.980804979801178
0.9468337297439575
0.9353794455528259
0.9179987907409668
0.8587339520454407
0.9230895042419434
0.9057275056838989
0.8505302667617798
0.7784329652786255
0.7680583596229553
0.5662627816200256
0.43241968750953674
0.33023712038993835
0.41483134031295776
0.5505523085594177
0.5594291687011719
0.6305548548698425
0.6118147373199463
0.6644277572631836
0.5686972737312317
0.6836368441581726
0.6683452129364014
0.6192439794540405
0.7903711199760437
0.6574797034263611
0.6360148787498474
0.5446872711181641
0.6549287438392639
0.4809640347957611
0.9248120188713074
0.9199698567390442
0.9344075322151184
0.9345858693122864
0.9607686996459961
0.972956120967865
0.9528062343597412
0.9817675948143005
0.9841960668563843
0.9746934175491333
0.9315820932388306
0.9006096720695496
0.9060922861099243
0.6826362013816833
0.8798776268959045
0.8382542133331299
0.8786210417747498
0.9407458305358887
0.9433621168136597
0.9136810302734375
0.9204609394073486
0.9287755489349365
0.8894702196121216
0.8913002014160156
0.91559237241745
0.8545249104499817
0.9561668038368225
0.9755001664161682
0.9510113000869751
0.9725048542022705
0.9479115009307861
0.9087148904800415
0.9136114120483398
0.9048584699630737
0.8747859597206116
0.8403570652008057
0.9067087173461914
0.9101375937461853
0.959096372127533
0.9599766135215759
0.9211772084236145
0.8685423731803894
0.9412329792976379
0.9551318883895874
0.943875253200531
0.9264720678329468
0.9440382719039917
0.9534922242164612
0.9597092270851135
0.8844807147979736
0.8773494958877563
0.7247475385665894
0.8057628870010376
0.8126280903816223
0.8577479124069214
0.9208935499191284
0.9441372752189636
0.9506407380104065
0.9520770311355591
0.892865002155304
0.9220748543739319
0.922051191329956
0.899730920791626
0.8905513286590576
0.8653895854949951
0.8126402497291565
0.89104163646698
0.8763737082481384
0.8438997864723206
0.7285516858100891
0.6628513336181641
0.6646667718887329
0.5358296632766724
0.5296695828437805
0.47655022144317627
0.5370550155639648
0.47188621759414673
0.5610350370407104
0.7234632968902588
0.7453352212905884
0.7658785581588745
0.8226696848869324
0.7172222137451172
0.88682621717453
0.867188036441803
0.8056122660636902
0.8688685894012451
0.8496526479721069
0.6572850942611694
0.6565567255020142
0.6302130222320557
0.514241635799408
0.6895606517791748
0.6113672256469727
0.6164219975471497
0.3992370069026947
0.6633065342903137
0.7024915218353271
0.8108488917350769
0.9640066027641296
0.9604239463806152
0.9622241854667664
0.903355598449707
0.9379432201385498
0.8987647294998169
0.9357460737228394
0.8950982093811035
0.9491000771522522
0.9692042469978333
0.9632726907730103
0.952959418296814
0.9110122323036194
0.8637492060661316
0.7621981501579285
0.4963083565235138
0.48735275864601135
0.39140355587005615
0.2811211943626404
0.3047860264778137
0.32050493359565735
0.6804079413414001
0.49401792883872986
0.7079217433929443
0.6025387048721313
0.7487633228302002
0.7905720472335815
0.7535591721534729
0.8207893371582031
0.8078152537345886
0.8425264358520508
0.8528780937194824
0.898492693901062
0.8381342887878418
0.8293467164039612
0.721186637878418
0.8128488063812256
0.8348528146743774
0.7977491021156311
0.8277639746665955
0.9209403395652771
0.9477994441986084
0.9675484299659729
0.9767449498176575
0.937644362449646
0.9998480081558228
0.9997928738594055
0.9995380640029907
0.9991853833198547
0.9984422326087952
0.9986575841903687
0.9985005855560303
0.9979462027549744
0.9984617233276367
0.9989151954650879
0.9987710118293762
0.9985232949256897
0.9984322190284729
0.997003972530365
0.9967378973960876
0.9966272115707397
0.9965033531188965
0.9970876574516296
0.9977284073829651
0.9978207349777222
0.9975504279136658
0.995522141456604
0.9942641854286194
0.994707465171814
0.9949072003364563
0.9944431185722351
0.9962749481201172
0.9967935681343079
0.9957619309425354
0.9956455230712891
0.9964631199836731
0.9929303526878357
0.9925782084465027
0.9943848848342896
0.9934486746788025
0.9920397996902466
0.9946447610855103
0.9957406520843506
0.9944964051246643
0.9958667755126953
0.9963948130607605
0.9978450536727905
0.9972273707389832
0.9947202205657959
0.993614673614502
0.9941828846931458
0.9941878318786621
0.9929227828979492
0.9951169490814209
0.9955036044120789
0.9961734414100647
0.9962221384048462
0.9957410097122192
0.9952464699745178
0.9933475852012634
0.992662787437439
0.9929928779602051
0.9945499300956726
0.9961187839508057
0.9945915341377258
0.9954503178596497
0.9925635457038879
0.9931643605232239
0.9914229512214661
0.9849691390991211
0.9850061535835266
0.9804179668426514
0.9919735193252563
0.9892565608024597
0.9912779331207275
0.9890278577804565
0.9738664627075195
0.9871867895126343
0.9811483025550842
0.9901296496391296
0.9933907985687256
0.9935785531997681
0.9668086171150208
0.9822921752929688
0.976340115070343
0.9487399458885193
0.9263345003128052
0.960012674331665
0.9720931649208069
0.987845242023468
0.9872484803199768
0.9871150255203247
0.9891005158424377
0.99257493019104
0.9873223900794983
0.9877507090568542
0.9898104667663574
0.987011730670929
0.9846596717834473
0.9836980104446411
0.9893509745597839
0.9580665826797485
0.9637340307235718
0.8891624212265015
0.8450332880020142
0.8200093507766724
0.7491453886032104
0.6213483214378357
0.6698856353759766
0.5022637248039246
0.4523704946041107
0.9486841559410095
0.46856924891471863
0.4064585864543915
0.6778839826583862
0.5940850377082825
0.6824390888214111
0.6696131229400635
0.6107373237609863
0.6420818567276001
0.6730555891990662
0.5830486416816711
0.5418581366539001
0.5081102848052979
0.8081755638122559
0.9908336997032166
0.9933324456214905
0.9915162324905396
0.9924638271331787
0.9901847839355469
0.9939610958099365
0.9922786951065063
0.9735905528068542
0.9763072729110718
0.949151337146759
0.8607306480407715
0.9017863869667053
0.8583909273147583
0.8217348456382751
0.6360886096954346
0.5640115141868591
0.797370433807373
0.8821936249732971
0.8022601008415222
0.7787302732467651
0.8404414057731628
0.8286669254302979
0.8356316089630127
0.6896847486495972
0.5838837027549744
0.4873518943786621
0.45623913407325745
0.4944072663784027
0.42248764634132385
0.29822838306427
0.22601531445980072
0.2956604063510895
0.32265928387641907
0.2167666107416153
0.1350836455821991
0.6462379693984985
0.22942182421684265
0.2112531214952469
0.2057686597108841
0.32502132654190063
0.4281737208366394
0.39805206656455994
0.485050231218338
0.6060454845428467
0.20751865208148956
0.5537312626838684
0.8714725375175476
0.8825680613517761
0.8182830214500427
0.7465929985046387
0.9221196174621582
0.9252009391784668
0.9226173758506775
0.9700446128845215
0.9724847674369812
0.9371579885482788
0.9378665685653687
0.9293924570083618
0.9299666285514832
0.9870513677597046
0.9856693744659424
0.9203773140907288
0.9644786715507507
0.9767648577690125
0.9250321984291077
0.901145339012146
0.9316393136978149
0.909766435623169
0.8033450245857239
0.7889255285263062
0.8711144924163818
0.8240116238594055
0.7988244891166687
0.8631995916366577
0.7452324032783508
0.8176792860031128
0.8182217478752136
0.8614886403083801
0.880478024482727
0.907903790473938
0.9998487234115601
0.9992396831512451
0.9993170499801636
0.9992129802703857
0.9985482096672058
0.9973757266998291
0.9911565780639648
0.9805770516395569
0.9778398871421814
0.8888523578643799
0.6979776620864868
0.6253494024276733
0.5078602433204651
0.5108119249343872
0.4478154480457306
0.5540293455123901
0.6531859040260315
0.5134932994842529
0.5859445333480835
0.8659123182296753
0.8981572389602661
0.9233330488204956
0.789961576461792
0.8910632729530334
0.956569254398346
0.9598483443260193
0.9294852614402771
0.9809280037879944
0.9876296520233154
0.9771060943603516
0.9839641451835632
0.8556019067764282
0.806538999080658
0.7650701403617859
0.6731630563735962
0.6469447612762451
0.7531211972236633
0.6819272041320801
0.9381611347198486
0.9156195521354675
0.9095476865768433
0.9868441820144653
0.9463293552398682
0.8959984183311462
0.8721848726272583
0.9464520215988159
0.8446900248527527
0.934198796749115
0.7513561844825745
0.6273372173309326
0.6801695227622986
0.7224248051643372
0.6259576678276062
0.5514364838600159
0.6976834535598755
0.6444147229194641
0.6565986275672913
0.6058921217918396
0.869204044342041
0.7448651790618896
0.9108676910400391
0.9617528319358826
0.9124767780303955
0.7745060324668884
0.7856464385986328
0.8280690908432007
0.6697121262550354
0.5201369524002075
0.5617255568504333
0.5466676354408264
0.49960288405418396
0.710012674331665
0.6544785499572754
0.7392237782478333
0.752433180809021
0.8062212467193604
0.764920175075531
0.6090047359466553
0.6600674390792847
0.643854022026062
0.6952629685401917
0.5685661435127258
0.5230000019073486
0.4704515337944031
0.516791820526123
0.5664200186729431
0.6814939975738525
0.4980299770832062
0.5099794268608093
0.5961195230484009
0.5528689026832581
0.6169891357421875
0.6899026036262512
0.704849362373352
0.6232372522354126
0.4246813654899597
0.4466930031776428
0.5269368886947632
0.4603755474090576
0.20639939606189728
0.42149606347084045
0.36756622791290283
0.5065319538116455
0.46977749466896057
0.4496999680995941
0.3548952043056488
0.4917151927947998
0.3469555377960205
0.3915858268737793
0.45130494236946106
0.47827985882759094
0.48946598172187805
0.4459668695926666
0.5085749626159668
0.42980894446372986
0.4550216495990753
0.5325344204902649
0.6383901238441467
0.6100425124168396
0.6447025537490845
0.646533727645874
0.6486344933509827
0.7972440123558044
0.7483481168746948
0.7473320364952087
0.6795803308486938
0.6956826448440552
0.6955868005752563
0.7188623547554016
0.7292820811271667
0.8005255460739136
0.7871017456054688
0.5146681666374207
0.4167807698249817
0.6210408806800842
0.7085102200508118
0.4297987222671509
0.6506665349006653
0.6976810097694397
0.6921924948692322
0.4829449951648712
0.560422956943512
0.667652428150177
0.6965506672859192
0.7264875769615173
0.7124101519584656
0.7915595769882202
0.7533047795295715
0.6561754941940308
0.7512792348861694
0.7051803469657898
0.5683501958847046
0.4926377534866333
0.6448938846588135
0.7702785730361938
0.7579759955406189
0.7134658694267273
0.6840835809707642
0.49013277888298035
0.562292754650116
0.4958058297634125
0.4371199309825897
0.5162882804870605
0.4363956153392792
0.5979195237159729
0.5028125047683716
0.47367918491363525
0.48882919549942017
0.6753718852996826
0.61882084608078
0.7410674691200256
0.7556091547012329
0.8497849702835083
0.8605697154998779
0.8382497429847717
0.7422560453414917
0.6972618103027344
0.8654541969299316
0.6642695069313049
0.555027186870575
0.34275785088539124
0.3737070560455322
0.5352843403816223
0.5490768551826477
0.5554238557815552
0.6766433715820312
0.6925468444824219
0.832205057144165
0.8617441654205322
0.7607516050338745
0.7773742079734802
0.7888006567955017
0.7400194406509399
0.8495873212814331
0.8662263751029968
0.8361721634864807
0.8502218127250671
0.8659898638725281
0.897228479385376
0.8788106441497803
0.9996483325958252
0.9993613362312317
0.9992489218711853
0.9988937973976135
0.998319685459137
0.9975935816764832
0.9982485771179199
0.9983023405075073
0.9972898960113525
0.9952424764633179
0.9955986738204956
0.9954286813735962
0.98964524269104
0.9955691695213318
0.9901424050331116
0.9932667016983032
0.9919270277023315
0.9922323226928711
0.9920834302902222
0.9917659163475037
0.9916157126426697
0.9930110573768616
0.9892886877059937
0.9897007942199707
0.9914798736572266
0.992644190788269
0.9947276711463928
0.9950241446495056
0.9965428709983826
0.9967771172523499
0.9967832565307617
0.9968959093093872
0.9951978325843811
0.9969531297683716
0.9935645461082458
0.9911728501319885
0.9962735176086426
0.9944955706596375
0.9970542192459106
0.991724967956543
0.9945533275604248
0.9934951663017273
0.9904305338859558
0.9930654764175415
0.9946847558021545
0.9898560047149658
0.993800699710846
0.9881188273429871
0.9886834025382996
0.9929656982421875
0.9921287298202515
0.9918227791786194
0.9930954575538635
0.9907039999961853
0.991710364818573
0.9950474500656128
0.9941467046737671
0.9964104294776917
0.9953655004501343
0.9920995235443115
0.9943932294845581
0.9953049421310425
0.9911598563194275
0.9928237199783325
0.9959685802459717
0.995028555393219
0.9944393634796143
0.9948784112930298
0.9917810559272766
0.9929929971694946
0.9887906312942505
0.9801338911056519
0.9800630807876587
0.9695267081260681
0.9641002416610718
0.9816379547119141
0.9910240173339844
0.9867620468139648
0.9888002872467041
0.98533034324646
0.98167484998703
0.9778883457183838
0.9774896502494812
0.9783283472061157
0.9729255437850952
0.9600938558578491
0.931708037853241
0.9260633587837219
0.936295747756958
0.960067629814148
0.969373881816864
0.9670411348342896
0.9767125248908997
0.9774162173271179
0.9780569672584534
0.9828730225563049
0.9794426560401917
0.9720371961593628
0.9677059054374695
0.9468492269515991
0.9166266918182373
0.9749793410301208
0.9773309230804443
0.9366329312324524
0.8914618492126465
0.8780863881111145
0.8155837059020996
0.8148170709609985
0.9273421168327332
0.9225478768348694
0.954706072807312
0.892244815826416
0.5874934196472168
0.6709104776382446
0.6678650975227356
0.7540552020072937
0.8493630290031433
0.9656450748443604
0.944574773311615
0.8692969083786011
0.9329182505607605
0.9570432901382446
0.9594391584396362
0.9091235995292664
0.9338405132293701
0.9082372188568115
0.956474244594574
0.9253190755844116
0.8923009037971497
0.6224972009658813
0.8641985058784485
0.6625482439994812
0.5351348519325256
0.45192235708236694
0.5244436860084534
0.7899647951126099
0.8137591481208801
0.5842189192771912
0.8185824751853943
0.7590713500976562
0.9471421837806702
0.9706283807754517
0.9645248055458069
0.9315834641456604
0.9528163075447083
0.9762961864471436
0.9760414958000183
0.9295110702514648
0.9526918530464172
0.961506187915802
0.9392000436782837
0.9490261077880859
0.9749096632003784
0.9730122089385986
0.950643002986908
0.8950870633125305
0.9236499071121216
0.9042210578918457
0.9076681137084961
0.9730939269065857
0.9616113305091858
0.9672676920890808
0.9709032773971558
0.9835378527641296
0.9872675538063049
0.9841982126235962
0.9870527386665344
0.9891912341117859
0.9877184629440308
0.9903501272201538
0.9846716523170471
0.9796273708343506
0.9739963412284851
0.9595487117767334
0.9746482968330383
0.9829468727111816
0.9727257490158081
0.9315950274467468
0.9246435761451721
0.9541378021240234
0.9779114127159119
0.9762021899223328
0.9894589185714722
0.9617369174957275
0.9641019701957703
0.9700824022293091
0.9620380401611328
0.960127592086792
0.9686633348464966
0.8404020071029663
0.8293456435203552
0.8219817876815796
0.8734986782073975
0.8980136513710022
0.8962972164154053
0.9101412296295166
0.9074083566665649
0.8286892771720886
0.8674907684326172
0.8923570513725281
0.9997820258140564
0.9997619986534119
0.9992818236351013
0.9991436004638672
0.9989649057388306
0.9982237219810486
0.9972954392433167
0.996298611164093
0.9947845339775085
0.9919245839118958
0.9923226237297058
0.9892265796661377
0.9833448529243469
0.9864403605461121
0.9928126931190491
0.9913642406463623
0.9895195960998535
0.988643229007721
0.9839593768119812
0.978213906288147
0.9870584607124329
0.9916611909866333
0.9881171584129333
0.9921985268592834
0.9869565963745117
0.9821662306785583
0.9780640602111816
0.9898384809494019
0.9915117621421814
0.9888542890548706
0.9875022172927856
0.9914020895957947
0.9904477596282959
0.9833939671516418
0.9736031889915466
0.9726952910423279
0.9801324009895325
0.9839059710502625
0.9867510795593262
0.9905412793159485
0.9921851754188538
0.9928025603294373
0.9930039048194885
0.9940593242645264
0.9945794343948364
0.994766354560852
0.994458794593811
0.9940769672393799
0.9932612776756287
0.9933479428291321
0.9926827549934387
0.9920814037322998
0.9922921657562256
0.9902122616767883
0.9911969900131226
0.9881196022033691
0.9918318390846252
0.986420750617981
0.9770392775535583
0.9904081225395203
0.9875863790512085
0.9748278260231018
0.9779236912727356
0.9910376071929932
0.9834833145141602
0.984993577003479
0.9887400269508362
0.9790943264961243
0.9373721480369568
0.9469038844108582
0.941591739654541
0.9248038530349731
0.9277717471122742
0.959953248500824
0.9728911519050598
0.9757830500602722
0.9872958064079285
0.9796456694602966
0.9685238599777222
0.9858803153038025
0.979423999786377
0.9781498312950134
0.9840378761291504
0.9479268789291382
0.7208153605461121
0.5017873644828796
0.7549129724502563
0.40551507472991943
0.5648743510246277
0.6634913086891174
0.33270999789237976
0.5966011881828308
0.437805712223053
0.21430133283138275
0.4550654888153076
0.4639173746109009
0.4340347945690155
0.21570660173892975
0.5732277631759644
0.6675148010253906
0.5495673418045044
0.6561844348907471
0.5574005246162415
0.7714192867279053
0.7966753840446472
0.8605092167854309
0.7249851226806641
0.7592408657073975
0.9017707705497742
0.9257981777191162
0.916888952255249
0.9570332765579224
0.951414167881012
0.9518290162086487
0.946285605430603
0.9576432108879089
0.9667591452598572
0.9214362502098083
0.8946384787559509
0.9102309942245483
0.7212167978286743
0.8460431098937988
0.9006008505821228
0.9661365151405334
0.9709638357162476
0.9583114385604858
0.9732511043548584
0.9689522385597229
0.9711653590202332
0.9648005366325378
0.9747328162193298
0.9118527173995972
0.9390047192573547
0.9512695670127869
0.9517316818237305
0.9563407301902771
0.9137413501739502
0.9362624287605286
0.91835618019104
0.9328885078430176
0.939674437046051
0.8852009773254395
0.9480555653572083
0.8833855390548706
0.9835172891616821
0.9838778972625732
0.9732887148857117
0.9472561478614807
0.9582768678665161
0.9517921805381775
0.9719545245170593
0.971169650554657
0.942658543586731
0.950148344039917
0.9667770862579346
0.9521573185920715
0.9353519678115845
0.9422985911369324
0.935195803642273
0.9272446632385254
0.931839644908905
0.9030140042304993
0.9230015277862549
0.8246472477912903
0.852571427822113
0.7868766784667969
0.8898264765739441
0.8703898787498474
0.8634875416755676
0.9315003752708435
0.8530132174491882
0.8665621876716614
0.9268699884414673
0.922217845916748
0.885450541973114
0.8237205147743225
0.5748006701469421
0.8183446526527405
0.6570312976837158
0.6247867345809937
0.6624271869659424
0.658058762550354
0.6549696922302246
0.6796719431877136
0.5985484719276428
0.550578773021698
0.5277766585350037
0.528586745262146
0.5592666268348694
0.5391680598258972
0.5204504132270813
0.39715486764907837
0.5133678913116455
0.7258907556533813
0.7491989135742188
0.7142819166183472
0.6475376486778259
0.6135846376419067
0.5147533416748047
0.5921140909194946
0.9995667338371277
0.9988897442817688
0.998968243598938
0.9986988306045532
0.9957650899887085
0.9958589673042297
0.9960259199142456
0.9867107272148132
0.9906296133995056
0.9907090663909912
0.9920859932899475
0.9927158951759338
0.9907830953598022
0.988365888595581
0.9935895204544067
0.9906628131866455
0.9934847950935364
0.9945816397666931
0.9888050556182861
0.9899556636810303
0.9902218580245972
0.9896141886711121
0.9908728003501892
0.9903182983398438
0.9839576482772827
0.9823717474937439
0.9875251054763794
0.953087568283081
0.9878720045089722
0.9844212532043457
0.9923417568206787
0.9862520098686218
0.9755873084068298
0.970574140548706
0.972628653049469
0.9846647381782532
0.9798295497894287
0.9683069586753845
0.9680470824241638
0.9549676775932312
0.9590040445327759
0.978861927986145
0.9786127805709839
0.9724376797676086
0.9825310111045837
0.9818814396858215
0.9842347502708435
0.9715691804885864
0.9687930941581726
0.9922001957893372
0.9899689555168152
0.9858384728431702
0.9870556592941284
0.975389838218689
0.9729430675506592
0.9781200289726257
0.9644383788108826
0.9716266989707947
0.9772167205810547
0.8509015440940857
0.9251223802566528
0.8768290877342224
0.8766136765480042
0.9100165367126465
0.9569342136383057
0.9754672646522522
0.9779406785964966
0.9851444959640503
0.9757068157196045
0.9809484481811523
0.9512609243392944
0.7569748759269714
0.7743287086486816
0.76765376329422
0.7082921266555786
0.7237638831138611
0.8362666964530945
0.7414510846138
0.6864747405052185
0.6587077379226685
0.5827637314796448
0.6220120787620544
0.6806708574295044
0.8437862396240234
0.6380675435066223
0.7744914293289185
0.7153806090354919
0.6920620799064636
0.7279505729675293
0.7948321104049683
0.7710914015769958
0.7365750670433044
0.7628572583198547
0.7499411106109619
0.5857172608375549
0.7269682288169861
0.7843586802482605
0.8108996748924255
0.7898630499839783
0.7757435441017151
0.7435413002967834
0.8228899836540222
0.7791659832000732
0.7857867479324341
0.7782774567604065
0.8182563781738281
0.8772892355918884
0.7784105539321899
0.8525710105895996
0.826958954334259
0.8817327618598938
0.8626119494438171
0.826551079750061
0.8202949166297913
0.7866470813751221
0.8278802037239075
0.867829442024231
0.819307267665863
0.6599887609481812
0.751550018787384
0.8295823335647583
0.716584324836731
0.6827907562255859
0.7453291416168213
0.6879660487174988
0.758009135723114
0.8485673666000366
0.9271770119667053
0.8665977120399475
0.8743404150009155
0.8258667588233948
0.8321458101272583
0.8486119508743286
0.8279165625572205
0.886120080947876
0.9517230987548828
0.824297308921814
0.77031010389328
0.6983522176742554
0.8252004384994507
0.14309552311897278
0.7055884599685669
0.3893778920173645
0.8065966367721558
0.8370692133903503
0.7841598391532898
0.8152197599411011
0.9019425511360168
0.8675088286399841
0.8896089196205139
0.9269546866416931
0.8953316807746887
0.8644313812255859
0.7310101389884949
0.7356874346733093
0.6887345910072327
0.7515120506286621
0.7456223368644714
0.7249821424484253
0.572256326675415
0.8164075613021851
0.8251296281814575
0.77162766456604
0.5347291827201843
0.7831006050109863
0.6959466338157654
0.6859266757965088
0.5982673764228821
0.6343315839767456
0.7481619119644165
0.6715576648712158
0.5870222449302673
0.5774241089820862
0.49934783577919006
0.4916633069515228
0.6881441473960876
0.5994535684585571
0.5668375492095947
0.7586400508880615
0.9472140073776245
0.9281904101371765
0.9768092036247253
0.9785390496253967
0.9361444711685181
0.9719020128250122
0.9257400035858154
0.9169336557388306
0.7424226403236389
0.8169076442718506
0.8705407977104187
0.8494824767112732
0.7462311387062073
0.7769088745117188
0.7439951300621033
0.8289592862129211
0.8161134123802185
0.32438692450523376
0.22715379297733307
0.3651251196861267
0.44010868668556213
0.7241439819335938
0.7232215404510498
0.7481770515441895
0.8763309717178345
0.9550174474716187
0.9676002860069275
0.947189211845398
0.9713013172149658
0.9780414700508118
0.9738582968711853
0.9747191071510315
0.9780606627464294
0.9714558720588684
0.9713872671127319
0.9711965322494507
0.9651373624801636
0.9669421315193176
0.961366593837738
0.925884485244751
0.968755304813385
0.9440485835075378
0.9074326753616333
0.8673834204673767
0.9290514588356018
0.9652858376502991
0.9104642868041992
0.9021981954574585
0.9068046808242798
0.9398136138916016
0.9444014430046082
0.8657946586608887
0.9373103380203247
0.9182371497154236
0.9633604884147644
0.9293633103370667
0.8957037925720215
0.8401434421539307
0.8466157913208008
0.9301647543907166
0.9790441393852234
0.9736586809158325
0.9782696962356567
0.9417418837547302
0.9726468324661255
0.9483269453048706
0.9337708353996277
0.9725508689880371
0.9778818488121033
0.9824467897415161
0.9809407591819763
0.9563270211219788
0.974636971950531
0.970158576965332
0.9420294165611267
0.9163579940795898
0.7859850525856018
0.960820198059082
0.9401314854621887
0.979436457157135
0.990777850151062
0.9849185943603516
0.9597691297531128
0.9387391805648804
0.9002487659454346
0.8811908960342407
0.8863412141799927
0.8403559327125549
0.9078980088233948
0.8849117159843445
0.8763977289199829
0.9315974116325378
0.8499478697776794
0.856052041053772
0.816641628742218
0.9034679532051086
0.9527689814567566
0.9482356309890747
0.980498731136322
0.97380131483078
0.9646525382995605
0.9362766146659851
0.9476059675216675
0.9434190988540649
0.9399138689041138
0.8324539065361023
0.8925667405128479
0.8528239727020264
0.9014531970024109
0.896184504032135
0.9092466831207275
0.9718719720840454
0.9708811044692993
0.9796820878982544
0.9732930064201355
0.9569894671440125
0.9640669822692871
0.9600852727890015
0.9673460125923157
0.963797390460968
0.8981804847717285
0.9569964408874512
0.9514231085777283
0.9733527302742004
0.9646540880203247
0.8277871608734131
0.7280565500259399
0.55387943983078
0.5576211214065552
0.6976812481880188
0.514246940612793
0.4216667115688324
0.6151331663131714
0.6525920629501343
0.46443888545036316
0.45982885360717773
0.48225557804107666
0.5705221891403198
0.7123532891273499
0.8185251355171204
0.821977436542511
0.8530962467193604
0.8889783024787903
0.8374388217926025
0.8355453014373779
0.9571198225021362
0.9710906147956848
0.9531702399253845
0.9253481030464172
0.9626221656799316
0.9612725973129272
0.9648047685623169
0.9586282968521118
0.868929922580719
0.9624410271644592
0.9460496306419373
0.9482677578926086
0.923714816570282
0.9028061032295227
0.8705491423606873
0.9534865617752075
0.9146305322647095
0.8897694945335388
0.8508908748626709
0.8693850636482239
0.8741260170936584
0.8763940334320068
0.7438674569129944
0.5839565992355347
0.5711222887039185
0.6482224464416504
0.49095866084098816
0.2669830620288849
0.2851106524467468
0.3053898215293884
0.4716252088546753
0.4012148976325989
0.4421062171459198
0.42095479369163513
0.40486305952072144
0.25458961725234985
0.44323158264160156
0.3201788067817688
0.18240737915039062
0.5720024704933167
0.5042819976806641
0.7052163481712341
0.6805244088172913
0.7669062614440918
0.7985223531723022
0.6106512546539307
0.7175021171569824
0.641294538974762
0.4743572175502777
0.8975488543510437
0.9176955223083496
0.9670097827911377
0.9479935169219971
0.9162710309028625
0.9363693594932556
0.7835965752601624
0.8285372257232666
0.6043890118598938
0.3456689417362213
0.34557226300239563
0.3473112881183624
0.2895702123641968
0.38153359293937683
0.6730029582977295
0.5185391306877136
0.24277576804161072
0.7044245600700378
0.8214922547340393
0.7575330138206482
0.8297014832496643
0.7171134948730469
0.6003126502037048
0.6021934747695923
0.7723255157470703
0.675970733165741
0.7645902037620544
0.9998674392700195
0.999848484992981
0.9998058676719666
0.9996805191040039
0.9998334646224976
0.9997343420982361
0.9997857213020325
0.9998212456703186
0.9997552037239075
0.9994755387306213
0.9982783794403076
0.9978218078613281
0.9976194500923157
0.9958011507987976
0.9920485615730286
0.9921992421150208
0.9814714193344116
0.9724201560020447
0.9569403529167175
0.9069579243659973
0.8741773962974548
0.9362485408782959
0.923311710357666
0.939358115196228
0.9335336089134216
0.9392106533050537
0.9632918238639832
0.9438280463218689
0.9211612939834595
0.6999126672744751
0.6353307962417603
0.6174259185791016
0.3507187068462372
0.8297354578971863
0.6937012076377869
0.7304684519767761
0.6183884739875793
0.4388440251350403
0.41194358468055725
0.445454865694046
0.2680317461490631
0.29896748065948486
0.43655332922935486
0.5952210426330566
0.6487903594970703
0.7773664593696594
0.8555166125297546
0.8613749146461487
0.9117017388343811
0.6429155468940735
0.6768682599067688
0.7308753728866577
0.25480636954307556
0.15690840780735016
0.17994314432144165
0.2505800127983093
0.3541858196258545
0.40551507472991943
0.5057362914085388
0.5062822103500366
0.6071305274963379
0.5016133785247803
0.38417237997055054
0.7029150128364563
0.6160504221916199
0.6576870083808899
0.9063678979873657
0.8823629021644592
0.8513637781143188
0.8930584788322449
0.9206002354621887
0.951698362827301
0.8736709356307983
0.7437702417373657
0.5262818336486816
0.5912595391273499
0.7814323902130127
0.8482231497764587
0.8929901123046875
0.8619090914726257
0.846817672252655
0.8763709664344788
0.8877153992652893
0.8450407385826111
0.9050394296646118
0.8861209750175476
0.8534425497055054
0.9426290988922119
0.8894659876823425
0.8990585207939148
0.8761523962020874
0.7381623387336731
0.8808751702308655
0.8660796284675598
0.72529137134552
0.5725838541984558
0.4655981957912445
0.576544463634491
0.5282673239707947
0.5755451321601868
0.4655066132545471
0.42745092511177063
0.6717976927757263
0.8897404074668884
0.6126825213432312
0.8354552984237671
0.9030494689941406
0.8459143042564392
0.9318185448646545
0.9546259045600891
0.6993798613548279
0.6711974740028381
0.44036704301834106
0.35215628147125244
0.2813277244567871
0.7619382739067078
0.85701584815979
0.878049910068512
0.9349225163459778
0.949924886226654
0.9437075853347778
0.8495463132858276
0.8666732311248779
0.8786384463310242
0.6832361221313477
0.5886256098747253
0.6384394764900208
0.7256101965904236
0.8255703449249268
0.8891384601593018
0.8610002994537354
0.49568629264831543
0.604518473148346
0.3073693513870239
0.2522810995578766
0.1886283904314041
0.20907838642597198
0.14782029390335083
0.3865804970264435
0.5188276171684265
0.21207870543003082
0.5942806005477905
0.47629356384277344
0.32185807824134827
0.21979357302188873
0.10429020971059799
0.13700877130031586
0.10445631295442581
0.045327167958021164
0.009781432338058949
0.011393428780138493
0.04110376909375191
0.015942281112074852
0.0175141841173172
0.013263792730867863
0.012501714751124382
0.012727596797049046
0.017349859699606895
0.010010721161961555
0.016373325139284134
0.00978633388876915
0.011191258206963539
0.01786324754357338
0.008694464340806007
0.024144943803548813
0.06806502491235733
0.41481658816337585
0.5698713064193726
0.6730499863624573
0.7327407002449036
0.6273237466812134
0.6351025700569153
0.6522634029388428
0.6761141419410706
0.8526861667633057
0.8680912852287292
0.8125474452972412
0.6613702774047852
0.5777265429496765
0.565094530582428
0.5191994309425354
0.5916099548339844
0.6381227374076843
0.7121429443359375
0.7614384889602661
0.8775625228881836
0.8727061152458191
0.8683322668075562
0.8912439942359924
0.9377886056900024
0.9455459713935852
0.9583467245101929
0.941960334777832
0.9220262765884399
0.9540410041809082
0.9439585208892822
0.941490113735199
0.9494370818138123
0.9568623900413513
0.9466704726219177
0.9992814660072327
0.9994943141937256
0.9995014667510986
0.9994398951530457
0.9991416931152344
0.9983121156692505
0.9981206059455872
0.9977371692657471
0.9961624145507812
0.9960493445396423
0.995064914226532
0.9859737157821655
0.956215500831604
0.9596884846687317
0.9772711396217346
0.958293080329895
0.9617490768432617
0.9529622197151184
0.9390369057655334
0.9645213484764099
0.9786360859870911
0.9852240085601807
0.9829425811767578
0.9848423004150391
0.9910380840301514
0.9790249466896057
0.9666897654533386
0.9736745953559875
0.969363272190094
0.9484402537345886
0.9274144172668457
0.9106931090354919
0.919074296951294
0.887344241142273
0.9221158623695374
0.7625594139099121
0.8706920146942139
0.9328654408454895
0.9476027488708496
0.7645279765129089
0.860262930393219
0.9297822713851929
0.9063925743103027
0.8342955112457275
0.7186720371246338
0.7359561324119568
0.8483370542526245
0.7858448028564453
0.7508785724639893
0.6951831579208374
0.7533852458000183
0.766846776008606
0.5245504975318909
0.5437082648277283
0.5833765268325806
0.7386906147003174
0.7191951870918274
0.5982925891876221
0.6319705843925476
0.687686562538147
0.7641420960426331
0.8201450109481812
0.21119825541973114
0.7588967680931091
0.23116536438465118
0.7597162127494812
0.8141094446182251
0.6857705116271973
0.8507214784622192
0.5501611232757568
0.658974826335907
0.38089823722839355
0.8061833381652832
0.8620317578315735
0.6062149405479431
0.7567713260650635
0.7666394710540771
0.8082970380783081
0.8291158676147461
0.7124295234680176
0.37922951579093933
0.8720757961273193
0.396181583404541
0.9841769933700562
0.9934210181236267
0.9940046668052673
0.9928612112998962
0.988646388053894
0.9913951754570007
0.9835087656974792
0.9780990481376648
0.9719041585922241
0.9631304144859314
0.9788249135017395
0.9735957384109497
0.9852159023284912
0.982063889503479
0.9790183305740356
0.9771621823310852
0.9821473360061646
0.9872719645500183
0.9800671935081482
0.9808129668235779
0.9692737460136414
0.9855108261108398
0.9868046045303345
0.9816336035728455
0.9783324599266052
0.9802522659301758
0.9793655872344971
0.9833173751831055
0.9867016673088074
0.9852991104125977
0.9773939847946167
0.9856260418891907
0.9844397306442261
0.9823924899101257
0.9823335409164429
0.9894994497299194
0.9813981652259827
0.9864472150802612
0.9794594645500183
0.9536519050598145
0.9773589968681335
0.9736835360527039
0.9807959198951721
0.9777014255523682
0.9631083011627197
0.978833019733429
0.9813529253005981
0.9716325402259827
0.9773795008659363
0.9774459004402161
0.9772498607635498
0.9845457077026367
0.9825177788734436
0.9801576733589172
0.9759039878845215
0.9796999096870422
0.9871305823326111
0.9818121790885925
0.9860148429870605
0.9771494269371033
0.9764336347579956
0.9847074151039124
0.9816005229949951
0.9776450395584106
0.9833670854568481
0.9812705516815186
0.9857820272445679
0.9852752685546875
0.9811341762542725
0.9800917506217957
0.9803013205528259
0.9775300025939941
0.9826754331588745
0.9814351797103882
0.9858759045600891
0.9858614206314087
0.9895143508911133
0.9886019825935364
0.9815961718559265
0.978939414024353
0.976921021938324
0.9755443334579468
0.9802102446556091
0.9798750281333923
0.9683759808540344
0.9786244034767151
0.9798489212989807
0.9751821160316467
0.9747904539108276
0.971721887588501
0.9705274105072021
0.9715498089790344
0.9663925170898438
0.9621027112007141
0.9764165878295898
0.9751887917518616
0.9735115766525269
0.9767034649848938
0.9734892845153809
0.9679147005081177
0.9684410095214844
0.9602006673812866
0.9678258299827576
0.9764259457588196
0.9641237258911133
0.9712968468666077
0.9708212018013
0.9415404796600342
0.9192575812339783
0.8272013068199158
0.7837806344032288
0.936317503452301
0.879970371723175
0.8258351683616638
0.8848349452018738
0.8717682957649231
0.8525645136833191
0.9996960163116455
0.999349057674408
0.9992409944534302
0.984777569770813
0.5764635801315308
0.290641725063324
0.4546685814857483
0.18650206923484802
0.3686634302139282
0.6430515050888062
0.8140367269515991
0.7803958654403687
0.786239743232727
0.7368903160095215
0.651982307434082
0.5609923005104065
0.5835862755775452
0.6146594285964966
0.7753005623817444
0.7969072461128235
0.7992522716522217
0.9080752730369568
0.6364096403121948
0.6776737570762634
0.4630758464336395
0.7359628081321716
0.6607131361961365
0.6707125902175903
0.675473153591156
0.8661103844642639
0.9124919772148132
0.9018073081970215
0.8343634009361267
0.9001460075378418
0.9097638130187988
0.8917397260665894
0.7844502329826355
0.715557873249054
0.7276040315628052
0.9054387807846069
0.8736611604690552
0.8227916955947876
0.9045069217681885
0.5430486798286438
0.6479490995407104
0.41058090329170227
0.5058606863021851
0.4213367700576782
0.30117401480674744
0.22143591940402985
0.28400564193725586
0.36411023139953613
0.3218618333339691
0.3275597393512726
0.3143232762813568
0.4597391188144684
0.35271790623664856
0.5575749278068542
0.6649490594863892
0.5481142997741699
0.7067962884902954
0.4972706735134125
0.941985011100769
0.8871523141860962
0.8750941753387451
0.9226580858230591
0.9332833290100098
0.9607225060462952
0.9426727294921875
0.946223795413971
0.9539579153060913
0.955313503742218
0.9594286680221558
0.9346156120300293
0.9032962918281555
0.9376562237739563
0.9249763488769531
0.9349507093429565
0.9637680053710938
0.9319309592247009
0.9224827289581299
0.9562432765960693
0.9550610780715942
0.956317663192749
0.9433367848396301
0.9608376026153564
0.9331440925598145
0.9454578757286072
0.920035719871521
0.9238837957382202
0.9557741284370422
0.9076758623123169
0.9183842539787292
0.934208869934082
0.9086071252822876
0.9476065039634705
0.9558563828468323
0.9331095218658447
0.909456729888916
0.9235323667526245
0.9343216419219971
0.9196808934211731
0.9254710078239441
0.9559335112571716
0.9351302981376648
0.9408749938011169
0.9446589946746826
0.9267774224281311
0.932476282119751
0.9531970620155334
0.9609648585319519
0.9510418176651001
0.9390178322792053
0.9569109678268433
0.9560748934745789
0.9371806979179382
0.9424779415130615
0.965315043926239
0.9572689533233643
0.934786319732666
0.9279272556304932
0.9439748525619507
0.9482141733169556
0.943166196346283
0.9486405253410339
0.9463449716567993
0.9385017156600952
0.9442641735076904
0.9469990134239197
0.9597199559211731
0.9649569392204285
0.9586219191551208
0.9396462440490723
0.9374993443489075
0.9509914517402649
0.9539405703544617
0.9671664834022522
0.9496613144874573
0.9343550801277161
0.9411975741386414
0.9499619007110596
0.958477795124054
0.9514012932777405
0.9702098369598389
0.957791805267334
0.9591981768608093
0.9791516065597534
0.9651291370391846
0.9546140432357788
0.9174191951751709
0.7827799320220947
0.802634596824646
0.5329651832580566
0.7693831920623779
0.34309399127960205
0.4949202239513397
0.6121088862419128
0.37823686003685
0.6128975749015808
0.7468168139457703
0.6192116737365723
0.6525972485542297
0.8194402456283569
0.9340997338294983
0.8999306559562683
0.961048424243927
0.9507155418395996
0.9360267519950867
0.9614085555076599
0.9650479555130005
0.9416998624801636
0.9152771830558777
0.9478034973144531
0.9109639525413513
0.8454862833023071
0.7823328971862793
0.7092956900596619
0.7060391902923584
0.7318621277809143
0.6390241980552673
0.5283319354057312
0.46269237995147705
0.6084357500076294
0.6303668022155762
0.6667522192001343
0.41065940260887146
0.37782710790634155
0.3832007348537445
0.4004839062690735
0.4211699664592743
0.342037558555603
0.49468517303466797
0.2801382839679718
0.36521559953689575
0.5791921615600586
0.391093373298645
0.4133712947368622
0.27808988094329834
0.5348034501075745
0.44028642773628235
0.4531742036342621
0.6122428178787231
0.694980800151825
0.5700356960296631
0.5944058299064636
0.5257649421691895
0.6981644630432129
0.6044904589653015
0.8010756373405457
0.6708213090896606
0.8528615236282349
0.6973814964294434
0.8044493794441223
0.8394807577133179
0.9368000626564026
0.9400624632835388
0.7859581112861633
0.7930283546447754
0.8382459282875061
0.7808719277381897
0.9934896230697632
0.9898707270622253
0.7242263555526733
0.7878215909004211
0.07250259071588516
0.2630980312824249
0.9865524172782898
0.9701182842254639
0.9694606065750122
0.9611603617668152
0.9529171586036682
0.9530438184738159
0.9671103954315186
0.9839367866516113
0.9854163527488708
0.9833039045333862
0.9833176136016846
0.9851415157318115
0.9846700429916382
0.9843686819076538
0.9842982292175293
0.9828852415084839
0.9728421568870544
0.9759364128112793
0.9809359312057495
0.974125862121582
0.9600276350975037
0.9619022607803345
0.8520488142967224
0.8722327947616577
0.8403581380844116
0.7276098132133484
0.7298210263252258
0.7264499664306641
0.7991058230400085
0.7782843708992004
0.7038701772689819
0.7146356105804443
0.7166956663131714
0.6957626342773438
0.6548048257827759
0.7040414214134216
0.7382537126541138
0.6010376214981079
0.8085785508155823
0.9372595548629761
0.8346974849700928
0.8031936883926392
0.64691162109375
0.9327329993247986
0.8252323269844055
0.9053328633308411
0.9405815005302429
0.9410584568977356
0.9534494876861572
0.9257797598838806
0.9546015858650208
0.9162392020225525
0.9470926523208618
0.8982728123664856
0.9053179025650024
0.8546627163887024
0.9699085354804993
0.9552261829376221
0.941176176071167
0.9166361689567566
0.914317786693573
0.9764228463172913
0.9498708844184875
0.9596428871154785
0.9376066327095032
0.973952054977417
0.9643943905830383
0.9662899971008301
0.96999591588974
0.9734886288642883
0.955546498298645
0.9510655999183655
0.9554097056388855
0.9532051086425781
0.975404679775238
0.9675764441490173
0.969127893447876
0.9757187366485596
0.9820934534072876
0.9589079022407532
0.8979707956314087
0.5020557045936584
0.7161120176315308
0.8832066059112549
0.927091121673584
0.9828689098358154
0.9808556437492371
0.8960300087928772
0.951291561126709
0.8725228309631348
0.8286305069923401
0.8279104232788086
0.6978694200515747
0.48994243144989014
0.5669156908988953
0.5485982894897461
0.2328025996685028
0.5239188075065613
0.23111140727996826
0.38781383633613586
0.3654560148715973
0.1421506106853485
0.88741135597229
0.8302814364433289
0.681918740272522
0.661175549030304
0.6672495603561401
0.7887359261512756
0.9386507272720337
0.9651172161102295
0.9635607004165649
0.962621808052063
0.9685993790626526
0.9662136435508728
0.9530209898948669
0.9125710129737854
0.9241151213645935
0.821180522441864
0.545567512512207
0.5017515420913696
0.430131733417511
0.2561051547527313
0.3593391180038452
0.447530061006546
0.37912651896476746
0.373077392578125
0.5587367415428162
0.7432851791381836
0.7909106016159058
0.8162304759025574
0.8511542081832886
0.6144641637802124
0.6047601699829102
0.7439064979553223
0.922722339630127
0.8641757965087891
0.4498522877693176
0.7401556968688965
0.45386749505996704
0.9070947170257568
0.9392791390419006
0.9408267736434937
0.9051095843315125
0.9279634952545166
0.9438402056694031
0.9627665281295776
0.9335829615592957
0.967205286026001
0.9379438757896423
0.8919974565505981
0.9726603627204895
0.9070070385932922
0.9436059594154358
0.9282656908035278
0.9393910765647888
0.9128094911575317
0.9416952133178711
0.8917471170425415
0.9425860643386841
0.8983114361763
0.7828599810600281
0.9265919923782349
0.9260467886924744
0.9211917519569397
0.7959713339805603
0.9161741733551025
0.7435564994812012
0.8330783247947693
0.8327834606170654
0.8778706789016724
0.9288694858551025
0.9239334464073181
0.9196149706840515
0.9472560882568359
0.9999173879623413
0.9999202489852905
0.9999172687530518
0.999908447265625
0.9999052286148071
0.9998987913131714
