1
0.999783456325531
0.9997287392616272
0.9997232556343079
0.9997468590736389
0.9997072815895081
0.9996763467788696
0.9996961355209351
0.9995760321617126
0.9988592863082886
0.9995373487472534
0.9993652701377869
0.9994801878929138
0.9995112419128418
0.9994804263114929
0.9996141195297241
0.9996579885482788
0.9993928670883179
0.999396562576294
0.9991850256919861
0.9979420304298401
0.9981372356414795
0.9989771842956543
0.9992250204086304
0.9992425441741943
0.9989861845970154
0.9984961748123169
0.993316650390625
0.9924405813217163
0.9187002778053284
0.8575567603111267
0.9342342615127563
0.8260558843612671
0.7505128979682922
0.7423471212387085
0.4938930869102478
0.6522025465965271
0.6020182371139526
0.6190599203109741
0.6123018860816956
0.1666942536830902
0.6995353102684021
0.5491049885749817
0.7637444138526917
0.6255680322647095
0.6681972742080688
0.6383176445960999
0.672327995300293
0.6738573312759399
0.5988721251487732
0.5860887169837952
0.6302517056465149
0.6805762052536011
0.7754326462745667
0.6679545640945435
0.6843103766441345
0.649459958076477
0.7600005865097046
0.5314527750015259
0.5659355521202087
0.8104171752929688
0.5911870002746582
0.9007895588874817
0.7831581234931946
0.8509469628334045
0.6480080485343933
0.7997651100158691
0.7468587756156921
0.7308270335197449
0.629938542842865
0.7578334808349609
0.7693259119987488
0.8147293925285339
0.7545433640480042
0.7711995244026184
0.7375364303588867
0.7725335955619812
0.8249219059944153
0.6856451034545898
0.6832964420318604
0.7069942355155945
0.6434175372123718
0.7243033051490784
0.5267080068588257
0.5067511796951294
0.8792089223861694
0.939475417137146
0.733857274055481
0.5728721022605896
0.7337228059768677
0.7835758924484253
0.8078945279121399
0.567792534828186
0.5934297442436218
0.6518663763999939
0.6401965022087097
0.5572983026504517
0.5573558807373047
0.5778578519821167
0.5351251363754272
0.7892765402793884
0.763872504234314
0.7263514995574951
0.8342505693435669
0.8403668999671936
0.7960444092750549
0.8109533190727234
0.369482159614563
0.30878424644470215
0.3382560610771179
0.624700665473938
0.3039715588092804
0.2524072825908661
0.48184898495674133
0.3433498442173004
0.8204293847084045
0.38463014364242554
0.7107164859771729
0.5735105276107788
0.4456208646297455
0.5368391871452332
0.20330621302127838
0.30234265327453613
0.42071694135665894
0.2882175147533417
0.15850669145584106
0.2771265208721161
0.13546429574489594
0.14904046058654785
0.23908892273902893
0.7401359677314758
0.7247306704521179
0.8826518058776855
0.9104416370391846
0.9313923120498657
0.8876367211341858
0.8784335255622864
0.8387759923934937
0.8851808905601501
0.887302577495575
0.8933342695236206
0.8202513456344604
0.5856508016586304
0.6332487463951111
0.8862610459327698
0.8355352282524109
0.785132884979248
0.860767662525177
0.8302196860313416
0.7673692107200623
0.6354339718818665
0.6621677875518799
0.5854803323745728
0.5335012674331665
0.5718204975128174
0.46304672956466675
0.8539823293685913
0.7278566956520081
0.8644964098930359
0.8067559599876404
0.8248134255409241
0.7790691256523132
0.7258807420730591
0.8958290815353394
0.8870736956596375
0.7999544739723206
0.661618173122406
0.6303733587265015
0.4391542077064514
0.6849502325057983
0.7085808515548706
0.7513843178749084
0.8533576130867004
0.9120948910713196
0.9365176558494568
0.9588799476623535
0.9430558085441589
0.9420387148857117
0.9565577507019043
0.9485751986503601
0.8873557448387146
0.8965129256248474
0.9254419803619385
0.9467796683311462
0.9503738880157471
0.9602795839309692
0.966397225856781
0.9728849530220032
0.9543922543525696
0.939883828163147
0.9854581356048584
0.976035475730896
0.9754546880722046
0.9794768691062927
0.9833502769470215
0.9871965646743774
0.9722408652305603
0.9710469841957092
0.9531249403953552
0.9730879664421082
0.9469072818756104
0.9996970891952515
0.9995872378349304
0.999785840511322
0.9988306164741516
0.9982839226722717
0.9979041814804077
0.9952491521835327
0.9945975542068481
0.9924524426460266
0.993118166923523
0.992026150226593
0.9920835494995117
0.9884644150733948
0.9751454591751099
0.9835047721862793
0.9824790954589844
0.9890837073326111
0.9798720479011536
0.9876148700714111
0.9815865159034729
0.9681069254875183
0.975798487663269
0.9769046306610107
0.9866580367088318
0.9865422248840332
0.9879015684127808
0.9846716523170471
0.9793925881385803
0.9522965550422668
0.9628580212593079
0.945755660533905
0.9533758163452148
0.9466345906257629
0.9638832807540894
0.9663967490196228
0.9618606567382812
0.9563013911247253
0.6899226903915405
0.8774513006210327
0.8375444412231445
0.7632285952568054
0.7985343337059021
0.7979286313056946
0.857002317905426
0.9214281439781189
0.8755674958229065
0.9542081356048584
0.9608370661735535
0.9041460156440735
0.8740704655647278
0.8360093235969543
0.9168440699577332
0.8844929337501526
0.8882564902305603
0.9121410250663757
0.9044774770736694
0.9646320343017578
0.9371947646141052
0.9142860174179077
0.9231456518173218
0.8625457286834717
0.818842887878418
0.8082290887832642
0.8543224334716797
0.8500335812568665
0.9146944880485535
0.932660698890686
0.9415366053581238
0.9214193224906921
0.9494383931159973
0.9277087450027466
0.9221035838127136
0.9359663724899292
0.9186133146286011
0.9452499151229858
0.9583573341369629
0.9566873908042908
0.9419235587120056
0.9557380080223083
0.9536091685295105
0.9523413181304932
0.9442576169967651
0.9768489003181458
0.9788632988929749
0.9826159477233887
0.9795476198196411
0.9831937551498413
0.9836472868919373
0.9353748559951782
0.9692162275314331
0.9113601446151733
0.9320435523986816
0.9378905892372131
0.9455993175506592
0.9875559210777283
0.9660894870758057
0.9279088973999023
0.978773295879364
0.9763036370277405
0.9150322079658508
0.7516632080078125
0.8560139536857605
0.912625789642334
0.6058310270309448
0.7192856669425964
0.6817846894264221
0.5330433249473572
0.6264148354530334
0.5185441374778748
0.6159566044807434
0.7322152853012085
0.7118343114852905
0.6165261268615723
0.6998211741447449
0.7629047632217407
0.6375990509986877
0.622713565826416
0.7204004526138306
0.6186239719390869
0.5733955502510071
0.434428334236145
0.2628522515296936
0.8508414030075073
0.9120688438415527
0.8237874507904053
0.5929490327835083
0.8106998205184937
0.8651416301727295
0.950054943561554
0.9506998062133789
0.9669782519340515
0.9804542660713196
0.9831408262252808
0.9789036512374878
0.9834697842597961
0.9893668293952942
0.9871713519096375
0.9824669361114502
0.9462024569511414
0.9261919260025024
0.9554562568664551
0.9524825215339661
0.9623802900314331
0.9783337116241455
0.9825580716133118
0.9796114563941956
0.9213769435882568
0.9282911419868469
0.9608398079872131
0.9482864141464233
0.9665369391441345
0.9286872148513794
0.9104827642440796
0.8819377422332764
0.9088425040245056
0.9276742935180664
0.8480809926986694
0.9335801601409912
0.9631540775299072
0.9350672364234924
0.9212678670883179
0.9333466291427612
0.9097900390625
0.8876586556434631
0.9165745973587036
0.9666673541069031
0.9276418685913086
0.9439441561698914
0.9343678951263428
0.8805205225944519
0.8771244883537292
0.8656519651412964
0.8248558044433594
0.8790000081062317
0.8574899435043335
0.9070476293563843
0.8976410031318665
0.854008674621582
0.8142426609992981
0.8709622025489807
0.8772242665290833
0.9001714587211609
0.8933178782463074
0.783327579498291
0.7693756818771362
0.7925154566764832
0.8487730026245117
0.8216697573661804
0.8281511664390564
0.7964994311332703
0.6874414086341858
0.771330714225769
0.5688832402229309
0.6202832460403442
0.6229138970375061
0.582595705986023
0.5845819115638733
0.604518473148346
0.6844657063484192
0.5762202143669128
0.9998006224632263
0.999808132648468
0.9997876286506653
0.9995735287666321
0.9977092742919922
0.9982175230979919
0.9951062202453613
0.9889457821846008
0.9937235713005066
0.9932780861854553
0.9927472472190857
0.9906259775161743
0.9961316585540771
0.9979339838027954
0.9980315566062927
0.9982414245605469
0.9980255365371704
0.9980858564376831
0.9977346658706665
0.9930423498153687
0.988446831703186
0.9885321855545044
0.9831814169883728
0.971563458442688
0.973175585269928
0.9685682654380798
0.9344248175621033
0.9156532287597656
0.9180878400802612
0.9596003890037537
0.9638921618461609
0.971004068851471
0.9843307137489319
0.9742245078086853
0.9547567963600159
0.9788828492164612
0.9813623428344727
0.9618170857429504
0.9316493272781372
0.9581475853919983
0.9759377837181091
0.9845884442329407
0.973026692867279
0.9626259207725525
0.9580119252204895
0.9637670516967773
0.9486972689628601
0.9704129695892334
0.9777226448059082
0.9506200551986694
0.9529996514320374
0.8678939342498779
0.7869898080825806
0.9587545990943909
0.9736156463623047
0.9590840935707092
0.8396194577217102
0.7724666595458984
0.8075379133224487
0.8857754468917847
0.9431180953979492
0.7971086502075195
0.7068599462509155
0.35698163509368896
0.8615124821662903
0.9579989910125732
0.9444014430046082
0.9517285823822021
0.9527717232704163
0.9299114942550659
0.8056605458259583
0.7361197471618652
0.8086038827896118
0.679231584072113
0.8136745691299438
0.7913838028907776
0.857851505279541
0.7905386686325073
0.8177753686904907
0.9273822903633118
0.8913232684135437
0.8987176418304443
0.8151801228523254
0.8140888810157776
0.8621423244476318
0.7409273982048035
0.8751447200775146
0.6935815215110779
0.8700695633888245
0.7367293238639832
0.7553005814552307
0.7880975008010864
0.8690861463546753
0.8784436583518982
0.7977257370948792
0.7726218700408936
0.7958519458770752
0.7982229590415955
0.734226644039154
0.8422009944915771
0.889553964138031
0.8665763139724731
0.910737156867981
0.9257237911224365
0.8206748366355896
0.8535785675048828
0.6868157386779785
0.6095072627067566
0.7252267599105835
0.7195132374763489
0.7316991090774536
0.7553696036338806
0.7288851737976074
0.6537038683891296
0.7524277567863464
0.8784550428390503
0.6849639415740967
0.6658579707145691
0.5867668390274048
0.6040878295898438
0.3939897418022156
0.6916130185127258
0.8627285361289978
0.7395521402359009
0.8331936001777649
0.519622802734375
0.7675565481185913
0.9176869988441467
0.9360594153404236
0.8800783753395081
0.9382255673408508
0.9149952530860901
0.9135873317718506
0.9598842263221741
0.9272837042808533
0.9465732574462891
0.9687754511833191
0.964821994304657
0.9742255210876465
0.9711460471153259
0.9721106290817261
0.9203640818595886
0.9244452714920044
0.9648852348327637
0.9768142104148865
0.8706640005111694
0.8942659497261047
0.9344397783279419
0.9638472199440002
0.9511423707008362
0.8583764433860779
0.902721107006073
0.9200699329376221
0.8420417904853821
0.706031084060669
0.7625616192817688
0.6250962615013123
0.6967141032218933
0.7497804164886475
0.8099725842475891
0.6300276517868042
0.8946267366409302
0.8166890144348145
0.6651900410652161
0.7301183938980103
0.5786752700805664
0.743890643119812
0.8409305214881897
0.9140459299087524
0.8964424133300781
0.9386458992958069
0.9389452338218689
0.9222779870033264
0.9654932618141174
0.9324214458465576
0.9214503765106201
0.9034045338630676
0.9125034809112549
0.9090754389762878
0.780544102191925
0.7213006019592285
0.6906430125236511
0.7637219429016113
0.8858350515365601
0.919654369354248
0.9458839893341064
0.9609917998313904
0.945404052734375
0.9694422483444214
0.9559418559074402
0.9708716869354248
0.9712590575218201
0.9702431559562683
0.9737769365310669
0.9715721011161804
0.9724982976913452
0.9003665447235107
0.6284510493278503
0.5250915884971619
0.836789071559906
0.9997698664665222
0.9997803568840027
0.9992939233779907
0.999708354473114
0.9995959401130676
0.999434769153595
0.9992355108261108
0.9988774657249451
0.9984075427055359
0.9979075193405151
0.997663140296936
0.9993853569030762
0.9994593262672424
0.9996916055679321
0.9985268115997314
0.997585654258728
0.9958130717277527
0.9958900809288025
0.991927981376648
0.9799777865409851
0.8925599455833435
0.8812414407730103
0.665012776851654
0.7511095404624939
0.7326664328575134
0.8199599981307983
0.8112475275993347
0.8491798639297485
0.9225874543190002
0.9169012904167175
0.9353368878364563
0.9468808770179749
0.8681835532188416
0.9026554226875305
0.9073894619941711
0.8405670523643494
0.8995668888092041
0.9211653470993042
0.949985146522522
0.8677877187728882
0.905730128288269
0.9414987564086914
0.9654949307441711
0.9760213494300842
0.9592577219009399
0.9835228323936462
0.9682826399803162
0.9757733941078186
0.9647585153579712
0.9820414781570435
0.9865095019340515
0.979641318321228
0.9804020524024963
0.9733645915985107
0.9585129022598267
0.9576801657676697
0.9598299860954285
0.9529313445091248
0.9534909129142761
0.952504575252533
0.9252463579177856
0.9435744285583496
0.8897929191589355
0.8260858654975891
0.730208694934845
0.7697007060050964
0.7644567489624023
0.761078417301178
0.7300435304641724
0.6887935996055603
0.8791040778160095
0.8500293493270874
0.7899762988090515
0.845001757144928
0.710548996925354
0.7541428208351135
0.4405266344547272
0.42214301228523254
0.16392818093299866
0.5537704825401306
0.41379591822624207
0.35811474919319153
0.33893612027168274
0.2535199820995331
0.4126109778881073
0.513727605342865
0.4472605288028717
0.4825062155723572
0.45449525117874146
0.5531778335571289
0.6961909532546997
0.6472131609916687
0.506010115146637
0.34456804394721985
0.4589356780052185
0.5165590643882751
0.3791394531726837
0.6622961163520813
0.6379013657569885
0.6538075804710388
0.6422601938247681
0.6805503368377686
0.6496140360832214
0.6348975300788879
0.6284641623497009
0.6183291077613831
0.6326586008071899
0.6708182096481323
0.5233246088027954
0.6655624508857727
0.6311699151992798
0.5654352903366089
0.7881692051887512
0.7341727614402771
0.6438186168670654
0.6299429535865784
0.6544577479362488
0.7136698365211487
0.6346485018730164
0.5755878686904907
0.6530762910842896
0.5273255109786987
0.5256639122962952
0.8850677013397217
0.5223560929298401
0.5123181343078613
0.24665841460227966
0.6733463406562805
0.7794991135597229
0.7516362071037292
0.7070749998092651
0.8434213399887085
0.8188070058822632
0.7162185311317444
0.6234627366065979
0.6892596483230591
0.6491530537605286
0.42974135279655457
0.7056220769882202
0.6020951867103577
0.6007809042930603
0.7106472253799438
0.5055831670761108
0.6302958130836487
0.7846589088439941
0.735115110874176
0.6854737997055054
0.7014663219451904
0.749015212059021
0.6690107583999634
0.6064019203186035
0.7772343754768372
0.7917191982269287
0.8324140906333923
0.7161113619804382
0.6851707696914673
0.6138200759887695
0.6365076899528503
0.3843420743942261
0.6389457583427429
0.2841061055660248
0.6348794102668762
0.6296179890632629
0.7657318115234375
0.6385574340820312
0.6398187279701233
0.28024527430534363
0.53814297914505
0.13717880845069885
0.36015334725379944
0.5996475219726562
0.6135620474815369
0.6260263919830322
0.5834211707115173
0.7090085744857788
0.6819885969161987
0.6149160265922546
0.5955772399902344
0.5746684074401855
0.4909895658493042
0.6886377930641174
0.6894194483757019
0.6472349762916565
0.6447193026542664
0.6035570502281189
0.5597397089004517
0.6465578079223633
0.6432064175605774
0.616468608379364
0.5447708964347839
0.6527746915817261
0.5377658009529114
0.5247399210929871
0.47547879815101624
0.3369118869304657
0.32469624280929565
0.4557115137577057
0.42250263690948486
0.638302743434906
0.6447485685348511
0.9999016523361206
0.99986732006073
0.9998078942298889
0.9998408555984497
0.9998369216918945
0.9995123147964478
0.9995408058166504
0.9986730813980103
0.994537889957428
0.9871199131011963
0.9643251895904541
0.9588727355003357
0.9390157461166382
0.6998153924942017
0.8730720281600952
0.8301875591278076
0.7630131244659424
0.8719107508659363
0.8886647820472717
0.9338650107383728
0.9720156788825989
0.9727106690406799
0.9867586493492126
0.9848657846450806
0.9886040687561035
0.9747115969657898
0.9839739203453064
0.9922690987586975
0.9787080883979797
0.9971477389335632
0.9918524622917175
0.986221969127655
0.9896053075790405
0.9852592945098877
0.9859090447425842
0.9873106479644775
0.9756836295127869
0.9445379972457886
0.9580497741699219
0.9516041874885559
0.9802323579788208
0.9623715877532959
0.9214547276496887
0.905874490737915
0.953662633895874
0.9085488319396973
0.8827516436576843
0.7314156889915466
0.3931860327720642
0.5696470141410828
0.6822795271873474
0.4416109323501587
0.35893014073371887
0.4368464946746826
0.2286781221628189
0.253803551197052
0.5844632387161255
0.6564264893531799
0.615003764629364
0.8569921255111694
0.8079169392585754
0.834993302822113
0.9170252680778503
0.966780424118042
0.8512507677078247
0.6514780521392822
0.7591633200645447
0.817491888999939
0.7894520163536072
0.6358588337898254
0.8456430435180664
0.6849056482315063
0.9305652976036072
0.9002120494842529
0.953784704208374
0.9293347001075745
0.9867410063743591
0.9873132109642029
0.9675198197364807
0.8866538405418396
0.9206119775772095
0.8726305365562439
0.719508945941925
0.5187510251998901
0.6155240535736084
0.7036070227622986
0.8341591358184814
0.5437729954719543
0.712328314781189
0.5948956608772278
0.695966899394989
0.7684703469276428
0.7482361197471619
0.9410805702209473
0.8179880380630493
0.8799974322319031
0.9861735105514526
0.97734135389328
0.9303073287010193
0.9246571660041809
0.9045349359512329
0.8445844650268555
0.9689950942993164
0.9466307163238525
0.9539941549301147
0.8623142838478088
0.877219021320343
0.9595932960510254
0.965765118598938
0.8339129686355591
0.9044641852378845
0.8247897028923035
0.8783200979232788
0.9135007262229919
0.8660370707511902
0.7032507658004761
0.8748942613601685
0.8768513202667236
0.8730763792991638
0.8844993710517883
0.7953068017959595
0.8464882373809814
0.8513948917388916
0.8057790398597717
0.7965601682662964
0.8801896572113037
0.8969358801841736
0.827598512172699
0.7882250547409058
0.8377285003662109
0.8271788954734802
0.7303855419158936
0.7199574112892151
0.7485420107841492
0.806018590927124
0.6703901290893555
0.6438879370689392
0.7860931754112244
0.7425520420074463
0.8792592287063599
0.9259058833122253
0.7686154842376709
0.7529473900794983
0.8453039526939392
0.8674572110176086
0.7854721546173096
0.7825272679328918
0.8266445398330688
0.7947239279747009
0.8578310608863831
0.8199704885482788
0.6523321866989136
0.6026119589805603
0.6158742904663086
0.40613844990730286
0.666185200214386
0.6020541787147522
0.6299472451210022
0.5890764594078064
0.36505749821662903
0.2771422863006592
0.2528136670589447
0.4647260010242462
0.1915820688009262
0.18387117981910706
0.09060993045568466
0.49010995030403137
0.3463704288005829
0.3452242314815521
0.570094883441925
0.417712926864624
0.4403780698776245
0.4038861095905304
0.5922867655754089
0.3102513253688812
0.4258691072463989
0.28784510493278503
0.0496300533413887
0.014176762662827969
0.007604070473462343
0.02242240495979786
0.007647390011698008
0.3236532509326935
0.26566705107688904
0.3349134624004364
0.4711557626724243
0.39781150221824646
0.5631891489028931
0.6196433901786804
0.5515071153640747
0.5312955379486084
0.4554048180580139
0.5884133577346802
0.40815895795822144
0.5949003100395203
0.6179283857345581
0.3604285717010498
0.4214625358581543
0.30720385909080505
0.23335540294647217
0.09644783288240433
0.2608652412891388
0.19062787294387817
0.3227437734603882
0.35437291860580444
0.35713011026382446
0.34713098406791687
0.20197540521621704
0.34248003363609314
0.4391257166862488
0.7272359132766724
0.8458960056304932
0.9067500829696655
0.878991961479187
0.9073224663734436
0.8704850673675537
0.8691094517707825
0.7689923644065857
0.40292301774024963
0.4023069739341736
0.45397135615348816
0.5225993394851685
0.45695051550865173
0.5323583483695984
0.4659113883972168
0.4147067964076996
0.41198378801345825
0.4337466061115265
0.6271013617515564
0.6950973272323608
0.9138940572738647
0.7511815428733826
0.7191566824913025
0.8732775449752808
0.5371406078338623
0.7519082427024841
0.8045597076416016
0.7802852392196655
0.8100633025169373
0.7507514357566833
0.8267644047737122
0.6356297731399536
0.6056797504425049
0.5192517042160034
0.7023902535438538
0.7728476524353027
0.7945044636726379
0.8874358534812927
0.8317322731018066
0.7446898818016052
0.7961629629135132
0.8877455592155457
0.9330474734306335
0.9329923391342163
0.9245576858520508
0.96554034948349
0.9498663544654846
0.9467916488647461
0.909887433052063
0.9852100014686584
0.9675218462944031
0.9397652745246887
0.9425009489059448
0.9372879266738892
0.9013118743896484
0.8816684484481812
0.907311737537384
0.9588996767997742
0.8301354050636292
0.7688136696815491
0.8231096267700195
0.5422913432121277
0.49998176097869873
0.6934977769851685
0.5948225259780884
0.6480501890182495
0.7476726174354553
0.8321518301963806
0.8501545786857605
0.8403975367546082
0.8643679618835449
0.88257896900177
0.8991174697875977
0.7305948138237
0.8079062104225159
0.8641400337219238
0.7002334594726562
0.5774194002151489
0.694031298160553
0.7763081192970276
0.712920606136322
0.7072032690048218
0.8740115165710449
0.9542747735977173
0.8845354914665222
0.9713786840438843
0.9767416715621948
0.976049542427063
0.9843258261680603
0.9767026305198669
0.971642792224884
0.9642587900161743
0.9638652801513672
0.9854604601860046
0.9907073974609375
0.9851385951042175
0.9820099472999573
0.9848959445953369
0.981616735458374
0.9802939891815186
0.9908967614173889
0.9938387274742126
0.9902592897415161
0.9889111518859863
0.9846535325050354
0.9813677668571472
0.9668616652488708
0.9762731194496155
0.9763848781585693
0.9744481444358826
0.9858083724975586
0.9632877111434937
0.9655453562736511
0.9657344818115234
0.9729655981063843
0.9557584524154663
0.939821183681488
0.952078104019165
0.9053574204444885
0.8371881246566772
0.8348873853683472
0.919428288936615
0.9198135733604431
0.9221517443656921
0.9169755578041077
0.8768466711044312
0.8559747338294983
0.8506123423576355
0.8559359312057495
0.7579665780067444
0.9029529690742493
0.9064552783966064
0.9429290294647217
0.9455798864364624
0.9780024886131287
0.9858140349388123
0.9770432710647583
0.9810988306999207
0.9822069406509399
0.9808745384216309
0.9862589836120605
0.9774397611618042
0.9790921807289124
0.9587229490280151
0.9271857142448425
0.8729444146156311
0.776422917842865
0.7387252449989319
0.7261622548103333
0.6273449063301086
0.7043029069900513
0.5771518349647522
0.5837867856025696
0.46989768743515015
0.3656563460826874
0.3384126126766205
0.2433454394340515
0.40957561135292053
0.32278892397880554
0.821796178817749
0.7885487079620361
0.6072348952293396
0.6402098536491394
0.9163748621940613
0.9694721698760986
0.9708645939826965
0.9673969149589539
0.9718377590179443
0.9773474335670471
0.9330486059188843
0.9233506321907043
0.858932614326477
0.9019779562950134
0.9267137050628662
0.8807525634765625
0.8343724012374878
0.8708251118659973
0.6503457427024841
0.5579635500907898
0.44381794333457947
0.34371569752693176
0.608314037322998
0.44915682077407837
0.34020474553108215
0.7737520337104797
0.6670659780502319
0.657059907913208
0.8685823678970337
0.934160053730011
0.9233108758926392
0.9995948672294617
0.9990460276603699
0.9966435432434082
0.9911066889762878
0.9884090423583984
0.9427984952926636
0.8875311613082886
0.45424604415893555
0.12452596426010132
0.13067856431007385
0.16450612246990204
0.15743836760520935
0.1797427088022232
0.07949027419090271
0.13855917751789093
0.12958064675331116
0.364280104637146
0.13179458677768707
0.05362459644675255
0.18264976143836975
0.22009891271591187
0.2759126126766205
0.15629072487354279
0.17235776782035828
0.29012414813041687
0.20508666336536407
0.19322766363620758
0.2590431272983551
0.19333046674728394
0.17852173745632172
0.22198805212974548
0.2610399127006531
0.2605966329574585
0.2490367591381073
0.12195801734924316
0.13364912569522858
0.23373976349830627
0.5377510190010071
0.5286818742752075
0.5758459568023682
0.40558314323425293
0.4708240032196045
0.4209354519844055
0.4173622727394104
0.6466341018676758
0.43702319264411926
0.40940341353416443
0.3756844401359558
0.2734951674938202
0.3380759656429291
0.08950328826904297
0.05801530182361603
0.44154092669487
0.6034326553344727
0.12624911963939667
0.13181135058403015
0.6588117480278015
0.38453423976898193
0.587405800819397
0.5737639665603638
0.7602429986000061
0.5114076137542725
0.6664177179336548
0.49535635113716125
0.3224785029888153
0.057879745960235596
0.0368293821811676
0.03850989416241646
0.03654937073588371
0.02018575370311737
0.0488615445792675
0.2978413999080658
0.7810313701629639
0.8658759593963623
0.8027880191802979
0.634796679019928
0.665656566619873
0.6822282075881958
0.757676362991333
0.8188232779502869
0.873498260974884
0.6489776372909546
0.674056887626648
0.6037521958351135
0.7170769572257996
0.7631851434707642
0.8073824048042297
0.7705018520355225
0.7282604575157166
0.9149000644683838
0.9654706716537476
0.9459154605865479
0.9565731287002563
0.8897101283073425
0.8917604088783264
0.9217401742935181
0.8945122361183167
0.8868923187255859
0.9295640587806702
0.8162388801574707
0.8548424243927002
0.8514204621315002
0.8821828365325928
0.8518180847167969
0.7811251282691956
0.9559608697891235
0.864193320274353
0.8462090492248535
0.7688548564910889
0.8368520140647888
0.9364649057388306
0.9222350120544434
0.8813756108283997
0.8368238806724548
0.8671375513076782
0.9116550087928772
0.9314936399459839
0.9268832802772522
0.9456254243850708
0.920646607875824
0.9333573579788208
0.9281160235404968
0.9249294400215149
0.9415381550788879
0.919089674949646
0.9271228909492493
0.7864235043525696
0.9098672270774841
0.9323903918266296
0.749830424785614
0.6322146058082581
0.5670089721679688
0.4372580647468567
0.40159714221954346
0.4784083962440491
0.5010325312614441
0.4099503755569458
0.40916693210601807
0.5101706981658936
0.43924105167388916
0.7116023302078247
0.5302437543869019
0.7127577662467957
0.7170671224594116
0.682564377784729
0.6220248341560364
0.6668514609336853
0.6031719446182251
0.7505431771278381
0.8564721941947937
0.8977100849151611
0.8607367873191833
0.8953829407691956
0.9142031073570251
0.8792679309844971
0.9469615817070007
0.9162933826446533
0.8475669026374817
0.7674406170845032
0.7756412029266357
0.6392257213592529
0.6756147146224976
0.501072883605957
0.32960546016693115
0.4898739755153656
0.5272296071052551
0.3098919093608856
0.473072350025177
0.3757420480251312
0.43440961837768555
0.2897838056087494
0.3865262269973755
0.4279942512512207
0.2859964072704315
0.2694891095161438
0.22781303524971008
0.2767913043498993
0.20421992242336273
0.1947258859872818
0.4053160846233368
0.531890869140625
0.5558294653892517
0.5821408629417419
0.5825911164283752
0.24819770455360413
0.24386055767536163
0.19252216815948486
0.2703518867492676
0.31330323219299316
0.26125168800354004
0.46748027205467224
0.2600820064544678
0.21081764996051788
0.1645159274339676
0.16482499241828918
0.07849519699811935
0.03984908387064934
0.037529539316892624
0.01581205241382122
0.011194164864718914
0.02448517084121704
0.029483946040272713
0.006634911987930536
0.006581164430826902
0.03329327329993248
0.05891571566462517
0.034792251884937286
0.10440678894519806
0.046752993017435074
0.05731206759810448
0.07467494904994965
0.056515224277973175
0.08126585930585861
0.28114667534828186
0.19848251342773438
0.1715729534626007
0.11380060762166977
0.05484461039304733
0.1537289172410965
0.08592236787080765
0.11023546755313873
0.14589515328407288
0.1528668999671936
0.147490993142128
0.0830579549074173
0.06585461646318436
0.14303503930568695
0.14932133257389069
0.3440110683441162
0.2634560763835907
0.40217989683151245
0.2661380469799042
0.22887711226940155
0.2724510729312897
0.5931645631790161
0.699927031993866
0.4829578101634979
0.5940799117088318
0.45206955075263977
0.5096047520637512
0.7275436520576477
0.5634267926216125
0.35374438762664795
0.48863670229911804
0.28322523832321167
0.4648829400539398
0.7899238467216492
0.8126998543739319
0.7466076016426086
0.5736180543899536
0.6934809684753418
0.6217637062072754
0.528138279914856
0.6989861130714417
0.41100838780403137
0.7886323928833008
0.9250019788742065
0.8457064628601074
0.8625327348709106
0.8411250114440918
0.7364315390586853
0.81776362657547
0.8167707324028015
0.7094589471817017
0.6891672015190125
0.6126127243041992
0.8478016257286072
0.8900737762451172
0.8507717847824097
0.8288725018501282
0.8667778968811035
0.8786947727203369
0.8501172065734863
0.7025197148323059
0.8006449937820435
0.8133720755577087
0.8030635714530945
0.6600149869918823
0.41944053769111633
0.2666400372982025
0.7120059728622437
0.7934901714324951
0.8359882831573486
0.7822271585464478
0.7055203318595886
0.8293234705924988
0.744450032711029
0.6493677496910095
0.5921008586883545
0.4365728795528412
0.4596005976200104
0.30935847759246826
0.428754597902298
0.5045369267463684
0.7034203410148621
0.5492709875106812
0.4527239501476288
0.47658613324165344
0.42007210850715637
0.6759129762649536
0.550073504447937
0.8234410285949707
0.8145310282707214
0.7045664191246033
0.7470667362213135
0.6738661527633667
0.7548576593399048
0.7955924868583679
0.8149363994598389
0.8865581750869751
0.858379602432251
0.8651805520057678
0.8414561152458191
0.8363463282585144
0.9027290344238281
0.7886161208152771
0.8196594715118408
0.8062750101089478
0.8018493056297302
0.7632829546928406
0.7006840705871582
0.7177456617355347
0.8938865661621094
0.8993078470230103
0.9248247146606445
0.9322980642318726
0.9303735494613647
0.9328244924545288
0.8744887113571167
0.9235307574272156
0.8756178617477417
0.9244225025177002
0.938839852809906
0.9296433329582214
0.9139958024024963
0.8931486010551453
0.8994760513305664
0.9037071466445923
0.921951413154602
0.8823490738868713
0.9068659543991089
0.8717226386070251
0.771968424320221
0.8582170009613037
0.882141649723053
0.8487123250961304
0.8899821639060974
0.8935383558273315
0.9094734191894531
0.9036527872085571
0.913497269153595
0.8907395005226135
0.8901171088218689
0.9373032450675964
0.90675950050354
0.9209497570991516
0.8950170278549194
0.8533754348754883
0.8605419993400574
0.9172643423080444
0.9063642621040344
0.8628732562065125
0.8454450368881226
0.6470895409584045
0.9265742897987366
0.9115831851959229
0.8229206800460815
0.8071092963218689
0.7791977524757385
0.8190293312072754
0.7625412344932556
0.5638476610183716
0.6984042525291443
0.653479814529419
0.6064939498901367
0.5274977087974548
0.37001344561576843
0.5416775941848755
0.6950618624687195
0.6863006949424744
0.7397922873497009
0.6359552145004272
0.5956560373306274
0.38162440061569214
0.5214675664901733
0.4750923216342926
0.7022671103477478
0.8240484595298767
0.797140896320343
0.8397149443626404
0.7588865160942078
0.9053895473480225
0.8942112922668457
0.9270932674407959
0.9359720349311829
0.9520753026008606
0.9446156024932861
0.9612669944763184
0.9421904683113098
0.9015045762062073
0.9997074007987976
0.999713122844696
0.9988613128662109
0.99429851770401
0.9944512248039246
0.9903081059455872
0.9804337620735168
0.9768299460411072
0.9661828279495239
0.9646235108375549
0.9763447642326355
0.9414911270141602
0.952518105506897
0.5162129998207092
0.34817543625831604
0.6952877640724182
0.6742379069328308
0.6184166669845581
0.501114010810852
0.5171939134597778
0.49860212206840515
0.711065411567688
0.8373305201530457
0.8597939610481262
0.8711763620376587
0.8491987586021423
0.8497388362884521
0.9562751054763794
0.959904134273529
0.961847186088562
0.9640055894851685
0.9410624504089355
0.9185575246810913
0.8683726787567139
0.9359710812568665
0.9692001938819885
0.9129224419593811
0.9548036456108093
0.6778520941734314
0.43012404441833496
0.6864345073699951
0.6175840497016907
0.5622931718826294
0.5313694477081299
0.42486268281936646
0.34247979521751404
0.5163930058479309
0.38622406125068665
0.2990812361240387
0.588216245174408
0.5628615617752075
0.7201524972915649
0.724859356880188
0.6439439058303833
0.46994635462760925
0.4777681827545166
0.4467657208442688
0.3416315019130707
0.4305219352245331
0.4247385561466217
0.12871724367141724
0.6061660051345825
0.3047160506248474
0.729487955570221
0.5861400365829468
0.5006239414215088
0.510049045085907
0.8168922662734985
0.88017338514328
0.7899380326271057
0.8320709466934204
0.9502161741256714
0.933782160282135
0.8919879794120789
0.9104683995246887
0.9381698369979858
0.9564951658248901
0.9488044381141663
0.9490100145339966
0.9435659646987915
0.9168164134025574
0.8893282413482666
0.9359941482543945
0.906328022480011
0.9304825067520142
0.9417562484741211
0.9343634843826294
0.9448958039283752
0.9675154089927673
0.959704577922821
0.954801619052887
0.9132854342460632
0.9107029438018799
0.8631687760353088
0.9529367685317993
0.9343889951705933
0.9236514568328857
0.894132673740387
0.9664302468299866
0.9707538485527039
0.9751351475715637
0.9694209694862366
0.9662385582923889
0.9588476419448853
0.9805652499198914
0.9753795266151428
0.9745267033576965
0.9799861311912537
0.9758780598640442
0.9580482244491577
0.8474975824356079
0.7863375544548035
0.6977037191390991
0.8156217932701111
0.8398960828781128
0.941408634185791
0.952087938785553
0.9313214421272278
0.9649380445480347
0.9604811668395996
0.9553041458129883
0.9651265740394592
0.954901933670044
0.9576036334037781
0.9673987030982971
0.8906735181808472
0.9159930944442749
0.8671860694885254
0.9009794592857361
0.8854368925094604
0.8408383131027222
0.8732325434684753
0.863569974899292
0.7265647053718567
0.7530769109725952
0.6910050511360168
0.5914263129234314
0.5032324194908142
0.5843603014945984
0.5064576864242554
0.5080528259277344
0.43959110975265503
0.4652975797653198
0.4221620559692383
0.6570765972137451
0.7847280502319336
0.7739708423614502
0.8156144022941589
0.6754182577133179
0.8667018413543701
0.8860667943954468
0.9064446687698364
0.9767736196517944
0.9260510802268982
0.924480676651001
0.8983989357948303
0.8953032493591309
0.9173410534858704
0.9207626581192017
0.8878552317619324
0.9210245013237
0.9656698703765869
0.9559366703033447
0.9809308648109436
0.9837974905967712
0.9792870283126831
0.9782496094703674
0.9770809412002563
0.9268788695335388
0.9368016123771667
0.9294310808181763
0.9676047563552856
0.8950817584991455
0.8631210327148438
0.6854596138000488
0.76530921459198
0.9489353895187378
0.9767414331436157
0.9786150455474854
0.8011677861213684
0.9209710955619812
0.8079386949539185
0.14516586065292358
0.29130157828330994
0.15355417132377625
0.1355152428150177
0.350680410861969
0.3578740954399109
0.6036022305488586
0.4266835153102875
0.5114944577217102
0.5632137060165405
0.7193654775619507
0.7831032276153564
0.4737820029258728
0.6332688927650452
0.7125686407089233
0.48497843742370605
0.5566067695617676
0.5577309131622314
0.9997101426124573
0.9985634684562683
0.9974276423454285
0.9945066571235657
0.9882285594940186
0.9661258459091187
0.96601402759552
0.7452521920204163
0.743022620677948
0.789225697517395
0.7852091193199158
0.7836199998855591
0.7269619703292847
0.8634966015815735
0.8616436123847961
0.7099739909172058
0.5775066018104553
0.7100560665130615
0.4070103168487549
0.6221706867218018
0.7540522813796997
0.6160825490951538
0.5591903328895569
0.3726702332496643
0.6323418021202087
0.8574186563491821
0.9793376922607422
0.9640693068504333
0.9563778042793274
0.929553747177124
0.9552367329597473
0.9524379968643188
0.9380202293395996
0.9485272169113159
0.9534415006637573
0.9611087441444397
0.9499130249023438
0.9403461813926697
0.9594717621803284
0.9413573145866394
0.9247338771820068
0.9539427161216736
0.9377166628837585
0.9500002861022949
0.858769416809082
0.8845576643943787
0.94496089220047
0.9087195992469788
0.9329383969306946
0.9554207921028137
0.912939727306366
0.8946323394775391
0.8525803685188293
0.8602498173713684
0.9324283003807068
0.9298717975616455
0.9304599165916443
0.8716076016426086
0.8242482542991638
0.8220308423042297
0.8258885145187378
0.8671524524688721
0.7439364194869995
0.7850587368011475
0.9450199007987976
0.9417465925216675
0.9191166758537292
0.9287267327308655
0.8395404815673828
0.837315022945404
0.8736922144889832
0.8539357781410217
0.9394195675849915
0.949837327003479
0.9524655342102051
0.9577804207801819
0.9101036190986633
0.9336507320404053
0.9121731519699097
0.8859527111053467
0.8658118844032288
0.8829854130744934
0.8150888681411743
0.8991810083389282
0.9232340455055237
0.9377069473266602
0.9602099061012268
0.9505570530891418
0.9521388411521912
0.9702953696250916
0.964057981967926
0.972815215587616
0.9850330948829651
0.9801202416419983
0.9790284037590027
0.9682027101516724
0.9820599555969238
0.9784765839576721
0.9664488434791565
0.9664086699485779
0.970637321472168
0.9693097472190857
0.9704086184501648
0.9649779200553894
0.9550530314445496
0.9585791826248169
0.9534435272216797
0.957487165927887
0.9384555220603943
0.911937952041626
0.795426070690155
0.8256857395172119
0.672494113445282
0.7773356437683105
0.73741614818573
0.7075872421264648
0.5427014827728271
0.6247079372406006
0.7255322337150574
0.6965624094009399
0.8063319325447083
0.8313416242599487
0.8056209087371826
0.6999216079711914
0.9015359282493591
0.908769428730011
0.953539252281189
0.9693577885627747
0.944742739200592
0.9795718789100647
0.987500011920929
0.9873781800270081
0.983035683631897
0.938727080821991
0.8811394572257996
0.9056098461151123
0.9017830491065979
0.9197149872779846
0.891165554523468
0.8997921347618103
0.9028586745262146
0.8979427218437195
0.8762888312339783
0.7969508171081543
0.5725242495536804
0.48751339316368103
0.7082705497741699
0.7211189866065979
0.5432660579681396
0.46772944927215576
0.6451800465583801
0.4567934572696686
0.6263953447341919
0.597461998462677
0.672528088092804
0.4786030650138855
0.4286463260650635
0.4495992362499237
0.7551371455192566
0.5431275367736816
0.7403326630592346
0.5534924268722534
0.7791290879249573
0.7942054271697998
0.7055953145027161
0.70097416639328
0.7017071843147278
0.7732886075973511
0.8286789059638977
0.8443350195884705
0.8406906723976135
0.8692508339881897
0.8525055050849915
0.7913050055503845
0.7880285978317261
0.7805730104446411
0.7550764679908752
0.8517332077026367
0.8830364942550659
0.9160876274108887
0.7802562117576599
0.8315460085868835
0.810049295425415
0.7879511713981628
