216.0,0.0,279.0,449.0
210,0,278,446
209,0,272,447
213,0,263,448
210,0,262,449
211,0,254,447
214,0,247,450
214,0,240,451
218,0,233,451
215,0,231,452
218,0,227,452
214,0,229,451
214,0,225,450
217,0,223,449
215,0,222,448
215,0,224,446
214,1,224,445
213,1,224,445
214,0,223,446
214,0,222,447
216,0,218,448
215,0,218,448
217,0,215,448
218,1,213,448
217,0,214,449
218,2,211,447
218,1,211,449
216,1,213,448
217,1,211,447
220,0,211,450
217,0,215,452
218,0,213,448
219,0,210,450
223,0,208,452
221,1,210,449
220,0,211,450
220,0,209,450
220,0,209,452
221,0,207,451
218,0,211,450
221,0,206,451
220,0,210,452
218,0,213,451
218,0,214,451
219,0,209,454
221,0,205,452
217,0,207,455
221,0,201,467
232,2,184,470
234,7,181,461
237,3,185,471
239,13,178,463
238,10,182,464
237,8,179,464
229,10,181,466
225,2,203,471
219,2,202,475
213,0,324,478
205,0,335,476
203,0,335,480
207,0,323,474
209,0,312,480
206,0,300,479
204,0,288,475
207,0,275,480
208,0,254,477
202,0,243,477
184,0,252,476
165,1,258,475
151,1,261,475
131,3,271,475
107,0,292,474
99,0,294,477
77,0,315,478
67,0,323,478
60,0,324,477
52,0,332,476
55,0,322,478
109,0,260,474
170,2,196,471
210,10,151,466
205,0,162,479
207,3,154,472
220,4,145,469
214,7,151,469
206,4,159,472
207,0,157,474
209,1,152,472
218,1,141,473
214,1,145,473
218,3,141,471
209,2,153,471
217,0,152,474
211,0,162,475
206,0,173,477
218,5,168,469
219,9,180,468
224,9,186,467
231,14,188,461
238,12,196,467
229,11,220,466
203,10,263,468
181,6,304,471
197,1,298,476
202,3,296,476
239,0,259,474
242,1,246,475
243,0,239,477
244,0,224,474
245,0,201,470
242,0,182,473
236,0,191,472
238,0,201,466
237,0,203,466
238,0,202,464
239,0,203,464
241,0,200,466
243,0,195,467
238,1,198,465
238,0,198,467
242,0,196,466
247,0,194,470
250,0,194,474
252,0,198,472
253,0,208,475
248,0,248,475
225,0,306,475
210,0,347,472
208,0,371,473
223,0,373,477
224,0,394,475
218,2,408,474
239,0,390,476
231,2,397,476
247,0,386,473
244,0,384,476
250,0,378,476
247,0,367,474
235,1,356,473
237,0,346,477
231,0,328,476
204,0,336,474
261,0,237,476
281,1,185,475
268,0,180,479
250,0,192,476
156,3,281,473
157,0,290,477
162,0,281,475
171,0,279,474
172,0,293,478
171,0,310,478
178,0,316,476
178,0,329,476
186,0,333,478
200,0,326,473
209,0,320,476
224,0,309,475
201,0,342,474
175,0,374,473
149,0,405,478
132,0,434,478
196,0,409,478
215,0,404,480
213,0,419,480
110,0,396,476
124,0,282,476
139,0,256,473
154,0,264,472
169,0,226,475
168,2,235,473
161,0,251,474
147,0,290,475
130,0,303,475
114,0,333,474
99,0,344,473
84,1,317,468
79,0,343,465
92,0,294,467
112,0,260,465
131,0,230,470
154,0,203,470
175,2,173,467
181,0,162,468
179,1,164,464
173,2,167,463
165,0,172,464
164,6,174,458
162,3,175,462
160,1,174,466
153,0,182,465
154,5,180,462
155,5,176,461
157,2,177,464
140,1,192,464
150,2,179,462
104,4,218,461
112,22,205,444
0,1,308,474
143,8,197,447
126,27,226,438
126,25,244,437
126,21,256,440
129,28,259,426
127,24,263,430
118,29,270,429
22,26,361,434
1,9,380,465
6,4,362,472
12,2,354,475
12,4,352,472
8,0,368,474
19,3,349,475
38,0,328,476
41,0,321,478
16,0,339,476
37,21,354,452
64,23,346,453
96,34,340,443
123,13,333,463
119,3,352,468
122,0,369,472
124,0,344,468
123,5,170,451
137,12,154,443
151,5,167,443
161,2,161,438
166,9,168,437
170,18,160,419
173,4,163,445
186,12,160,434
200,12,170,439
219,20,181,429
231,8,207,440
231,25,242,424
222,51,282,399
219,63,310,380
216,67,330,366
218,67,343,365
221,65,347,366
227,65,347,368
243,58,338,376
257,56,332,382
269,58,317,381
282,44,323,396
295,38,327,408
310,21,323,429
318,24,320,430
340,15,295,441
353,18,283,441
358,25,278,429
378,24,258,428
406,21,228,427
427,29,205,421
437,32,183,410
438,29,164,410
441,26,147,407
441,27,141,402
443,21,149,408
443,14,149,413
440,20,151,404
432,18,151,401
425,18,159,398
415,19,161,396
407,22,161,394
402,24,160,395
397,27,160,394
391,35,157,389
384,36,164,392
378,42,187,387
375,44,207,390
369,38,231,395
357,36,247,399
331,34,282,401
308,39,309,398
293,42,315,393
280,37,303,386
269,37,281,388
254,34,264,386
246,31,269,394
236,34,257,390
232,28,244,391
228,29,235,391
224,29,223,391
220,31,215,396
214,41,210,387
216,42,196,388
217,48,193,386
226,9,265,459
242,3,254,472
238,0,252,474
220,0,266,478
203,0,273,478
176,0,283,477
166,0,285,480
153,0,285,477
149,0,288,480
142,0,293,478
138,0,296,479
133,0,304,480
127,0,313,478
115,0,322,479
111,0,308,479
108,0,296,476
106,0,292,476
108,0,282,474
105,0,278,473
101,0,280,479
102,0,283,476
165,16,219,447
249,47,123,367
245,52,136,363
240,54,147,360
236,54,157,360
240,52,152,358
249,49,137,363
256,45,124,365
263,44,108,367
270,40,95,368
270,42,95,362
270,43,95,360
263,41,104,360
256,37,118,363
247,38,135,363
242,38,146,366
227,42,173,361
214,42,195,361
204,43,209,362
198,45,216,362
184,40,232,363
196,40,220,363
197,41,215,360
198,38,212,360
198,39,207,356
201,40,201,350
205,33,191,349
211,35,179,343
218,37,168,343
289,11,155,397
280,13,231,443
287,5,230,470
256,3,260,470
249,2,267,475
246,9,271,465
253,4,264,472
251,2,268,472
243,0,268,473
233,0,267,473
223,0,270,475
226,0,258,475
222,5,249,469
214,8,247,469
204,5,245,467
198,5,238,469
194,5,228,470
194,8,209,469
181,5,211,470
169,12,221,463
163,14,224,463
157,17,229,456
152,20,238,457
143,22,250,457
121,9,278,469
94,7,311,472
84,4,333,472
82,11,346,461
56,5,368,473
34,4,381,471
23,3,341,472
8,0,295,473
1,0,297,471
0,1,294,471
256,45,186,369
274,53,161,358
282,53,152,359
278,59,146,356
283,55,143,363
281,58,157,363
272,61,178,362
265,61,202,364
249,63,227,362
241,55,250,373
231,52,268,379
221,58,287,365
219,50,305,374
213,52,315,370
209,40,318,383
203,41,314,383
203,32,302,389
196,35,286,388
203,39,247,384
213,34,206,390
206,32,180,389
201,37,158,390
192,38,132,393
180,35,122,397
169,33,119,400
157,37,118,402
142,39,127,400
132,42,136,399
137,40,129,407
132,41,127,404
126,41,128,404
123,40,126,403
122,38,127,403
115,35,131,404
111,34,132,401
100,31,139,402
96,29,139,403
86,25,148,407
67,23,166,410
45,21,189,409
30,19,202,409
33,22,196,408
34,22,193,412
39,25,186,414
50,28,172,412
91,32,127,412
110,29,116,418
110,33,124,415
109,34,142,413
107,33,165,414
110,38,187,407
118,38,189,400
126,36,190,399
134,34,189,396
140,32,181,399
146,29,169,402
154,29,156,399
163,26,142,404
172,25,127,405
179,25,105,401
183,27,104,397
183,29,112,393
175,27,128,395
161,30,150,393
159,30,158,393
163,28,162,393
170,33,162,388
177,33,163,388
185,34,163,385
196,37,160,378
208,35,157,380
222,34,152,381
234,33,148,381
246,31,145,384
255,28,140,383
265,27,136,385
269,27,136,384
280,24,132,388
278,21,142,390
271,22,169,390
268,20,188,391
256,18,213,391
247,15,233,393
239,16,249,394
237,13,258,400
232,9,273,404
235,14,270,401
226,16,277,399
220,16,279,400
209,18,286,399
206,20,280,400
199,15,278,404
183,23,284,393
179,17,273,401
177,16,263,404
184,17,242,402
194,20,207,397
210,17,181,400
222,17,165,398
236,21,153,393
245,25,144,391
250,23,142,396
254,27,144,397
251,24,149,398
252,27,152,400
254,31,157,398
256,28,162,401
253,36,172,398
256,44,175,399
257,47,175,405
259,53,182,407
258,60,190,404
258,66,200,398
265,67,205,395
271,75,203,387
275,71,205,394
198,36,290,432
170,25,308,446
154,21,328,453
172,30,282,441
193,16,240,456
203,14,220,460
203,20,270,456
213,11,287,465
216,3,289,472
221,3,295,471
212,8,312,468
211,14,311,460
200,25,317,448
186,32,329,444
171,40,346,434
174,51,348,426
181,44,332,434
205,26,315,451
185,23,358,451
226,20,327,451
216,16,342,462
229,9,339,468
230,0,344,476
246,0,335,477
263,0,333,475
269,0,324,479
267,0,325,475
272,0,349,474
288,0,330,475
296,0,328,476
295,0,327,477
292,0,330,477
293,0,339,477
289,0,342,475
304,0,318,474
274,10,195,455
277,8,362,469
292,5,341,474
267,11,198,464
270,11,349,468
269,8,193,470
273,7,252,469
257,7,234,468
251,7,217,470
247,0,293,474
234,0,324,478
226,0,330,477
225,0,291,480
223,0,346,477
226,0,336,477
230,3,341,472
232,0,334,477
236,3,336,472
244,1,324,474
248,0,314,478
251,0,306,480
254,0,284,479
255,0,293,480
259,0,315,480
258,0,336,474
255,0,335,479
263,0,326,475
251,0,348,474
253,2,360,473
254,3,350,473
253,0,346,478
256,0,270,479
261,0,270,480
265,0,255,478
267,0,249,477
264,2,249,476
270,0,241,477
272,0,235,476
270,0,231,478
268,0,318,476
266,0,278,480
268,0,358,478
268,0,364,475
268,0,362,478
263,0,360,478
263,0,367,477
262,0,365,479
261,0,378,480
256,0,374,476
260,0,373,471
240,0,389,476
250,0,372,474
247,0,365,476
235,0,367,476
247,0,343,476
234,0,346,476
235,0,336,475
238,0,323,476
239,0,319,474
237,0,319,478
235,0,320,474
235,0,311,478
234,0,307,476
240,0,296,475
241,0,295,475
237,0,307,475
241,0,300,474
236,0,302,476
240,0,294,476
236,0,291,472
235,0,283,474
232,0,280,473
228,0,273,477
231,0,261,477
230,0,248,472
227,0,244,469
226,0,237,468
225,0,234,468
215,0,237,464
212,0,236,467
213,1,234,467
210,4,234,467
210,5,233,469
207,7,233,465
206,11,231,461
206,13,230,459
203,19,235,457
201,18,232,454
200,19,235,451
197,22,232,450
197,23,231,449
195,21,233,451
191,25,234,446
187,25,236,448
191,27,231,446
186,22,237,450
180,22,240,450
173,20,247,453
162,24,260,450
154,21,267,452
143,26,278,444
130,26,290,443
122,37,296,431
109,30,312,436
104,40,316,427
102,39,320,426
115,38,309,426
133,30,288,436
150,24,273,440
164,30,264,434
165,24,263,440
175,21,256,439
181,18,253,444
180,16,254,448
182,13,254,451
187,17,249,446
183,15,256,448
184,20,252,442
182,16,255,450
183,15,256,449
183,27,260,438
182,24,262,444
187,18,259,453
183,17,263,453
183,15,260,456
183,14,257,454
186,16,252,451
190,17,251,447
192,21,247,441
198,25,234,438
200,18,228,445
200,16,221,449
200,17,214,451
206,18,182,447
210,5,326,468
204,0,336,476
214,0,323,476
216,0,310,475
209,0,305,474
205,0,301,476
204,0,293,477
205,0,276,476
204,0,264,474
204,0,253,478
203,0,246,477
200,0,242,479
198,0,240,478
198,0,236,477
193,0,227,478
181,3,229,470
174,6,211,472
170,1,202,476
169,4,207,470
156,1,219,474
148,6,224,471
135,0,244,478
118,3,264,474
89,0,288,474
73,0,296,476
50,0,306,477
33,0,316,474
19,0,316,476
8,0,318,475
8,0,314,476
64,2,255,473
45,5,271,467
92,3,216,467
76,6,231,468
56,5,249,468
45,2,258,473
12,0,289,476
6,0,292,474
2,0,294,477
0,0,295,475
9,0,281,473
6,0,286,476
4,0,290,478
4,0,288,476
1,0,293,478
7,0,288,476
8,0,289,478
5,0,301,474
12,0,295,477
10,0,300,476
13,0,302,479
9,0,310,475
16,0,307,474
14,0,320,480
14,0,332,478
35,0,318,478
59,0,305,475
52,0,317,479
104,0,274,475
55,6,335,470
129,0,268,474
113,0,288,473
19,0,388,473
50,0,359,474
47,0,363,472
86,0,331,477
81,3,333,473
33,0,395,473
4,0,433,476
4,0,442,475
1,0,454,478
5,0,460,476
12,0,463,476
22,0,467,476
23,0,479,478
59,0,455,472
26,0,503,477
184,0,363,468
244,1,321,475
259,0,309,474
272,0,321,475
284,0,318,478
244,1,368,475
35,0,396,469
161,0,455,472
271,0,347,474
261,0,362,476
277,0,353,475
254,0,382,480
281,0,357,476
276,0,363,475
269,0,370,477
277,0,358,480
280,0,355,479
278,0,358,477
281,0,356,476
286,0,352,475
301,0,338,478
334,0,305,475
367,0,271,478
395,0,244,477
415,0,224,474
435,0,204,472
451,0,187,476
465,0,174,475
483,0,156,475
487,0,152,476
493,1,146,476
512,0,127,476
479,0,155,476
488,3,150,474
484,0,155,476
486,2,153,474
498,5,140,471
284,3,289,471
96,27,63,447
23,4,108,472
2,1,123,475
0,0,132,477
2,0,115,460
0,0,112,477
0,1,110,474
0,0,107,476
0,1,111,475
0,0,115,477
0,5,119,469
0,2,121,472
0,0,123,475
0,0,132,474
0,0,135,473
0,0,147,472
0,0,148,475
0,0,153,474
2,0,152,473
0,0,165,475
0,0,163,473
0,0,156,477
2,0,147,476
2,0,156,475
0,0,169,478
0,0,191,477
0,0,195,476
0,0,208,477
0,2,239,474
0,0,246,472
1,0,262,472
5,0,279,474
1,0,295,473
0,0,302,476
5,0,292,478
27,0,262,476
36,0,245,480
50,0,234,477
60,0,231,477
66,0,234,473
75,2,253,470
94,0,252,473
89,0,275,475
96,0,281,475
105,3,282,468
108,5,284,467
114,1,281,469
113,0,281,475
111,0,281,472
106,1,283,475
100,0,282,476
91,0,286,475
82,0,285,475
91,0,264,474
93,0,245,475
91,0,227,472
94,0,215,470
106,0,210,472
120,0,193,476
125,0,187,475
119,0,199,474
112,0,216,473
101,0,234,472
92,0,282,477
88,0,299,474
88,0,306,475
89,0,300,472
89,0,295,474
92,0,286,475
93,4,277,471
91,1,264,474
183,3,456,466
449,0,182,470
479,2,159,470
440,0,198,473
113,0,471,475
116,0,218,478
184,0,243,479
458,0,181,478
217,0,247,473
458,0,181,473
130,0,242,475
219,1,420,470
119,0,246,472
111,2,260,469
110,5,261,466
105,4,264,468
96,5,272,469
94,3,270,470
89,2,268,470
86,2,253,468
78,5,239,468
78,4,214,470
177,0,397,474
202,0,362,473
95,0,323,470
65,0,259,473
283,0,275,471
354,0,202,472
5,0,322,471
78,0,480,474
320,0,241,467
292,0,257,476
280,0,263,473
273,0,261,473
274,0,247,472
264,0,250,471
240,0,259,472
260,0,228,472
32,1,455,474
273,0,199,473
237,0,223,475
240,0,212,476
224,0,217,474
227,1,203,473
216,3,195,473
217,0,200,474
218,3,195,470
216,5,185,471
200,6,224,468
18,0,416,478
24,0,444,472
116,1,330,475
55,0,392,474
143,0,274,476
192,0,208,476
49,0,325,472
164,0,215,479
150,0,239,478
142,3,226,472
119,1,246,478
112,0,240,477
56,0,290,472
49,0,274,472
64,0,307,471
0,0,386,474
3,0,381,474
21,0,364,473
9,0,359,473
6,0,343,475
5,0,333,471
25,0,243,471
87,0,181,473
100,0,182,473
84,0,196,473
101,0,179,473
90,0,202,472
104,0,200,474
117,3,208,472
126,2,216,474
56,4,304,471
0,0,434,470
16,12,414,464
0,0,454,474
2,2,450,469
0,0,437,475
8,0,408,477
62,0,312,476
19,0,348,472
144,0,229,469
149,1,213,472
170,0,191,472
171,0,205,475
152,0,230,471
84,0,301,472
172,0,229,469
156,0,251,475
68,0,351,475
157,0,273,472
74,0,367,471
136,0,316,467
75,0,370,477
90,0,354,476
90,0,348,472
83,0,363,471
79,0,364,476
112,0,330,472
173,0,282,471
155,3,301,466
145,5,288,465
231,1,208,473
77,38,153,345
51,64,173,331
62,67,166,330
71,66,163,329
78,68,160,328
96,63,151,332
130,44,180,369
117,52,145,339
119,53,167,344
213,14,266,459
274,0,225,472
105,65,161,333
280,0,224,474
305,0,217,471
309,0,232,476
320,0,278,470
311,0,321,475
306,0,320,471
290,0,312,472
266,1,350,472
96,29,514,447
263,0,336,471
201,0,409,474
308,0,308,471
0,0,291,475
0,0,294,462
14,0,568,470
372,0,261,471
76,0,532,470
375,0,245,469
327,0,274,471
378,0,230,472
323,0,281,471
322,0,303,477
0,0,289,463
321,0,285,474
0,0,277,466
0,0,248,479
0,0,244,473
0,0,245,477
0,0,251,477
24,0,269,475
386,0,204,472
383,0,212,472
374,0,226,474
36,0,284,475
337,0,266,471
0,0,257,477
0,0,258,476
0,0,254,475
0,0,256,472
0,3,257,472
0,0,248,476
0,0,245,476
0,0,247,474
1,0,242,473
1,0,232,473
0,0,229,474
2,0,221,474
1,0,203,479
0,0,197,475
0,0,198,475
0,0,204,475
0,0,233,473
3,0,224,478
0,0,224,474
0,0,222,471
1,0,216,475
1,0,229,474
261,0,307,477
333,0,253,472
327,0,242,473
327,0,211,475
322,0,194,478
326,0,184,472
310,0,197,477
281,0,222,474
245,0,264,476
235,0,263,470
239,0,265,470
239,0,252,472
240,0,245,472
266,0,217,475
16,2,462,471
0,0,252,476
3,0,263,475
280,3,209,474
291,1,190,474
281,0,206,473
275,1,228,475
272,4,229,471
270,0,231,473
275,0,213,472
278,4,205,470
274,9,194,466
278,5,178,468
265,10,179,464
244,9,193,465
248,8,184,466
81,1,347,474
73,0,360,474
73,0,377,473
78,0,369,478
423,11,216,413
437,64,202,275
88,1,325,477
98,0,313,474
119,4,297,470
109,0,314,475
147,0,315,477
71,0,417,477
138,0,378,469
176,0,370,474
92,0,494,473
148,1,459,471
58,0,573,474
110,0,516,474
137,0,488,472
164,0,462,472
168,0,459,474
191,0,429,475
192,0,387,475
196,0,438,474
205,0,423,476
228,0,396,474
230,0,269,475
226,0,282,472
236,0,293,476
254,0,275,474
276,0,263,476
296,0,245,471
304,1,239,476
314,2,230,470
323,0,233,477
331,0,226,473
334,1,231,470
338,0,234,474
339,2,238,470
341,0,226,474
346,0,224,474
346,1,234,472
343,0,241,478
312,5,271,471
298,4,291,470
306,3,279,472
317,0,283,473
328,2,279,468
351,0,269,477
364,0,265,477
399,0,239,474
422,1,217,474
448,0,186,475
444,0,195,477
427,0,211,475
418,0,218,478
386,0,253,475
348,0,291,474
360,0,279,476
365,0,274,474
363,0,276,477
386,0,253,474
403,0,236,478
422,0,216,478
439,0,200,478
448,1,190,478
457,1,180,477
456,0,182,475
460,0,178,476
456,1,181,475
220,0,417,474
0,0,269,476
271,0,347,476
179,0,451,472
414,0,224,475
368,0,271,476
366,0,273,477
341,3,298,471
345,0,294,475
338,0,301,474
378,0,261,476
355,2,284,475
401,0,238,477
411,1,228,476
414,0,225,473
438,0,201,477
91,0,269,474
99,3,268,471
106,1,259,475
115,0,263,479
132,3,243,473
151,0,212,475
153,0,209,479
167,0,195,476
183,0,181,475
207,0,167,474
223,0,164,477
224,0,165,475
227,0,173,476
230,0,175,476
233,0,178,475
233,0,184,476
239,0,193,476
312,0,171,476
251,0,210,474
257,1,213,476
259,0,219,477
262,0,218,477
248,1,238,476
262,8,226,466
268,6,220,471
266,4,220,472
265,20,224,454
255,13,230,461
261,17,226,458
269,16,222,460
280,5,214,471
297,0,202,478
319,1,191,473
342,0,186,473
363,0,212,477
365,0,229,476
371,0,262,479
377,0,262,475
376,0,263,479
374,0,265,477
371,0,268,476
380,0,259,478
397,0,242,478
395,0,244,476
405,0,234,475
415,0,222,474
434,0,203,478
445,0,193,477
444,1,194,475
458,0,181,475
460,0,179,476
468,1,171,469
475,0,164,472
488,2,151,472
494,0,145,475
484,0,154,477
479,0,157,478
477,0,162,478
475,0,164,477
477,0,162,476
487,1,152,472
482,1,157,472
481,4,157,471
481,3,158,472
482,1,157,475
486,2,153,473
487,0,152,476
490,0,149,475
488,0,151,475
484,0,155,474
477,0,162,476
472,0,167,477
466,0,173,474
462,0,177,476
455,0,184,475
445,0,194,474
435,0,203,476
429,0,210,475
420,0,218,477
421,0,218,477
420,0,219,478
417,0,222,473
419,0,220,477
425,0,214,475
438,0,199,474
444,0,195,474
459,0,178,477
456,1,181,476
422,1,214,475
419,0,213,476
393,5,232,469
402,6,220,469
384,9,236,465
404,14,214,465
380,10,240,466
432,13,175,462
385,15,238,462
416,9,195,467
399,11,209,467
398,12,199,466
383,9,208,469
378,8,207,469
376,7,198,466
368,2,204,472
375,2,207,471
374,0,218,472
373,0,232,470
374,0,244,470
373,0,257,470
361,0,272,469
368,0,265,472
356,0,278,469
354,0,271,468
337,0,267,468
336,0,275,465
337,0,275,465
321,0,259,460
319,0,269,456
345,0,249,459
329,0,275,460
347,0,250,462
356,3,237,458
371,0,214,463
383,0,181,464
396,0,163,472
403,0,160,474
410,0,152,473
409,0,150,475
408,0,150,476
405,0,152,477
406,2,149,471
407,0,146,476
404,1,149,471
395,0,156,472
391,0,157,473
379,0,173,472
358,0,191,471
327,3,220,460
328,10,216,451
320,10,220,452
271,29,265,434
287,21,265,446
304,32,262,438
298,32,279,439
316,49,272,422
334,51,258,421
356,56,235,415
368,55,219,417
356,57,228,414
299,50,277,418
347,45,216,423
45,38,517,431
344,38,213,427
0,26,163,410
336,32,222,432
328,20,228,440
333,11,216,448
331,10,205,451
337,17,185,442
330,11,181,445
313,21,183,433
303,18,180,437
269,25,215,430
262,21,224,436
255,28,230,429
239,26,243,435
235,23,251,436
234,21,248,438
240,23,238,436
247,29,229,427
262,34,213,420
285,43,187,407
295,33,174,415
307,31,160,413
315,31,150,410
309,28,156,415
289,27,174,415
334,36,128,398
322,44,140,397
322,48,138,393
328,58,135,386
327,70,139,374
315,73,156,368
327,90,152,355
320,102,159,346
322,112,160,338
313,114,170,338
310,125,176,321
310,131,179,316
305,134,186,312
301,139,191,309
293,146,203,302
289,150,208,295
291,149,206,296
284,154,211,291
278,154,221,287
272,155,222,285
271,153,223,289
262,154,229,290
260,153,231,292
254,152,237,295
255,148,234,300
248,150,240,300
245,145,242,309
243,143,245,313
241,140,245,317
242,135,245,321
244,131,241,327
250,127,235,337
254,119,235,342
257,113,236,349
262,106,235,353
264,93,240,365
267,78,243,379
270,67,243,393
267,58,252,404
265,51,258,412
263,43,265,419
238,39,295,420
217,24,321,439
232,26,307,434
204,21,343,440
190,26,365,427
200,22,358,436
159,14,406,444
257,26,304,436
178,28,408,437
186,37,384,422
4,0,545,470
20,0,578,470
10,0,266,474
246,25,269,437
232,13,288,454
11,69,273,383
221,35,368,427
250,4,389,475
26,12,575,463
6,0,218,474
330,4,283,458
519,0,120,473
516,0,123,477
517,0,122,474
504,0,133,475
489,0,150,475
477,0,162,478
463,0,176,478
447,0,192,480
426,0,213,476
410,0,228,474
422,0,217,476
441,0,198,478
424,0,214,480
416,0,221,479
424,1,214,474
408,0,226,474
431,0,190,472
244,0,369,477
261,0,361,477
276,0,352,476
293,0,331,479
326,0,311,473
328,0,309,474
321,0,315,473
308,0,327,474
295,0,342,474
284,0,351,473
264,0,357,477
266,0,288,469
245,19,394,454
225,32,314,440
220,34,335,440
202,40,349,431
186,48,352,428
179,48,365,430
180,52,372,425
166,55,388,421
164,48,393,427
158,48,397,427
140,48,416,426
126,41,426,434
121,33,423,443
111,28,423,446
82,10,439,464
61,13,442,460
38,2,440,470
64,3,305,471
65,4,262,474
22,0,281,478
24,0,254,478
28,0,251,473
18,0,260,472
277,59,173,385
287,41,159,403
286,46,157,397
282,48,161,399
248,43,194,406
273,46,171,405
271,51,168,397
270,48,165,397
269,51,172,393
269,48,183,394
270,46,195,393
268,42,203,392
240,37,234,394
216,33,253,399
192,27,272,404
182,22,275,409
175,16,276,414
167,8,270,417
179,14,246,408
160,6,252,412
167,6,245,411
163,5,239,414
160,6,242,413
176,8,219,411
174,11,215,412
177,16,206,412
201,18,182,415
220,26,164,408
246,26,151,415
244,37,169,407
246,39,174,406
250,46,194,399
254,51,213,394
256,57,222,389
263,55,212,393
273,55,198,389
278,51,189,392
277,45,179,393
279,57,166,376
282,49,145,382
280,47,139,382
279,40,142,391
279,40,143,387
283,45,141,381
281,37,144,393
280,31,151,394
282,13,152,410
279,34,161,392
279,10,162,414
276,14,166,416
277,16,164,413
270,20,169,413
253,24,185,411
231,26,205,410
226,23,217,413
232,20,217,415
219,22,236,412
268,19,196,413
266,18,201,409
280,20,185,404
283,14,178,406
311,10,144,407
318,3,128,418
317,3,119,416
316,4,113,413
316,6,115,410
316,9,115,412
315,6,116,419
303,7,132,420
282,5,156,427
259,21,180,418
290,26,151,417
240,27,200,423
290,34,153,418
252,40,187,417
262,45,177,413
278,44,160,416
281,37,155,426
299,37,139,419
311,34,127,424
303,29,138,430
298,26,145,430
291,20,153,434
293,16,153,439
297,12,151,443
286,20,164,436
273,14,179,448
264,25,185,438
253,21,226,439
239,27,266,438
228,20,300,450
223,20,316,450
228,25,317,448
225,32,320,443
221,33,323,441
0,0,536,478
5,7,521,463
10,24,516,447
9,17,514,456
11,0,514,475
19,3,508,469
9,7,518,466
23,8,510,465
44,0,479,472
90,0,425,476
104,0,394,471
133,0,345,473
126,0,328,474
129,0,295,475
130,0,287,475
152,0,299,476
145,0,320,478
149,0,349,474
147,0,376,474
133,0,393,476
139,0,379,478
127,0,409,476
131,0,412,476
128,0,439,477
149,0,461,474
178,2,434,471
220,0,408,474
230,0,404,473
221,0,414,472
220,0,413,475
188,0,446,477
155,0,479,472
143,0,305,478
140,0,336,473
132,0,403,472
130,0,349,477
132,0,341,478
138,0,327,476
139,0,320,477
148,0,307,474
155,0,298,475
159,0,298,476
169,0,291,478
177,0,302,477
192,0,309,478
211,0,309,477
224,0,316,476
234,0,322,478
244,0,322,476
269,0,297,473
303,0,263,473
324,0,240,474
338,0,230,473
350,0,225,476
366,0,220,476
381,0,226,477
388,0,227,476
399,0,233,475
411,0,228,473
423,0,216,474
430,1,208,472
439,1,200,473
438,0,201,473
438,2,201,473
444,0,195,476
443,1,194,471
448,1,191,473
450,0,189,474
456,0,183,475
455,0,184,473
454,0,185,472
460,0,179,476
461,0,176,475
457,0,182,474
459,0,180,478
467,0,172,474
464,0,174,475
458,0,181,479
461,0,178,476
460,0,179,478
459,0,180,474
461,0,178,478
460,0,179,477
459,0,180,477
457,0,182,477
447,0,192,475
439,2,200,474
436,0,203,478
430,1,209,474
419,1,220,476
403,0,236,476
389,0,247,477
370,0,268,477
347,0,292,476
331,0,307,475
322,0,317,472
313,0,323,474
306,0,333,477
298,0,341,477
284,0,355,475
279,0,360,477
269,0,367,474
260,0,368,475
262,0,358,476
260,0,345,474
259,0,338,477
262,0,321,477
262,0,308,477
263,0,288,476
271,0,249,479
268,0,217,473
270,0,197,475
259,0,201,474
253,0,202,475
245,0,207,476
247,0,214,475
252,0,209,473
253,0,199,474
250,0,197,474
251,0,195,475
248,0,198,477
248,0,198,475
249,0,200,473
245,0,214,474
239,0,233,475
222,0,261,474
197,0,297,476
178,0,320,478
169,0,330,476
165,0,338,478
154,0,346,474
148,0,352,475
147,0,347,476
158,0,331,475
156,0,334,477
173,0,315,474
161,0,325,475
179,0,303,475
181,0,297,479
199,0,278,479
215,0,262,476
227,0,244,477
233,0,227,475
239,0,212,476
241,0,203,474
244,0,207,476
238,0,216,475
238,0,221,473
