195.0,5.0,186.0,473.0
195,5,186,466
196,6,189,466
198,7,185,463
200,9,188,463
202,10,185,462
206,11,181,461
210,12,179,460
213,11,176,462
218,11,172,460
218,12,169,459
222,11,167,459
220,13,169,459
224,14,162,456
220,18,166,450
222,18,167,450
220,18,168,452
222,18,166,451
219,19,169,450
220,19,167,448
219,18,165,449
217,17,169,449
217,13,164,453
216,13,165,452
216,13,162,453
216,13,160,453
215,10,157,457
212,10,160,456
213,10,159,456
212,13,159,453
210,11,161,455
209,13,163,453
209,12,162,455
210,20,161,446
209,12,161,453
208,22,162,442
205,19,167,444
203,17,171,446
203,14,173,448
203,13,176,449
200,20,180,443
203,17,178,444
202,18,182,444
205,23,187,438
208,21,192,440
210,21,190,440
211,19,192,440
212,27,190,433
213,19,190,440
214,18,185,442
216,15,183,443
219,15,177,441
219,20,181,436
223,20,173,439
221,19,175,447
227,24,165,438
226,27,168,442
227,31,162,444
230,48,161,426
228,50,160,425
225,52,160,423
226,51,159,424
226,45,160,431
227,46,159,429
227,32,160,441
229,31,158,440
229,24,161,439
230,14,157,447
232,8,155,449
230,4,160,447
232,3,160,450
233,4,159,445
237,2,156,446
239,2,157,447
237,3,159,446
241,4,160,445
242,4,158,445
245,2,159,449
247,1,161,456
249,3,160,461
252,5,159,464
244,8,161,464
241,14,155,460
234,18,157,457
233,29,146,448
229,36,147,439
227,41,143,436
218,46,144,433
212,47,141,431
202,49,146,430
191,43,156,436
181,40,163,438
171,31,173,444
156,23,188,452
143,17,192,455
132,14,198,456
121,9,206,459
113,6,214,457
101,5,211,459
91,7,216,453
80,5,214,456
70,5,215,457
62,5,217,460
56,2,215,462
50,3,216,466
42,2,211,470
34,2,207,473
29,0,212,475
20,2,202,475
18,0,202,476
24,3,194,476
28,7,199,470
33,10,203,466
46,14,196,465
46,12,200,465
64,23,188,453
72,22,191,454
80,19,187,459
89,11,181,464
90,12,185,464
91,8,189,466
94,10,189,465
92,4,194,474
103,4,186,470
101,1,191,477
112,4,185,473
118,5,181,467
116,10,186,466
125,16,186,457
129,15,179,458
130,16,178,457
135,21,178,451
135,25,178,449
146,32,166,443
140,25,171,450
146,35,167,442
152,23,166,451
152,27,163,451
162,24,160,450
161,18,164,457
166,23,166,451
157,22,178,455
166,20,174,454
18,2,296,477
183,12,162,463
0,0,201,480
0,0,195,473
0,0,193,476
187,8,172,467
164,26,205,449
166,23,209,451
188,16,192,457
188,29,216,443
99,13,321,460
32,1,392,474
38,1,385,472
56,0,370,470
66,0,362,470
70,0,360,475
68,0,346,472
114,3,302,472
38,0,375,478
60,0,340,472
66,0,333,477
74,0,319,478
107,0,279,475
99,3,285,470
165,12,221,464
77,0,317,478
84,0,306,474
93,0,302,480
100,0,300,476
111,0,290,480
118,0,286,478
122,0,274,477
126,0,266,477
130,0,260,478
129,0,257,476
126,0,256,478
129,0,244,480
128,0,241,478
125,0,240,475
122,0,232,474
113,0,243,478
107,0,249,478
99,2,254,473
89,0,265,477
89,0,264,477
89,0,264,475
85,1,272,478
98,1,281,476
109,0,273,478
122,1,266,475
139,0,267,478
141,0,295,479
143,0,311,480
138,0,320,478
147,0,318,477
147,0,338,479
144,0,350,476
150,0,340,478
151,0,350,475
160,0,343,475
158,0,344,474
155,0,344,473
159,0,333,473
162,0,324,477
156,4,328,472
149,1,331,478
158,0,317,475
147,3,306,473
145,1,318,473
152,1,308,475
152,2,299,470
151,6,291,463
159,5,271,462
158,6,255,461
161,5,284,459
169,7,246,459
177,2,293,470
178,3,296,476
192,1,276,475
198,4,272,475
205,20,277,457
210,23,269,456
207,19,262,460
220,35,237,441
223,25,261,453
225,40,264,436
229,27,246,451
231,32,260,445
232,21,262,456
235,17,273,462
234,15,276,463
232,5,287,471
235,2,292,473
227,0,306,475
233,0,302,473
230,0,314,476
229,0,286,466
234,0,316,473
238,0,245,451
235,4,153,435
239,0,166,437
240,2,168,443
240,2,171,454
242,7,165,451
244,22,164,443
248,25,162,438
248,40,160,427
255,37,156,431
256,45,154,424
259,50,151,415
258,55,145,405
263,39,149,417
262,54,142,399
262,32,148,404
262,26,157,413
260,11,175,423
365,3,164,461
269,1,203,428
330,2,204,456
332,5,201,453
262,0,125,429
261,24,160,408
337,9,209,462
262,0,261,466
262,11,250,456
324,33,213,436
265,10,265,462
270,30,192,438
337,31,198,442
269,35,250,434
266,49,170,424
271,50,161,421
271,61,157,407
274,62,156,405
273,57,152,409
308,45,212,419
385,23,151,431
415,9,170,442
415,12,170,446
375,8,201,425
412,1,174,424
369,2,215,421
420,0,168,415
419,0,176,420
410,0,186,420
422,1,173,427
386,9,214,424
354,8,240,429
411,29,194,424
365,33,230,421
403,43,193,420
327,46,257,418
402,58,192,415
262,63,319,405
274,75,304,395
265,67,298,401
270,84,287,381
262,75,302,398
265,115,188,356
264,101,164,367
260,113,128,347
258,115,136,345
257,85,130,366
257,98,154,357
326,88,237,386
256,22,257,428
350,59,211,398
236,23,316,416
250,52,306,383
236,38,310,387
244,4,314,422
236,0,324,424
243,2,312,414
231,0,319,419
233,5,310,408
218,0,324,412
221,2,316,413
168,0,370,420
203,23,324,392
165,16,367,417
161,39,362,395
150,48,384,407
144,62,205,378
152,72,380,397
148,73,368,394
152,82,165,381
150,83,169,380
147,85,169,379
150,81,165,381
149,81,163,380
146,77,161,380
144,65,162,384
140,63,162,382
135,55,161,385
125,51,168,384
120,46,168,384
114,36,175,386
116,32,169,387
108,27,170,390
104,23,171,392
101,17,162,403
99,17,167,404
103,7,160,416
113,11,143,423
105,9,147,428
109,10,153,430
220,19,385,446
116,11,161,440
116,33,509,443
102,13,528,457
127,24,381,447
158,42,165,429
164,64,158,408
168,65,166,410
172,64,172,404
182,42,167,429
192,53,163,414
206,47,157,417
219,37,145,419
225,29,158,427
228,34,142,408
231,25,135,420
228,26,128,417
230,15,118,423
232,19,117,422
227,15,122,424
228,14,125,427
229,17,124,423
228,16,127,427
226,21,131,425
222,24,142,424
216,21,154,435
206,41,169,415
219,54,166,408
217,52,175,418
221,57,187,412
240,61,174,410
245,59,174,413
251,59,172,410
249,55,177,414
259,56,178,404
268,53,172,403
270,52,172,402
272,47,170,401
276,51,169,393
276,28,173,411
280,40,167,398
283,37,157,401
292,31,151,407
296,26,149,416
297,37,147,416
300,26,152,429
308,40,142,418
304,38,153,423
310,31,154,428
317,30,161,432
319,47,167,407
329,46,168,405
334,47,160,409
341,45,161,412
348,43,163,415
355,41,162,416
365,40,159,417
369,41,161,417
379,38,159,417
383,33,161,423
395,32,161,424
400,29,164,432
408,32,162,429
417,23,158,441
425,24,159,446
431,21,165,452
445,14,164,461
454,18,162,457
465,17,159,458
475,12,160,465
484,7,155,471
491,10,146,465
485,11,154,463
480,18,158,453
489,17,150,457
499,11,140,460
507,14,132,458
521,12,118,460
542,9,97,463
542,1,97,473
542,5,97,472
542,12,97,464
539,11,100,465
538,12,101,463
535,14,104,459
525,10,114,463
521,11,118,464
515,5,124,466
508,4,131,468
504,2,135,469
497,4,142,467
494,7,144,462
492,5,147,467
487,3,152,473
487,7,152,468
481,1,158,475
483,1,154,476
483,2,156,474
469,2,169,474
458,2,180,474
450,11,189,464
434,6,202,471
427,10,210,467
422,0,217,474
432,0,207,475
433,0,205,475
430,0,207,474
433,0,205,473
430,0,202,476
419,0,200,476
411,0,206,472
398,1,212,476
391,0,202,474
384,0,193,474
374,5,189,473
346,5,209,473
346,5,195,471
338,6,196,469
324,4,202,473
305,2,217,473
301,0,214,479
289,0,221,479
286,2,220,475
282,5,224,472
277,2,232,477
275,0,217,478
273,0,214,478
261,0,228,478
252,0,240,475
239,0,245,476
228,0,247,475
217,9,261,466
203,6,261,470
188,7,272,467
184,9,267,470
174,23,269,451
176,10,262,465
173,20,262,456
174,22,254,456
176,28,263,448
184,26,241,448
193,31,257,442
196,35,218,440
201,23,237,449
199,32,215,438
199,38,221,431
201,39,225,433
195,40,232,427
187,29,244,439
186,19,246,450
188,33,251,438
201,21,248,451
180,28,223,445
277,59,168,411
258,61,194,409
232,55,211,415
171,34,263,438
211,39,249,432
175,36,279,436
166,29,241,445
238,48,209,423
166,35,240,438
221,42,212,428
180,27,230,447
287,75,148,396
253,62,185,409
193,36,197,439
260,71,178,401
195,47,182,428
205,33,180,441
209,56,178,420
220,42,176,434
213,31,178,447
223,66,205,410
231,32,181,442
236,51,174,425
243,38,170,438
251,35,172,440
260,35,173,439
268,27,186,447
279,29,163,444
285,28,183,444
293,34,158,440
300,26,158,448
306,31,165,438
308,29,148,435
311,30,149,431
314,27,148,428
310,30,141,421
306,31,148,420
307,30,148,421
302,39,162,411
295,35,154,416
292,38,171,417
295,42,148,407
291,39,184,407
284,50,155,397
283,43,156,399
276,34,196,407
270,43,166,401
278,43,279,394
260,47,168,401
275,45,249,394
298,63,226,384
264,57,179,387
416,70,150,367
415,68,152,359
405,71,153,357
406,72,148,354
400,77,146,348
394,76,144,347
387,76,138,351
378,81,139,345
356,79,135,353
344,78,143,355
216,77,175,357
213,69,143,372
225,72,171,363
332,77,150,348
336,78,137,355
330,74,138,358
326,81,137,350
328,77,130,355
318,77,135,358
314,77,129,358
302,78,136,355
300,77,130,357
289,76,132,356
289,78,125,351
272,78,134,350
275,78,121,345
258,78,131,346
253,77,127,343
243,78,130,341
230,76,135,339
227,77,131,335
213,77,135,335
206,75,135,341
193,74,138,343
187,73,137,345
178,70,138,344
167,68,143,351
157,68,143,348
148,68,144,350
137,68,146,350
127,68,147,351
123,65,143,354
123,68,137,352
130,70,137,352
125,73,143,348
125,73,148,347
123,75,150,346
120,76,153,340
118,77,156,339
117,78,157,335
115,79,158,334
115,77,156,334
115,80,154,333
115,80,153,329
115,79,152,329
118,81,145,327
124,80,136,328
127,80,128,328
133,74,119,332
135,75,112,332
140,78,103,330
142,79,103,328
142,75,108,333
145,80,106,330
143,81,113,328
143,77,113,333
145,80,113,330
144,79,114,331
145,82,115,328
146,84,119,325
148,84,121,325
151,86,122,323
149,82,124,327
158,84,120,325
154,81,125,328
155,79,125,332
155,75,127,333
160,79,124,333
162,79,124,329
159,75,127,335
165,77,123,334
163,71,126,340
173,74,114,338
178,73,111,337
178,70,112,341
179,70,111,343
179,71,114,343
181,71,115,343
182,72,121,342
182,69,128,347
183,73,146,343
194,72,152,341
198,70,146,343
202,77,143,336
203,67,144,345
206,75,141,339
208,67,140,344
210,70,135,342
209,68,138,342
208,64,138,346
204,62,141,346
205,65,136,344
197,60,135,349
186,62,136,348
183,59,131,349
185,59,125,350
195,64,118,341
189,53,127,351
179,60,134,347
189,57,120,348
188,58,118,349
181,56,122,351
176,55,120,358
168,54,126,361
161,54,132,359
151,59,143,352
144,56,152,354
130,55,157,359
122,54,154,358
106,61,161,355
93,61,164,357
82,59,168,360
72,55,169,366
60,54,171,369
51,51,169,375
47,49,160,379
38,50,155,377
27,48,157,381
25,44,149,389
21,51,145,386
18,45,140,397
13,45,141,400
18,43,140,408
26,46,146,410
32,57,143,397
30,55,150,401
38,55,146,403
36,56,150,404
42,55,146,405
44,56,148,400
48,54,150,406
53,51,153,404
54,54,160,401
56,51,158,404
56,48,159,406
53,51,160,405
50,51,167,407
51,54,167,400
45,57,177,400
52,57,166,401
50,60,174,397
64,61,152,395
64,63,152,395
84,60,133,399
70,62,151,400
99,67,126,384
97,65,129,387
116,65,115,388
124,57,110,393
128,59,113,392
131,57,115,392
133,52,122,398
134,54,132,394
135,51,145,397
136,56,164,388
140,56,172,390
137,57,177,386
141,53,178,391
135,60,187,384
151,57,170,391
149,55,181,392
145,64,181,380
163,64,169,382
171,65,159,381
174,62,151,387
176,55,149,404
184,52,141,405
194,49,129,405
204,47,122,398
214,48,117,399
220,46,113,402
223,45,118,402
226,38,122,409
228,43,125,408
215,42,144,410
211,39,153,410
220,41,149,408
225,34,148,414
228,44,145,405
192,31,179,430
153,9,219,452
171,19,207,444
181,28,201,426
179,11,207,443
175,7,221,464
180,4,212,464
190,2,199,472
191,1,203,475
200,2,196,474
200,6,200,468
197,6,209,472
200,7,213,470
201,2,220,477
211,3,214,475
209,2,217,477
214,0,211,475
216,0,212,478
233,0,210,476
252,0,209,477
253,0,229,476
267,0,238,477
286,0,244,474
296,0,246,471
299,0,258,472
300,0,265,473
306,0,269,476
307,0,276,474
305,0,285,474
308,1,287,469
301,0,299,472
308,0,283,469
316,0,272,472
301,0,279,470
297,0,253,472
295,1,237,470
284,8,230,457
276,4,234,467
271,6,225,465
254,5,232,468
238,2,245,471
227,4,242,462
211,7,248,463
210,7,244,457
207,12,219,454
211,1,256,470
216,4,260,470
218,11,254,464
218,16,249,458
218,20,247,455
214,23,252,453
205,25,247,451
194,26,233,449
186,36,269,441
171,37,138,427
159,50,141,424
146,41,147,430
136,51,149,419
118,38,155,433
105,46,156,425
93,46,163,427
86,41,155,431
75,34,156,437
68,30,158,440
55,31,162,437
49,36,161,429
39,29,169,435
41,29,375,448
4,31,163,435
205,1,205,474
192,0,214,474
182,2,213,473
173,2,206,471
169,0,201,475
159,1,200,478
149,2,194,473
147,2,165,476
142,1,161,475
135,6,160,470
130,5,151,471
129,0,149,477
126,1,147,466
112,5,169,467
96,3,185,473
83,2,186,471
73,3,188,472
65,0,199,471
47,2,220,473
95,0,182,474
73,0,226,476
86,0,231,476
91,0,239,476
92,1,237,476
107,0,248,474
101,3,257,473
106,5,246,473
121,7,232,470
116,9,226,468
121,8,231,466
134,5,229,469
148,29,213,447
162,4,201,473
165,0,203,476
189,15,190,459
209,15,187,460
214,10,191,465
229,7,188,468
219,6,210,467
241,16,204,460
264,5,206,469
292,11,191,464
309,8,184,465
301,0,203,477
331,3,179,471
332,0,186,476
331,4,195,472
354,4,174,471
357,4,173,472
377,1,163,473
332,11,207,462
376,4,175,472
44,55,309,392
6,55,317,390
0,60,142,357
5,64,140,345
9,65,138,347
14,65,129,340
26,67,129,345
30,68,121,336
38,70,116,336
48,69,110,336
57,68,108,334
63,69,105,331
73,70,102,329
83,71,101,326
92,72,100,324
102,74,100,321
109,74,101,319
114,75,102,317
119,75,105,316
126,77,105,314
133,79,106,311
140,83,99,306
146,84,95,303
150,84,98,302
150,85,96,300
153,87,98,298
156,85,96,298
160,85,100,300
163,84,104,302
166,84,104,302
172,84,105,302
175,85,106,302
181,83,108,304
186,88,111,299
190,87,111,298
200,87,108,299
204,89,106,297
210,88,108,299
216,87,109,300
224,89,106,301
230,89,106,301
236,88,108,302
241,88,108,301
247,86,109,304
252,86,111,304
257,87,109,302
263,84,109,303
269,85,107,304
276,82,101,305
283,83,99,306
288,83,97,308
298,90,91,305
303,84,91,310
307,83,94,313
314,87,91,309
315,83,98,313
320,83,105,319
311,95,122,313
317,99,126,304
313,94,140,310
323,93,139,310
330,91,142,312
340,89,141,318
351,91,138,316
362,89,138,316
369,86,145,317
387,83,142,317
396,77,145,322
408,76,145,322
416,71,145,326
425,69,145,327
428,66,151,331
433,65,154,334
437,66,158,336
442,66,160,338
450,66,155,340
458,66,156,342
471,65,154,349
480,67,150,348
492,72,143,348
494,73,141,350
493,73,140,351
496,73,137,350
496,69,138,351
496,75,138,343
495,74,139,341
488,74,146,341
491,71,143,340
489,72,146,341
491,69,144,345
491,63,143,351
490,66,144,350
490,60,145,356
489,59,147,358
490,57,146,360
492,54,143,363
491,54,143,364
489,54,143,364
489,52,145,369
488,58,134,363
487,48,133,374
487,49,133,374
485,50,120,374
483,48,119,376
483,46,118,369
479,21,117,368
474,13,120,380
467,14,124,375
457,3,133,378
448,2,140,379
428,8,155,372
413,7,165,370
413,3,161,379
407,8,162,376
408,8,160,380
408,15,157,380
407,24,154,377
408,32,152,374
410,40,149,372
406,47,150,370
406,56,151,366
405,59,151,367
402,64,151,364
399,69,153,361
394,73,153,359
387,69,155,381
378,89,153,367
374,99,150,352
367,89,149,364
363,93,145,358
359,87,140,359
355,89,133,357
352,81,129,353
351,70,127,360
349,64,126,360
347,51,126,360
343,43,127,361
337,37,129,358
331,30,133,354
327,20,137,362
321,6,140,370
319,4,139,371
318,5,137,372
317,4,137,374
314,2,135,378
313,3,140,381
313,3,138,384
311,8,138,385
311,13,136,381
309,9,133,390
304,15,130,386
299,14,125,392
296,15,124,394
289,19,124,394
276,23,122,393
266,25,125,395
257,25,127,397
248,27,130,396
248,29,138,397
253,33,147,394
259,31,152,395
263,32,156,396
270,30,151,393
270,30,159,396
273,32,160,390
276,27,168,396
280,30,167,392
285,31,167,392
291,29,167,397
299,30,160,396
302,29,163,396
314,22,156,400
321,25,142,403
329,31,138,395
332,29,131,399
340,34,124,394
340,34,127,396
344,35,124,396
349,40,120,395
353,44,125,391
355,44,135,393
363,38,149,397
361,33,170,425
366,56,161,393
366,55,177,395
371,55,221,410
371,64,156,386
378,54,171,395
387,56,165,394
393,57,160,388
404,56,156,389
423,50,148,398
437,43,193,427
456,39,170,433
462,41,167,433
464,41,162,433
465,37,162,436
461,39,163,432
461,39,166,429
460,37,177,440
452,40,185,438
448,41,190,433
444,43,190,430
443,42,196,432
442,45,195,430
444,39,195,436
444,43,193,431
446,45,191,432
447,43,192,431
448,32,190,447
450,16,189,461
453,14,186,461
458,0,180,475
462,0,177,475
461,0,175,476
453,0,184,476
444,0,192,475
435,0,203,475
425,0,211,476
415,0,220,476
404,1,228,475
396,0,232,474
395,0,228,472
383,0,232,474
377,0,229,474
376,0,221,473
372,0,219,475
370,0,216,477
367,0,211,477
366,0,208,475
371,0,195,474
370,0,195,476
373,0,186,477
373,0,183,473
373,0,178,476
379,0,166,477
378,0,165,476
379,0,160,478
375,0,160,476
369,0,165,478
366,1,161,476
361,3,162,474
355,0,168,477
352,0,169,477
345,0,176,478
352,0,171,478
342,0,182,478
319,4,202,472
306,6,216,468
296,6,223,469
284,2,234,473
275,12,246,462
293,11,227,465
284,12,231,462
275,8,243,466
277,8,239,468
277,8,239,466
278,17,240,457
275,18,240,456
283,15,228,461
291,22,219,453
282,23,222,452
368,31,138,438
371,31,132,431
375,30,126,425
368,29,133,436
370,35,127,419
367,32,130,421
362,34,132,424
362,31,134,429
361,31,134,421
359,31,138,420
353,30,146,419
351,30,151,415
354,31,151,410
354,28,152,410
352,28,154,408
351,27,158,410
346,26,163,412
348,23,161,413
347,25,162,413
348,23,161,417
352,24,154,415
348,25,160,417
352,26,159,414
352,27,159,414
355,27,159,413
352,25,165,414
354,21,167,418
349,18,175,420
349,19,181,419
348,19,184,418
344,15,195,425
350,12,194,424
350,11,195,423
352,9,199,424
350,13,201,420
354,9,195,428
355,9,192,428
356,6,189,432
358,9,184,433
362,9,178,437
363,13,172,439
366,13,168,442
364,16,168,441
367,19,167,442
367,19,166,445
370,21,165,453
368,24,168,448
374,24,167,447
368,26,178,448
377,22,175,450
369,21,189,454
379,19,183,450
378,19,189,453
387,15,188,457
391,13,186,459
404,13,179,462
407,9,178,463
415,6,173,470
426,6,169,469
432,1,166,476
435,0,167,478
442,0,163,478
444,0,163,479
448,0,164,479
456,0,161,474
462,0,159,476
468,0,157,477
472,0,154,476
475,0,153,478
478,0,151,479
478,0,151,480
481,0,150,480
482,0,152,480
486,0,149,478
487,0,147,476
488,1,147,473
479,0,155,476
474,2,159,475
468,1,167,473
467,6,167,471
466,6,166,470
464,9,168,468
464,7,171,471
466,9,167,467
465,9,170,469
467,7,164,470
469,4,162,472
466,1,162,477
472,0,157,478
469,0,162,479
469,0,165,478
472,0,164,475
478,0,159,478
478,1,161,477
478,1,158,477
477,0,162,476
473,0,162,477
473,0,162,477
473,0,163,477
473,0,165,476
471,1,168,474
471,2,167,474
467,4,170,470
460,4,177,470
455,3,182,473
450,2,186,474
452,0,183,473
445,1,187,476
445,0,181,476
441,0,178,476
444,3,167,475
444,0,158,477
440,0,156,478
431,1,161,476
437,1,151,476
430,0,157,477
248,0,202,480
432,1,151,473
426,0,156,478
416,3,164,474
375,0,208,478
351,0,236,475
104,0,186,476
113,0,429,480
393,0,202,474
392,0,188,475
383,0,194,478
373,1,202,471
165,0,385,475
370,0,181,473
360,0,194,477
348,0,196,474
346,0,197,477
343,0,189,474
341,0,184,478
338,0,180,478
344,1,172,473
253,0,259,477
347,0,167,475
59,0,190,477
353,0,153,475
53,0,193,478
349,1,156,473
350,0,157,477
347,0,158,476
338,0,187,478
335,0,187,472
327,0,208,475
326,5,198,467
327,3,202,467
320,3,207,466
313,0,208,472
307,2,206,468
299,0,207,474
293,1,200,471
286,2,199,469
278,0,201,476
277,2,189,474
271,2,180,472
269,1,177,474
273,2,172,471
264,1,184,473
276,0,175,474
277,1,176,472
273,0,182,476
272,0,181,474
257,0,196,477
254,1,197,474
244,0,203,472
240,4,201,471
233,3,200,473
232,0,193,476
237,3,191,473
245,3,195,473
246,3,196,470
249,7,191,468
252,4,190,470
255,2,190,471
259,12,184,462
263,6,184,464
271,6,175,465
274,4,174,472
278,7,167,466
284,11,165,461
296,14,154,460
314,10,141,461
325,6,134,467
338,11,131,463
344,10,140,465
350,8,147,469
357,5,155,469
359,8,161,469
364,8,176,465
368,6,180,469
371,7,187,465
374,7,191,468
375,10,193,465
381,8,193,465
385,11,193,464
389,7,191,465
389,2,199,470
395,0,192,472
400,2,196,471
404,6,195,470
416,6,201,466
426,3,183,472
444,2,172,471
455,0,163,476
445,2,164,474
439,2,159,473
434,2,159,475
425,1,163,476
414,1,173,476
403,2,185,472
397,2,208,474
386,2,223,474
384,0,212,472
378,3,224,471
363,3,228,470
358,7,237,469
357,4,219,469
317,6,259,469
333,6,232,470
296,4,260,474
335,6,208,469
334,2,205,474
339,3,197,472
349,2,195,471
354,2,194,474
368,2,188,473
373,3,185,470
384,0,170,475
393,4,167,470
391,0,176,474
393,0,178,476
391,1,183,476
389,1,188,476
384,3,188,471
385,1,187,473
379,2,189,473
377,5,189,468
372,5,186,468
371,4,183,471
371,6,177,469
372,3,172,473
379,1,162,475
380,2,158,473
381,1,154,474
376,6,157,472
376,4,155,471
373,4,156,470
368,6,159,469
365,5,159,472
357,4,159,469
352,3,158,472
346,4,157,472
342,5,161,471
337,3,161,473
328,1,164,474
321,2,165,475
310,8,170,471
295,4,182,473
278,7,202,472
269,7,198,472
260,8,209,468
258,7,211,468
248,5,204,469
250,12,195,462
241,13,203,464
243,6,199,472
242,13,191,463
243,13,191,462
239,14,181,460
237,14,178,464
232,5,173,473
228,13,171,463
226,11,167,465
221,12,165,464
210,2,170,472
215,9,160,463
207,6,161,465
204,3,158,468
204,3,153,468
173,0,177,475
137,3,207,472
102,1,241,477
104,7,241,471
113,8,236,471
119,8,234,469
130,10,226,468
138,6,221,471
147,7,218,470
167,5,211,471
189,0,201,475
206,0,201,477
222,1,206,475
233,1,204,476
249,0,222,477
261,6,239,469
279,6,246,469
288,10,245,468
307,8,250,469
322,13,248,463
335,13,237,464
356,10,213,468
372,6,242,470
392,10,216,467
409,11,219,466
426,6,196,471
448,1,186,477
438,0,200,476
474,8,165,471
496,2,143,477
490,11,147,465
523,7,116,470
547,2,92,475
534,10,105,469
526,8,113,470
523,6,116,470
515,6,124,472
514,5,125,473
506,3,132,473
514,18,125,459
522,11,117,464
522,10,117,464
514,13,125,464
502,5,136,472
506,11,133,467
499,7,140,472
497,10,142,468
505,8,134,468
505,5,134,470
501,5,138,471
508,5,130,471
512,7,126,466
510,9,128,467
519,12,120,465
507,13,132,462
509,12,130,462
498,15,141,460
508,5,131,472
519,15,120,463
516,10,123,467
516,13,122,463
521,14,117,461
526,44,113,431
530,47,109,427
527,13,112,459
522,3,117,470
526,15,113,456
520,9,119,467
509,0,130,477
515,4,123,470
508,4,131,473
512,0,127,474
508,0,130,473
502,2,136,462
494,0,142,469
487,4,147,469
467,6,168,469
453,5,179,469
456,2,176,473
458,6,173,463
456,6,179,469
449,10,177,465
443,8,187,467
437,10,194,465
433,7,192,470
426,8,195,469
419,11,202,467
408,11,205,468
401,9,213,467
395,11,221,467
385,13,215,466
385,7,226,471
381,7,229,467
377,9,248,468
378,4,230,472
370,4,253,471
369,9,220,467
362,3,249,473
353,6,239,468
345,5,262,473
336,7,246,469
327,2,263,475
324,8,239,469
322,5,241,471
306,3,255,473
295,7,266,472
289,5,266,470
280,3,277,476
278,3,277,476
277,5,271,474
279,5,258,471
280,3,260,476
283,1,228,478
277,0,224,475
272,2,248,473
266,1,240,477
260,5,254,471
254,0,244,479
248,1,271,477
242,0,246,473
231,2,270,474
229,0,256,479
225,0,257,479
215,0,256,479
217,0,251,479
207,0,249,476
204,0,246,478
202,0,243,477
201,1,236,476
198,0,234,477
196,0,231,476
197,0,228,474
193,0,227,477
190,1,229,476
195,0,253,475
183,1,260,475
175,0,282,478
175,0,270,479
183,5,252,472
180,10,245,467
172,14,250,461
206,25,203,452
247,29,151,441
236,41,153,431
235,34,146,434
235,33,134,437
192,18,156,450
174,18,80,460
182,34,160,434
189,29,62,442
189,31,151,440
193,26,136,421
191,31,148,441
178,37,158,439
172,47,166,428
165,41,166,431
146,39,199,433
138,42,202,427
137,41,193,432
125,49,191,423
113,52,198,417
101,39,197,431
91,37,201,432
67,29,212,442
55,13,212,459
40,8,213,461
49,8,188,462
39,5,187,469
41,2,174,472
37,2,168,473
37,0,158,476
32,2,149,473
22,0,150,476
13,0,148,475
1,0,154,475
0,0,151,476
0,0,149,476
0,0,185,478
0,1,204,472
1,0,217,477
2,4,217,473
2,2,216,472
5,2,224,472
5,0,239,471
9,0,231,470
7,0,234,471
9,0,233,469
12,0,231,469
17,0,228,466
27,0,215,464
40,0,199,461
56,0,183,459
70,0,171,455
90,0,158,464
101,0,158,469
103,0,168,470
117,0,166,472
126,0,165,471
134,2,170,469
146,3,178,472
147,9,228,468
151,12,225,461
153,13,224,462
161,14,217,459
156,14,223,461
159,12,226,463
158,13,230,458
159,9,229,462
161,5,229,463
165,3,224,461
171,0,216,462
190,0,198,456
203,0,188,455
210,0,177,450
223,0,167,450
232,0,161,464
251,1,147,474
260,6,148,471
261,14,155,461
190,9,234,468
257,21,175,456
282,22,164,454
256,27,204,449
289,26,177,448
289,13,187,461
292,17,197,456
304,10,185,465
306,7,192,466
309,5,191,463
311,2,188,466
316,0,188,467
328,0,176,462
332,0,171,470
206,0,291,476
351,3,170,466
120,0,166,476
371,6,160,472
131,2,161,477
244,11,281,468
134,11,170,466
390,23,171,455
145,10,184,466
374,24,206,453
123,0,235,476
119,9,231,467
105,9,243,468
359,14,249,465
91,10,238,463
81,22,243,453
73,13,237,461
71,14,230,460
66,6,240,470
58,11,230,465
57,13,234,465
66,8,220,466
69,9,215,467
59,6,232,470
59,5,223,472
58,2,408,461
61,0,232,466
49,8,221,468
38,2,226,476
34,14,222,459
22,0,230,472
18,17,218,454
6,32,216,437
0,19,215,447
1,20,209,452
0,28,199,442
220,22,179,451
213,22,174,454
201,23,175,453
192,17,170,460
183,18,168,457
173,20,168,452
165,22,163,447
153,27,164,438
143,28,163,438
137,30,164,435
144,28,161,438
144,34,164,439
144,31,170,435
144,39,168,434
141,30,173,442
138,39,176,434
139,31,171,442
136,37,170,434
135,39,165,433
138,40,163,430
136,43,161,429
139,39,164,429
159,41,159,418
171,45,156,424
180,39,158,426
196,43,152,426
208,44,147,420
213,42,151,420
231,35,142,423
239,39,142,424
246,39,149,420
99,24,220,449
283,37,135,419
73,18,265,441
250,46,187,402
190,32,163,439
108,17,195,455
270,35,159,420
343,36,139,417
155,19,238,433
168,21,167,447
198,14,152,451
193,19,158,447
198,14,162,452
287,10,81,456
218,22,158,445
226,16,160,453
243,16,155,446
285,17,133,435
254,24,162,433
399,15,188,452
459,7,141,459
447,8,166,466
265,22,153,419
454,8,160,462
459,14,157,461
459,9,162,465
469,5,146,469
455,7,149,466
447,6,157,468
441,2,158,475
440,3,154,475
435,2,158,474
430,8,160,471
426,1,160,477
407,1,176,475
391,6,187,469
387,9,186,463
358,5,207,470
382,7,163,461
296,18,155,443
313,15,245,464
347,2,207,476
358,5,195,470
299,9,204,459
329,4,208,472
340,7,194,468
310,7,205,468
319,4,188,470
314,5,185,471
296,9,192,464
285,13,187,460
240,16,222,453
217,12,217,453
192,11,237,461
181,11,256,463
174,13,233,463
172,10,259,462
166,10,231,463
164,6,228,447
163,4,218,456
165,6,200,451
165,8,201,454
172,6,184,439
171,2,190,454
183,1,189,466
189,0,194,475
197,0,187,466
208,0,180,472
210,0,192,475
213,0,156,465
221,0,169,474
210,0,187,476
209,0,184,474
207,0,185,474
208,0,186,476
208,0,188,479
204,0,195,477
202,0,199,475
200,0,207,476
199,0,214,475
200,0,216,475
204,2,212,472
205,11,215,465
211,18,210,455
215,18,211,454
214,18,215,456
212,21,218,452
217,21,217,452
229,8,216,466
239,6,217,470
248,5,216,471
270,0,197,475
275,0,200,474
283,7,197,468
288,0,181,476
291,0,183,473
289,0,177,470
288,0,187,473
288,0,188,471
293,1,190,470
294,0,199,475
297,8,206,467
299,9,211,466
298,12,229,462
298,12,234,458
297,11,253,459
302,9,249,466
308,13,255,459
311,11,248,464
319,10,243,463
327,9,242,462
333,10,202,462
341,11,221,466
343,19,184,455
349,5,202,468
346,6,190,469
343,6,204,470
342,7,209,466
340,9,208,465
334,0,211,471
335,5,210,467
332,3,209,471
330,0,207,476
332,2,202,471
336,3,202,473
341,0,205,474
345,5,206,473
350,4,204,471
360,10,212,463
369,13,206,459
381,2,208,472
389,12,219,461
389,10,231,463
399,13,225,461
409,16,219,460
417,9,184,417
435,27,185,447
441,14,182,452
450,15,175,448
459,24,173,451
463,23,169,451
459,20,172,454
455,6,174,470
449,6,177,472
449,7,173,468
446,1,177,473
448,0,170,479
444,0,174,478
441,2,171,475
428,6,185,471
424,6,190,468
396,15,221,460
395,10,222,461
393,10,222,459
397,7,213,464
395,4,211,469
399,12,207,464
401,2,202,472
400,12,195,467
398,2,181,474
394,1,174,477
382,9,181,470
383,9,171,467
375,13,172,465
364,13,165,466
348,12,165,465
332,9,163,468
316,8,165,467
308,3,164,474
288,0,174,479
270,3,182,476
252,5,192,474
237,4,205,473
236,3,195,474
229,4,194,471
219,3,194,472
209,6,195,470
198,9,191,466
195,14,177,463
191,19,165,458
184,23,156,452
173,19,156,458
162,21,154,456
147,23,151,453
132,25,155,451
115,24,160,453
93,25,170,448
70,21,184,452
48,26,191,444
31,16,196,452
18,9,201,461
14,8,192,458
7,12,189,461
2,9,187,463
2,8,183,468
3,11,183,465
0,11,187,464
1,11,185,466
0,16,185,460
32,11,436,466
6,0,329,480
0,0,173,480
42,20,238,450
5,18,176,461
0,19,172,460
3,20,296,451
0,8,173,471
3,22,213,449
11,19,184,456
337,4,145,475
180,3,324,475
54,21,176,451
68,25,181,436
77,24,166,437
97,14,405,461
349,0,194,473
116,43,163,411
123,32,163,419
131,30,169,423
141,39,171,417
156,47,164,408
173,50,162,402
184,43,158,414
200,44,152,414
217,53,152,408
229,55,151,401
244,64,147,391
260,52,147,398
275,56,139,390
286,56,147,384
300,49,140,384
314,61,146,370
323,49,145,379
340,58,142,371
348,44,151,387
362,43,139,407
378,41,124,405
373,10,229,449
387,1,242,475
395,4,230,467
393,6,227,471
389,7,216,468
371,6,240,472
364,9,241,469
360,5,239,472
362,2,234,474
361,0,232,477
360,0,225,476
352,0,222,478
341,0,217,478
339,2,210,476
328,0,220,476
323,0,209,478
309,1,212,473
290,0,216,478
272,1,236,478
246,2,250,474
228,1,258,474
208,4,280,473
195,16,293,463
167,12,304,467
150,15,307,464
142,15,302,462
133,24,321,450
116,33,345,440
275,46,192,400
296,48,174,383
297,50,173,388
301,50,166,384
294,47,170,389
291,48,169,388
281,46,170,390
272,43,168,394
265,43,168,393
256,42,172,395
248,39,172,397
243,37,170,400
243,33,164,403
241,29,155,406
236,26,152,408
235,22,143,414
232,22,140,417
239,16,126,423
238,10,121,429
238,13,120,429
231,7,128,438
230,11,130,440
224,11,137,446
220,12,141,451
216,12,148,455
220,16,147,455
216,19,162,456
210,27,164,445
207,30,165,445
202,34,169,442
199,38,170,436
194,40,174,436
193,38,169,436
189,39,170,433
189,37,164,435
192,36,158,435
204,39,148,434
198,31,151,442
203,28,142,447
199,30,142,445
200,30,137,443
196,26,140,453
185,35,149,442
176,33,154,444
166,33,162,443
157,34,176,442
147,36,181,438
139,40,196,436
128,41,200,435
118,48,203,429
115,37,204,429
108,19,203,450
107,21,200,445
97,21,204,438
91,22,199,439
88,22,196,436
94,15,181,449
104,19,164,451
102,22,160,450
106,19,147,455
108,16,141,460
103,16,144,460
104,14,140,463
100,22,140,454
100,21,138,456
92,26,144,451
80,31,152,447
75,28,153,450
63,28,165,449
54,29,179,448
46,32,192,444
38,26,192,449
29,22,194,455
23,19,196,457
18,18,195,458
12,17,196,457
9,18,190,457
9,9,181,463
6,18,179,454
7,6,177,468
6,12,169,464
4,29,166,447
7,17,153,460
12,21,147,456
12,24,143,453
8,25,145,450
0,29,147,445
0,33,140,441
0,15,132,460
0,22,123,452
0,16,122,460
0,10,140,465
0,11,147,467
0,5,167,471
0,13,171,461
0,6,165,469
0,11,162,466
0,3,155,473
0,11,159,464
0,2,155,473
1,16,148,460
1,7,144,471
1,10,137,467
0,17,141,460
0,8,138,470
0,12,138,465
2,16,138,460
4,13,138,465
10,10,140,468
15,19,144,455
21,21,150,456
31,20,150,456
36,15,151,461
41,23,154,452
46,25,161,452
51,28,166,450
53,26,169,450
61,23,174,454
67,26,180,448
68,27,180,445
71,30,179,444
78,33,175,440
79,32,171,443
77,40,176,435
81,37,175,438
83,40,173,434
87,37,169,440
94,36,163,440
95,37,162,438
112,34,147,438
124,33,139,442
138,42,127,430
147,44,122,427
155,39,119,439
162,58,119,419
167,56,123,421
170,60,127,417
166,59,143,419
164,54,158,423
162,54,169,419
166,47,176,425
168,41,170,426
171,36,171,431
174,31,163,431
173,24,170,438
167,22,175,431
169,12,173,441
173,14,170,435
173,8,167,441
175,8,166,447
174,15,164,443
178,10,154,453
176,20,151,449
177,24,145,446
167,22,146,452
167,32,142,444
158,30,143,448
149,30,143,448
141,34,142,444
139,39,142,439
132,36,152,440
123,30,164,444
117,36,164,441
88,22,184,457
76,20,187,452
46,15,211,459
36,6,219,467
36,8,213,463
35,2,207,470
34,3,208,469
26,1,211,473
9,0,229,477
7,0,228,478
10,0,226,479
10,1,224,475
3,2,228,475
1,1,226,473
2,0,222,478
1,0,232,477
0,0,249,476
1,0,255,479
0,0,274,479
0,0,297,475
2,0,307,477
1,0,317,476
1,0,332,480
11,0,343,475
0,0,378,476
0,0,385,475
5,0,328,478
9,0,371,480
20,0,375,477
23,0,291,475
87,0,262,476
6,0,180,456
128,0,243,477
161,0,205,477
163,0,192,474
189,0,179,473
183,0,178,476
194,0,183,475
187,0,196,475
211,0,179,478
191,1,207,474
226,1,175,478
233,5,176,474
235,0,178,476
243,0,173,479
248,0,193,478
259,0,200,475
266,0,205,477
276,0,201,477
284,0,201,480
285,0,210,478
302,2,201,474
310,0,204,479
322,0,207,478
7,0,177,476
349,0,207,478
4,0,174,470
376,0,206,478
27,0,556,478
7,3,171,463
22,0,248,472
20,0,169,470
20,0,166,472
25,0,168,471
34,0,163,469
37,2,163,468
40,0,166,472
41,2,172,470
41,4,177,468
50,5,177,467
53,8,180,465
61,11,178,461
62,16,176,462
64,23,173,454
70,22,162,454
72,27,162,450
74,26,157,449
77,25,153,454
71,26,158,453
67,44,148,435
54,49,156,430
43,46,160,433
32,46,160,430
21,44,164,435
15,43,165,435
8,37,168,441
3,27,166,450
2,29,160,450
0,13,158,466
0,5,156,474
0,1,152,478
0,0,151,477
0,0,150,476
0,0,149,472
0,0,149,472
0,0,153,469
0,0,157,467
0,0,156,467
0,0,155,465
0,0,150,469
0,0,153,468
0,0,147,469
0,0,152,470
1,0,156,473
0,0,159,477
2,2,167,477
9,4,165,475
19,12,155,466
32,22,138,455
32,6,143,473
32,7,152,472
36,16,152,463
34,9,162,469
32,13,174,461
31,10,184,449
33,2,183,450
35,1,183,454
41,0,182,451
49,3,181,453
40,4,197,457
59,2,186,454
61,4,185,457
69,5,183,454
80,3,173,461
82,7,172,460
90,8,163,459
97,11,154,457
98,18,155,452
99,19,148,453
98,22,144,449
96,22,147,448
96,19,146,453
96,20,145,452
97,19,148,450
101,17,150,450
104,16,154,453
109,15,152,449
115,14,155,448
120,15,157,443
126,17,159,444
131,19,163,439
137,19,164,443
148,20,161,435
157,23,164,437
164,26,161,426
173,28,159,426
182,28,155,425
190,29,152,422
197,29,146,424
202,32,145,424
207,33,141,418
213,34,133,415
218,35,130,410
224,35,122,405
226,34,119,406
231,30,120,411
240,33,122,423
248,50,125,406
254,47,129,408
255,51,135,407
252,54,151,399
262,48,153,401
266,50,154,403
269,54,160,389
272,48,166,398
278,48,168,397
293,45,165,393
306,38,157,405
303,40,158,402
304,33,153,408
304,28,148,409
300,24,149,408
300,19,146,409
296,17,144,412
293,10,140,412
291,7,136,415
284,1,136,413
281,1,131,412
280,0,126,409
272,0,128,411
270,0,124,407
267,0,119,410
266,1,119,408
265,0,119,403
264,0,120,406
257,0,128,404
248,0,136,406
243,0,137,405
239,0,139,406
235,0,138,408
230,0,142,413
228,0,140,416
228,0,139,418
225,0,141,419
227,0,139,421
225,0,139,427
224,1,140,431
226,4,135,429
226,11,134,425
226,14,133,426
228,18,131,425
226,25,133,423
227,32,131,418
222,38,135,413
226,41,132,415
222,44,136,414
222,46,136,416
220,47,137,414
219,43,138,415
221,43,137,414
218,43,140,411
218,40,140,406
219,37,139,410
219,34,140,410
220,31,140,411
220,29,141,413
221,29,141,412
223,27,141,415
220,28,144,418
223,29,143,418
221,31,145,419
223,31,147,423
221,32,152,425
225,32,149,430
224,34,179,429
224,40,154,427
233,32,191,438
230,37,155,430
240,31,190,437
256,30,142,438
229,27,155,442
232,30,155,435
232,24,157,442
234,26,158,441
236,21,160,446
236,19,160,447
237,14,166,452
241,15,162,451
239,13,166,454
239,10,169,457
240,11,167,456
244,10,168,458
247,15,167,455
249,18,171,452
245,20,174,452
257,13,317,466
259,4,283,474
318,0,253,478
261,2,294,475
258,0,302,478
258,0,270,474
258,0,266,474
258,0,264,477
258,0,259,475
252,0,255,476
237,0,268,475
219,0,279,474
208,0,283,478
196,0,287,477
191,0,285,479
183,0,284,475
187,0,273,475
187,0,265,477
187,0,261,474
192,0,242,475
196,0,235,474
198,0,230,474
201,0,224,478
205,0,218,479
209,0,212,475
208,2,210,472
207,0,207,476
204,1,206,475
196,0,218,477
183,0,226,477
172,0,248,479
164,0,253,476
154,0,268,472
143,0,279,475
137,0,280,470
128,2,289,470
114,0,301,472
99,0,318,474
98,0,318,476
90,0,326,475
85,0,330,473
80,0,337,473
73,0,339,475
81,0,331,471
84,0,325,475
84,0,321,474
84,5,323,474
79,7,323,472
73,16,329,462
69,9,329,467
69,14,327,462
70,12,326,461
63,16,330,461
63,1,311,474
68,0,271,477
67,1,252,477
65,0,200,476
67,3,189,472
154,4,240,470
78,2,305,471
203,17,197,462
194,17,203,460
216,18,186,457
188,11,216,465
220,11,187,465
216,7,189,469
217,3,194,472
213,0,199,475
217,3,199,473
221,0,198,476
217,0,203,477
222,0,204,474
218,0,207,478
215,0,218,477
224,0,210,479
233,0,207,476
230,0,208,475
237,0,203,476
233,0,212,477
242,0,206,476
238,0,207,475
241,0,208,475
245,0,201,476
246,0,207,475
246,1,204,474
247,0,207,474
249,1,204,473
244,0,214,478
249,0,203,477
248,0,209,475
252,0,206,476
250,0,208,475
251,0,208,476
244,0,216,476
244,0,214,476
241,0,218,476
241,0,221,478
241,0,220,476
245,0,215,476
245,0,214,475
243,0,216,474
241,0,216,473
246,0,213,474
241,0,217,475
243,0,214,476
246,0,213,475
252,0,207,477
252,0,208,477
252,0,204,478
250,0,209,475
246,0,209,476
245,0,214,476
245,0,217,474
245,0,212,473
246,0,206,478
249,0,209,476
251,2,203,475
245,0,210,473
241,0,217,476
244,0,216,476
249,0,208,475
247,0,205,476
251,0,202,475
250,0,205,476
249,0,206,476
250,0,208,476
250,0,206,477
253,0,205,477
248,0,209,475
246,0,211,477
248,0,209,475
245,0,212,476
