1
0.9998687505722046
0.9997517466545105
0.9995318651199341
0.9992639422416687
0.9989221096038818
0.9985324144363403
0.9981845021247864
0.9969037175178528
0.9982317090034485
0.9971217513084412
0.9970642924308777
0.9963017702102661
0.996006429195404
0.9958528280258179
0.9940179586410522
0.9903756976127625
0.9893254041671753
0.992159903049469
0.9965044260025024
0.9968647360801697
0.9988441467285156
0.9990672469139099
0.9986922144889832
0.9982262253761292
0.9984702467918396
0.996661901473999
0.9937009811401367
0.9958827495574951
0.9964522123336792
0.9963613152503967
0.9966411590576172
0.9973141551017761
0.9961579442024231
0.9900029897689819
0.9965885877609253
0.9878528118133545
0.9841257333755493
0.9879216551780701
0.9727108478546143
0.8737686276435852
0.9640533328056335
0.6411606073379517
0.5946158766746521
0.7233248353004456
0.731859028339386
0.7052521109580994
0.7694679498672485
0.6453346014022827
0.8028582334518433
0.7427257299423218
0.8965722322463989
0.8900378942489624
0.8616549968719482
0.9410769939422607
0.910206139087677
0.929909348487854
0.9331055879592896
0.9211888313293457
0.9623585343360901
0.9715518355369568
0.9683738350868225
0.9737895727157593
0.9589890241622925
0.9501762390136719
0.9314917922019958
0.9482784867286682
0.9472612142562866
0.9846677184104919
0.9810580015182495
0.9842637181282043
0.9789792895317078
0.9867801070213318
0.9821507930755615
0.9870162010192871
0.9887399077415466
0.9862611889839172
0.9857081770896912
0.984473466873169
0.9764772057533264
0.9778501987457275
0.9800056219100952
0.9765871167182922
0.9798231720924377
0.985700249671936
0.9874129295349121
0.9907681345939636
0.9926851987838745
0.9951735138893127
0.9961198568344116
0.9940892457962036
0.9932030439376831
0.9958221912384033
0.995684027671814
0.9974888563156128
0.9968581199645996
0.996868908405304
0.9989014863967896
0.9986144304275513
0.9993138313293457
0.9993133544921875
0.9995343685150146
0.9990254640579224
0.9986936450004578
0.9990423321723938
0.999131977558136
0.9992467164993286
0.9988579750061035
0.9991181492805481
0.9987524747848511
0.9982616305351257
0.9979540109634399
0.9978390336036682
0.9977593421936035
0.9961701035499573
0.9942976832389832
0.9963954091072083
0.9963938593864441
0.9948630928993225
0.9968246221542358
0.9966609477996826
0.9938872456550598
0.9850725531578064
0.9843118786811829
0.960363507270813
0.9341863989830017
0.9491019248962402
0.9826409220695496
0.8524497151374817
0.9360756278038025
0.9257701635360718
0.9238938689231873
0.9687118530273438
0.9663266539573669
0.9793297648429871
0.9795263409614563
0.9864585995674133
0.9623836874961853
0.992255449295044
0.9806339740753174
0.9928663969039917
0.9507223963737488
0.9500648379325867
0.9690285921096802
0.9646837115287781
0.9735772013664246
0.9286969900131226
0.8881508708000183
0.9398942589759827
0.939899742603302
0.9582026600837708
0.9370049238204956
0.9352157115936279
0.9429312944412231
0.8646268248558044
0.8685349822044373
0.9722707271575928
0.9136990308761597
0.8806028962135315
0.8873434662818909
0.9330117702484131
0.9731844663619995
0.9473792314529419
0.9482097625732422
0.9835910201072693
0.9584868550300598
0.972063422203064
0.8767319321632385
0.8769177794456482
0.873252809047699
0.923303484916687
0.926552414894104
0.8416138887405396
0.9522301554679871
0.9158278107643127
0.9613067507743835
0.95680171251297
0.9199814796447754
0.949891209602356
0.9285558462142944
0.9106131196022034
0.9298193454742432
0.8218705058097839
0.7609683275222778
0.7824646830558777
0.8098907470703125
0.8844140768051147
0.8809873461723328
0.779690146446228
0.7617368698120117
0.7967480421066284
0.5202619433403015
0.7250622510910034
0.7497079372406006
0.5734649896621704
0.5338702201843262
0.6763829588890076
0.6258196234703064
0.8091760873794556
0.675663948059082
0.5414685010910034
0.9998335838317871
0.9996942281723022
0.999574601650238
0.9990491271018982
0.9987936019897461
0.9938735961914062
0.6861364841461182
0.26518896222114563
0.32475826144218445
0.5185020565986633
0.9106383323669434
0.7230668663978577
0.5716963410377502
0.7491616606712341
0.807538628578186
0.8399205207824707
0.847698986530304
0.7752605080604553
0.7328273057937622
0.6999877095222473
0.4658660590648651
0.7772101759910583
0.6988866925239563
0.6647967100143433
0.8541060090065002
0.8113147020339966
0.8502209186553955
0.6301324367523193
0.6671499609947205
0.6046460270881653
0.7354665398597717
0.7779088616371155
0.807368278503418
0.8308182954788208
0.8206867575645447
0.8621718287467957
0.8558852076530457
0.8954770565032959
0.8661686778068542
0.8492547273635864
0.7734317183494568
0.8111437559127808
0.8784665465354919
0.8866135478019714
0.9157413244247437
0.9246190190315247
0.9823651909828186
0.9845010042190552
0.9683986306190491
0.965223491191864
0.9924383759498596
0.9852913618087769
0.9562363028526306
0.9168367385864258
0.9528824090957642
0.9545018672943115
0.9589733481407166
0.9688549637794495
0.9510824680328369
0.9571930170059204
0.9646875262260437
0.9560102224349976
0.9122239351272583
0.6891892552375793
0.7989606857299805
0.6607287526130676
0.963256299495697
0.9016726016998291
0.8250384330749512
0.7967488169670105
0.824550211429596
0.8421965837478638
0.8644472360610962
0.8115474581718445
0.7697635889053345
0.7947499752044678
0.841038167476654
0.8340063691139221
0.8895001411437988
0.8854565620422363
0.9146683216094971
0.8860528469085693
0.9076859951019287
0.9228538870811462
0.8878594636917114
0.8556165099143982
0.9164217114448547
0.8432633280754089
0.7705618739128113
0.8396880626678467
0.9036723375320435
0.9151816368103027
0.8647787570953369
0.8789581656455994
0.878564715385437
0.9355610609054565
0.9395419359207153
0.9608369469642639
0.9655846953392029
0.9581149816513062
0.9468721151351929
0.951557457447052
0.9363842606544495
0.9592140316963196
0.9494814872741699
0.9472587704658508
0.9743105173110962
0.9781029224395752
0.9469031095504761
0.9059935808181763
0.8677054047584534
0.9355885982513428
0.7798427939414978
0.9408668279647827
0.9442367553710938
0.9158217906951904
0.9145833849906921
0.9417381882667542
0.9569441676139832
0.9441177248954773
0.920130729675293
0.966939389705658
0.8799158930778503
0.868834912776947
0.8606751561164856
0.8554404377937317
0.9405894875526428
0.9707248210906982
0.9777023792266846
0.9435837864875793
0.9361207485198975
0.9416732788085938
0.9175586104393005
0.8544450402259827
0.9731821417808533
0.9332551956176758
0.9831593036651611
0.9554630517959595
0.97993004322052
0.9837332367897034
0.9657949209213257
0.9769299030303955
0.9620731472969055
0.9862483143806458
0.8817885518074036
0.9496347308158875
0.9509638547897339
0.9663991928100586
0.9506279230117798
0.9268059730529785
0.9555662870407104
0.950133204460144
0.8995057344436646
0.9832872152328491
0.980659008026123
0.9661330580711365
0.9682334661483765
0.9726715087890625
0.9334945678710938
0.903538167476654
0.9451186060905457
0.9344428181648254
0.88836270570755
0.9692895412445068
0.9557585716247559
0.9603227972984314
0.9586795568466187
0.9636242389678955
0.9770992398262024
0.9684092402458191
0.9801884889602661
0.9796251058578491
0.9796332120895386
0.9751774668693542
0.9627587199211121
0.9392573833465576
0.9640612006187439
0.9008648991584778
0.9284221529960632
0.9322391152381897
0.9182974696159363
0.9370301961898804
0.8515000343322754
0.8427060842514038
0.7646724581718445
0.8402915000915527
0.7373520731925964
0.8447661995887756
0.8782734870910645
0.8558840155601501
0.7306482195854187
0.7481008768081665
0.7729980945587158
0.8284149169921875
0.8196591138839722
0.7824645042419434
0.7953981757164001
0.7466673851013184
0.7577604055404663
0.7704853415489197
0.9999018907546997
0.999873161315918
0.9998520612716675
0.9997856020927429
0.9997343420982361
0.9996881484985352
0.9995319843292236
0.9992639422416687
0.9987773299217224
0.9982498288154602
0.9972339272499084
0.986702024936676
0.9895529747009277
0.955585777759552
0.9838502407073975
0.9657774567604065
0.9892882108688354
0.985566258430481
0.9495278000831604
0.965628981590271
0.9512758255004883
0.99024498462677
0.9591566920280457
0.9698768258094788
0.9591120481491089
0.9596275091171265
0.9223844408988953
0.8840227127075195
0.9883235692977905
0.9289283156394958
0.8826699256896973
0.8034824728965759
0.7135465741157532
0.7919961810112
0.14681822061538696
0.85630202293396
0.9662337899208069
0.9004384279251099
0.8184130787849426
0.7597258687019348
0.8039404153823853
0.14954619109630585
0.6408666968345642
0.838165283203125
0.9063768982887268
0.8409033417701721
0.890682578086853
0.507795512676239
0.9293334484100342
0.9180219173431396
0.9043123126029968
0.9504687190055847
0.8900236487388611
0.7276282906532288
0.9195784330368042
0.87678462266922
0.8998907804489136
0.889259934425354
0.9508641362190247
0.9489061832427979
0.9290075898170471
0.9083396792411804
0.774116039276123
0.7508428692817688
0.7730425000190735
0.7341940999031067
0.7899823784828186
0.8560169339179993
0.8870691061019897
0.8053086400032043
0.8105529546737671
0.8865426182746887
0.7797510027885437
0.6900714635848999
0.754104733467102
0.6171979904174805
0.7010389566421509
0.7079782485961914
0.5794585943222046
0.618950605392456
0.6527705788612366
0.666893482208252
0.5633988380432129
0.5446227788925171
0.596749484539032
0.5789123773574829
0.6280690431594849
0.6408173441886902
0.6520882248878479
0.6767932772636414
0.8154637813568115
0.767702579498291
0.7947720885276794
0.8585529327392578
0.8391273021697998
0.7295534014701843
0.8827040195465088
0.6519603133201599
0.7517572641372681
0.7112126350402832
0.7751141786575317
0.8090623617172241
0.7395786643028259
0.8327086567878723
0.5596551299095154
0.787718653678894
0.7773433923721313
0.7081408500671387
0.6991031169891357
0.6996008157730103
0.8523051738739014
0.8278006911277771
0.7811084985733032
0.7566947937011719
0.7271646857261658
0.6398077011108398
0.8226783275604248
0.7504623532295227
0.6645909547805786
0.6576086282730103
0.8039676547050476
0.8570955991744995
0.6839879751205444
0.7653270959854126
0.7131057977676392
0.6518219113349915
0.7381989359855652
0.6067031025886536
0.6813411116600037
0.534125030040741
0.8393673300743103
0.973805844783783
0.9375867247581482
0.9588991403579712
0.9126369953155518
0.8850432634353638
0.729901134967804
0.8660558462142944
0.713219940662384
0.7994279861450195
0.8198645114898682
0.8863195776939392
0.8394162654876709
0.8616419434547424
0.9450847506523132
0.7591546773910522
0.8537402749061584
0.8353879451751709
0.858242928981781
0.8598862290382385
0.8412935137748718
0.8174756169319153
0.8504285216331482
0.8418300151824951
0.8701453804969788
0.8636964559555054
0.8628413081169128
0.7977176904678345
0.7277757525444031
0.7534158825874329
0.694407045841217
0.6890267133712769
0.678912341594696
0.8223466277122498
0.6645515561103821
0.7869790196418762
0.8305827379226685
0.8100954294204712
0.8271445631980896
0.6094257235527039
0.884281575679779
0.7989227175712585
0.7678624987602234
0.7484581470489502
0.6283082962036133
0.6450936794281006
0.6607064604759216
0.6544199585914612
0.6305478811264038
0.5930685997009277
0.6161746382713318
0.692160427570343
0.7447936534881592
0.7109622359275818
0.7625295519828796
0.672821581363678
0.7444220185279846
0.7822427153587341
0.8358474969863892
0.8848935961723328
0.769474983215332
0.8555660843849182
0.8226480484008789
0.8841357231140137
0.6419270038604736
0.7947039604187012
0.8398782014846802
0.8764908313751221
0.872067928314209
0.7184396982192993
0.9999070167541504
0.9998761415481567
0.9998310804367065
0.9995094537734985
0.9986701011657715
0.9917750358581543
0.987537682056427
0.983662486076355
0.9575661420822144
0.9606120586395264
0.9723950624465942
0.9419137835502625
0.988882839679718
0.9534445405006409
0.8622746467590332
0.9756013751029968
0.9499372243881226
0.9307506680488586
0.9829323291778564
0.9717262983322144
0.9673705697059631
0.9365559220314026
0.7466006278991699
0.6537734270095825
0.17260241508483887
0.013261533342301846
0.04520455747842789
0.014124969020485878
0.005824151914566755
0.008167176507413387
0.008004455827176571
0.00781871099025011
0.007193294819444418
0.011506034061312675
0.007071173749864101
0.007949835620820522
0.0069621168076992035
0.0073607685044407845
0.015782590955495834
0.00960256066173315
0.009394981898367405
0.00857827253639698
0.0065751513466238976
0.010093825869262218
0.011475004255771637
0.01097632572054863
0.010654225014150143
0.009358958341181278
0.011822231113910675
0.013725468888878822
0.017254110425710678
0.010792413726449013
0.955866813659668
0.9349498748779297
0.9542219638824463
0.9736151695251465
0.938414454460144
0.9678952693939209
0.9099472165107727
0.748853325843811
0.7014894485473633
0.6747747659683228
0.734709620475769
0.8312975764274597
0.9594081044197083
0.9427968859672546
0.962125837802887
0.9858150482177734
0.9437342882156372
0.8352230787277222
0.8607718348503113
0.8543561697006226
0.9904974102973938
0.9604964256286621
0.956784188747406
0.6520041227340698
0.834169328212738
0.6005802154541016
0.7887573838233948
0.6041152477264404
0.7832293510437012
0.9189453125
0.9108214378356934
0.9456813931465149
0.6727951765060425
0.5047698020935059
0.7929259538650513
0.5732734799385071
0.753481924533844
0.6077649593353271
0.5353260040283203
0.5149464011192322
0.489853173494339
0.592207670211792
0.5111560225486755
0.5505521893501282
0.6031575798988342
0.7991541028022766
0.6461530327796936
0.5594930052757263
0.6022102236747742
0.6108267307281494
0.6317047476768494
0.8272601366043091
0.6874287128448486
0.7437824606895447
0.8361613154411316
0.443662166595459
0.3629220426082611
0.46624788641929626
0.3820742666721344
0.47397202253341675
0.6286861896514893
0.3292195498943329
0.3211440443992615
0.3132665455341339
0.6040374636650085
0.7697420716285706
0.8306066989898682
0.5662533044815063
0.7280444502830505
0.7014088034629822
0.50604248046875
0.535558819770813
0.6481615304946899
0.6168902516365051
0.4903181493282318
0.3099576532840729
0.43639880418777466
0.5334212779998779
0.5625738501548767
0.41549646854400635
0.38147613406181335
0.34879305958747864
0.3697083592414856
0.35570549964904785
0.41589024662971497
0.2627881169319153
0.3172241449356079
0.31525570154190063
0.2512863874435425
0.22926945984363556
0.15394067764282227
0.06692840903997421
0.10219427198171616
0.17840054631233215
0.1600281447172165
0.12430959194898605
0.12846659123897552
0.11387106776237488
0.1588216871023178
0.17044776678085327
0.12147349864244461
0.09603976458311081
0.21153517067432404
0.17899934947490692
0.20612916350364685
0.1458398699760437
0.23260597884655
0.2378544807434082
0.2931576669216156
0.2810439169406891
0.2513483762741089
0.1753723919391632
0.1859099417924881
0.2274768352508545
0.3291894495487213
0.17359668016433716
0.18049511313438416
0.374072790145874
0.45021000504493713
0.43229055404663086
0.4482995867729187
0.3429810702800751
0.3933047354221344
0.6627310514450073
0.4711311161518097
0.5577020645141602
0.5990505814552307
0.6308128237724304
0.5603917241096497
0.6536729335784912
0.7118821144104004
0.6977879405021667
0.7898057103157043
0.819562554359436
0.7536224126815796
0.3988082706928253
0.7119333148002625
0.7309171557426453
0.5802152156829834
0.7608909606933594
0.6546726822853088
0.599881112575531
0.13281062245368958
0.2601763606071472
0.4393979609012604
0.25451573729515076
0.42261824011802673
0.38678401708602905
0.49070626497268677
0.5575835704803467
0.3308348059654236
0.39063185453414917
0.39732250571250916
0.2434595674276352
0.28007006645202637
0.28012165427207947
0.2874509394168854
0.20237275958061218
0.2067471742630005
0.3162272572517395
0.22555164992809296
0.4748225212097168
0.3183756172657013
0.5731551647186279
0.23497290909290314
0.08678752183914185
0.1345318704843521
0.23837681114673615
0.6459757089614868
0.8376375436782837
0.7069246768951416
0.8908094167709351
0.868273138999939
0.9521889090538025
0.9110555648803711
0.9846084713935852
0.9958673715591431
0.8932426571846008
0.861906111240387
0.8210851550102234
0.7915084362030029
0.8980152010917664
0.9259358048439026
0.9842510223388672
0.9942923784255981
0.9908967614173889
0.9836910963058472
0.9832737445831299
0.9290838837623596
0.9159058928489685
0.8969305753707886
0.9311395287513733
0.9086630940437317
0.9588613510131836
0.967614471912384
0.969710648059845
0.9746817350387573
0.9725698828697205
0.9712979793548584
0.9623428583145142
0.9886786341667175
0.9885004758834839
0.9588720798492432
0.8690515756607056
0.9151211380958557
0.8366827368736267
0.8569655418395996
0.8040251731872559
0.8444879651069641
0.7628090381622314
0.9065287113189697
0.8972232937812805
0.9584115147590637
0.925618588924408
0.9687303304672241
0.9685520529747009
0.9589909911155701
0.9566608667373657
0.976502001285553
0.8321930766105652
0.9275788068771362
0.9496204257011414
0.826107382774353
0.8544295430183411
0.8532317876815796
0.6205555200576782
0.6138715744018555
0.5990978479385376
0.6119321584701538
0.7165013551712036
0.7784494757652283
0.625227153301239
0.7026715278625488
0.7106785774230957
0.6999104022979736
0.6553329825401306
0.6801625490188599
0.8439055681228638
0.784589946269989
0.6596505045890808
0.6381282806396484
0.6884834170341492
0.5185409188270569
0.6433165073394775
0.7305368185043335
0.6985654830932617
0.5488366484642029
0.6864572763442993
0.7382267713546753
0.5698607563972473
0.47475895285606384
0.6124093532562256
0.7246189117431641
0.8551859855651855
0.6394994258880615
0.6826934218406677
0.7870032787322998
0.4596853256225586
0.3788716495037079
0.7849400043487549
0.5499995946884155
0.527393639087677
0.6716383695602417
0.7356456518173218
0.7773352861404419
0.7064647674560547
0.7009578943252563
0.6219868659973145
0.5828869938850403
0.779449462890625
0.5178788900375366
0.48054584860801697
0.6141723394393921
0.6351817846298218
0.8060442209243774
0.9013665318489075
0.9230154156684875
0.9544227719306946
0.95367431640625
0.9189651608467102
0.8850032091140747
0.7892696261405945
0.8732216358184814
0.8358789682388306
0.7633252739906311
0.75705885887146
0.8669132590293884
0.8960283994674683
0.7545925378799438
0.7894013524055481
0.6482511162757874
0.8695555925369263
0.804959237575531
0.5846413373947144
0.5534483194351196
0.8378079533576965
0.8116987347602844
0.6997603178024292
0.8124821186065674
0.8381107449531555
0.9054219722747803
0.866766095161438
0.829967200756073
0.8550301194190979
0.7476046085357666
0.7825837731361389
0.781808614730835
0.8427639007568359
0.7891114354133606
0.6495127081871033
0.6441981792449951
0.748507559299469
0.5844674110412598
0.6030120253562927
0.7119067311286926
0.7940057516098022
0.7149882316589355
0.8019972443580627
0.7786091566085815
0.7380613684654236
0.8260533213615417
0.7225168347358704
0.5985265374183655
0.41785168647766113
0.6615877747535706
0.72737717628479
0.5564433336257935
0.744005024433136
0.7809039950370789
0.5665353536605835
0.6116806864738464
0.5323063731193542
0.5568246841430664
0.35188594460487366
0.6754043698310852
0.5303043723106384
0.4738388657569885
0.5120943784713745
0.6190837025642395
0.5888419151306152
0.4551931917667389
0.2812546491622925
0.46795639395713806
0.22514395415782928
0.4278254508972168
0.5811840295791626
0.3488770127296448
0.4962661564350128
0.5776337385177612
0.47416970133781433
0.43771451711654663
0.3493417203426361
0.6179811358451843
0.7192049622535706
0.5558101534843445
0.6915948987007141
0.5589261651039124
0.581626296043396
0.6122676730155945
0.5817984342575073
0.4596768021583557
0.4636293053627014
0.31096574664115906
0.40045636892318726
0.35429102182388306
0.3187706470489502
0.5992429852485657
0.44891878962516785
0.6066007018089294
0.3818697929382324
0.4881759285926819
0.2518277168273926
0.27938517928123474
0.7804144024848938
0.9304987192153931
0.8853680491447449
0.9049086570739746
0.7722676992416382
0.6112070679664612
0.4339439272880554
0.7067707180976868
0.718543529510498
0.5134802460670471
0.7282942533493042
0.6218081116676331
0.9630488157272339
0.9472217559814453
0.936759352684021
0.8977535367012024
0.9012660980224609
0.9287418127059937
0.8817455768585205
0.9304167032241821
0.8008494973182678
0.8122037649154663
0.6668969988822937
0.7203162908554077
0.7823711037635803
0.7026110887527466
0.739918053150177
0.5210703611373901
0.6089252233505249
0.7445904612541199
0.5122058987617493
0.5823262333869934
0.666799783706665
0.41120481491088867
0.3768002688884735
0.29809609055519104
0.42486703395843506
0.5243842601776123
0.6501138806343079
0.7206429839134216
0.7867754697799683
0.932575523853302
0.8475785851478577
0.8733870387077332
0.9415687322616577
0.9282287955284119
0.8359489440917969
0.9163296818733215
0.8450411558151245
0.8129820227622986
0.8479617834091187
0.7726498246192932
0.7700523138046265
0.7727506160736084
0.706521213054657
0.7121056914329529
0.6960834264755249
0.7130259871482849
0.8024959564208984
0.6961359977722168
0.8761568665504456
0.64475417137146
0.9376766085624695
0.8973268270492554
0.8733542561531067
0.9322085380554199
0.9658495187759399
0.9485960006713867
0.940399706363678
0.885092556476593
0.9371098279953003
0.8574333190917969
0.7770394086837769
0.8489944934844971
0.8331626057624817
0.7207799553871155
0.6993011236190796
0.7677822709083557
0.7146568894386292
0.7012328505516052
0.7894604206085205
0.7631570100784302
0.7702363729476929
0.7484015822410583
0.6914156079292297
0.7871145606040955
0.8639114499092102
0.8046344518661499
0.8470423817634583
0.8415676951408386
0.9389751553535461
0.9027007818222046
0.9558796882629395
0.9044128060340881
0.9399330019950867
0.8169646263122559
0.8718098998069763
0.8090388774871826
0.9113855957984924
0.9293331503868103
0.838456392288208
0.8451007604598999
0.6615962982177734
0.6833521127700806
0.6633092761039734
0.6926400065422058
0.8214350342750549
0.8342768549919128
0.6081755757331848
0.2640143036842346
0.45516088604927063
0.4019033908843994
0.48617711663246155
0.4495292603969574
0.3757787346839905
0.28975754976272583
0.5313563942909241
0.41764575242996216
0.3268773853778839
0.22820058465003967
0.22082220017910004
0.2295708954334259
0.19187840819358826
0.09963711351156235
0.11739570647478104
0.054081644862890244
0.20511192083358765
0.143295556306839
0.18173529207706451
0.11389198899269104
0.32255980372428894
0.22029127180576324
0.2680180072784424
0.5212913155555725
0.331378698348999
0.344216525554657
0.3848079442977905
0.329596608877182
0.3654632568359375
0.4282262921333313
0.2773045599460602
0.21266645193099976
0.20629572868347168
0.13206936419010162
0.3238547146320343
0.1424916535615921
0.3122216761112213
0.182548388838768
0.11865018308162689
0.1636703908443451
0.20999743044376373
0.3222470283508301
0.2906304597854614
0.3637232184410095
0.4589315950870514
0.5028727054595947
0.5334911942481995
0.5863669514656067
0.6249173283576965
0.5400971174240112
0.47438398003578186
0.668648898601532
0.6627280712127686
0.7181714177131653
0.48837873339653015
0.6377730369567871
0.5200942754745483
0.40095648169517517
0.4497692584991455
0.3743429481983185
0.3628705143928528
0.37098437547683716
0.3739544153213501
0.4235428273677826
0.3265015482902527
0.37991783022880554
0.30163127183914185
0.34137865900993347
0.3821013867855072
0.26868876814842224
0.41824600100517273
0.369673490524292
0.29799559712409973
0.29102474451065063
0.3545439541339874
0.4004688262939453
0.3009156584739685
0.37815234065055847
0.2578199803829193
0.4242764413356781
0.4408639669418335
0.4223857820034027
0.3733096420764923
0.48342978954315186
0.3796226680278778
0.5968518853187561
0.48987844586372375
0.372498482465744
0.4106104373931885
0.35644203424453735
0.4251895844936371
0.6148642897605896
0.5021568536758423
0.6530875563621521
0.6824986338615417
0.7497106194496155
0.47475314140319824
0.3166303038597107
0.3605273365974426
0.2084563970565796
0.29802975058555603
0.4124548137187958
0.27953290939331055
0.32608121633529663
0.5894383788108826
0.608433723449707
0.5937125086784363
0.6495680809020996
0.5870373249053955
0.6250578761100769
0.5709232687950134
0.40932896733283997
0.2528226375579834
0.18906448781490326
0.18009108304977417
0.4137175381183624
0.40817466378211975
0.2931443452835083
0.5274665355682373
0.14039967954158783
0.4160672426223755
0.3959302306175232
0.4706326425075531
0.6679052710533142
0.5991377830505371
0.610846221446991
0.6399475336074829
0.5269080400466919
0.7066790461540222
0.6820160746574402
0.8085166811943054
0.7035938501358032
0.6409969329833984
0.6848242282867432
0.6915202140808105
0.730681300163269
0.6198650598526001
0.598905086517334
0.561506450176239
0.47754156589508057
0.502690315246582
0.35669684410095215
0.31474727392196655
0.35419803857803345
0.2027689516544342
0.2461184859275818
0.26594382524490356
0.10248090326786041
0.1584940105676651
0.2742900550365448
0.37036776542663574
0.44293633103370667
0.14624617993831635
0.09020419418811798
0.04980887845158577
0.23000964522361755
0.2888592481613159
0.16901956498622894
0.048886049538850784
0.013836809433996677
0.45067644119262695
0.2755644619464874
0.15709872543811798
0.19253376126289368
0.28121858835220337
0.49533411860466003
0.25833016633987427
0.38834860920906067
0.2544373869895935
0.16010670363903046
0.12409653514623642
0.11956089735031128
0.1556350588798523
0.11938438564538956
0.21417199075222015
0.22084388136863708
0.35790517926216125
0.2763601243495941
0.38563886284828186
0.3175647556781769
0.3055535554885864
0.22886517643928528
0.16862693428993225
0.4473467469215393
0.3647581934928894
0.4026030898094177
0.5224666595458984
0.4329952299594879
0.48056405782699585
0.4532076120376587
0.3543277680873871
0.4129488468170166
0.31596627831459045
0.19375360012054443
0.40347906947135925
0.22853296995162964
0.15685103833675385
0.3166540563106537
0.2294704020023346
0.39886826276779175
0.26390594244003296
0.1379753053188324
0.626153290271759
0.40171077847480774
0.22600595653057098
0.30319634079933167
0.3417951762676239
0.227927565574646
0.27322307229042053
0.2266003042459488
0.22472292184829712
0.33873799443244934
0.3392872214317322
0.22230005264282227
0.27989059686660767
0.45627158880233765
0.26035076379776
0.29386773705482483
0.2787327170372009
0.3063725233078003
0.36021265387535095
0.15702791512012482
0.1546335369348526
0.17245155572891235
0.21360450983047485
0.12095537036657333
0.07512196898460388
0.15444178879261017
0.06518702954053879
0.25543922185897827
0.45638468861579895
0.2604295015335083
0.19944873452186584
0.24438026547431946
0.23231202363967896
0.42315709590911865
0.3944268822669983
0.3958902060985565
0.36315062642097473
0.2374415546655655
0.40146616101264954
0.368512898683548
0.3523625135421753
0.37798455357551575
0.17512984573841095
0.49788764119148254
0.25148820877075195
0.2973185181617737
0.32734954357147217
0.2907054126262665
0.3775913417339325
0.3326328992843628
0.5318682789802551
0.5077545642852783
0.29977652430534363
0.4571343958377838
0.5943129062652588
0.4909859001636505
0.5162602663040161
0.49015095829963684
0.5912275314331055
0.40141499042510986
