407.0,17.0,110.0,423.0
405,13,109,429
404,12,110,430
406,14,109,430
405,14,110,431
405,13,109,430
403,13,110,432
401,12,112,431
397,12,116,433
397,11,117,432
394,11,120,432
393,11,122,432
400,7,117,434
398,9,118,431
402,10,116,432
402,9,116,432
403,8,117,433
404,7,115,433
405,8,116,434
405,8,117,433
405,6,119,436
405,5,122,437
402,5,124,436
401,3,132,437
400,5,130,435
399,5,134,434
396,3,146,438
395,3,145,445
389,2,164,450
384,15,173,452
391,30,188,436
383,30,197,429
375,31,233,434
375,31,225,437
361,28,258,445
351,27,266,447
355,28,218,442
252,22,370,446
350,17,229,444
133,11,472,450
311,12,276,443
306,0,283,455
310,0,256,454
314,0,269,452
301,0,251,448
341,6,224,442
249,9,343,435
352,2,158,435
252,0,344,441
338,5,183,442
252,2,320,443
341,8,196,448
249,6,319,446
244,0,310,462
246,0,308,465
252,3,306,463
276,6,273,463
239,17,308,455
245,23,308,448
261,15,297,456
249,8,292,462
325,8,226,460
267,6,278,457
309,0,233,464
260,1,288,459
291,0,251,456
265,3,272,451
287,0,253,452
274,4,255,443
279,10,248,438
293,4,241,447
281,6,247,440
299,7,232,440
297,4,239,447
304,9,230,446
312,7,224,452
321,1,213,459
337,3,199,460
342,2,204,468
357,5,193,465
261,5,290,466
377,12,176,463
396,16,157,459
402,17,155,458
413,15,145,463
420,14,144,463
414,12,156,463
401,7,174,467
390,3,188,468
384,2,201,467
363,0,237,468
367,0,238,465
352,0,258,462
352,0,277,466
348,0,288,470
329,0,304,468
315,0,316,463
303,0,330,463
297,0,339,460
55,0,531,465
392,2,223,462
305,8,328,463
51,0,216,478
325,21,305,454
34,3,216,476
45,1,222,475
17,1,440,474
16,3,594,466
45,8,591,458
210,19,413,454
173,32,454,440
214,23,410,445
200,20,411,451
21,0,590,473
196,8,407,460
0,0,304,466
198,13,362,452
1,0,235,473
204,17,341,446
199,22,330,443
15,0,492,471
210,47,217,421
213,45,215,423
88,23,354,447
14,0,373,469
219,74,161,397
206,57,211,412
223,79,190,389
102,28,288,441
42,0,339,474
47,0,345,477
56,0,339,476
66,0,331,474
79,0,314,475
98,0,291,477
115,0,287,476
129,0,280,476
147,0,278,470
159,0,251,476
172,0,245,478
185,0,226,478
200,0,208,478
197,0,223,474
194,0,234,473
192,0,237,475
193,0,256,476
193,0,250,478
192,0,257,478
191,0,298,479
192,0,286,476
203,7,302,472
217,9,294,469
242,6,296,469
278,9,300,469
330,4,285,473
270,0,89,470
157,45,157,432
158,43,160,430
155,42,165,429
153,37,165,432
152,31,163,436
149,26,165,435
145,23,166,435
140,21,167,431
127,19,180,433
125,18,183,428
119,18,185,426
171,13,373,454
139,12,226,435
139,19,261,434
146,24,209,433
143,28,219,427
151,32,217,424
153,35,226,420
160,36,226,418
166,43,229,411
175,45,226,403
182,48,225,398
181,49,236,396
187,47,227,399
202,43,219,400
220,41,191,402
232,38,179,404
243,37,161,405
253,36,152,405
261,32,145,407
264,27,145,410
275,21,140,415
279,22,140,418
286,16,142,427
289,19,136,426
297,30,133,416
302,22,126,427
293,21,134,433
288,25,139,433
270,23,162,438
253,23,184,437
251,21,189,443
249,20,196,444
255,19,193,443
265,16,191,449
280,9,178,461
296,10,171,457
303,7,170,461
303,9,166,454
302,8,166,454
300,10,170,452
301,10,169,450
304,11,167,452
301,14,170,453
300,12,172,456
292,13,181,456
280,11,191,458
265,11,203,457
246,11,219,457
231,9,230,458
221,13,230,456
207,13,239,456
200,12,237,456
197,12,230,454
196,10,223,458
207,8,198,458
219,8,177,458
233,5,169,466
245,3,183,470
245,3,207,469
234,8,226,467
225,8,243,468
216,6,255,466
210,6,261,464
202,0,269,472
193,0,277,472
186,0,276,476
181,2,271,472
176,1,263,474
177,0,250,473
165,0,242,472
136,0,256,472
115,0,245,472
105,0,242,478
90,2,245,471
81,1,261,474
79,1,271,476
91,1,250,474
103,15,245,459
122,0,235,470
145,0,214,466
156,0,208,464
166,1,207,461
177,1,204,461
180,0,203,456
181,5,205,451
184,0,201,459
184,10,204,447
189,4,198,455
194,1,195,458
194,0,198,459
198,0,211,467
197,0,243,464
169,0,310,470
143,0,353,476
142,0,368,475
134,0,384,477
131,0,379,480
139,0,368,479
148,3,345,471
157,8,329,466
170,9,309,466
182,3,291,471
184,7,283,466
185,29,272,445
182,22,269,454
173,20,282,455
167,22,292,451
162,13,309,461
156,13,328,462
162,6,342,464
174,5,337,470
189,0,329,474
224,0,295,473
255,0,256,473
275,0,234,470
277,0,214,471
275,0,205,473
272,0,193,475
276,1,197,473
275,3,195,470
275,8,189,469
273,10,177,467
272,15,165,460
274,29,154,447
266,28,167,449
263,39,164,439
250,40,171,433
241,43,157,433
231,40,178,437
220,43,198,432
210,35,217,441
177,32,247,443
135,29,285,443
85,19,323,453
65,17,320,458
41,9,316,468
19,8,337,466
12,4,305,467
16,7,277,471
17,6,265,472
21,8,255,469
22,8,236,467
18,0,399,476
22,0,371,473
24,0,355,477
4,0,350,473
7,1,316,473
2,0,298,479
2,0,288,474
4,0,289,477
6,0,309,474
6,0,322,471
0,0,331,476
2,0,329,477
4,0,318,478
59,0,263,472
97,7,225,469
93,8,228,465
23,3,292,472
62,3,247,471
82,10,222,464
90,13,218,460
123,13,194,462
127,11,202,465
127,8,211,467
131,14,230,457
135,16,239,456
142,16,239,456
151,16,235,454
163,20,228,451
170,28,215,444
176,29,200,444
189,17,176,459
191,19,164,454
193,27,174,446
188,26,191,448
176,26,214,448
165,23,237,450
158,25,257,448
156,16,296,457
156,14,320,457
164,14,325,454
171,0,321,468
178,27,306,444
194,16,313,456
214,0,331,474
234,11,341,462
261,26,333,445
275,4,324,465
286,3,322,469
290,3,314,471
296,0,297,474
311,4,270,468
324,2,231,470
342,12,186,464
362,10,159,465
368,0,158,473
374,0,150,473
370,0,151,474
370,0,171,477
374,0,171,476
369,2,187,472
358,4,213,471
349,3,226,467
338,2,237,468
337,2,239,470
336,3,232,471
335,2,229,470
338,3,220,470
343,0,209,474
344,0,199,474
337,1,200,473
330,1,202,474
323,1,205,477
311,0,212,476
309,0,208,474
314,2,214,474
315,0,223,475
329,1,222,474
334,0,233,473
345,0,241,476
358,0,235,473
374,0,220,473
390,0,200,477
397,0,220,478
402,1,206,473
404,0,212,477
402,0,216,474
402,0,216,475
405,0,213,475
408,0,210,479
410,0,215,475
414,0,216,474
419,0,212,473
429,0,200,476
436,2,194,476
448,2,186,476
458,5,178,471
468,3,171,473
476,0,161,477
497,1,142,475
509,0,130,476
520,2,119,474
533,4,106,470
539,3,100,474
541,1,97,475
538,0,101,476
530,2,109,474
527,0,112,476
526,0,112,476
522,0,117,477
516,3,123,474
501,3,137,474
487,1,152,478
475,1,163,475
468,5,171,473
468,4,171,471
457,1,180,477
462,1,177,475
464,0,174,478
476,1,162,475
485,6,153,470
485,10,153,466
485,9,154,468
486,3,148,474
484,3,154,473
479,0,158,479
474,0,164,476
475,0,162,477
476,1,161,474
468,1,169,473
470,0,164,473
470,0,169,476
468,0,169,473
468,0,169,475
463,0,174,472
456,0,183,470
433,0,206,473
432,0,207,470
428,0,211,473
428,0,211,471
415,0,223,471
400,0,238,475
390,0,243,474
375,0,255,471
370,3,252,471
392,1,229,472
397,6,202,470
405,7,189,469
412,27,181,450
429,14,167,462
0,12,107,466
0,2,142,477
0,1,163,472
0,0,206,474
0,0,218,477
107,3,502,476
462,9,167,465
467,0,146,475
466,0,148,475
465,0,157,475
464,0,159,474
466,0,161,474
462,0,167,471
423,0,209,473
403,0,234,469
181,5,449,467
395,6,241,464
113,6,514,468
40,4,304,472
63,0,294,453
89,3,239,452
104,7,177,467
123,2,160,477
126,3,163,474
135,2,171,475
129,0,192,473
107,0,236,474
96,5,326,461
87,0,265,479
83,2,363,462
88,0,288,474
307,16,286,458
106,4,283,472
117,0,294,477
141,0,267,478
152,0,267,477
155,0,267,476
174,1,260,474
178,4,254,474
187,3,237,474
197,0,245,476
205,4,226,473
240,14,296,464
255,4,304,472
287,0,284,475
298,1,285,474
301,3,291,472
285,4,336,472
288,0,335,477
289,0,343,477
285,0,349,477
284,0,348,480
290,0,340,474
303,0,324,474
308,0,322,476
335,0,301,472
351,0,282,473
358,0,275,471
360,0,270,474
368,2,269,471
364,0,269,473
348,2,286,468
345,1,291,469
328,7,199,450
453,0,185,478
464,0,173,478
444,0,193,475
363,11,276,464
245,39,231,418
504,0,135,477
508,0,131,475
487,6,152,470
536,0,103,477
548,1,91,477
561,2,78,476
505,6,111,473
297,32,172,422
305,30,148,415
315,17,131,427
314,15,129,431
309,21,134,424
292,14,155,425
273,26,176,406
266,7,185,431
264,12,197,432
260,12,204,431
265,13,204,430
283,17,196,419
286,9,199,426
297,9,178,428
292,15,171,423
289,10,204,427
263,14,264,413
271,1,285,423
271,0,298,428
274,0,279,426
271,0,249,436
269,0,304,429
264,0,288,391
263,0,318,388
267,0,311,398
269,0,302,419
245,0,329,439
253,0,280,450
205,0,332,452
221,21,329,449
233,43,344,422
222,52,349,420
234,60,322,414
255,64,286,405
301,67,225,401
328,66,171,400
337,60,153,409
343,57,160,410
353,50,185,410
362,39,195,414
371,33,196,412
376,19,209,419
377,9,215,426
379,7,217,425
383,3,212,426
390,0,209,434
397,1,213,429
402,4,214,428
405,9,218,425
409,16,219,421
416,27,212,415
425,32,209,419
434,42,203,420
443,52,195,411
449,54,190,414
458,55,181,413
465,60,173,410
470,63,169,409
480,59,158,414
487,61,152,415
496,62,143,411
512,59,127,414
529,53,110,415
545,49,94,410
561,47,75,383
572,45,65,346
575,40,62,331
574,42,64,316
576,42,62,321
579,48,59,300
581,48,57,290
583,50,55,303
586,51,53,329
586,57,53,302
588,62,51,337
590,64,49,309
590,68,49,319
580,73,58,365
576,61,63,385
563,57,75,392
553,64,86,384
545,63,94,387
534,66,104,379
527,65,111,379
515,62,122,382
504,61,130,376
490,59,147,376
481,54,152,374
468,59,161,362
464,41,153,363
464,31,154,371
465,33,146,366
460,27,146,365
458,17,140,379
452,25,140,364
441,15,139,365
434,11,135,372
428,20,142,363
417,12,150,372
406,22,153,365
394,27,156,357
387,31,149,355
378,31,151,358
371,40,144,356
362,48,137,352
352,56,128,354
340,62,119,355
328,70,109,369
332,107,98,338
335,112,91,331
331,115,91,336
331,123,90,330
324,124,95,331
319,129,97,328
307,124,109,329
300,122,114,327
293,116,117,325
280,106,126,326
269,101,136,322
254,88,149,326
241,76,157,332
229,68,164,329
225,59,166,328
221,50,169,328
218,39,173,332
219,28,173,331
222,23,169,329
224,10,168,332
230,4,159,337
236,2,150,334
244,1,143,329
253,0,134,334
260,0,123,334
262,0,120,335
258,1,126,341
254,3,130,344
279,6,185,387
521,9,117,468
511,4,127,471
497,8,142,468
473,7,164,469
454,30,181,447
430,34,207,437
399,63,237,411
223,89,414,384
223,104,195,353
218,110,209,357
357,91,261,380
219,99,332,376
230,103,339,373
230,106,378,370
224,100,397,374
221,91,360,386
221,83,413,391
227,77,408,398
230,62,367,411
234,46,324,431
242,30,311,445
244,22,292,456
246,8,270,468
236,5,253,465
142,0,334,473
120,1,357,472
120,1,387,475
106,0,409,477
103,0,408,476
103,0,428,475
97,0,433,470
84,5,444,463
81,5,439,467
83,12,410,461
78,14,398,462
75,41,383,435
76,28,370,444
81,38,380,438
89,24,359,453
107,19,329,454
108,6,316,467
112,2,292,473
100,2,286,470
78,4,289,468
56,6,307,466
60,3,316,472
47,0,342,478
44,1,355,477
45,6,355,470
19,1,376,474
9,1,374,473
5,4,367,474
6,10,341,462
7,1,312,474
5,2,297,473
29,5,267,471
136,45,175,426
154,61,147,407
143,55,156,411
135,61,166,405
135,55,179,406
143,54,176,402
151,54,177,400
157,49,178,406
157,43,186,412
178,43,172,407
0,0,221,469
196,40,159,409
0,0,257,470
97,24,294,438
2,3,233,470
63,18,275,444
226,49,239,389
172,29,309,417
5,6,197,466
0,4,176,470
0,2,162,474
0,5,163,472
237,45,221,397
0,3,159,476
232,46,206,389
0,3,154,476
286,47,163,384
23,4,159,470
5,1,177,475
0,0,189,479
1,0,199,475
7,4,220,466
301,30,205,409
20,0,377,454
331,17,169,424
347,31,161,410
357,29,147,413
349,27,166,419
355,26,164,418
133,9,392,446
25,0,206,476
57,2,480,460
248,24,293,437
366,21,187,439
4,9,237,470
199,9,230,467
4,8,248,466
198,12,103,465
0,18,280,460
2,2,272,474
2,1,269,478
3,0,267,478
0,0,261,475
0,2,253,473
416,12,222,451
416,11,212,442
417,11,207,445
417,11,190,445
419,15,166,442
410,15,149,442
386,8,149,452
366,11,167,451
348,17,180,450
332,10,193,457
324,12,199,457
319,18,201,452
318,14,198,455
319,11,195,458
327,9,185,461
338,13,170,457
350,9,155,461
356,9,147,459
355,9,147,464
347,13,153,459
346,11,143,467
339,10,148,467
332,9,152,469
327,13,157,466
324,10,158,466
304,15,176,461
290,10,190,465
282,9,203,469
280,9,242,467
287,4,278,474
289,1,317,478
292,1,333,477
266,0,367,472
265,1,370,473
250,2,385,475
250,0,375,479
243,0,384,477
247,0,370,477
249,0,356,477
254,0,339,473
250,0,329,476
255,0,302,475
239,0,279,478
224,0,238,476
199,0,228,480
177,0,241,476
175,0,226,476
169,0,265,478
160,0,223,479
161,0,242,480
157,0,213,478
158,0,205,477
165,0,192,471
161,0,182,474
158,0,182,473
151,0,187,472
141,0,187,474
124,0,199,475
108,1,210,462
91,0,222,461
72,4,239,463
56,6,253,465
54,0,251,475
59,0,241,475
51,0,240,471
61,0,226,471
69,0,208,475
72,3,189,471
72,0,172,473
70,0,162,473
71,0,152,479
58,0,157,480
55,0,151,479
1,0,199,479
2,0,190,476
0,0,190,477
0,0,207,478
0,0,235,477
0,0,256,475
0,0,271,473
0,0,284,473
0,0,299,471
0,0,315,472
1,0,320,474
0,0,332,477
0,0,339,480
3,0,341,478
0,0,343,476
4,0,339,476
17,0,322,474
41,0,295,477
116,0,221,477
150,0,197,475
172,0,191,476
176,0,203,477
200,0,192,475
209,0,218,478
223,0,244,478
229,0,276,478
239,0,299,475
250,3,317,474
263,0,331,477
274,0,340,479
288,0,342,478
302,0,314,480
311,0,320,476
333,0,297,474
316,0,323,476
371,0,267,473
391,0,248,475
0,0,126,474
0,0,123,475
0,0,131,476
0,0,147,470
0,0,155,467
0,0,159,462
4,0,162,460
4,0,172,458
7,0,176,458
9,0,183,457
20,0,184,454
33,0,176,454
34,1,186,453
56,3,173,451
58,5,178,449
77,6,170,448
91,9,167,445
100,11,165,445
112,18,169,439
121,22,163,433
132,25,164,429
132,25,171,427
134,24,173,424
135,19,174,427
139,19,176,423
145,18,177,422
154,16,177,423
161,11,177,428
168,10,188,429
177,8,191,432
188,13,189,428
202,12,192,426
220,15,187,421
219,16,202,418
231,19,209,414
241,21,209,419
249,22,221,418
253,19,230,439
255,25,245,443
261,51,247,421
256,48,249,422
252,49,256,423
254,47,262,424
251,44,269,428
249,45,276,427
258,36,214,432
272,39,189,428
282,34,158,430
297,16,151,445
318,13,135,444
314,8,145,440
300,0,162,444
290,0,177,441
289,0,180,431
285,0,186,432
282,0,192,427
277,0,204,431
279,0,205,433
286,0,209,437
288,4,213,439
287,0,222,447
287,0,238,462
278,10,231,467
270,28,239,448
268,34,248,441
274,33,222,442
294,43,194,433
286,48,189,429
263,41,200,434
227,31,240,445
199,34,353,434
70,23,491,451
274,5,305,465
264,0,309,468
275,0,246,468
93,0,532,465
150,0,253,472
141,0,293,457
164,0,242,470
190,0,254,469
190,2,269,468
184,0,379,457
183,0,343,459
180,0,421,463
183,0,419,454
201,0,212,461
210,0,159,463
207,0,169,467
201,0,162,468
199,2,171,465
190,2,172,465
184,1,181,464
175,0,190,468
166,0,193,471
152,0,203,473
134,0,221,469
107,0,249,470
80,2,284,471
57,9,321,465
61,5,319,470
87,0,292,474
127,0,263,479
135,3,271,474
142,3,302,474
156,0,310,473
155,0,326,476
152,0,342,474
153,0,336,471
151,0,334,474
143,0,331,474
130,0,333,475
119,0,324,477
104,1,328,473
91,1,322,471
77,0,309,473
5,0,354,470
7,0,342,471
11,0,322,476
7,0,317,474
8,0,319,475
30,0,306,477
59,0,284,473
99,0,250,473
107,0,247,475
95,0,280,477
82,0,302,475
166,0,249,477
77,0,375,475
92,0,382,479
112,0,379,478
136,0,367,477
129,0,383,480
133,0,392,479
148,0,370,475
161,0,359,479
162,0,364,478
163,0,357,477
170,0,343,473
178,0,334,473
211,0,282,475
233,0,236,473
262,0,174,474
242,0,196,479
253,0,183,477
219,0,217,477
191,0,257,477
181,1,273,477
176,4,287,473
178,1,291,473
185,1,304,473
198,6,311,471
212,13,316,460
245,0,297,473
265,3,287,471
278,0,281,477
294,0,274,476
292,0,277,477
291,0,272,474
282,0,278,474
275,0,278,474
269,0,272,474
263,0,262,472
257,0,250,470
251,1,255,469
254,1,243,474
244,26,234,446
238,26,221,446
249,25,205,447
262,39,198,433
276,43,186,432
293,57,156,416
292,64,155,411
281,61,162,416
273,68,180,409
264,50,209,425
252,49,236,422
250,39,249,434
199,26,307,446
191,3,311,471
174,0,331,473
158,0,340,473
138,0,354,478
128,0,354,475
81,0,400,480
92,0,388,473
52,0,416,472
50,0,412,474
38,0,422,475
29,0,423,470
21,0,436,475
94,0,325,474
101,0,313,474
13,0,392,474
30,0,368,475
37,0,362,476
17,0,379,476
16,0,379,475
15,0,376,474
32,0,358,479
47,0,349,479
75,0,305,474
104,0,272,479
134,0,241,474
165,0,197,478
190,0,169,477
194,0,163,478
192,0,162,479
193,0,157,478
189,0,159,478
187,0,172,477
178,0,189,479
173,0,197,478
168,0,200,474
172,0,200,474
180,1,197,471
193,3,190,475
201,6,188,472
216,5,182,471
224,7,182,470
231,14,180,462
238,22,177,455
240,11,177,466
245,18,179,457
245,22,185,453
248,20,203,458
248,4,220,472
247,6,225,468
248,3,228,470
251,6,228,466
253,4,223,468
254,5,216,468
258,2,217,470
263,4,224,467
269,6,232,468
273,10,243,461
282,10,249,465
290,13,254,463
297,19,259,458
309,14,258,464
315,19,263,457
324,27,266,448
324,29,276,442
320,33,285,440
317,38,290,437
311,36,299,439
308,40,306,433
305,31,310,443
303,38,313,433
298,30,316,439
299,34,307,430
293,30,305,424
296,30,289,420
296,27,274,416
300,33,246,419
300,38,211,421
310,47,192,405
320,56,182,395
327,52,170,402
337,48,157,402
338,53,152,412
337,65,153,399
327,63,162,393
322,71,171,384
318,65,175,385
318,58,174,391
317,59,172,389
315,46,172,393
314,40,170,396
307,36,167,400
291,29,172,404
278,27,172,406
269,22,171,407
260,22,172,410
254,24,171,406
254,24,165,405
258,12,159,423
260,16,156,421
262,16,145,429
272,9,127,427
283,0,250,475
292,0,250,478
298,2,205,470
271,0,231,479
266,0,226,471
261,0,232,476
257,0,237,472
249,0,241,474
235,0,251,475
226,0,253,476
221,0,253,475
213,0,260,474
209,0,262,477
207,0,258,477
210,0,250,477
206,0,243,476
197,0,260,476
188,0,279,478
178,0,293,474
173,0,308,473
177,0,317,477
230,1,280,468
144,0,335,475
170,0,367,425
335,2,208,407
346,1,199,382
346,0,208,377
350,1,207,380
364,1,199,381
376,0,193,386
393,4,183,381
407,6,172,395
423,5,169,396
442,4,160,399
461,2,152,422
485,20,143,421
513,38,126,412
539,36,100,432
562,63,77,398
505,71,134,394
568,86,71,379
576,87,63,370
579,93,60,361
570,83,69,366
577,81,62,356
559,82,80,352
368,34,19,327
186,22,176,238
108,0,232,388
82,0,238,478
73,0,232,475
76,0,220,474
66,0,219,477
53,1,219,475
43,0,224,476
26,0,235,475
8,0,255,472
11,0,237,477
4,0,232,474
4,0,220,471
1,0,209,472
5,0,184,469
2,0,178,476
1,0,170,478
3,0,164,477
5,0,158,476
1,0,159,475
0,0,158,474
0,0,152,476
0,0,141,476
0,0,142,475
0,0,133,476
0,0,133,473
0,0,130,476
0,0,118,471
0,2,111,473
0,2,107,472
1,4,114,470
0,9,120,466
1,10,115,463
0,9,106,465
2,10,92,463
0,11,81,450
0,21,79,444
0,54,90,414
0,60,93,405
0,104,107,351
0,114,111,337
0,121,113,317
0,128,110,317
0,134,106,304
0,139,100,304
0,141,96,302
0,139,90,305
0,141,80,307
0,136,70,313
0,127,75,319
0,133,70,309
0,133,63,316
0,130,82,250
4,101,65,274
36,2,101,362
329,71,190,302
504,10,135,465
516,8,122,468
509,7,128,466
501,4,136,469
490,13,137,461
483,8,140,464
476,9,144,464
467,7,145,464
452,5,156,465
444,6,162,464
435,5,163,466
426,5,172,467
417,9,187,465
407,8,205,464
400,11,207,458
387,12,211,457
376,16,207,455
339,22,228,450
303,24,240,446
272,26,247,446
244,28,261,444
225,22,249,451
211,21,249,454
197,19,258,456
186,18,248,455
177,18,247,453
173,15,238,458
180,17,226,454
187,24,221,449
202,25,207,449
217,22,208,451
235,28,211,444
262,26,198,446
288,28,193,442
287,30,202,444
291,34,205,437
291,35,207,438
290,36,204,440
293,34,196,438
295,35,190,441
296,37,176,437
296,40,185,434
300,41,198,435
303,36,197,436
309,36,192,438
314,34,188,438
315,29,197,445
318,32,219,443
319,17,240,453
319,16,250,458
322,12,251,462
326,10,243,466
330,13,225,465
338,16,208,460
354,6,177,472
360,4,158,473
347,0,185,477
326,2,219,475
315,8,243,467
305,3,259,473
308,3,264,474
304,4,275,471
310,2,277,472
314,1,279,478
316,1,297,477
338,0,284,478
356,0,272,477
376,1,258,475
405,0,232,476
449,0,190,472
465,0,172,477
460,0,175,479
462,0,177,480
374,0,259,480
12,0,213,473
492,9,147,470
504,2,135,475
516,4,123,473
535,2,104,475
547,0,92,479
550,0,89,479
553,0,86,478
551,0,88,475
548,0,91,476
545,0,94,478
545,0,94,477
540,0,99,478
534,0,105,477
526,0,113,476
519,0,119,477
505,0,134,474
494,0,145,476
485,0,153,480
468,0,168,477
452,0,183,476
450,0,189,477
172,0,255,472
80,0,245,480
89,0,262,480
96,2,218,476
406,0,233,473
123,0,480,476
79,0,267,474
392,0,247,476
404,0,235,480
397,0,242,480
432,0,207,478
452,0,187,480
460,0,179,479
462,0,175,477
456,0,181,480
449,0,184,480
435,0,199,477
443,0,190,480
104,0,267,475
125,0,262,475
135,0,258,480
140,0,253,477
157,0,239,479
165,0,228,480
184,0,222,469
203,1,208,472
393,10,161,452
380,1,187,455
354,10,215,449
156,0,406,477
207,0,392,461
171,0,433,463
204,4,381,466
154,0,327,452
174,0,349,424
183,2,377,451
218,3,368,466
225,0,367,474
228,3,338,474
231,5,340,474
238,0,329,480
246,0,273,473
245,0,191,479
227,0,164,429
227,0,201,465
221,0,228,470
262,3,224,472
233,3,272,473
244,0,277,475
235,10,315,461
233,5,329,473
230,7,342,464
233,0,346,472
263,0,314,473
255,0,329,474
287,2,330,472
263,9,188,449
242,24,211,437
257,28,191,429
294,13,168,444
242,31,228,425
453,0,186,478
245,35,227,423
235,26,227,429
249,29,209,424
237,25,212,429
241,28,192,426
236,24,177,434
244,28,157,426
242,26,166,428
243,24,157,429
228,17,171,437
233,29,158,425
221,7,165,444
210,18,173,434
200,20,176,429
186,22,188,427
171,29,197,422
162,17,200,455
163,38,195,434
159,67,190,405
155,65,194,410
154,69,193,405
151,68,192,405
151,57,195,419
148,56,192,414
156,46,183,421
161,35,176,426
162,29,170,422
167,14,154,434
164,10,147,435
154,2,149,439
151,3,145,435
149,3,145,438
142,1,162,443
124,2,194,447
123,9,198,441
117,3,202,447
115,10,213,437
107,9,220,434
100,2,237,432
94,0,237,439
92,2,241,434
98,0,236,442
112,1,221,443
114,0,219,443
121,0,205,449
133,3,194,444
140,2,192,452
148,0,177,459
170,0,147,460
180,0,142,460
177,3,141,465
170,0,148,469
158,0,159,477
152,0,166,477
143,0,175,474
140,4,179,472
136,5,186,472
135,4,187,472
135,5,192,468
135,3,197,469
139,5,200,463
143,1,203,467
148,0,205,457
154,0,203,457
161,4,205,460
170,1,201,457
176,3,197,452
182,2,195,453
193,0,179,456
198,0,172,453
203,0,163,454
202,2,165,453
206,3,157,452
206,3,148,446
204,3,143,449
207,3,135,453
208,0,126,459
210,1,128,460
208,1,133,462
204,0,140,466
202,3,150,463
193,4,166,462
194,17,173,446
193,15,180,441
196,20,187,434
199,15,193,440
204,10,194,443
213,4,193,448
219,8,193,446
226,10,186,442
239,3,176,455
247,5,159,454
252,3,153,459
249,6,152,462
240,2,160,462
233,0,162,464
223,0,169,463
217,0,174,463
213,2,182,460
216,7,187,456
217,3,198,458
222,17,200,444
228,12,200,444
235,8,199,446
239,16,199,434
247,5,198,446
252,7,201,441
254,13,206,431
254,11,212,430
248,7,220,432
252,5,216,434
246,4,218,431
250,4,210,427
250,2,208,425
246,1,210,422
243,0,204,422
236,2,203,421
241,3,201,426
238,11,212,422
250,7,210,421
246,8,217,419
265,3,208,421
277,3,206,424
286,5,205,420
293,6,208,422
301,7,208,420
301,6,218,419
312,5,222,435
321,18,222,423
344,15,207,421
375,13,181,427
390,18,166,420
403,10,158,424
413,10,148,427
423,15,137,416
434,13,130,423
444,15,124,421
452,9,128,423
455,4,134,426
462,5,133,422
470,3,135,424
477,1,136,424
484,0,136,428
490,0,140,427
496,0,139,432
503,0,135,441
507,1,131,439
512,2,126,447
516,4,123,451
523,3,114,459
527,6,111,447
522,6,116,443
520,9,117,444
520,12,119,442
519,15,119,436
522,15,117,434
525,18,112,430
524,20,115,424
523,13,114,429
524,11,114,428
522,12,117,425
515,10,124,428
512,6,125,422
507,0,130,418
509,0,127,417
506,0,130,421
501,0,133,415
494,2,139,417
492,1,142,418
481,6,152,418
475,8,152,427
468,23,158,418
460,27,168,422
453,39,175,410
444,47,178,404
435,53,180,401
416,63,188,394
396,70,192,385
377,73,191,387
362,75,183,381
349,80,187,373
341,85,194,364
332,86,198,359
329,86,193,355
329,0,295,463
326,0,311,473
323,0,313,473
317,1,319,474
304,1,333,474
281,0,355,478
265,2,366,474
253,0,351,478
235,2,328,471
215,10,295,464
192,25,284,450
173,24,281,450
163,25,287,445
145,31,300,441
139,17,296,459
147,2,291,472
177,6,265,469
182,1,264,473
178,6,269,471
171,5,278,472
149,0,309,474
109,2,354,474
109,0,360,472
54,0,421,480
65,0,415,476
66,0,418,478
43,0,448,475
46,0,442,476
28,0,317,476
25,0,297,479
17,0,481,468
10,1,264,476
6,1,295,472
153,68,335,397
280,116,236,332
19,3,379,460
2,0,196,477
0,0,188,474
0,0,173,477
1,0,170,475
0,0,198,475
0,0,211,473
235,103,337,346
256,113,306,333
338,153,241,286
76,34,511,410
323,135,268,300
37,15,488,430
346,136,264,301
342,130,270,305
367,131,251,305
379,126,245,309
387,119,241,317
393,115,236,321
407,110,223,335
413,107,212,338
408,103,221,345
407,104,221,345
402,103,228,348
398,100,230,349
398,100,228,347
397,101,234,351
396,108,231,344
389,114,235,333
384,114,236,331
373,120,246,328
366,124,253,321
356,129,262,317
348,131,267,311
341,129,272,313
334,127,276,314
325,125,280,314
318,121,282,322
310,114,280,326
300,103,280,342
293,94,279,350
293,86,269,360
292,78,257,368
291,69,251,380
294,55,244,391
296,48,226,400
296,25,227,403
302,3,214,423
308,1,204,427
313,0,216,416
311,0,206,420
307,0,218,418
304,1,210,420
300,0,219,420
295,2,214,417
287,4,225,422
284,4,219,427
273,4,221,431
268,6,214,436
264,10,203,437
257,14,201,436
252,20,193,433
257,25,176,436
262,33,161,433
266,18,149,442
267,24,143,441
266,23,139,442
255,20,148,441
248,21,151,436
241,10,156,453
235,12,174,464
239,37,201,439
237,34,219,434
233,28,234,436
227,23,235,441
224,15,240,451
222,20,237,443
219,15,259,448
222,14,276,449
227,22,293,441
233,16,298,451
236,19,302,447
234,16,315,452
231,15,330,456
231,20,332,450
231,19,331,451
226,19,342,450
221,19,355,447
211,21,362,445
204,23,368,439
191,22,365,441
191,20,367,445
190,11,349,454
183,18,365,443
185,15,354,446
186,16,328,446
187,12,302,453
188,19,324,445
188,31,330,433
194,20,304,443
194,24,261,441
193,19,242,446
193,26,229,441
199,27,213,437
197,31,210,435
203,32,198,433
207,32,189,429
215,31,180,428
224,29,174,433
230,24,163,430
239,22,154,429
244,17,147,431
243,12,141,432
245,15,135,428
245,15,133,430
244,15,131,432
243,16,129,432
231,19,135,435
215,21,146,436
202,26,154,439
191,37,159,430
186,40,160,431
183,42,158,430
183,48,154,427
180,48,154,426
173,54,156,421
168,51,158,424
155,53,189,422
157,49,207,422
157,46,242,428
170,41,249,431
167,38,268,429
19,13,435,453
174,11,291,452
62,1,404,468
158,0,316,464
171,0,308,443
4,0,473,470
0,0,479,477
1,0,485,473
6,0,479,471
19,0,467,479
48,0,407,475
64,0,372,475
123,0,295,479
160,0,360,476
155,0,408,473
126,0,442,476
106,2,461,471
102,0,477,467
92,0,462,463
98,5,453,462
108,13,448,458
120,16,442,455
136,0,456,475
150,1,455,471
172,7,444,464
192,22,418,453
224,18,345,458
282,2,325,469
349,0,281,472
376,2,259,476
398,2,211,473
403,4,188,472
414,0,172,475
178,31,284,399
310,11,306,464
158,16,308,422
163,0,451,467
160,1,472,469
163,0,475,472
153,2,475,472
157,2,475,467
275,2,361,472
174,42,419,425
156,65,350,404
175,107,261,364
188,98,242,374
207,99,208,375
226,104,167,369
254,109,126,362
265,106,121,367
271,90,119,378
260,87,138,379
257,76,155,371
262,64,166,372
271,57,172,372
282,46,175,376
301,39,166,377
311,27,155,387
313,20,157,385
319,16,159,390
329,17,158,385
337,11,155,395
342,8,155,399
341,8,161,405
320,12,189,399
307,20,225,398
302,25,254,402
303,26,278,414
307,24,305,429
315,26,316,435
326,34,311,433
343,39,291,433
357,46,279,425
368,48,269,426
378,44,261,429
387,37,252,435
384,39,254,434
391,33,248,440
402,21,237,451
414,15,225,452
437,14,202,452
476,6,163,459
501,0,138,462
506,0,132,463
505,0,134,463
507,0,132,464
506,0,133,465
508,4,131,458
508,6,131,458
510,13,129,454
514,9,125,462
517,5,122,465
519,5,119,463
519,8,118,463
512,9,126,464
507,8,132,466
497,7,142,467
498,3,140,473
486,0,153,474
466,1,173,473
440,4,199,470
420,4,219,467
408,3,231,467
403,3,234,467
398,1,238,468
394,0,235,470
395,5,234,463
389,0,233,467
379,0,249,467
372,0,253,469
362,2,264,465
352,0,273,471
344,0,277,473
336,0,274,476
332,2,248,476
330,2,228,471
331,0,202,474
322,5,191,469
307,3,191,469
291,5,194,466
278,3,193,470
271,0,190,473
264,0,187,474
266,0,174,473
263,0,177,473
264,0,176,472
257,0,182,472
257,0,179,473
254,0,184,472
255,0,210,473
259,0,286,465
248,10,278,457
240,9,349,465
223,15,250,457
213,4,306,468
204,7,306,472
197,0,311,478
189,2,314,475
185,0,336,480
186,4,300,466
181,0,455,474
172,0,463,474
180,2,440,472
175,0,433,475
182,0,365,472
189,0,362,472
203,0,339,477
215,0,298,475
195,0,321,477
156,0,355,477
122,0,413,472
101,0,466,473
93,0,490,474
88,0,520,471
85,0,527,470
83,0,537,474
83,0,537,479
79,0,539,476
79,0,503,473
74,0,488,477
69,0,489,478
59,0,495,478
53,0,486,475
65,0,407,473
85,0,472,473
118,0,377,477
170,0,454,472
156,0,419,475
132,0,455,479
113,0,464,474
95,1,332,472
32,0,422,472
73,0,359,473
67,0,373,474
197,2,406,472
62,0,383,471
200,4,390,470
44,0,393,474
59,0,394,475
150,3,450,470
300,1,331,466
304,0,327,476
300,0,335,476
299,0,330,476
300,0,319,474
299,0,333,475
304,0,317,475
311,0,317,474
313,0,316,474
315,3,309,471
312,0,312,473
309,0,317,472
297,1,326,473
297,0,328,474
298,0,331,474
302,0,326,476
305,0,318,476
320,0,306,478
334,0,275,476
351,0,247,479
363,0,232,472
350,0,247,474
362,0,228,475
