1
0.9998998641967773
0.9998738765716553
0.9998189806938171
0.9997743964195251
0.9997816681861877
0.9997386336326599
0.9992766976356506
0.9990096092224121
0.9987592697143555
0.9951062202453613
0.9979738593101501
0.9996287822723389
0.9996125102043152
0.9996942281723022
0.9991750121116638
0.9964273571968079
0.9909636974334717
0.9895623326301575
0.9723187685012817
0.8842036724090576
0.92606520652771
0.890418529510498
0.8079978823661804
0.7116245627403259
0.6813259720802307
0.673143208026886
0.7107301950454712
0.7180593609809875
0.6721493005752563
0.5272526144981384
0.3353373110294342
0.35520169138908386
0.2679748833179474
0.37847664952278137
0.49809303879737854
0.37797796726226807
0.23101776838302612
0.23645712435245514
0.1829637587070465
0.2900659143924713
0.3368475139141083
0.2700233459472656
0.3520923852920532
0.7723057270050049
0.7865647077560425
0.8874141573905945
0.8859447836875916
0.9182838201522827
0.951884388923645
0.9560526013374329
0.9795697331428528
0.9794862270355225
0.9642148017883301
0.9367470145225525
0.9608055949211121
0.9795905351638794
0.9335706830024719
0.9332491755485535
0.9646219611167908
0.96811842918396
0.9201642870903015
0.9468144178390503
0.9079675674438477
0.8411790132522583
0.8593150973320007
0.7892090678215027
0.6066852807998657
0.749646008014679
0.35767507553100586
0.5638262629508972
0.5054939389228821
0.2580684423446655
0.604515790939331
0.7589004635810852
0.7264106869697571
0.7567237615585327
0.5823756456375122
0.7459970116615295
0.6611493825912476
0.6338069438934326
0.7379055619239807
0.7768219113349915
0.6591822504997253
0.7414315342903137
0.7082849740982056
0.7455913424491882
0.6926963925361633
0.707038402557373
0.8292220234870911
0.8802595734596252
0.9367663860321045
0.9800686836242676
0.9677631855010986
0.9274834990501404
0.9800026416778564
0.9711652398109436
0.9464660286903381
0.9811975359916687
0.971538782119751
0.9059718251228333
0.9535667896270752
0.9192692637443542
0.8077142238616943
0.6782183647155762
0.4320729970932007
0.5639909505844116
0.45979517698287964
0.5630464553833008
0.6195290684700012
0.5349981784820557
0.4890882670879364
0.5175488591194153
0.4657141864299774
0.510715901851654
0.5255823135375977
0.19021302461624146
0.3816535770893097
0.30652621388435364
0.290991872549057
0.3449961543083191
0.4037224054336548
0.43868499994277954
0.4471700191497803
0.3629586100578308
0.2946579158306122
0.18339340388774872
0.4903862476348877
0.20344427227973938
0.09237866848707199
0.7891128659248352
0.5595393180847168
0.471203088760376
0.7335187792778015
0.43618500232696533
0.3789195120334625
0.2515859305858612
0.41464874148368835
0.40379154682159424
0.3645111918449402
0.22552965581417084
0.4088210165500641
0.3986380696296692
0.7111608982086182
0.7750869393348694
0.7486074566841125
0.9005890488624573
0.934600293636322
0.9642724394798279
0.983463704586029
0.9860031604766846
0.9878563284873962
0.9909191131591797
0.9952419996261597
0.989945113658905
0.9857316613197327
0.9778221249580383
0.8647528886795044
0.9884012937545776
0.956212043762207
0.9389603734016418
0.9568901658058167
0.9819589257240295
0.9914888143539429
0.9837580323219299
0.9687435626983643
0.9002975821495056
0.878369152545929
0.6798462867736816
0.8047568798065186
0.9369600415229797
0.7616334557533264
0.6962653994560242
0.6387084722518921
0.5833148956298828
0.7604362964630127
0.6221685409545898
0.5741795301437378
0.4277566075325012
0.5879517197608948
0.6413136124610901
0.622545063495636
0.6312254667282104
0.5832973718643188
0.39218199253082275
0.6140890717506409
0.581706166267395
0.6555749773979187
0.5566153526306152
0.44262856245040894
0.43971747159957886
0.511233389377594
0.5723139643669128
0.40282854437828064
0.5979350805282593
0.4786931872367859
0.39733320474624634
0.3748165965080261
0.3228003680706024
0.4037255644798279
0.3620627820491791
0.49428337812423706
0.30910226702690125
0.38285502791404724
0.6429513692855835
0.4987509548664093
0.5309097766876221
0.438506543636322
0.5130072832107544
0.544644296169281
0.315840482711792
0.5158365368843079
0.38848036527633667
0.4805939495563507
0.33385130763053894
0.44532421231269836
0.45263010263442993
0.3087576925754547
0.5671489834785461
0.6110473871231079
0.6983008980751038
0.5468997955322266
0.4828559458255768
0.5456606149673462
0.6889587044715881
0.7146996855735779
0.8057668209075928
0.8151773810386658
0.5548545718193054
0.7328998446464539
0.525344967842102
0.7252695560455322
0.6704314947128296
0.7865273356437683
0.8793180584907532
0.8883432149887085
0.8515912294387817
0.9326537847518921
0.9592481851577759
0.8991281986236572
0.9160875082015991
0.9918436408042908
0.9947757720947266
0.9976288676261902
0.991961658000946
0.9823436737060547
0.982909083366394
0.9953029155731201
0.9958491325378418
0.9893004298210144
0.9844757914543152
0.9512088298797607
0.8310389518737793
0.7951163649559021
0.7828853726387024
0.574220597743988
0.5713409185409546
0.5950067043304443
0.9271630644798279
0.6082929372787476
0.6761600375175476
0.5656763315200806
0.34828856587409973
0.3473281264305115
0.29425835609436035
0.4167693555355072
0.5443164706230164
0.32000771164894104
0.25489622354507446
0.6061722040176392
0.5357216000556946
0.5226848125457764
0.4186049997806549
0.34589633345603943
0.23531867563724518
0.29870185256004333
0.20624279975891113
0.28679659962654114
0.4579728841781616
0.48146864771842957
0.473499059677124
0.5970547795295715
0.675567626953125
0.5190955996513367
0.5443249940872192
0.6942915916442871
0.5907878279685974
0.6705769300460815
0.7442198395729065
0.547152042388916
0.5062829256057739
0.5470998883247375
0.3285573124885559
0.4094366729259491
0.3033546507358551
0.38616421818733215
0.27525582909584045
0.6747066974639893
0.7015975117683411
0.4420160949230194
0.3316969871520996
0.33189302682876587
0.32339975237846375
0.2567345201969147
0.24569053947925568
0.5165193676948547
0.24784782528877258
0.43891337513923645
0.47373032569885254
0.6626995205879211
0.8866084814071655
0.9074376821517944
0.743498682975769
0.989400327205658
0.987654983997345
0.9903234243392944
0.9914295077323914
0.991476833820343
0.9917397499084473
0.9726685881614685
0.9866086840629578
0.9816151261329651
0.9882083535194397
0.9686837792396545
0.9539429545402527
0.9437510967254639
0.9742567539215088
0.9052339792251587
0.8359983563423157
0.5753837823867798
0.6626607775688171
0.510710597038269
0.6580096483230591
0.6050155758857727
0.4483480453491211
0.6245747208595276
0.6705657839775085
0.5988082885742188
0.5000183582305908
0.6072010397911072
0.5876446962356567
0.5536662936210632
0.6656192541122437
0.7490453124046326
0.7582739591598511
0.8481789827346802
0.8422811627388
0.786233127117157
0.7725238800048828
0.6324754357337952
0.6997776031494141
0.7760792374610901
0.8323490023612976
0.5594621300697327
0.6500808596611023
0.6060606837272644
0.5581213235855103
0.5643877387046814
0.5143912434577942
0.41328608989715576
0.5485463738441467
0.6814149022102356
0.6251527070999146
0.4602791666984558
0.6392708420753479
0.5345350503921509
0.5633222460746765
0.6238877773284912
0.6351099610328674
0.42635565996170044
0.5442703366279602
0.2648187279701233
0.26361456513404846
0.2619713544845581
0.24286338686943054
0.06854816526174545
0.630727231502533
0.5914345383644104
0.5504714250564575
0.5729829668998718
0.90330970287323
0.8478024005889893
0.9146671295166016
0.9466035962104797
0.9268751740455627
0.8622245788574219
0.7923678159713745
0.6721967458724976
0.7390801310539246
0.762065589427948
0.8057789206504822
0.7655761241912842
0.643413245677948
0.5713223814964294
0.5402034521102905
0.43683791160583496
0.421642005443573
0.27878662943840027
0.34100404381752014
0.2276548147201538
0.17825619876384735
0.1796863079071045
0.2783965766429901
0.14183281362056732
0.29227352142333984
0.057130638509988785
0.2120600938796997
0.1755199134349823
0.23722606897354126
0.28223031759262085
0.19716311991214752
0.13880497217178345
0.14648054540157318
0.12289341539144516
0.2792288661003113
0.47583433985710144
0.2819559574127197
0.41363152861595154
0.46735045313835144
0.5305797457695007
0.37628015875816345
0.4016128480434418
0.45710939168930054
0.3648478388786316
0.4987955093383789
0.5877394676208496
0.5331425070762634
0.7984175086021423
0.566293478012085
0.8009859919548035
0.6991647481918335
0.6109271049499512
0.7201958894729614
0.7734541296958923
0.643341600894928
0.6443006992340088
0.8349318504333496
0.9045646786689758
0.8448939323425293
0.7722398042678833
0.4823871850967407
0.7266595959663391
0.632839024066925
0.531843900680542
0.4901413321495056
0.6212007403373718
0.5468624830245972
0.7019094228744507
0.6389203071594238
0.7532209753990173
0.6298987865447998
0.6239272952079773
0.6703293919563293
0.4058423936367035
0.3484496772289276
0.30671703815460205
0.3720860481262207
0.31162092089653015
0.42058396339416504
0.5713833570480347
0.5256112217903137
0.5029213428497314
0.5009700059890747
0.580819308757782
0.7780497074127197
0.8193585872650146
0.815851092338562
0.7382553219795227
0.6981818675994873
0.7156931161880493
0.5954601168632507
0.6117798089981079
0.6894831657409668
0.5448489785194397
0.530188262462616
0.29845109581947327
0.4335315227508545
0.5073651671409607
0.552450954914093
0.6420442461967468
0.4347350597381592
0.5808795094490051
0.5966864824295044
0.6084498763084412
0.5984580516815186
0.5384526252746582
0.3438706696033478
0.29444947838783264
0.20620715618133545
0.14892695844173431
0.20269450545310974
0.3190613090991974
0.33534905314445496
0.13706204295158386
0.650745153427124
0.1759539097547531
0.21187922358512878
0.17117713391780853
0.22999446094036102
0.22300344705581665
0.3012307584285736
0.39280369877815247
0.19162139296531677
0.15469098091125488
0.18472124636173248
0.19978775084018707
0.14919190108776093
0.17107528448104858
0.4128243029117584
0.6628357768058777
0.6306145787239075
0.6408049464225769
0.8375182747840881
0.7364078760147095
0.7241411805152893
0.7700374722480774
0.7358023524284363
0.5903266668319702
0.6729413866996765
0.45322880148887634
0.23826360702514648
0.20108714699745178
0.17497538030147552
0.19342884421348572
0.14929963648319244
0.10858684033155441
0.17027634382247925
0.2636391520500183
0.5752802491188049
0.7472827434539795
0.7139430046081543
0.6118636727333069
0.5065845847129822
0.7195634841918945
0.7310632467269897
0.543779730796814
0.503711462020874
0.5986759662628174
0.6862353086471558
0.661412239074707
0.7565277218818665
0.7859278321266174
0.8665582537651062
0.899837076663971
0.8746110796928406
0.9331604838371277
0.9182819724082947
0.9191460013389587
0.7022180557250977
0.6107409596443176
0.48446252942085266
0.5911853313446045
0.7461698055267334
0.6637259721755981
0.5270839333534241
0.426131010055542
0.5011311769485474
0.33460721373558044
0.30565136671066284
0.31055665016174316
0.4260562062263489
0.40632718801498413
0.3594219386577606
0.40866538882255554
0.40202850103378296
0.40590110421180725
0.31961506605148315
0.47360536456108093
0.6821035742759705
0.6560348868370056
0.7805976867675781
0.7598385214805603
0.7097785472869873
0.7834572196006775
0.47603338956832886
0.5530086159706116
0.4880092144012451
0.49223199486732483
0.6494401693344116
0.8103559613227844
0.7472607493400574
0.7254186272621155
0.6355904936790466
0.6076425909996033
0.6016813516616821
0.561144232749939
0.6214690804481506
0.6368445158004761
0.7096585631370544
0.8532856106758118
0.7292531132698059
0.6836364269256592
0.8602780103683472
0.6187184453010559
0.7274889349937439
0.9645047187805176
0.9240232110023499
0.8121286034584045
0.7745823860168457
0.7437574863433838
0.6397205591201782
0.9998778104782104
0.9998855590820312
0.999874472618103
0.9996346235275269
0.9992252588272095
0.996391236782074
0.993543267250061
0.9840015172958374
0.9926734566688538
0.9813463091850281
0.9490547776222229
0.9300215244293213
0.9435953497886658
0.9715085625648499
0.9857448935508728
0.9943675398826599
0.9883573651313782
0.9837850332260132
0.9804273247718811
0.9668380618095398
0.9155480265617371
0.9105667471885681
0.9059011340141296
0.9169672727584839
0.8062313199043274
0.7558646202087402
0.7365959882736206
0.7845924496650696
0.6558085083961487
0.7295043468475342
0.6337156295776367
0.6359326839447021
0.7900417447090149
0.7277529239654541
0.8294007182121277
0.830482006072998
0.8892428278923035
0.929439902305603
0.8201158046722412
0.7960460782051086
0.5657995939254761
0.8524609804153442
0.6779595017433167
0.6206272840499878
0.7268573045730591
0.8717724084854126
0.7788683772087097
0.7567239999771118
0.6849398016929626
0.7925610542297363
0.6805194616317749
0.6443459391593933
0.6545825004577637
0.6448067426681519
0.8739284873008728
0.3105727434158325
0.6906349658966064
0.34661924839019775
0.5901644825935364
0.26106345653533936
0.26428401470184326
0.7554070353507996
0.7342091202735901
0.8341358304023743
0.610615074634552
0.2828942835330963
0.8205585479736328
0.5729463696479797
0.43459269404411316
0.2873387932777405
0.5496093034744263
0.6775618195533752
0.6413329243659973
0.7088429927825928
0.786870002746582
0.7610796093940735
0.6642990708351135
0.4890851676464081
0.5367019772529602
0.3786804676055908
0.17765119671821594
0.6249598860740662
0.5280108451843262
0.6566404104232788
0.711214542388916
0.6149235963821411
0.70208340883255
0.6748911142349243
0.636770486831665
0.6473531723022461
0.5716573596000671
0.6793283820152283
0.7472684383392334
0.6652793884277344
0.7317202687263489
0.49810096621513367
0.596379816532135
0.4060712158679962
0.48401933908462524
0.31713855266571045
0.48802414536476135
0.4858989417552948
0.6242566108703613
0.5547693967819214
0.5797978639602661
0.3766123056411743
0.7370203137397766
0.6642804145812988
0.7185415029525757
0.2284209281206131
0.7772926688194275
0.6590051054954529
0.767361044883728
0.8338324427604675
0.9495970010757446
0.7754210233688354
0.8086766004562378
0.775779128074646
0.6840289235115051
0.6773455739021301
0.6064903140068054
0.5936780571937561
0.6614435315132141
0.6797686815261841
0.7331831455230713
0.705244243144989
0.5970627069473267
0.5494174361228943
0.6671375632286072
0.8589783906936646
0.9178106188774109
0.8601189851760864
0.8057334423065186
0.7418307662010193
0.7272564172744751
0.757520318031311
0.765325129032135
0.7866708636283875
0.6953530311584473
0.6493794918060303
0.7488551735877991
0.6883708238601685
0.7355318069458008
0.6761564016342163
0.7020716667175293
0.37643396854400635
0.48352915048599243
0.6962302327156067
0.4830498993396759
0.24611306190490723
0.5128491520881653
0.40007349848747253
0.5102822780609131
0.657024085521698
0.3569265604019165
0.6904707551002502
0.4093048572540283
0.5116909742355347
0.5624924898147583
0.5514357089996338
0.5396102070808411
0.5767986178398132
0.6799260377883911
0.5023528337478638
0.41936540603637695
0.4031338095664978
0.40319061279296875
0.6253973841667175
0.7903406023979187
0.7674437761306763
0.811495840549469
0.8218650221824646
0.7245776653289795
0.7661385536193848
0.6539857387542725
0.6047508716583252
0.6239126324653625
0.46337518095970154
0.5201579332351685
0.4211200177669525
0.27952858805656433
0.44085609912872314
0.6452327966690063
0.6097245812416077
0.36035993695259094
0.420686811208725
0.23734474182128906
0.36497992277145386
0.4041600227355957
0.31109216809272766
0.4335527718067169
0.6399964690208435
0.5618076324462891
0.5575513243675232
0.4338186979293823
0.35555049777030945
0.41211163997650146
0.26881399750709534
0.33637863397598267
0.17470207810401917
0.25425636768341064
0.14262078702449799
0.2076648771762848
0.38826805353164673
0.23874561488628387
0.21658940613269806
0.3352125287055969
0.3637841045856476
0.35195693373680115
0.25655993819236755
0.3056565821170807
0.40833616256713867
0.6009653210639954
0.5510647892951965
0.3693302273750305
0.24854663014411926
0.2245873510837555
0.2685320973396301
0.14131756126880646
0.6225183606147766
0.4508790373802185
0.5700148940086365
0.4775862693786621
0.7240519523620605
0.3634260296821594
0.4560917019844055
0.8421216607093811
0.9897487759590149
0.8922549486160278
0.9417756795883179
0.9519459009170532
0.8919835686683655
0.8337386250495911
0.5515429973602295
0.3931245505809784
0.6089725494384766
0.6242936849594116
0.2518787086009979
0.8199759125709534
0.6059473752975464
0.28725889325141907
0.1515723019838333
0.5003814101219177
0.48067376017570496
0.49817243218421936
0.550201952457428
0.2333420068025589
0.6332775950431824
0.5249519944190979
0.4892149567604065
0.47086769342422485
0.5913081169128418
0.7686628103256226
0.6614614725112915
0.683811604976654
0.6393226385116577
0.7201718688011169
0.7455999851226807
0.8417301774024963
0.26063990592956543
0.28240177035331726
0.9383397102355957
0.9642015099525452
0.8822136521339417
0.9491716027259827
0.9554853439331055
0.9315838813781738
0.9519548416137695
0.8476788401603699
0.6266904473304749
0.5388897061347961
0.5577842593193054
0.5195993781089783
0.5379260778427124
0.5870512127876282
0.4711393713951111
0.6610950231552124
0.6454941034317017
0.4886074364185333
0.5407328605651855
0.5873489379882812
0.5729188323020935
0.6278907060623169
0.7683257460594177
0.7773680090904236
0.6325225830078125
0.5533410906791687
0.6149815320968628
0.7198686599731445
0.6603487133979797
0.6175823211669922
0.6392754316329956
0.7216781973838806
0.811732828617096
0.7576941847801208
0.8377552032470703
0.8724277019500732
0.8734647035598755
0.7831383943557739
0.9675204157829285
0.9712826609611511
0.9789336919784546
0.9863190650939941
0.9828523993492126
0.9413613080978394
0.7966602444648743
0.6938496232032776
0.5677522420883179
0.7057594656944275
0.5579517483711243
0.542667031288147
0.7186214327812195
0.6787554621696472
0.609038233757019
0.5914934277534485
0.6924598217010498
0.46184784173965454
0.5517650246620178
0.4877970516681671
0.7262186408042908
0.48691800236701965
0.6109780669212341
0.1488867551088333
0.2976711690425873
0.12587951123714447
0.35664498805999756
0.28101643919944763
0.15831896662712097
0.6054801940917969
0.43779003620147705
0.6044279932975769
0.40740978717803955
0.4279871881008148
0.2549745738506317
0.16194702684879303
0.17029216885566711
0.17425251007080078
0.14025023579597473
0.1953890174627304
0.2881438732147217
0.3053951859474182
0.3700703978538513
0.39442941546440125
0.17632772028446198
0.24283534288406372
0.22507479786872864
0.2925563156604767
0.34363532066345215
0.2859745919704437
0.3372780978679657
0.19431598484516144
0.25225308537483215
0.1696663647890091
0.22726751863956451
0.1513611376285553
0.12797005474567413
0.12818221747875214
0.15999187529087067
0.10879412293434143
0.2525041103363037
0.22203461825847626
0.25501641631126404
0.24370163679122925
0.5371001362800598
0.7008882164955139
0.5266038775444031
0.5328153967857361
0.6685858964920044
0.4856504499912262
0.6150268316268921
0.5618665218353271
0.5801701545715332
0.4721553325653076
0.4124922752380371
0.2763027250766754
0.34636273980140686
0.2598470449447632
0.25428351759910583
0.37749242782592773
0.45018553733825684
0.37111401557922363
0.507584273815155
0.6159194111824036
0.6371065974235535
0.7985584139823914
0.7504931092262268
0.6734418869018555
0.6661955714225769
0.6141166687011719
0.5501046180725098
0.5407419800758362
0.7955998778343201
0.6645219922065735
0.6524847745895386
0.5482409000396729
0.5282599329948425
0.5687731504440308
0.49525806307792664
0.47876104712486267
0.4944809377193451
0.6206427812576294
0.5912193655967712
0.3709464371204376
0.47688746452331543
0.3411796987056732
0.36051082611083984
0.435777872800827
0.5041570663452148
0.5639761090278625
0.6447455883026123
0.7776638865470886
0.8110895156860352
0.7470804452896118
0.8586639165878296
0.8989070057868958
0.8298700451850891
0.8518614172935486
0.7779123187065125
0.8159772753715515
0.8177362084388733
0.8590304255485535
0.7747917771339417
0.853593647480011
0.7654476761817932
0.7593517303466797
0.6763203740119934
0.8273715972900391
0.7828379273414612
0.8225324749946594
0.7414548993110657
0.47403645515441895
0.5010713338851929
0.38899850845336914
0.33776000142097473
0.13987861573696136
0.21720311045646667
0.384581059217453
0.35665878653526306
0.3865901827812195
0.2093144953250885
0.2183557152748108
0.2352943867444992
0.20677906274795532
0.1795283555984497
0.16066384315490723
0.18168208003044128
0.24352125823497772
0.23986953496932983
0.4485930800437927
0.2852391302585602
0.2967819273471832
0.3661038279533386
0.23490628600120544
0.18626900017261505
0.3166183829307556
0.5216705799102783
0.06732156872749329
0.40295350551605225
0.3122216463088989
0.2097323089838028
0.15764464437961578
0.15538719296455383
0.3429470956325531
0.23159080743789673
0.34686246514320374
0.7936010360717773
0.9361131191253662
0.9494756460189819
0.8977515697479248
0.8425866365432739
0.8061779141426086
0.9369462132453918
0.8189640641212463
0.8992142677307129
0.8472415208816528
0.6854472756385803
0.7975594997406006
0.7697743773460388
0.8235957026481628
0.7388832569122314
0.6055930852890015
0.6222445368766785
0.656337559223175
0.6329953670501709
0.8272526264190674
0.664432942867279
0.6379708051681519
0.647912323474884
0.5313795804977417
0.7036706805229187
0.7885446548461914
0.7458056807518005
0.8384727835655212
0.8527520298957825
0.9313802719116211
0.9095675945281982
0.8897212743759155
0.8982727527618408
0.9085885286331177
0.8860263824462891
0.9138119220733643
0.9077693223953247
0.8779793381690979
0.9283572435379028
0.8781851530075073
0.8539142608642578
0.8370363712310791
0.8826159834861755
0.8425784111022949
0.8144717812538147
0.6916754841804504
0.7200157046318054
0.7664925456047058
0.8800778388977051
0.8308432698249817
0.7393084168434143
0.7893213629722595
0.8265053629875183
0.8735678195953369
0.8473304510116577
0.712057888507843
0.7958060503005981
0.8885414600372314
0.8640619516372681
0.9368525743484497
0.9018493890762329
0.861443817615509
0.9197564125061035
0.9370816946029663
0.9350579977035522
0.9504728317260742
0.8438931107521057
0.8398429155349731
0.856478214263916
0.9048787355422974
0.8105193972587585
0.9370971918106079
0.852326512336731
0.8984208106994629
0.982910692691803
0.9673430323600769
0.9607949256896973
0.9628921747207642
0.9703457355499268
0.9726155996322632
0.9833457469940186
0.9799351096153259
0.9706515073776245
0.9509390592575073
0.9597579836845398
0.9671984314918518
0.9686230421066284
0.9750656485557556
0.9789103865623474
0.9766403436660767
0.9739252328872681
0.9684945940971375
0.9565625786781311
0.9154316186904907
0.9121750593185425
0.843780517578125
0.5626213550567627
0.7152464985847473
0.6402966976165771
0.44371360540390015
0.5965239405632019
0.37230080366134644
0.3013923466205597
0.15702839195728302
0.23299354314804077
0.25539252161979675
0.18559376895427704
0.5288678407669067
0.4376674294471741
0.5887023210525513
0.6279084086418152
0.7627026438713074
0.6090989112854004
0.6624174118041992
0.7549323439598083
0.7499459981918335
0.944618821144104
0.9572700262069702
0.9749935865402222
0.9859909415245056
0.9787985682487488
0.983900785446167
0.9802841544151306
0.982131838798523
0.9756500720977783
0.9792202711105347
0.9861236810684204
0.9833489656448364
0.9853325486183167
0.9862972497940063
0.981562077999115
0.9872235059738159
0.9799327850341797
0.984875500202179
0.9893547296524048
0.9991011619567871
0.9996342658996582
0.9970898628234863
0.9935519695281982
0.9947273135185242
0.9932303428649902
0.9918900728225708
0.990013837814331
0.9889464974403381
0.9924097061157227
0.9909737706184387
0.9919114708900452
0.986102819442749
0.9844157099723816
0.9597878456115723
0.9798799157142639
0.9582251906394958
0.9746121764183044
0.9618035554885864
0.9855135083198547
0.9869856238365173
0.9687770009040833
0.9876562356948853
0.985218346118927
0.9783729910850525
0.9849662780761719
0.975186824798584
0.9397092461585999
0.9837015867233276
0.9828296303749084
0.9648649096488953
0.8180585503578186
0.9473141431808472
0.8657363057136536
0.9001930356025696
0.8855499029159546
0.7365094423294067
0.804259181022644
0.6382030844688416
0.591763973236084
0.7181607484817505
0.48703619837760925
0.11582452803850174
0.4425358176231384
0.19778557121753693
0.5482103228569031
0.20945267379283905
0.34526145458221436
0.21489392220973969
0.6465825438499451
0.7474765777587891
0.6496418118476868
0.5564197301864624
0.40411391854286194
0.40146777033805847
0.3475746810436249
0.3471508026123047
0.31748002767562866
0.35210633277893066
0.35848623514175415
0.29784488677978516
0.49547794461250305
0.4612763226032257
0.5481580495834351
0.3760073482990265
0.24552668631076813
0.5956873893737793
0.7367420792579651
0.3898758590221405
0.3996802270412445
0.46063968539237976
0.3243536651134491
0.41864627599716187
0.5660980343818665
0.5410476326942444
0.5103582143783569
0.5298490524291992
0.5402109622955322
0.731930673122406
0.7937077879905701
0.6627833247184753
0.641363799571991
0.3011607825756073
0.5313727855682373
0.6209526062011719
0.29060035943984985
0.404231995344162
0.40404632687568665
0.22273045778274536
0.25729674100875854
0.37660443782806396
0.3824961185455322
0.6170976161956787
0.6990922689437866
0.6922788023948669
0.6697215437889099
0.7571957111358643
0.7843000888824463
0.555928647518158
0.9158824682235718
0.928249180316925
0.8572685122489929
0.9432005882263184
0.8459408283233643
0.8980209827423096
0.7825461030006409
0.6177387237548828
0.9578817486763
0.9833816289901733
0.9767584800720215
0.9179013967514038
0.9123051762580872
0.9102603197097778
0.8996027112007141
0.8354946970939636
0.8414305448532104
0.3698378801345825
0.8454360365867615
0.8829590678215027
0.9468727707862854
0.8557639122009277
0.7564337849617004
0.6838299036026001
0.7344105839729309
0.7548711895942688
0.41145214438438416
0.6602045893669128
0.6507545709609985
0.6094063520431519
0.655538022518158
0.7008615136146545
0.662495493888855
0.8012600541114807
0.7453635931015015
0.7427878975868225
0.7125478982925415
0.6421810388565063
0.5325218439102173
0.3009377419948578
0.38392508029937744
0.4816631078720093
0.29089197516441345
0.5046947598457336
0.3547993004322052
0.29921406507492065
0.2602938711643219
0.22639694809913635
0.44794371724128723
0.36613360047340393
0.3127714693546295
0.3958091139793396
0.4123241603374481
0.27486085891723633
0.23733334243297577
0.26431775093078613
0.33573734760284424
0.3581680953502655
0.4227015972137451
0.4053843319416046
0.4220467209815979
0.48660653829574585
0.48672783374786377
0.5960109233856201
0.5541720986366272
0.4662286639213562
0.5786070227622986
0.6264058351516724
0.6522394418716431
0.5132107734680176
0.6158469915390015
0.5496098399162292
0.6449520587921143
0.6022055149078369
0.49908947944641113
0.426273375749588
0.3691811263561249
0.3988898992538452
0.3430066704750061
0.45127013325691223
0.4794474244117737
0.37775009870529175
0.43577420711517334
0.5328456163406372
0.5124112963676453
0.3708958923816681
0.22822658717632294
0.47325801849365234
0.628701388835907
0.5776617527008057
0.6663206815719604
0.5732611417770386
0.40857991576194763
0.25852349400520325
0.45342642068862915
0.39707911014556885
0.28657060861587524
0.2983931005001068
0.20754645764827728
0.14582735300064087
0.18186569213867188
0.25262632966041565
0.2811633050441742
0.3381175100803375
0.3171442747116089
0.31164082884788513
0.48245304822921753
0.6288846731185913
0.6026471257209778
0.5848156213760376
0.6112751960754395
0.7142637968063354
0.5258402228355408
0.6953137516975403
0.533075213432312
0.7254615426063538
0.5217874050140381
0.5698519945144653
0.5258588790893555
0.40488937497138977
0.3995932340621948
0.7105274796485901
0.4403456151485443
0.530460774898529
0.5540359020233154
0.4616154134273529
0.536961555480957
0.33580613136291504
0.16998086869716644
0.14151857793331146
0.30666229128837585
0.3983982503414154
0.341273695230484
0.34511250257492065
0.2546580135822296
0.40554192662239075
0.6062227487564087
0.6741163730621338
0.6889463663101196
0.7919365167617798
0.5451926589012146
0.5381578803062439
0.6082577109336853
0.5409964919090271
0.5919524431228638
0.54580157995224
0.5305572748184204
0.45529529452323914
0.5151777267456055
0.3064177334308624
0.6727538108825684
0.38856086134910583
0.520908772945404
0.5459515452384949
0.30582481622695923
0.589052140712738
0.39607757329940796
0.3650931715965271
0.49514442682266235
0.47891172766685486
0.6476249694824219
0.6883687376976013
0.663083553314209
0.5476168990135193
0.563255786895752
0.5040822625160217
0.6162988543510437
0.5140702128410339
0.523867130279541
0.5553966164588928
0.8136855363845825
0.6221742630004883
0.39512813091278076
0.34070688486099243
0.29129207134246826
0.1903654932975769
0.32070836424827576
0.3712433874607086
0.1745252013206482
0.28185680508613586
0.07364217191934586
0.1861996352672577
0.1763102114200592
0.2612709105014801
0.7185385823249817
0.7444162368774414
0.8167147636413574
0.8694265484809875
0.7887293100357056
0.8391593098640442
0.8254479169845581
0.8467633724212646
0.8150122165679932
0.9028065204620361
0.8270960450172424
0.8643113374710083
0.8184518218040466
0.8518308401107788
0.7434334754943848
0.7060102224349976
0.6355963945388794
0.7318352460861206
0.8772623538970947
0.8754552006721497
0.9655047059059143
0.9758656024932861
0.9338127374649048
0.9087350964546204
0.8062744140625
0.9427009224891663
0.9125644564628601
0.9151745438575745
0.8973619937896729
0.9642000794410706
0.956120491027832
0.8433643579483032
0.7840775847434998
0.7790697813034058
0.8100175857543945
0.7657476663589478
0.7123050093650818
0.8203912377357483
0.8214447498321533
0.6987586617469788
0.6404181718826294
0.5493050813674927
0.43510985374450684
0.48470795154571533
0.6417438983917236
0.3039933145046234
0.5125094652175903
0.4059332013130188
0.7306585311889648
0.9419465661048889
0.8610184192657471
0.8290978670120239
0.8449505567550659
0.8137668967247009
0.8983154296875
0.9462787508964539
0.9364427328109741
0.9426287412643433
0.8738937377929688
0.925309419631958
0.8509984016418457
0.7470038533210754
0.7135926485061646
0.32685065269470215
0.5285924077033997
0.4340461194515228
0.369235098361969
0.41576310992240906
0.5054612755775452
0.3909777104854584
0.1740158349275589
0.2434760183095932
0.19539780914783478
0.25889623165130615
0.2510965168476105
0.1284486949443817
0.31656399369239807
0.18257638812065125
0.16582222282886505
0.16902069747447968
0.6304724812507629
