481.0,65.0,64.0,184.0
482,65,66,183
489,68,65,181
488,66,66,182
488,66,67,182
489,67,68,182
490,67,67,182
490,67,67,182
492,67,67,183
493,67,66,183
493,66,66,183
494,66,66,183
494,67,66,183
495,66,65,183
494,66,66,184
495,66,65,184
496,66,65,184
497,66,65,186
496,67,66,183
496,67,65,184
498,68,66,186
498,68,66,186
498,67,67,188
499,67,67,188
500,66,67,188
500,65,67,190
502,64,66,189
500,65,68,190
501,64,69,192
502,63,69,190
502,63,72,192
504,63,71,191
501,64,74,192
503,64,73,190
504,64,72,190
505,63,73,192
505,62,72,194
506,63,73,194
505,60,74,196
507,67,72,203
506,69,75,199
505,69,77,197
509,68,73,212
508,79,73,198
509,78,76,201
508,74,77,204
509,76,77,201
509,72,78,205
511,72,79,201
511,64,82,206
512,58,84,209
514,52,85,214
517,47,84,213
518,43,85,216
517,41,88,216
519,38,87,219
519,37,90,219
520,36,91,220
521,36,92,222
522,37,93,222
516,36,96,227
512,39,93,225
506,41,93,225
499,45,93,223
495,48,90,222
488,49,89,222
490,53,89,234
497,66,84,227
493,69,86,224
493,65,86,230
494,68,85,229
496,67,85,232
495,63,89,233
493,58,92,231
498,52,89,235
495,47,93,237
493,40,98,239
495,35,97,240
496,29,99,241
495,19,102,243
498,15,100,245
497,11,103,246
501,9,98,246
501,9,96,253
499,7,98,254
498,6,99,258
501,10,97,259
498,11,100,264
498,16,98,264
496,22,100,263
498,27,98,264
496,28,99,267
495,28,101,270
495,35,102,266
492,33,103,269
497,35,99,270
495,34,102,274
499,34,99,273
498,31,103,276
498,29,104,275
497,25,107,276
496,23,108,276
497,17,108,278
495,10,110,281
496,5,110,284
494,8,110,280
494,4,111,282
497,3,108,282
498,1,107,288
499,1,104,291
497,1,105,291
497,1,102,294
498,3,100,295
491,4,106,299
490,6,105,302
492,6,100,305
487,10,103,302
487,10,101,303
484,8,102,304
481,7,102,306
480,6,101,307
481,0,99,287
479,0,101,287
477,0,103,285
475,0,105,282
474,0,104,281
468,0,105,277
367,0,12,305
445,0,63,216
463,0,100,289
454,0,101,288
454,0,92,288
450,0,97,311
444,0,102,319
434,4,114,298
419,10,115,315
407,8,123,289
393,11,128,319
389,11,127,310
379,8,138,325
380,3,136,324
379,0,133,324
380,0,130,321
377,0,131,319
360,0,142,316
371,0,131,313
313,0,189,307
179,0,319,336
424,0,99,237
364,0,121,311
356,4,132,307
259,0,225,353
438,0,80,214
280,0,186,326
288,8,180,373
293,10,170,376
296,0,178,389
305,9,176,391
307,0,171,402
310,0,182,413
311,0,183,421
154,0,293,412
3,0,246,363
7,0,149,346
31,0,133,344
39,0,131,343
46,0,129,341
51,0,129,339
56,0,129,339
61,0,128,339
67,0,128,340
72,0,128,341
77,0,131,347
252,0,114,321
520,0,119,431
397,0,242,430
309,0,134,333
292,0,130,332
301,0,124,326
286,0,133,320
79,0,141,349
276,0,145,311
436,0,135,315
438,0,133,316
438,0,129,313
439,0,132,311
396,0,191,309
225,0,377,317
108,0,146,336
403,0,193,327
306,0,302,341
138,0,165,350
156,0,168,348
170,0,152,358
231,0,396,366
200,0,158,368
217,0,151,372
232,0,143,371
242,0,139,374
239,0,148,365
243,0,170,369
243,0,162,372
249,0,165,371
253,0,169,370
259,0,157,367
265,0,147,366
267,0,149,365
273,0,136,364
276,0,137,366
280,0,131,361
281,0,134,393
284,0,145,400
284,0,145,397
294,0,336,409
274,0,158,420
501,0,138,413
291,1,129,416
276,0,150,414
274,0,152,410
272,0,156,406
268,0,159,398
267,0,161,393
269,0,163,387
267,0,166,382
263,0,165,374
325,0,116,375
246,5,99,265
247,3,93,269
304,0,30,280
253,8,144,288
334,0,120,372
229,6,92,270
238,0,216,382
337,0,152,367
321,1,150,388
352,0,129,388
348,0,131,390
350,0,128,395
354,2,133,387
350,7,150,387
361,6,146,392
360,11,187,376
379,2,225,401
385,0,201,398
389,0,226,405
361,0,263,405
221,21,95,254
229,30,94,255
228,23,104,260
232,25,103,254
233,24,106,256
236,24,99,256
237,21,103,261
240,24,100,258
242,23,93,260
243,22,88,263
246,26,86,260
247,22,84,269
251,25,83,266
254,26,81,266
258,28,81,264
261,30,81,263
267,31,80,263
269,31,81,264
273,32,83,262
273,31,85,262
274,29,89,260
281,31,91,258
279,29,90,257
283,26,94,259
287,30,96,258
291,27,95,265
297,28,93,262
301,26,91,265
304,26,93,264
310,28,90,266
314,29,90,264
318,26,92,264
325,27,90,259
328,26,94,266
333,27,95,266
342,27,93,262
342,23,99,266
347,25,97,264
349,23,101,274
355,21,107,281
357,20,114,283
360,18,111,288
363,18,118,289
367,18,120,289
374,20,118,289
383,18,114,292
391,16,112,298
399,17,118,298
409,14,109,302
417,12,104,301
426,9,99,307
436,7,97,310
442,6,99,311
454,5,97,320
457,5,99,314
465,3,93,320
474,3,88,320
485,3,110,375
504,1,135,458
506,2,133,444
504,0,134,454
503,0,135,442
511,0,126,442
501,1,137,440
497,2,140,439
496,6,142,434
495,5,142,435
485,4,152,440
400,1,237,440
333,0,302,429
313,4,324,434
303,0,334,428
376,0,262,437
445,0,189,435
434,0,194,437
439,0,180,435
422,0,191,433
420,0,193,432
414,0,185,428
396,0,210,429
402,0,186,425
389,0,207,423
386,0,199,422
385,0,200,417
379,0,213,417
367,0,207,409
369,0,223,415
369,0,224,411
375,0,218,405
446,0,145,406
327,3,258,397
299,0,302,398
319,0,185,388
324,0,224,386
453,0,135,380
450,0,151,380
449,0,138,379
446,0,133,380
442,0,131,380
436,0,133,379
432,0,134,378
423,0,141,380
420,0,145,379
422,0,147,380
420,0,149,377
415,0,160,381
411,0,167,377
412,0,169,382
408,0,169,382
411,0,164,386
406,0,164,386
409,0,159,387
410,0,154,388
413,0,139,380
401,0,165,375
388,0,160,389
397,0,149,385
395,0,148,386
395,0,145,384
389,6,172,381
207,0,231,369
385,0,193,384
384,0,192,389
383,0,194,398
380,0,188,400
378,1,182,400
384,0,163,398
380,0,166,398
377,0,167,395
382,0,168,392
372,0,180,389
365,0,192,389
366,0,196,390
365,2,202,389
371,0,197,391
380,0,188,390
389,0,177,392
400,0,160,390
403,0,144,382
402,0,133,376
399,0,130,369
397,0,137,387
401,0,133,388
403,0,138,386
399,0,151,384
401,0,161,382
396,0,182,382
392,0,186,387
392,0,179,387
384,0,185,388
380,0,198,366
388,0,201,357
388,0,206,354
387,0,205,351
387,0,209,347
389,0,202,342
395,0,199,357
396,0,191,363
393,0,192,367
393,0,189,371
392,0,196,380
393,0,198,387
406,0,190,393
450,0,146,393
464,0,139,397
471,0,134,393
475,1,135,394
478,0,140,392
482,0,107,400
452,4,183,394
485,0,144,391
475,2,159,387
488,1,145,385
490,0,148,378
501,0,136,373
334,23,259,312
508,0,131,358
321,20,279,306
255,0,384,360
161,0,176,347
526,0,113,340
173,0,159,354
187,0,199,340
325,0,257,268
549,0,90,334
560,2,79,340
561,3,78,343
566,0,73,352
569,1,70,352
570,1,69,361
571,2,68,358
574,5,65,356
576,13,63,344
579,19,59,324
581,21,58,316
584,21,55,275
588,15,51,313
591,21,48,321
595,10,44,281
596,18,41,296
595,12,42,243
598,20,37,232
597,27,39,228
598,27,41,262
600,26,38,195
603,24,32,240
604,27,31,215
608,37,31,277
606,31,32,194
611,37,25,214
608,40,31,253
609,39,30,283
612,35,27,225
611,39,26,258
610,37,28,256
613,39,26,187
612,39,27,209
611,41,27,203
612,42,27,201
611,47,28,189
609,51,29,167
608,49,31,176
605,48,34,167
602,53,37,182
603,52,36,188
601,59,38,162
599,58,40,157
599,53,40,171
598,56,41,176
598,63,41,151
598,69,41,175
601,58,38,208
601,62,38,232
599,41,39,250
564,34,75,268
423,1,198,347
418,0,184,401
433,0,174,402
444,0,165,401
448,0,162,400
454,0,159,397
79,16,98,300
199,54,83,212
197,53,85,214
194,48,88,215
191,49,90,214
192,46,92,217
191,43,92,219
189,44,95,218
189,42,93,221
186,44,95,221
187,42,89,223
185,46,90,225
188,50,86,224
186,48,87,227
188,52,89,225
187,49,87,230
186,49,89,230
185,50,92,231
185,46,93,235
184,45,95,235
182,40,94,239
182,39,92,240
183,36,92,242
182,34,93,243
180,31,92,247
180,29,91,250
181,27,87,249
178,25,87,252
178,26,87,251
174,24,90,254
175,26,88,252
175,29,90,247
174,26,90,250
174,27,87,250
172,26,88,253
172,27,87,253
167,25,90,256
164,26,90,258
164,27,90,262
160,25,92,265
158,22,93,266
158,22,89,263
154,15,93,272
151,13,95,274
150,12,92,275
144,11,96,275
144,10,94,275
139,8,97,278
135,4,98,283
128,5,104,284
486,0,82,323
130,6,98,291
393,3,78,314
307,3,10,302
174,20,44,252
107,7,112,301
470,0,109,309
464,0,128,308
461,0,134,307
458,0,136,304
452,0,136,304
446,0,139,304
440,0,139,306
438,0,139,305
440,0,134,306
209,2,349,303
120,4,122,306
415,3,177,305
461,0,139,316
385,2,211,312
476,3,134,308
484,5,127,305
249,4,354,302
466,13,131,283
502,6,123,295
503,0,130,303
164,1,107,312
154,3,123,307
163,2,157,305
496,3,126,296
233,0,327,301
146,0,247,305
145,0,216,313
239,0,177,313
122,0,131,320
480,2,130,300
484,0,124,300
485,0,120,298
486,0,118,297
485,0,118,297
484,0,120,297
481,0,121,295
477,0,126,297
479,0,124,296
476,1,125,296
476,1,128,295
477,1,125,295
475,0,127,299
479,0,123,298
476,8,116,290
481,2,122,299
474,9,115,289
493,8,113,294
481,6,111,297
482,3,117,298
480,1,121,301
480,0,116,303
483,0,117,305
483,0,120,307
486,0,122,308
488,0,127,313
489,0,132,311
490,0,132,311
496,0,129,313
501,0,122,316
502,0,122,319
503,0,124,318
505,0,124,319
508,0,121,319
509,0,120,320
509,0,121,318
510,2,124,316
499,3,132,317
501,0,126,318
498,0,128,319
494,0,128,319
492,0,126,320
491,0,127,322
487,0,129,323
484,0,131,322
478,0,132,323
475,0,131,322
470,0,134,323
466,0,146,323
460,0,151,326
456,0,160,327
449,0,166,328
444,0,162,327
439,0,168,328
434,0,173,328
427,0,188,327
424,0,193,325
419,0,203,327
415,0,208,327
411,0,206,325
406,0,209,324
402,0,205,323
400,0,207,323
397,0,202,326
392,0,196,327
387,0,193,328
381,0,194,329
373,0,194,329
364,0,192,332
354,0,195,332
346,0,190,334
337,0,190,331
327,0,191,333
318,0,188,334
310,0,184,338
300,0,183,336
292,0,170,336
283,0,180,333
277,0,173,332
264,0,175,333
255,0,179,333
238,0,189,329
224,0,185,328
215,0,184,330
205,0,180,329
196,0,184,331
185,0,169,333
172,0,165,336
175,0,176,343
171,0,165,343
163,0,175,346
158,0,176,349
159,0,171,344
176,6,153,326
162,4,163,333
182,8,139,326
220,12,102,306
218,13,101,296
215,13,98,311
213,11,98,317
212,13,96,297
210,8,96,292
203,7,102,284
201,3,99,289
194,0,100,277
140,0,177,321
65,0,267,474
61,0,278,477
76,0,276,477
75,0,297,476
78,0,300,478
64,0,326,479
58,0,337,479
59,0,348,477
68,0,350,480
74,0,355,476
76,0,348,468
95,0,333,467
13,0,177,349
38,0,167,356
47,0,164,353
54,0,162,354
38,0,186,353
35,0,193,351
42,0,190,350
58,0,174,349
68,0,166,350
74,0,161,350
79,0,158,350
83,0,168,349
87,0,149,348
88,0,167,345
95,0,148,348
95,0,181,344
104,0,157,344
156,0,211,332
267,3,121,322
262,0,119,322
262,0,125,326
264,0,132,325
265,0,141,326
284,0,124,327
284,0,130,329
287,0,133,330
290,0,134,332
296,0,129,336
302,0,128,340
310,0,123,339
309,0,122,341
306,0,124,347
305,0,128,349
303,0,130,356
303,0,130,356
301,0,132,358
300,0,131,358
295,0,133,360
293,0,138,361
293,0,136,363
290,0,137,361
286,0,139,360
281,0,144,358
279,0,147,358
276,0,151,359
274,0,157,358
276,0,152,359
271,0,158,365
270,0,166,368
271,0,158,370
263,0,164,377
258,0,155,377
256,0,154,385
251,0,154,387
246,0,157,391
246,0,155,392
241,0,155,394
236,0,152,394
231,0,152,397
229,0,156,394
228,0,153,395
217,0,159,396
213,0,160,396
389,19,67,308
436,28,78,239
439,28,87,241
440,27,96,242
441,28,96,242
445,33,94,237
449,11,96,233
452,3,92,239
459,2,92,241
468,1,95,238
474,0,90,241
479,0,89,240
486,0,87,243
496,1,86,249
506,4,85,250
516,3,92,256
527,6,89,262
540,11,92,260
551,17,87,261
569,30,70,256
586,38,53,250
597,48,42,225
607,87,32,162
608,48,31,183
542,37,97,212
231,0,122,429
179,0,176,428
176,0,178,429
182,0,179,424
178,0,192,422
184,1,196,418
191,0,205,411
198,0,210,424
212,0,206,423
215,0,212,418
214,0,221,415
219,0,220,418
225,0,220,416
254,5,208,406
328,13,144,353
256,3,190,355
400,19,105,253
411,28,99,250
421,22,99,253
428,31,95,248
424,28,97,252
426,28,89,249
432,30,90,249
433,31,87,248
435,34,85,245
437,33,85,247
443,35,79,247
438,34,82,247
446,35,76,246
446,36,77,245
445,34,78,244
445,30,81,248
441,29,88,248
446,33,85,245
448,33,85,245
451,33,85,245
454,33,81,245
454,34,86,244
460,33,83,245
456,34,90,244
462,36,89,242
463,35,90,243
465,35,95,243
467,33,95,244
471,33,94,243
474,33,94,244
472,30,95,245
463,30,104,247
463,33,95,245
459,30,98,250
457,33,92,249
455,30,88,252
450,29,89,253
447,30,88,251
444,27,88,254
421,27,107,253
436,32,86,247
426,26,96,255
432,31,85,250
423,29,93,253
100,2,130,340
409,33,102,248
415,31,90,251
407,28,91,255
404,29,94,253
368,26,120,258
394,28,94,255
87,3,181,319
77,5,135,331
373,28,102,263
373,27,101,263
366,30,106,261
361,32,107,261
370,29,98,265
375,26,94,267
379,26,90,267
379,24,91,268
382,23,91,270
384,24,92,270
386,27,92,267
389,22,91,272
390,21,92,274
392,20,92,275
394,20,91,275
395,18,93,278
397,18,93,277
400,15,92,283
400,14,93,284
403,13,93,288
405,13,95,290
404,14,95,290
405,11,94,293
406,13,95,293
407,12,96,295
408,11,96,300
408,11,96,301
410,10,96,301
412,8,95,302
412,6,96,304
412,4,96,306
414,3,96,310
414,2,99,309
414,4,98,308
413,3,99,308
415,2,99,311
414,1,101,309
415,0,101,312
416,3,100,311
415,3,102,311
416,3,103,312
416,2,103,313
417,1,105,317
416,2,107,319
417,2,106,323
416,2,106,327
416,2,107,330
416,1,108,332
414,0,114,337
412,0,118,344
537,27,102,397
410,0,126,338
555,40,84,403
413,0,127,341
536,38,99,400
415,0,128,342
420,0,123,339
463,17,82,325
552,15,10,330
563,36,75,254
547,2,15,342
424,0,137,320
422,0,138,370
495,23,139,416
518,34,121,418
515,39,124,416
507,26,132,429
370,0,239,400
344,6,295,438
433,5,185,414
418,8,221,451
435,5,204,446
426,24,176,384
425,0,214,451
420,9,146,356
302,0,279,362
315,0,197,353
297,0,151,351
289,6,116,313
303,4,108,313
306,4,110,312
308,5,116,311
400,0,153,355
319,0,114,319
390,0,88,320
331,7,102,296
402,0,153,369
328,0,114,329
399,0,151,368
334,0,106,322
360,0,189,368
357,0,192,366
361,0,187,364
364,0,185,366
368,0,180,366
372,0,177,366
378,0,172,366
385,0,165,367
391,0,166,368
396,0,158,370
402,0,155,371
405,0,152,371
408,0,150,370
414,0,143,372
418,0,141,374
420,0,140,374
423,0,138,377
420,0,144,376
418,0,147,376
418,0,149,375
416,0,152,376
415,0,154,377
414,0,155,372
411,0,158,370
410,0,159,371
415,0,157,369
414,0,157,369
423,0,150,370
429,0,145,369
419,3,154,365
431,0,147,369
432,0,145,368
439,0,143,368
441,0,144,368
434,0,150,369
422,0,154,367
416,0,160,366
408,0,164,366
403,0,167,365
398,2,168,362
391,4,171,359
384,4,180,359
375,2,184,360
369,1,181,360
366,0,170,361
360,0,181,361
355,0,157,360
352,2,211,386
452,23,187,423
340,0,246,390
333,6,278,414
320,0,160,363
368,0,248,416
310,10,204,373
303,0,134,363
322,0,181,400
463,0,176,425
481,0,156,420
276,0,133,365
472,3,160,419
479,0,158,422
276,0,279,390
288,0,144,360
294,0,143,363
289,0,150,360
204,6,238,355
298,5,143,352
296,0,146,358
293,2,149,355
305,2,140,354
315,0,130,358
332,0,306,426
507,0,113,414
319,0,127,357
325,0,131,351
325,0,130,358
328,0,129,357
326,0,129,356
331,0,124,349
331,0,126,355
333,0,127,356
333,0,127,357
336,1,125,357
339,0,121,357
336,0,122,356
343,0,117,357
338,0,122,357
340,0,119,359
342,0,120,358
341,0,124,358
342,0,120,360
341,0,122,362
344,0,119,363
341,0,120,374
344,0,119,362
342,0,120,364
344,0,118,364
338,0,130,364
325,0,126,361
319,0,126,370
312,0,129,359
324,0,116,362
321,0,117,357
324,0,113,358
320,0,118,356
321,0,115,355
322,0,111,356
319,0,114,356
321,1,112,356
321,0,114,358
320,0,113,355
316,0,116,355
10,0,176,340
45,0,273,353
14,0,138,355
62,0,233,353
311,0,123,355
20,0,210,346
313,1,118,352
314,0,116,364
317,0,118,362
316,0,118,358
317,0,117,359
317,0,114,362
318,0,118,358
316,0,119,362
314,0,117,360
516,0,123,435
304,0,118,355
491,0,148,433
297,0,121,356
291,0,126,357
284,0,129,355
280,0,128,356
275,0,125,356
272,0,123,357
264,0,126,357
260,0,122,356
253,0,125,358
249,0,121,356
242,0,124,357
235,0,125,357
227,0,124,357
222,0,126,358
215,0,124,357
207,0,128,357
199,0,126,358
192,0,127,359
184,0,129,358
179,0,125,359
170,0,125,359
162,0,128,360
153,0,128,360
145,0,130,362
137,0,127,360
131,0,129,363
122,0,128,363
113,0,127,365
104,0,129,366
95,0,130,368
81,0,249,350
77,1,141,362
97,0,129,364
110,0,180,366
93,0,125,364
88,0,208,360
87,0,133,363
91,0,178,368
91,0,131,365
232,0,129,324
98,0,122,364
194,0,161,339
82,0,146,377
228,2,130,346
97,0,157,370
88,0,128,364
224,0,133,357
88,0,129,362
227,0,128,359
92,0,132,367
69,0,145,364
225,0,143,350
159,0,171,389
341,0,171,424
122,0,351,400
142,0,319,402
361,0,179,422
224,0,174,360
269,0,134,360
279,0,133,362
281,0,138,356
286,0,136,354
291,0,141,364
294,0,147,376
298,0,154,390
301,0,195,377
314,0,155,395
314,0,153,388
0,0,139,367
0,0,83,363
0,0,90,359
0,0,103,360
0,0,113,362
1,0,119,359
2,1,261,357
6,0,178,373
190,0,249,347
281,0,206,380
92,0,382,375
296,0,246,403
44,0,138,335
253,0,251,410
265,0,245,404
41,0,157,328
72,0,125,325
72,0,131,303
303,0,197,383
71,0,155,301
205,0,272,382
75,0,157,297
126,0,213,327
149,0,104,302
290,0,187,399
286,0,179,401
288,0,171,404
285,0,165,410
282,0,161,413
277,0,166,424
276,0,164,423
272,0,163,425
268,0,165,425
265,0,165,418
255,0,169,452
247,0,176,452
244,0,170,443
205,2,208,437
205,3,210,453
202,7,208,448
197,0,219,451
179,0,242,444
172,0,247,435
141,0,283,431
136,0,288,424
131,0,303,420
148,0,300,414
272,0,182,396
295,0,152,349
294,0,152,344
291,0,151,352
286,0,150,357
279,0,153,362
277,0,156,366
277,0,161,374
290,0,156,384
302,0,153,389
312,0,150,396
320,0,142,399
324,0,138,403
328,0,135,402
331,0,134,403
335,0,129,402
337,0,127,399
341,0,127,396
343,0,127,391
340,1,130,388
343,0,132,387
344,0,136,386
344,0,145,385
346,0,154,385
346,0,160,384
348,0,170,383
351,0,174,385
352,0,176,388
355,0,175,392
361,0,176,394
359,2,173,397
368,0,159,404
363,0,162,405
367,0,160,409
369,0,162,411
369,0,170,411
378,0,164,408
371,0,178,408
377,0,174,408
375,0,171,407
361,0,182,404
373,0,167,402
363,0,178,400
373,0,167,399
373,0,167,396
376,0,165,396
377,0,164,397
378,0,164,398
378,0,164,396
366,0,184,396
376,0,182,398
386,0,179,398
393,0,179,397
393,0,189,399
398,0,185,399
402,0,186,399
411,0,175,399
420,0,169,397
421,0,162,395
359,7,226,388
433,0,152,397
336,7,140,375
405,10,177,387
435,2,150,398
420,9,172,389
432,3,167,403
428,0,177,413
419,0,187,412
400,1,205,414
401,0,201,416
401,0,210,419
404,2,207,410
403,1,206,404
402,0,200,391
402,0,127,337
402,2,92,311
407,0,176,376
399,0,204,385
395,0,197,384
388,0,190,385
382,0,186,382
375,0,182,382
371,1,178,378
365,3,175,373
360,1,170,375
356,0,166,373
351,0,165,371
352,0,159,370
347,0,159,366
345,0,154,364
339,0,153,361
336,0,149,358
334,0,144,356
329,0,145,354
323,0,142,353
317,0,140,353
314,0,137,354
310,0,131,353
305,0,130,351
299,0,129,349
293,0,126,348
290,1,122,347
286,1,119,346
280,2,118,343
276,3,113,342
272,2,110,339
267,3,108,336
263,3,107,334
259,2,105,333
256,4,102,328
252,5,101,328
247,6,100,326
242,6,101,324
237,5,100,323
230,5,103,324
224,6,104,324
219,6,105,324
213,9,103,321
206,8,105,324
200,8,105,322
195,7,104,323
191,7,102,324
183,8,103,322
178,8,103,323
174,8,102,323
175,5,100,325
178,7,102,324
181,7,102,321
183,6,101,320
186,5,102,320
191,5,98,323
198,6,203,334
397,0,145,393
395,0,144,395
385,0,139,395
383,0,131,399
377,0,130,400
368,0,132,400
357,0,139,400
348,0,148,400
334,0,158,401
327,0,159,400
320,0,164,397
313,9,165,388
304,6,167,390
300,4,166,388
314,8,213,332
503,39,108,237
500,50,99,225
502,49,97,227
502,50,98,224
508,48,90,224
504,48,86,225
506,49,80,223
504,51,78,219
506,47,77,232
500,79,76,216
496,78,74,215
492,81,77,210
486,74,81,220
483,80,81,210
482,78,79,211
478,74,82,210
472,69,85,208
470,61,83,213
464,58,85,210
468,51,78,210
467,45,76,212
468,39,74,212
471,33,69,214
471,29,67,215
470,26,64,213
468,23,66,215
433,22,96,216
433,22,59,234
453,24,73,218
398,22,118,226
296,1,129,297
300,3,132,302
309,5,132,309
331,3,120,315
342,9,120,310
351,9,117,315
357,5,117,322
366,6,113,321
377,8,133,319
387,7,138,318
399,4,146,320
414,7,157,316
424,4,150,314
438,1,150,318
451,0,146,319
460,0,150,316
471,0,145,316
483,0,147,315
494,0,139,317
194,0,146,370
495,0,142,321
425,0,212,323
502,0,137,328
229,0,407,330
180,0,159,380
182,0,147,387
509,0,130,332
229,0,407,310
495,0,144,312
272,0,362,313
492,0,147,310
496,0,143,307
469,0,169,310
481,1,150,308
144,0,144,348
138,0,140,348
134,0,280,350
125,0,148,359
120,0,213,357
111,0,517,364
93,0,158,380
88,0,143,375
81,0,140,375
75,0,139,378
70,0,137,377
63,0,139,375
56,0,139,374
47,0,141,373
40,0,141,368
33,0,139,367
25,0,138,366
16,0,140,362
8,0,139,353
2,0,137,351
0,0,134,351
0,0,128,351
0,0,120,351
0,0,116,355
0,0,111,355
0,0,104,353
0,0,96,353
0,0,88,353
0,1,83,350
0,2,79,350
59,8,201,268
380,0,152,356
375,0,147,354
371,0,142,353
363,0,142,355
358,0,139,354
351,0,135,349
346,0,134,346
337,0,139,357
335,0,135,352
327,0,139,354
329,0,131,353
320,0,140,355
316,0,143,358
312,0,147,362
306,0,145,361
297,0,153,367
288,0,145,366
279,0,159,369
270,0,161,368
262,0,170,370
253,0,172,372
243,0,189,373
230,0,195,375
222,0,196,376
215,0,196,374
206,0,202,375
196,0,203,374
185,0,208,371
178,0,202,367
168,0,204,367
155,0,212,368
145,0,217,370
140,0,213,369
137,0,200,366
130,0,138,349
129,0,196,355
142,0,235,365
137,0,154,342
125,0,112,343
119,0,143,325
119,0,135,328
116,0,122,335
109,0,126,340
104,0,134,340
101,0,135,340
97,0,138,341
96,0,138,344
92,0,144,345
90,0,142,345
86,0,146,345
86,0,145,347
81,0,147,349
77,0,148,353
74,0,147,358
74,0,144,366
75,0,140,362
71,0,159,358
69,0,146,366
67,0,202,357
