325.0,0.0,176.0,451.0
319,1,178,447
316,0,182,451
313,0,180,452
313,1,184,455
309,0,186,460
310,0,182,461
309,0,177,462
310,0,180,464
308,1,177,466
309,1,170,467
307,2,168,465
306,0,171,468
308,1,169,466
308,3,168,463
309,0,160,465
309,0,164,468
315,3,156,464
319,3,154,466
318,2,150,466
317,1,149,468
317,1,144,468
316,0,145,470
314,0,147,471
311,0,151,468
312,2,152,466
308,0,159,467
307,0,159,469
303,0,168,469
303,1,175,468
304,0,179,466
300,0,191,468
303,2,184,464
304,3,196,464
304,2,191,464
305,2,190,465
305,2,192,466
307,1,188,466
310,0,184,468
312,2,181,468
314,0,173,471
314,0,172,470
316,0,169,470
320,1,165,468
323,3,164,468
326,2,163,470
327,1,164,472
329,3,168,469
331,3,170,468
335,2,167,468
339,4,163,464
344,5,160,466
345,2,163,466
347,3,169,470
351,5,170,469
355,10,171,463
353,8,180,466
357,7,186,467
360,18,195,455
361,10,198,464
361,13,207,459
364,10,214,460
366,5,204,465
368,8,205,457
368,5,201,459
369,3,200,455
370,1,200,453
369,2,199,451
372,0,196,450
377,0,195,450
385,0,191,451
388,0,192,451
392,0,190,456
395,0,187,461
401,0,188,467
405,0,191,471
410,0,190,477
416,0,191,476
427,0,193,475
438,0,181,478
446,0,183,479
457,0,175,480
465,0,169,480
467,0,167,480
473,0,162,480
467,0,169,480
482,0,154,480
488,0,151,479
494,0,145,480
497,0,142,480
498,0,141,479
496,0,143,480
498,0,140,478
376,2,253,475
292,0,347,477
41,2,226,455
199,2,410,474
144,0,486,479
4,12,195,457
15,10,184,464
5,11,187,466
3,20,179,456
394,5,229,470
55,18,139,457
400,3,219,475
424,3,197,472
221,10,248,466
20,11,149,467
418,1,216,477
410,6,224,470
405,4,234,472
403,0,236,478
403,0,236,476
379,0,260,476
375,1,264,478
303,0,336,478
304,0,331,474
231,0,383,472
0,0,197,472
0,0,190,476
0,0,185,475
0,0,188,476
128,0,426,476
134,0,388,472
38,0,480,473
9,0,509,475
249,9,284,462
384,21,167,457
397,29,163,447
403,44,171,430
406,54,175,423
409,59,181,417
410,54,184,424
410,56,184,422
418,54,176,423
406,55,196,423
421,14,190,461
418,25,192,450
428,18,188,459
429,5,189,470
432,3,190,472
430,2,193,472
373,0,254,475
0,0,294,477
2,0,297,479
11,0,297,480
125,0,193,474
142,0,184,474
135,0,208,475
137,0,220,477
131,0,236,477
133,0,242,479
127,0,251,479
118,0,257,478
115,0,261,479
134,1,242,475
156,6,222,470
159,11,226,468
165,11,225,464
167,9,216,468
176,2,202,474
186,2,184,473
190,0,191,473
195,0,192,475
256,0,371,475
210,0,177,472
262,0,291,479
334,0,273,476
197,3,222,473
334,1,252,469
181,0,291,473
230,0,320,475
177,0,369,472
181,0,351,470
273,0,289,468
346,0,208,476
376,1,177,473
377,0,188,475
350,3,233,475
259,0,328,479
270,0,318,479
284,0,300,477
288,0,283,479
292,0,304,477
295,0,297,478
306,0,289,480
313,0,288,480
322,0,292,480
326,0,271,479
337,0,287,475
350,0,273,477
365,0,263,476
376,0,260,475
389,0,249,474
39,75,175,402
12,99,288,380
0,36,143,443
0,5,162,473
0,1,155,476
342,2,290,476
338,2,267,475
226,0,210,480
510,0,129,476
500,1,139,473
522,0,117,475
233,1,401,475
3,0,274,474
36,0,260,479
51,1,258,475
65,0,259,479
75,2,265,475
98,0,263,478
117,1,252,477
131,0,243,475
140,0,231,477
150,0,231,475
166,0,221,477
180,0,214,475
188,0,209,476
188,1,209,478
194,0,206,477
200,0,206,480
206,0,201,480
214,0,199,478
218,0,196,479
221,0,198,478
226,0,198,478
232,0,187,478
237,0,186,475
239,0,181,477
240,0,181,474
240,0,181,478
241,0,180,477
237,0,180,477
239,0,174,476
240,0,172,475
235,0,174,477
216,0,180,475
204,0,177,478
192,0,176,477
178,0,174,474
168,0,174,474
157,0,174,475
148,0,191,474
175,0,253,473
124,0,219,474
439,0,198,477
450,0,188,477
434,0,202,476
423,0,200,478
405,0,201,476
380,3,211,473
352,3,230,472
318,1,248,472
290,0,272,476
271,2,271,477
258,2,248,475
249,0,238,477
237,1,236,475
227,1,232,476
221,0,232,474
222,0,222,468
224,0,219,465
229,0,211,463
222,0,208,458
224,0,197,456
220,0,188,460
215,0,182,460
207,0,178,466
200,0,174,470
187,0,171,472
175,0,172,474
165,0,169,474
156,0,179,478
155,0,177,475
153,1,176,472
148,4,180,471
144,12,183,460
144,18,187,455
139,21,192,453
148,34,185,441
151,39,188,435
153,42,185,434
163,23,170,450
160,27,197,447
157,11,199,461
158,0,196,474
163,0,198,475
158,0,183,473
173,0,163,475
164,0,166,473
149,0,173,472
143,0,169,471
131,0,167,473
117,0,173,471
103,0,185,470
91,0,192,469
84,0,294,468
245,4,279,470
54,5,451,458
174,0,326,474
189,5,296,471
65,2,453,472
61,0,365,473
69,0,363,473
193,15,271,451
86,0,339,479
98,0,315,474
113,0,294,477
118,0,299,477
126,0,284,478
128,0,278,478
133,0,266,476
133,0,267,475
132,0,266,473
125,0,277,478
125,0,278,477
123,0,279,477
123,0,280,477
127,0,281,478
129,0,278,480
133,0,272,479
137,0,263,477
133,0,256,478
127,0,250,479
120,0,246,477
118,0,247,477
113,0,244,479
121,0,228,479
129,0,211,474
128,0,212,479
122,3,218,475
100,1,239,475
107,2,230,475
103,0,239,474
96,2,249,474
93,0,252,476
97,0,248,479
87,0,259,477
87,0,260,480
89,0,253,477
96,0,242,476
102,0,230,476
112,0,218,480
118,0,215,477
113,0,226,477
102,0,242,479
59,0,288,480
82,0,276,478
6,0,356,478
41,0,332,476
22,0,359,479
17,0,370,477
99,2,297,475
239,6,159,473
243,10,166,468
235,6,185,472
250,10,179,465
244,5,190,468
174,6,266,468
242,1,198,473
109,2,335,473
257,2,189,474
219,11,230,463
266,6,187,464
284,12,168,460
293,10,163,460
296,10,167,464
297,9,173,463
297,10,178,467
319,29,159,446
328,23,154,451
326,20,162,458
324,19,171,455
320,27,176,446
313,27,177,447
304,18,187,453
302,19,186,447
303,12,187,453
302,13,187,450
302,11,186,448
308,7,179,453
310,13,177,443
308,7,180,451
311,7,176,452
307,9,176,451
305,8,173,456
304,8,169,462
299,10,167,463
292,9,166,466
279,11,174,464
266,23,182,454
260,27,182,451
256,26,178,450
247,23,182,452
241,19,186,456
241,19,177,457
234,19,179,458
230,26,180,449
231,14,177,462
231,19,172,458
225,15,175,460
223,11,173,464
220,11,175,464
218,7,177,469
216,7,178,467
215,11,180,466
214,8,179,468
213,6,177,467
214,8,173,466
213,10,167,462
210,11,162,461
207,14,156,454
202,13,152,458
196,16,151,455
190,17,149,450
181,16,154,453
174,19,155,457
168,16,156,459
166,14,156,462
166,11,154,462
162,12,157,462
152,10,166,462
150,8,168,462
132,13,184,456
139,13,173,447
131,7,177,461
139,7,164,462
143,6,159,464
139,7,161,465
135,9,163,464
131,8,165,464
120,10,174,463
113,13,181,461
91,12,202,464
103,12,194,464
101,11,188,467
6,2,274,472
1,1,268,477
1,0,265,477
4,9,272,467
7,19,301,460
27,13,300,466
53,6,292,473
58,5,297,474
92,3,282,473
113,0,283,479
105,0,290,479
109,0,282,475
120,0,279,476
140,0,271,476
168,0,250,475
165,1,262,475
194,5,257,470
216,4,255,470
235,4,253,465
197,7,317,464
229,3,305,470
149,0,164,413
144,0,148,414
141,4,150,416
145,3,147,422
145,0,148,430
150,7,150,427
161,11,147,431
169,29,149,428
174,52,150,404
173,53,155,409
175,69,155,397
175,72,160,394
176,72,159,398
171,73,154,393
171,71,157,391
167,74,159,384
167,60,161,386
166,54,162,387
159,39,164,390
154,25,168,399
149,20,169,396
147,14,170,392
137,3,177,394
141,11,175,380
133,2,181,384
138,2,174,380
137,0,171,377
138,0,169,373
138,0,165,372
139,0,163,381
141,0,158,375
138,2,156,379
137,0,154,383
126,1,164,399
28,0,237,451
12,1,265,473
12,4,256,469
20,12,254,461
36,24,243,447
37,37,240,438
44,38,237,439
49,43,232,435
55,45,220,431
61,55,215,420
67,57,211,417
74,58,215,419
77,55,214,421
81,61,215,413
81,59,215,416
79,60,220,416
78,56,220,420
74,57,229,420
76,55,228,420
80,50,234,425
91,43,229,433
107,40,216,433
125,30,196,440
125,22,198,450
125,25,201,441
135,18,194,443
142,15,194,439
135,20,211,430
138,17,216,433
122,22,238,441
124,21,246,444
120,28,262,440
120,24,255,447
129,34,250,439
132,38,237,436
138,40,227,436
154,51,210,427
174,50,190,426
189,33,179,443
198,43,172,433
203,36,171,438
217,32,161,444
229,33,159,444
243,29,152,449
255,23,146,452
256,19,164,457
262,19,166,453
260,22,190,449
267,12,216,458
275,13,215,455
274,14,219,459
286,10,220,461
279,12,227,463
286,10,223,462
283,13,228,463
295,14,222,461
300,17,213,460
317,9,193,465
331,6,186,468
330,11,190,464
325,14,200,463
329,16,208,461
335,20,213,458
337,20,226,454
345,19,224,453
350,19,225,459
358,17,238,462
376,12,240,465
385,15,247,462
391,13,244,462
394,7,241,471
395,9,240,467
397,9,240,466
399,5,240,467
394,5,239,472
388,6,248,469
385,3,251,468
381,6,248,468
373,5,255,471
365,7,235,462
353,15,172,444
338,19,201,441
335,28,218,425
325,23,224,430
312,29,182,421
311,20,325,456
292,17,267,443
295,16,333,457
294,10,306,461
348,0,289,468
298,14,331,463
423,0,213,473
429,0,208,476
459,2,178,477
311,0,208,443
448,0,188,476
324,1,166,449
310,7,158,433
302,11,178,433
295,11,185,432
287,13,193,433
281,12,196,435
275,18,196,441
263,18,212,442
260,20,201,449
249,32,217,445
270,45,189,432
267,50,190,429
271,53,180,426
275,53,178,425
282,52,172,427
294,52,165,426
302,43,163,433
309,37,164,442
330,19,150,457
323,8,167,467
343,13,159,461
353,7,160,466
361,12,164,461
367,7,163,464
373,0,168,471
374,2,181,467
381,0,188,468
383,0,198,473
386,0,201,478
391,1,199,476
394,2,212,477
399,9,199,470
403,6,206,472
404,9,188,470
415,22,176,456
425,38,161,438
427,41,160,436
442,38,155,439
444,48,155,428
452,43,147,435
454,41,148,438
449,39,153,440
446,34,158,444
439,31,164,448
427,24,175,455
415,20,181,456
407,13,189,463
394,8,196,470
385,8,204,467
382,11,202,464
378,11,207,462
374,5,219,468
375,5,246,469
377,4,246,469
378,2,245,471
374,3,242,470
376,0,249,476
379,0,260,477
381,9,257,466
378,45,261,432
366,0,269,476
354,8,270,469
334,0,277,473
317,4,277,473
301,2,296,472
281,0,315,475
259,0,334,475
240,0,348,478
223,0,358,476
204,0,367,474
181,0,382,477
158,0,392,476
136,0,401,480
126,0,406,477
111,0,326,479
300,4,219,469
334,18,175,455
316,28,187,447
315,26,179,445
303,29,183,442
298,22,181,440
292,20,178,440
284,16,177,438
289,15,162,436
281,9,161,445
280,14,154,431
274,18,154,423
288,10,137,428
284,11,140,428
284,7,141,432
292,17,132,424
286,16,142,425
282,25,151,417
273,27,169,416
270,30,177,413
266,37,186,405
260,41,188,400
254,40,187,400
249,40,185,410
248,51,196,417
252,59,190,398
254,53,183,403
251,55,185,402
251,51,185,400
255,47,185,405
259,44,174,402
268,32,167,406
269,24,160,412
277,16,154,413
284,14,150,417
294,13,148,416
300,7,148,421
307,5,149,424
312,7,149,427
319,8,148,433
324,10,147,435
326,16,147,435
328,14,148,444
330,29,149,432
330,35,151,427
329,34,150,429
329,30,150,428
330,32,149,428
332,28,148,428
331,23,150,430
329,26,152,419
328,10,153,435
326,15,157,426
328,9,159,434
331,7,155,433
335,15,157,429
344,4,149,428
358,21,186,417
369,22,187,424
375,10,143,422
379,20,146,418
384,16,131,426
385,22,156,427
391,20,185,436
392,20,161,437
391,25,177,429
394,25,179,432
424,19,204,452
400,6,219,461
401,0,236,475
400,0,237,470
403,0,233,470
400,0,229,473
397,0,218,477
398,1,222,475
396,0,219,474
393,1,215,474
388,1,204,473
382,2,203,477
372,3,197,474
357,5,208,473
347,2,211,472
333,4,232,471
309,5,236,468
285,2,253,473
257,5,265,467
215,3,281,471
186,2,284,467
148,1,274,475
131,1,196,476
103,2,222,477
63,2,236,476
33,0,239,474
12,0,222,477
2,0,204,477
5,0,358,453
0,0,185,474
250,42,149,386
261,48,145,389
255,46,145,391
251,49,148,389
235,57,166,381
263,58,140,382
264,58,142,387
271,61,133,376
269,64,134,371
270,64,132,365
273,69,130,359
277,67,125,361
279,68,125,358
280,59,123,364
282,60,122,362
282,58,125,361
288,57,134,360
303,53,133,359
314,50,134,363
324,53,139,361
333,50,137,361
340,51,134,363
350,52,131,359
360,45,128,364
366,46,132,367
375,48,130,363
381,46,137,367
388,48,142,365
395,53,148,361
401,51,153,367
409,53,157,364
417,53,160,363
426,55,166,361
436,51,157,366
443,50,162,371
450,52,172,365
457,45,162,371
468,45,162,369
481,40,153,370
498,39,141,374
511,32,127,380
511,34,126,377
513,35,125,375
512,36,126,375
514,37,125,376
514,38,123,377
512,42,126,376
508,42,127,377
508,45,129,378
505,48,131,376
505,49,132,376
503,50,132,376
502,52,134,374
502,52,134,372
500,52,135,371
500,47,133,371
498,47,139,367
497,48,137,363
495,43,142,363
495,37,138,372
493,38,140,373
495,39,137,372
496,40,135,369
497,40,135,372
496,42,134,367
501,42,129,367
503,41,125,371
504,44,123,369
504,49,118,369
502,53,115,366
501,55,115,364
497,49,115,369
495,54,116,362
489,53,122,363
484,56,127,364
481,51,130,367
476,47,137,371
474,46,143,373
473,50,141,367
471,41,142,378
470,49,140,374
470,43,142,387
469,48,142,386
469,53,140,386
470,57,135,384
471,56,131,386
469,62,132,381
467,61,134,385
467,67,135,382
460,64,141,387
458,60,140,387
453,60,143,388
448,54,147,391
444,55,148,390
440,47,148,397
432,44,153,398
423,38,150,402
412,39,154,403
417,45,144,401
413,40,143,411
399,42,160,423
411,44,142,421
419,44,130,421
294,15,249,459
273,0,279,476
284,0,268,473
295,0,255,472
304,0,246,477
312,0,266,477
317,0,265,475
322,0,282,473
334,2,287,471
344,5,288,470
343,0,293,474
332,0,306,471
336,0,303,475
323,0,314,476
329,0,308,478
330,8,295,469
345,28,163,440
341,15,187,448
354,17,166,445
354,26,168,434
353,18,167,449
353,24,166,442
356,19,161,448
354,23,155,447
351,18,152,454
355,18,143,450
354,11,138,457
355,8,140,463
356,5,145,463
358,4,151,465
360,3,155,466
355,11,168,454
350,8,182,455
355,6,187,449
344,6,199,441
354,1,194,454
348,6,207,442
359,2,204,448
359,0,201,452
367,0,208,447
376,0,202,451
386,0,188,454
399,0,183,454
413,0,167,469
423,0,160,474
429,0,152,476
444,0,138,476
441,1,151,476
426,0,174,478
431,0,177,477
333,0,281,478
344,0,286,475
360,0,274,473
380,0,259,472
399,0,240,473
427,0,212,474
441,0,197,478
464,0,175,477
471,0,168,479
490,1,149,477
500,3,137,475
530,0,108,478
548,1,91,477
556,0,83,477
546,0,92,478
537,0,101,477
519,0,120,478
523,1,115,475
515,1,123,474
507,1,129,473
499,1,137,473
490,0,147,475
481,0,155,474
471,0,168,478
453,8,185,467
450,0,189,473
434,12,204,463
442,1,197,474
448,0,191,474
448,2,191,472
445,0,194,474
445,0,194,475
444,0,193,476
444,0,195,477
443,0,191,472
441,0,187,478
440,0,174,475
437,0,158,478
429,0,161,476
412,0,167,475
399,0,178,478
388,0,179,476
377,0,185,478
364,0,195,475
354,0,204,476
331,2,222,471
315,2,237,469
312,0,232,473
308,0,232,477
310,0,228,476
311,0,225,478
315,0,225,479
319,0,222,480
323,0,215,480
328,0,206,477
344,0,202,477
357,0,203,479
371,0,200,477
378,0,193,479
388,0,185,476
392,0,186,478
400,0,183,476
405,0,190,476
410,0,198,474
418,0,204,476
423,0,207,476
427,0,210,477
432,0,207,474
434,1,205,474
433,0,206,476
444,1,193,476
460,3,179,475
483,0,155,475
501,1,133,477
512,2,126,474
531,1,107,478
554,2,83,474
564,0,75,477
578,2,60,475
589,1,50,455
595,10,44,340
598,45,41,362
594,76,45,253
593,127,46,142
590,127,48,132
579,103,59,153
564,26,75,304
554,6,85,298
543,6,96,268
530,1,108,263
525,0,112,269
519,0,116,263
511,0,125,253
509,1,123,262
507,2,132,458
506,0,130,333
503,0,136,479
502,0,136,477
504,0,134,477
497,0,140,472
492,0,147,475
485,0,154,474
472,0,165,461
457,0,178,477
456,0,180,479
449,0,188,478
442,0,193,478
437,0,198,478
428,0,206,477
424,0,211,477
416,1,220,474
394,2,240,475
376,3,263,472
353,3,286,474
363,0,276,478
366,1,273,475
360,0,278,479
360,0,278,479
356,0,280,478
356,0,282,477
353,0,283,477
353,0,281,476
355,0,278,474
342,0,288,477
335,0,283,475
324,0,268,474
314,0,253,474
302,0,293,479
296,0,232,477
290,0,225,471
272,0,232,475
270,0,227,472
265,0,227,474
261,0,231,474
248,0,241,478
240,0,249,474
227,0,262,475
205,0,280,476
192,0,294,474
171,0,320,475
157,0,331,480
135,0,353,473
122,0,363,478
129,0,360,477
138,0,350,476
133,0,342,477
311,0,186,471
289,0,202,451
278,0,215,440
286,0,210,436
279,0,224,442
289,0,211,445
291,0,214,449
261,0,244,457
313,0,202,462
326,2,180,468
331,2,190,474
332,1,183,473
343,2,177,471
341,4,186,471
349,14,176,460
363,12,163,465
359,9,167,466
374,12,152,462
360,5,165,471
376,5,147,470
371,0,150,475
374,0,146,474
377,0,143,472
383,3,137,465
385,2,135,463
325,0,198,461
381,2,142,453
394,3,133,450
383,1,150,449
408,1,133,455
418,0,133,460
425,0,151,465
429,0,168,472
433,0,179,479
431,0,204,472
428,0,211,474
435,0,203,475
420,0,214,476
429,0,208,473
377,0,257,473
420,0,216,471
387,0,246,474
373,0,263,471
353,0,282,471
337,0,299,474
330,2,307,470
311,1,325,471
299,0,338,474
276,2,358,475
260,1,371,472
234,1,394,477
203,0,432,472
146,0,473,473
72,0,525,475
141,0,498,473
41,0,585,475
13,0,576,470
490,0,149,477
496,0,143,476
482,0,157,476
476,0,162,476
465,0,174,476
457,0,179,475
444,0,192,477
439,0,200,476
434,0,204,476
424,0,213,474
415,0,216,476
407,1,212,475
398,0,210,476
393,0,214,477
399,3,207,472
393,1,216,475
387,2,217,476
399,1,210,478
393,2,227,474
405,0,221,475
413,0,215,473
430,0,208,478
439,0,198,477
443,0,195,478
444,0,195,475
443,2,193,476
430,0,209,475
418,5,216,472
404,0,211,472
394,6,211,471
386,6,207,469
385,4,207,474
397,4,205,471
404,11,204,465
411,6,204,472
413,5,206,472
420,11,204,467
429,4,199,469
432,5,202,471
432,2,206,473
436,0,201,477
454,0,184,477
462,3,177,475
482,1,157,473
478,0,161,478
486,0,152,475
488,2,150,474
485,2,153,475
484,1,152,477
481,0,154,479
476,0,162,475
127,159,258,320
232,120,344,356
457,0,182,478
450,0,189,476
436,0,202,474
438,2,201,475
422,0,217,478
406,5,231,470
397,7,242,464
401,3,238,469
405,0,229,472
389,2,245,470
398,0,241,472
423,0,216,473
430,0,207,475
427,0,209,477
425,0,214,478
411,0,224,478
421,0,216,476
419,0,220,475
416,0,223,475
411,0,228,474
109,45,247,378
397,1,242,472
398,0,241,476
394,0,245,472
389,0,250,477
371,1,268,474
370,0,268,473
365,0,269,473
368,4,255,470
368,1,252,472
369,2,243,475
381,0,250,478
389,1,246,472
395,0,244,476
400,0,239,478
405,0,232,477
410,0,229,475
404,0,233,478
402,0,237,475
396,0,243,475
389,0,250,473
386,0,251,474
382,0,256,476
376,0,263,474
366,0,272,476
364,0,266,476
357,0,263,474
354,0,252,475
351,0,245,477
351,0,233,475
348,0,222,474
308,1,246,475
338,1,200,475
294,6,240,473
335,1,200,478
342,0,188,477
296,0,233,476
334,0,196,471
324,0,197,474
325,0,194,475
317,0,195,477
313,0,196,475
303,0,214,478
298,1,221,473
289,3,225,473
277,2,234,475
268,0,235,476
264,0,230,476
254,2,228,474
242,3,231,475
254,0,210,475
247,4,208,474
236,3,207,471
243,1,192,474
253,0,170,477
243,0,167,478
236,0,169,475
213,0,189,474
139,0,262,478
219,2,181,471
181,0,213,477
184,1,207,472
166,2,220,473
169,1,214,469
160,5,218,470
147,8,222,463
157,2,201,473
139,0,212,477
148,3,191,469
152,2,179,474
153,0,169,478
128,0,186,478
151,0,162,472
121,0,197,476
173,0,148,474
117,0,214,476
172,5,162,468
99,0,243,474
179,0,162,473
101,0,253,476
184,0,174,474
109,0,260,477
189,0,201,475
1,0,180,474
79,0,214,480
8,0,286,476
0,0,174,476
2,0,179,472
3,0,183,474
37,0,230,470
160,0,254,474
208,0,176,470
231,2,199,472
255,0,169,475
259,0,173,473
108,0,320,474
279,0,192,476
287,0,177,473
54,0,418,478
296,0,204,471
282,0,230,474
274,0,239,477
297,1,223,475
92,0,443,475
138,0,418,474
285,0,252,474
238,1,320,477
150,0,407,475
310,0,237,472
107,0,437,472
117,0,394,473
128,0,252,474
117,0,225,477
121,0,231,476
119,0,230,472
98,0,234,476
87,0,235,476
78,0,241,479
270,2,256,472
318,2,220,472
130,3,292,474
56,0,454,479
292,0,240,478
247,1,306,476
50,0,236,476
37,0,250,474
25,0,257,471
17,0,289,476
12,0,234,475
8,0,240,476
7,0,232,478
3,0,251,477
3,0,247,475
1,0,251,472
2,0,245,476
4,0,242,477
4,0,240,478
3,0,261,475
14,0,287,480
7,1,295,473
13,0,259,476
26,0,261,478
16,0,265,475
16,0,270,475
15,1,287,472
163,5,317,470
137,1,303,472
236,0,252,479
248,0,233,476
220,0,257,475
243,0,213,475
30,0,398,476
252,15,215,456
21,0,197,475
151,4,305,471
272,12,181,461
277,5,174,469
297,6,153,466
283,3,176,473
295,4,176,470
300,2,178,472
292,0,193,473
306,1,186,470
311,0,189,472
314,0,195,473
314,0,208,474
326,0,213,472
332,0,227,475
331,0,231,473
329,0,236,473
331,0,243,471
338,0,239,473
344,0,233,473
349,0,234,475
349,0,242,471
351,1,248,471
362,5,231,467
373,3,228,473
326,1,277,471
424,0,197,478
440,0,181,476
440,0,191,475
451,0,184,475
447,0,191,475
288,0,334,476
255,0,289,477
216,0,416,473
187,0,244,474
197,0,249,473
214,0,407,475
233,0,261,471
202,0,212,474
201,0,210,476
189,3,212,472
185,3,200,475
175,0,190,476
173,0,186,475
171,0,184,476
166,0,189,476
514,0,125,474
515,0,123,476
509,0,129,477
499,1,140,477
488,0,149,479
480,0,156,478
468,0,170,474
473,0,162,473
469,0,167,476
333,3,305,474
84,0,501,471
82,0,255,473
430,1,209,476
432,0,205,479
435,0,201,479
437,0,202,476
442,0,197,477
444,0,192,476
448,0,191,477
450,0,189,477
447,0,192,476
450,0,188,477
453,0,186,475
453,0,186,476
450,0,189,477
447,0,192,475
436,0,203,475
434,0,205,479
434,0,205,477
59,0,277,478
435,0,204,476
431,0,207,477
435,0,204,478
207,0,357,478
439,0,200,475
0,1,167,475
0,4,142,472
0,4,125,472
0,3,113,474
0,8,95,470
0,8,189,468
438,0,193,479
434,0,194,477
434,0,194,479
428,0,191,476
422,0,196,477
413,0,204,476
403,0,214,476
395,0,220,476
386,0,224,477
378,0,227,477
374,0,231,478
369,0,246,477
362,0,235,477
360,0,232,477
356,0,230,475
352,0,227,480
344,5,223,472
339,4,222,473
333,3,219,475
324,2,224,474
319,3,222,475
317,4,226,474
315,3,228,472
313,0,232,478
313,0,238,477
314,0,227,480
317,0,227,475
324,0,218,479
328,0,211,477
325,0,210,478
316,0,212,477
315,0,214,477
312,1,208,474
309,0,204,479
306,1,206,477
299,2,204,476
303,4,198,475
302,4,202,474
304,3,197,476
305,5,195,474
299,0,200,479
304,0,195,477
304,0,193,477
305,0,198,478
317,0,184,477
325,0,181,477
332,0,173,476
336,0,177,476
344,0,178,474
345,0,178,474
347,0,178,474
347,0,178,473
351,0,180,473
351,0,197,474
351,0,211,475
351,0,223,477
350,0,227,476
349,0,227,477
348,0,218,478
346,0,216,476
346,0,213,477
344,0,223,476
344,0,213,476
343,0,253,473
347,0,199,476
342,7,217,470
343,4,216,471
353,5,208,471
359,2,206,475
367,0,211,478
372,0,216,475
383,0,213,474
388,0,201,476
389,0,222,461
403,0,219,453
404,0,216,448
410,0,216,439
415,0,211,435
417,0,203,439
420,0,208,454
419,1,209,463
427,0,195,463
427,0,200,476
427,0,200,477
430,0,201,478
432,3,199,473
453,2,177,476
449,6,184,471
462,5,173,470
468,18,168,456
472,24,166,453
468,8,169,468
473,23,165,453
471,10,167,468
480,2,159,474
475,2,161,472
469,0,170,474
481,0,158,467
477,1,160,461
475,0,164,455
478,2,161,449
478,5,161,440
478,4,159,436
486,2,153,438
513,1,126,439
538,11,101,424
499,14,138,425
498,8,140,436
533,25,105,420
517,21,120,427
478,9,161,445
104,22,349,443
240,2,266,446
1,0,158,477
0,0,181,477
0,0,194,475
0,0,205,477
0,0,217,476
0,0,228,476
2,0,245,477
4,0,245,477
4,0,259,477
2,0,264,476
15,0,261,474
33,0,237,477
39,0,254,479
51,0,272,476
67,4,270,473
75,2,281,474
88,1,289,476
100,1,284,476
110,0,289,478
125,0,289,475
139,1,305,473
157,2,297,470
170,0,295,475
185,0,309,473
197,0,295,475
210,0,288,475
221,0,294,477
233,0,293,477
250,0,313,476
271,0,356,480
290,0,343,477
315,0,324,477
329,0,306,477
350,0,283,474
364,1,275,474
380,3,256,471
371,1,266,474
410,3,226,473
425,1,214,476
407,3,228,474
438,1,201,472
434,8,204,469
440,6,196,473
438,5,199,473
383,2,255,471
26,1,264,472
329,0,301,470
18,1,267,468
80,0,363,468
13,2,221,472
490,20,149,443
499,27,137,442
503,14,133,455
506,37,131,430
490,38,148,432
158,3,204,475
170,0,199,477
181,0,204,476
188,0,206,474
196,0,203,473
207,0,207,476
213,0,216,477
217,1,263,477
226,0,260,475
223,0,265,478
216,0,274,478
234,0,256,474
260,0,232,476
292,0,252,477
308,0,274,479
330,0,273,478
340,0,256,475
345,0,257,476
348,0,275,477
346,2,286,476
348,1,269,474
353,4,253,473
358,7,252,471
365,19,241,460
371,1,233,477
377,4,226,475
378,12,224,465
374,15,229,462
368,24,232,453
359,10,248,468
350,13,277,465
352,5,286,472
347,3,289,474
344,3,269,472
367,10,268,469
366,8,273,467
346,1,282,474
333,0,239,459
326,0,215,447
320,0,202,433
313,0,230,429
306,0,211,409
300,0,225,403
303,0,239,407
297,0,218,396
294,0,222,389
294,1,220,381
296,0,218,383
298,0,209,380
299,0,201,380
304,0,190,377
304,0,180,375
307,0,167,376
303,0,167,374
300,0,168,376
300,0,168,376
289,0,183,375
278,0,194,379
278,0,191,393
278,0,198,416
278,0,195,442
277,0,196,461
270,0,195,463
256,0,210,467
250,0,217,465
244,0,225,467
244,0,224,472
249,0,233,477
259,0,235,471
266,0,239,477
274,0,240,472
279,0,237,472
281,0,234,471
281,2,237,473
286,0,230,477
281,0,234,475
276,0,238,475
276,0,238,476
282,0,239,479
282,0,246,477
282,0,257,479
279,0,239,479
276,0,234,477
277,0,226,476
280,0,215,476
275,0,212,477
262,0,219,474
250,3,221,473
233,5,224,471
225,5,222,472
222,0,212,478
221,0,213,477
224,0,211,476
227,0,226,476
225,1,239,478
223,0,249,477
217,0,251,478
207,0,252,476
195,0,248,475
182,0,245,478
159,0,251,478
133,0,252,476
81,0,283,478
61,0,281,478
39,0,286,478
9,0,296,478
6,0,299,480
6,0,281,475
10,0,276,478
68,0,217,477
25,3,256,476
7,0,269,479
7,0,269,479
11,0,264,478
14,0,267,476
3,0,279,475
0,0,276,474
2,0,267,476
1,0,272,475
3,0,269,475
0,0,271,474
4,0,264,473
3,0,257,474
5,0,248,472
4,0,240,475
2,0,238,476
3,0,229,478
5,0,227,474
8,0,224,478
16,0,222,478
11,0,230,477
27,0,214,475
42,0,203,476
40,0,207,478
46,0,208,479
43,0,213,475
47,0,213,476
48,0,217,477
48,0,220,479
53,0,217,477
53,0,221,479
52,0,222,478
52,0,225,478
55,0,224,480
44,0,236,480
49,0,234,475
41,0,244,476
40,0,247,475
38,3,248,473
48,0,239,475
51,2,242,472
63,8,228,464
72,6,218,470
79,5,215,468
79,9,220,466
92,9,215,465
110,7,207,470
127,4,186,472
137,0,193,475
149,1,176,474
159,9,173,466
170,1,178,475
181,7,170,468
194,17,167,459
203,11,168,464
211,9,165,468
222,12,166,462
236,2,161,471
248,8,158,464
255,2,153,466
261,3,154,463
264,7,157,458
269,4,159,447
274,3,162,441
273,5,165,436
271,6,167,433
268,7,173,437
272,9,172,437
277,9,170,445
281,9,169,440
285,15,170,444
290,21,168,439
293,25,166,438
294,24,170,441
301,32,165,433
300,27,167,437
306,29,161,435
304,29,164,435
298,25,169,438
293,20,172,441
289,27,178,430
289,21,182,431
285,18,182,434
280,14,191,433
284,17,180,428
283,17,183,423
285,14,180,421
290,20,168,416
299,19,164,421
302,21,156,415
307,23,147,411
313,27,140,409
325,28,127,409
329,28,127,411
327,35,129,402
323,34,130,405
322,34,129,401
319,32,130,402
316,35,130,399
316,33,128,400
309,31,133,403
299,32,136,402
288,24,139,406
278,26,143,398
269,24,143,395
262,24,144,392
256,19,144,391
253,18,141,388
251,18,140,390
246,12,138,396
242,7,137,408
234,14,138,404
238,2,136,407
237,0,137,403
237,0,278,477
238,0,259,474
236,0,242,476
227,0,235,474
214,3,238,471
200,0,240,476
179,0,254,476
163,0,245,474
143,0,247,474
126,1,250,474
103,1,255,477
83,0,263,477
69,0,261,475
51,1,272,476
36,0,278,476
21,0,271,476
7,0,269,480
0,0,281,479
0,0,262,478
284,0,306,472
291,0,318,475
304,0,288,477
94,23,148,430
94,65,157,387
97,49,157,394
99,55,150,383
93,47,157,383
84,37,165,389
81,29,174,394
82,27,173,391
87,19,173,396
85,13,175,401
85,15,172,399
85,16,172,400
87,13,170,401
87,10,164,401
88,12,164,405
93,9,149,405
105,10,145,413
110,11,136,412
118,11,175,426
138,7,244,470
133,12,163,445
145,6,141,447
149,0,222,476
144,6,218,468
142,12,221,465
142,6,210,468
138,9,214,470
127,12,212,463
113,3,224,474
117,4,217,475
108,3,223,474
100,0,224,479
93,0,229,480
85,0,232,475
82,0,231,475
78,0,223,480
68,0,236,480
53,0,251,474
32,0,281,477
10,0,299,470
41,2,292,466
64,5,242,458
4,0,224,471
0,0,164,478
124,13,216,445
192,25,169,432
130,21,244,444
235,34,151,436
220,39,191,432
245,46,168,421
240,44,188,422
243,48,208,416
247,50,204,414
248,45,198,417
249,43,196,419
248,38,197,421
250,33,191,427
248,31,189,429
251,24,190,433
260,16,183,445
268,17,175,443
282,10,162,448
284,12,159,446
298,22,150,439
306,18,150,443
312,12,157,457
317,23,162,448
324,13,169,460
330,26,171,449
338,32,174,445
346,31,174,444
353,36,179,442
354,30,189,444
361,32,190,445
363,35,191,437
366,33,193,442
366,26,196,447
364,17,196,454
361,8,198,465
355,6,197,462
352,7,190,458
344,2,193,460
346,4,179,454
341,5,179,452
346,4,170,453
347,9,160,445
337,9,168,458
334,4,168,459
336,9,163,460
334,9,163,466
329,10,180,464
327,13,199,460
317,9,209,458
308,14,217,450
298,18,220,447
284,16,217,449
273,19,214,444
261,11,213,446
250,9,213,449
241,12,210,446
234,8,213,448
235,9,195,449
233,10,191,444
232,3,178,451
236,4,167,452
237,7,159,451
237,6,160,455
236,7,166,456
234,5,168,458
230,4,169,465
221,4,171,465
211,0,177,472
200,7,181,466
191,8,182,465
182,9,183,465
177,28,186,449
175,29,184,446
168,28,185,444
158,36,187,440
154,25,185,447
152,33,187,444
162,20,185,454
167,11,180,464
174,18,175,450
185,3,162,452
188,9,165,430
188,0,173,433
190,3,170,428
190,1,175,427
192,1,173,425
191,0,175,425
194,0,174,423
194,1,173,425
193,4,174,420
194,1,175,426
195,8,175,421
196,14,178,419
198,16,176,421
197,2,185,439
200,2,190,441
201,8,194,440
203,16,202,437
205,18,206,437
210,23,208,431
216,24,209,427
224,27,208,421
232,24,205,419
239,23,204,414
251,23,197,407
265,21,187,404
281,7,174,410
297,3,162,401
309,1,150,402
319,0,139,397
329,2,131,392
341,5,123,388
347,4,122,391
347,3,125,396
349,2,131,400
351,3,131,405
353,3,133,410
358,9,132,412
361,15,132,411
366,21,129,408
369,24,129,408
371,28,131,405
373,34,133,398
374,33,137,397
376,28,138,400
378,23,140,401
378,21,143,400
378,17,141,402
377,14,138,405
376,8,137,412
375,10,139,413
378,11,137,413
382,11,137,417
383,10,138,419
386,16,144,419
388,22,151,417
390,24,166,430
409,29,157,423
408,32,169,431
417,40,169,430
405,43,185,430
295,4,304,470
296,0,327,471
314,0,312,476
335,4,291,470
380,3,252,468
407,1,223,476
55,0,329,480
71,0,310,477
82,0,301,477
88,0,307,478
103,0,292,476
115,0,299,474
128,1,292,476
371,2,259,470
393,5,236,470
396,5,172,467
399,17,160,443
385,16,174,452
386,19,165,449
379,21,166,448
341,23,195,448
368,25,162,441
359,20,170,450
372,17,155,456
367,3,159,469
181,0,336,475
192,0,316,478
192,0,320,477
195,0,319,474
202,0,319,478
204,0,325,475
202,0,332,475
194,0,340,477
193,0,343,476
191,0,341,477
192,0,334,477
193,0,333,474
157,0,375,477
134,0,394,471
122,0,397,473
94,0,414,476
90,0,410,475
71,0,434,474
68,1,440,470
67,0,449,471
145,0,369,472
249,0,274,474
254,0,277,475
258,0,278,474
108,0,437,475
238,1,315,472
70,0,180,478
72,0,173,476
72,0,165,479
68,0,160,476
75,0,148,480
79,0,152,478
77,0,162,480
70,0,180,480
75,0,468,478
48,3,211,468
289,0,350,477
10,0,274,462
194,0,445,476
15,0,261,470
47,0,574,474
40,0,242,473
52,0,245,475
71,0,231,475
81,0,223,474
91,0,213,476
104,0,203,477
105,0,184,476
102,0,193,477
100,0,199,479
97,0,202,474
97,0,205,476
98,0,205,476
97,0,208,477
101,0,208,477
107,2,201,476
111,0,198,476
114,0,198,475
118,0,200,476
122,0,207,478
133,0,207,478
144,0,203,477
154,0,205,476
161,0,212,476
170,0,207,476
178,0,211,477
188,0,200,477
195,0,197,478
201,0,196,476
211,0,192,474
216,2,187,471
222,1,183,474
236,3,162,472
245,7,155,464
251,9,151,465
258,10,152,465
264,8,153,466
270,6,155,469
263,10,174,464
267,5,185,466
275,0,190,467
278,5,197,463
279,6,207,455
285,6,213,457
293,5,223,469
301,2,220,472
322,12,211,465
331,11,209,466
342,4,207,473
350,8,215,468
357,10,199,466
357,9,200,465
363,0,203,478
369,6,201,468
374,0,226,477
380,2,205,474
382,6,204,469
372,0,209,475
361,4,213,472
363,1,215,473
366,2,209,469
364,0,217,473
350,2,229,469
364,0,222,472
351,0,225,473
366,0,207,471
369,2,207,474
376,0,197,477
379,0,194,474
381,3,197,471
390,5,194,468
400,6,190,470
409,7,186,467
413,17,181,458
417,15,179,463
419,19,180,455
422,20,178,456
418,20,186,455
421,16,187,460
420,11,193,464
422,12,193,458
424,9,194,462
425,3,199,472
428,3,200,471
428,0,203,474
431,0,200,474
435,0,199,474
447,0,190,475
457,0,180,473
465,0,172,474
472,2,165,474
475,0,162,480
480,0,158,479
484,0,154,480
483,0,156,478
482,0,157,476
493,0,146,476
502,0,137,476
510,0,129,476
518,0,120,474
528,3,111,472
538,4,100,471
545,5,93,469
551,18,88,460
551,18,88,457
559,20,80,457
545,11,94,460
538,7,101,465
522,1,117,471
508,0,131,469
490,0,149,475
483,1,156,475
479,2,160,473
475,0,164,479
473,0,166,480
467,0,172,480
464,0,175,478
458,0,180,479
453,0,186,476
452,0,187,478
452,0,187,473
449,0,189,477
451,0,186,476
445,0,190,480
436,0,202,479
429,0,209,476
414,0,222,477
400,0,230,475
384,0,249,478
373,0,255,474
358,0,249,474
341,0,262,476
323,0,276,477
310,0,261,475
301,6,262,473
291,0,284,480
281,1,239,474
483,2,156,472
519,10,120,469
395,0,234,474
244,0,241,474
236,0,228,476
228,0,232,475
221,0,207,471
218,5,197,469
212,0,187,472
205,2,188,472
198,2,181,472
193,0,178,474
185,0,186,474
175,0,447,480
181,0,457,469
154,0,479,474
146,0,484,469
140,0,488,471
283,0,341,470
459,7,178,468
460,9,171,463
454,8,169,466
445,10,174,465
436,12,178,461
425,10,177,461
425,8,168,459
411,7,171,458
401,3,172,464
388,11,172,457
380,8,168,457
370,6,169,463
360,9,170,459
346,10,175,457
330,9,177,462
319,23,177,452
310,23,171,450
305,17,165,456
294,17,167,456
282,14,167,457
274,12,164,462
264,10,162,461
251,4,166,467
240,0,166,469
227,0,171,471
221,0,169,471
220,0,175,472
227,0,177,473
228,0,175,471
228,0,177,471
225,0,183,473
225,0,190,475
225,0,198,472
223,0,207,475
224,0,206,473
225,0,208,478
223,0,204,475
228,0,210,477
230,0,202,476
234,0,211,477
237,0,206,473
240,0,207,474
241,0,206,473
239,0,212,474
0,0,169,476
34,0,306,471
0,0,353,470
256,0,247,476
292,0,214,478
291,0,216,476
295,0,224,475
287,0,246,475
51,0,187,472
71,0,189,476
84,0,189,472
95,0,190,475
104,0,179,474
306,0,261,475
337,0,232,475
336,0,230,470
338,0,225,473
338,0,224,471
336,0,221,474
333,0,222,475
335,0,212,472
332,0,209,474
330,0,208,474
326,0,207,474
292,0,236,473
325,0,203,470
316,0,206,472
321,0,198,475
318,0,197,473
318,0,197,477
316,0,198,475
316,0,198,474
277,0,239,475
116,0,211,473
96,0,324,471
278,0,224,475
300,0,211,474
264,2,263,474
229,0,274,470
288,0,225,476
296,0,225,474
299,0,223,474
298,0,225,477
297,0,221,475
297,0,223,477
297,0,221,475
295,0,219,478
294,0,220,474
295,0,216,477
292,0,220,476
291,0,218,477
293,0,216,477
293,0,215,476
292,0,217,476
293,0,213,476
293,0,213,475
295,0,212,476
227,0,283,474
293,0,216,473
299,0,207,475
265,0,242,475
63,13,201,452
290,0,212,477
284,0,223,474
294,0,213,475
291,0,218,475
293,0,217,475
295,0,218,475
296,0,218,475
274,0,241,475
72,0,214,468
303,0,211,472
299,0,218,474
295,0,225,475
297,0,222,475
298,0,221,477
298,0,221,476
