54.0,0.0,108.0,314.0
51,0,108,309
52,0,109,308
52,0,109,307
51,0,109,307
53,0,109,308
52,0,109,309
53,0,109,312
53,0,108,316
55,0,112,331
56,11,110,322
58,9,110,329
58,15,111,317
57,6,110,322
59,3,109,325
58,2,111,326
58,0,113,326
57,0,113,324
58,0,113,324
57,0,114,323
59,0,113,320
59,0,114,322
60,0,115,321
59,0,117,323
61,0,119,324
62,0,120,328
63,0,122,330
63,0,123,331
64,0,125,333
66,0,127,334
66,0,128,335
67,0,127,334
68,0,129,334
69,0,129,333
70,0,129,335
70,0,131,334
72,0,133,335
75,0,133,334
76,0,136,334
78,0,135,334
82,0,132,335
83,0,135,346
87,0,133,348
93,0,130,350
95,0,129,352
100,0,126,352
101,0,128,353
107,0,126,354
109,0,127,355
113,0,128,354
116,0,131,356
121,0,130,356
126,0,134,358
130,0,133,357
130,0,136,358
135,0,138,360
139,0,141,362
143,0,140,364
150,0,139,366
153,0,143,367
158,0,143,367
162,0,141,365
169,0,139,366
174,0,143,370
179,0,142,371
183,0,141,374
189,0,134,371
194,0,129,373
199,0,126,375
201,0,128,376
209,0,122,377
215,0,121,376
222,0,120,377
226,0,123,376
233,0,139,374
236,0,149,374
237,0,172,364
244,0,188,367
247,0,192,365
252,0,184,360
259,0,180,362
261,0,160,363
266,0,184,359
264,0,180,365
267,0,183,370
269,0,187,368
270,0,189,368
273,0,192,369
277,0,185,369
282,0,181,368
286,0,180,369
299,0,172,369
316,0,164,370
322,0,163,365
321,0,152,368
325,0,146,367
319,0,148,359
327,0,129,353
324,0,137,355
325,0,134,353
315,0,146,351
308,0,160,351
298,0,162,350
293,0,162,351
284,0,162,353
276,0,160,355
266,0,160,359
256,0,157,360
251,0,154,367
248,0,152,368
251,0,149,367
251,0,147,367
248,0,149,367
241,0,156,363
229,0,165,368
229,0,164,363
223,0,166,359
217,2,170,351
209,0,171,351
203,0,175,348
199,0,176,350
195,0,177,347
190,0,179,344
182,0,183,344
174,0,181,346
167,0,183,340
165,0,178,344
161,1,179,342
160,0,174,339
158,2,172,335
156,5,168,331
156,5,166,333
159,5,167,330
169,1,161,335
172,2,160,336
175,2,159,332
178,0,158,328
183,0,155,324
186,0,154,330
184,11,157,338
190,23,147,328
195,19,146,326
194,23,148,326
195,17,148,328
197,21,144,323
194,17,145,321
194,0,147,327
196,3,142,323
196,0,145,318
196,0,147,313
197,0,145,312
208,0,148,305
214,0,142,306
220,0,141,306
227,0,140,302
232,0,141,305
239,0,144,307
247,0,141,308
255,0,142,314
265,0,139,317
274,0,140,320
281,1,146,323
281,3,158,325
293,3,161,327
306,4,161,327
311,4,160,328
322,5,155,328
333,7,150,317
5,12,222,316
10,10,192,318
22,8,130,318
34,11,127,307
47,10,124,303
59,7,123,305
70,4,123,312
79,3,119,311
86,0,118,307
96,0,116,308
105,0,117,303
113,0,118,304
124,0,119,301
131,0,121,301
138,0,124,303
148,0,125,304
158,0,124,307
168,0,125,308
179,0,132,314
190,0,138,317
200,0,139,320
213,0,141,327
310,0,90,336
352,0,136,345
244,0,265,342
127,0,269,475
134,0,316,475
145,0,296,478
156,0,295,479
162,4,291,475
169,0,294,478
182,0,287,476
192,0,286,478
204,0,282,473
208,0,284,473
207,0,296,474
200,0,342,475
216,0,351,475
287,0,306,478
294,0,320,475
304,0,327,480
126,0,191,352
174,0,188,371
221,6,152,370
81,6,137,390
223,12,169,361
260,16,136,361
263,4,137,366
270,5,134,361
275,2,138,358
282,0,141,359
180,0,250,365
307,0,142,348
311,0,147,347
315,0,157,324
320,0,161,307
327,0,149,307
323,0,156,300
327,0,143,290
330,1,126,289
327,0,130,287
329,1,136,285
331,0,129,286
332,0,133,285
328,0,129,291
327,0,135,294
321,0,140,298
316,2,146,304
310,1,150,309
306,1,159,315
304,0,158,327
304,1,160,333
314,2,152,344
321,0,149,362
331,0,147,379
338,0,148,386
342,0,152,393
332,0,155,398
328,0,157,415
326,2,167,423
327,7,169,422
330,8,164,425
335,9,152,420
330,1,155,433
343,2,137,440
339,4,135,439
343,3,135,436
346,0,134,434
351,0,145,433
345,1,168,434
358,0,174,423
368,0,186,421
384,1,189,417
398,0,196,417
404,0,212,421
420,0,199,428
437,10,186,421
453,3,164,427
453,0,158,423
455,2,151,425
456,0,148,425
459,0,151,429
438,0,170,414
341,0,254,387
336,0,242,381
333,0,244,371
352,0,222,354
355,0,218,346
356,0,216,341
347,0,223,330
330,0,239,325
332,0,232,320
334,0,225,314
325,0,224,311
325,0,215,309
313,0,209,322
306,0,194,321
287,0,184,321
123,0,345,326
257,0,187,327
229,0,253,338
104,0,364,342
185,0,222,343
149,0,277,360
114,0,247,364
61,0,268,371
60,0,252,378
34,0,243,378
10,0,256,377
3,0,215,380
4,0,179,378
7,0,164,376
290,0,349,361
489,0,145,362
218,0,421,368
456,0,182,372
435,0,191,378
429,0,189,385
418,0,192,392
408,0,185,401
391,0,199,409
370,0,205,415
351,0,191,423
346,0,170,426
331,0,173,431
322,0,169,427
312,0,172,421
303,0,170,422
290,0,174,419
275,0,170,413
258,0,171,411
235,0,176,410
226,0,164,406
210,0,156,407
193,0,149,401
174,0,149,396
156,0,159,392
139,0,163,388
128,0,159,388
91,0,178,384
75,1,175,385
58,2,182,385
54,2,181,382
54,1,175,384
46,0,167,383
39,0,195,398
31,0,363,477
25,0,355,478
23,0,339,474
19,0,322,475
12,1,294,470
11,8,269,468
1,5,246,469
2,8,220,468
0,1,197,475
0,9,178,466
0,0,161,475
0,7,161,470
11,14,146,463
1,6,154,455
2,6,165,444
23,9,151,384
8,2,140,387
0,0,130,397
97,13,90,355
138,18,99,295
141,28,106,284
7,0,196,385
1,0,159,398
5,0,155,394
6,0,150,393
13,0,175,390
18,0,156,387
21,0,160,382
33,0,155,379
42,0,164,371
46,0,151,374
50,0,157,372
48,0,173,381
58,0,215,354
62,0,202,383
65,0,184,382
66,0,152,372
145,0,312,305
82,0,150,372
366,19,121,286
387,19,116,287
401,18,120,290
416,16,121,295
429,14,126,298
443,14,121,299
447,14,123,302
458,7,120,312
461,11,123,313
468,6,121,321
473,6,119,323
475,5,122,327
474,5,119,326
475,3,118,333
477,2,120,336
477,2,120,336
480,1,120,338
481,3,123,336
484,1,123,338
486,0,125,338
489,0,123,335
491,0,127,339
490,0,128,335
478,0,132,334
469,0,133,333
460,0,132,330
452,0,134,332
445,0,132,337
438,0,130,341
428,0,131,347
419,0,131,351
409,0,132,351
399,0,134,354
390,0,134,360
381,0,134,361
370,0,134,365
362,0,134,365
353,0,135,364
344,0,136,368
335,0,138,367
325,0,139,366
314,0,142,370
304,0,142,370
294,0,143,371
284,0,146,372
275,0,146,371
266,0,148,378
257,0,151,353
259,0,164,343
275,0,155,351
277,0,158,360
278,0,159,353
284,0,154,362
290,0,151,371
296,0,154,374
295,0,162,383
298,0,158,387
302,0,164,394
306,0,164,404
312,0,159,407
313,0,164,412
319,0,158,415
325,0,154,414
328,0,154,412
331,0,155,412
336,0,154,409
338,0,154,406
342,0,154,409
346,0,158,389
352,0,155,367
359,0,150,362
366,0,148,365
367,0,152,356
374,0,153,357
377,0,156,354
378,0,158,358
383,0,159,365
385,0,169,367
385,0,176,374
387,0,181,381
74,0,114,305
79,1,110,311
88,7,105,311
91,14,106,310
99,20,110,310
102,22,119,308
99,30,129,299
106,33,130,295
110,34,133,291
119,32,125,289
129,30,117,288
136,21,110,291
139,10,109,299
143,10,107,294
147,2,106,298
152,6,101,288
159,2,98,288
168,0,92,289
171,0,96,287
178,0,97,285
181,0,100,285
186,0,100,282
191,0,104,286
195,0,101,288
199,1,100,289
204,2,103,290
209,6,108,289
211,1,108,299
215,8,118,297
218,13,109,300
33,0,197,394
37,0,162,412
171,20,115,332
49,0,160,420
52,0,160,419
64,0,155,418
76,0,160,407
89,0,142,411
94,0,148,399
103,0,143,415
110,0,145,415
119,0,142,401
124,0,147,393
130,0,157,391
139,0,168,385
136,0,166,386
131,0,173,386
127,0,180,383
119,0,184,385
114,0,188,387
112,0,181,385
120,0,174,385
116,0,172,386
123,0,158,386
122,0,158,386
127,0,153,387
125,0,158,389
124,0,159,385
129,0,153,386
130,0,157,393
126,0,157,388
127,0,170,384
124,0,171,383
123,0,173,386
118,0,187,388
114,0,200,390
112,0,204,392
106,0,215,394
102,0,212,393
98,0,214,392
411,0,203,339
206,0,397,341
439,0,156,340
451,2,138,331
445,0,134,336
438,0,132,334
430,0,134,331
421,0,135,331
412,0,136,329
402,0,140,327
394,0,143,329
389,0,143,326
382,0,142,324
379,4,135,320
371,2,134,322
362,1,134,320
354,2,132,317
345,4,130,311
336,6,130,307
327,6,129,306
322,8,123,304
314,8,121,303
305,6,121,305
298,8,117,306
291,11,114,303
281,10,113,305
274,6,111,306
269,5,108,307
259,9,108,301
257,6,107,306
250,10,116,301
258,14,104,294
10,0,159,372
33,0,159,366
29,0,166,363
40,0,165,361
43,0,155,359
54,0,156,357
55,0,152,357
67,0,143,354
70,0,151,358
179,7,156,310
131,0,212,308
82,0,162,354
86,0,221,341
214,7,122,307
193,15,141,309
116,0,230,368
123,3,230,367
136,7,219,366
140,5,222,364
150,8,229,358
162,5,224,359
173,3,217,359
186,3,217,355
201,0,210,354
213,0,208,348
228,0,199,345
238,0,199,340
261,0,177,339
286,0,157,338
302,0,136,337
320,0,129,343
332,0,125,347
344,0,133,350
357,0,143,350
367,0,152,351
376,3,167,352
378,8,180,351
389,11,184,349
395,12,193,352
402,11,202,356
411,12,206,356
419,14,206,352
427,10,209,359
436,15,157,337
440,26,100,293
440,1,117,280
430,0,109,278
426,0,113,278
426,0,111,278
426,0,110,268
422,0,106,273
417,0,104,276
414,0,104,278
410,0,105,284
405,0,107,290
400,0,105,293
396,7,105,293
378,11,120,291
364,24,107,283
357,27,112,284
351,34,106,279
344,36,105,278
335,39,103,275
329,39,105,272
320,37,104,272
312,32,107,270
303,28,106,271
294,23,105,273
284,19,105,272
277,17,101,272
269,17,100,270
263,15,100,269
256,16,99,271
249,15,98,267
242,17,100,269
259,19,82,268
247,24,97,262
242,27,103,261
248,29,89,259
238,36,102,254
234,36,108,252
232,37,104,278
230,65,108,246
516,25,122,332
229,61,110,248
229,64,109,247
228,57,103,249
393,33,241,323
226,58,123,248
243,52,103,245
251,44,104,246
258,40,104,246
267,30,103,250
280,26,99,249
285,17,102,252
292,18,100,249
295,14,102,250
300,7,102,253
307,10,100,248
313,7,100,251
321,9,95,249
325,4,97,256
332,10,95,251
339,14,96,250
346,16,96,251
354,20,101,253
365,24,99,256
377,27,99,257
387,33,102,257
397,40,103,251
405,38,104,256
407,41,107,247
421,22,107,255
423,28,117,247
441,20,115,256
458,9,111,262
463,11,116,263
471,7,113,252
465,1,117,255
469,3,107,255
473,5,102,253
479,4,100,255
474,7,106,257
481,11,98,257
483,12,97,259
487,22,92,256
482,26,97,257
492,28,86,259
493,30,88,259
493,38,89,251
497,40,84,249
496,38,89,250
494,33,91,253
494,30,96,252
495,27,97,251
496,24,100,250
498,20,100,251
501,13,101,256
496,7,114,261
492,17,106,250
493,5,105,261
490,20,100,247
489,12,105,257
485,25,99,246
485,21,95,252
484,17,94,260
482,26,93,253
481,27,90,254
479,20,89,260
475,22,91,257
470,27,94,251
468,13,94,261
464,14,103,258
465,5,94,265
509,0,103,294
513,0,126,315
467,0,73,271
508,3,117,312
484,6,130,312
462,2,143,314
441,3,159,314
436,1,159,318
426,0,149,319
419,2,145,315
415,2,138,314
413,6,123,312
408,5,116,314
402,2,112,317
400,2,104,318
388,2,104,316
378,2,106,317
367,1,107,318
356,0,109,319
346,0,113,318
337,0,117,320
326,0,124,318
314,1,131,315
299,3,142,312
288,3,149,312
273,3,166,312
262,2,175,317
252,2,182,321
242,2,180,325
236,2,169,327
228,0,126,328
215,0,119,328
207,0,123,330
194,0,118,329
180,0,127,329
169,0,127,329
156,0,129,331
135,0,138,330
123,0,140,333
107,0,140,332
88,0,145,335
77,0,138,338
64,0,136,338
51,0,138,345
33,0,137,347
14,0,141,348
4,0,133,355
0,0,125,357
230,0,160,346
0,0,363,341
218,0,312,478
196,0,340,480
188,0,340,477
178,0,331,476
175,0,318,480
173,0,280,477
169,0,267,475
165,0,262,473
161,0,271,476
155,5,276,473
142,16,273,460
126,1,281,473
91,0,293,472
92,5,270,469
56,0,290,476
40,0,293,471
197,0,144,307
239,12,97,281
245,18,95,276
247,14,94,280
250,13,95,285
252,8,96,290
254,12,97,286
255,8,99,289
257,7,100,290
259,11,102,288
262,7,103,293
264,8,103,292
264,10,107,290
265,7,110,293
267,7,112,296
268,9,112,296
187,4,198,303
264,4,116,304
273,9,114,300
258,7,130,304
270,6,117,306
272,4,118,310
275,8,113,308
273,3,118,314
274,9,117,310
276,7,115,313
276,5,115,317
278,6,113,316
277,4,114,317
279,5,114,315
278,4,115,317
279,4,116,317
278,4,117,316
278,2,118,320
276,1,119,317
276,1,120,319
277,0,118,323
275,0,121,323
274,0,122,324
273,0,124,329
273,0,123,330
272,0,124,331
270,0,124,335
267,0,125,338
267,0,125,333
265,0,126,337
262,0,127,333
257,0,130,313
258,0,129,312
254,0,130,313
254,0,130,311
249,0,129,311
250,0,125,305
248,0,127,309
247,0,124,315
244,0,125,316
242,0,122,321
242,0,121,327
242,0,118,332
243,0,114,337
237,0,119,342
233,0,122,349
231,0,125,355
229,0,127,356
222,1,137,353
216,9,139,345
202,15,149,342
206,6,141,348
201,7,138,351
196,3,138,353
197,0,135,353
194,0,137,351
191,0,138,348
187,0,138,346
182,0,139,344
177,0,141,341
171,0,143,336
169,0,139,370
155,0,141,367
149,0,141,373
143,0,135,371
139,0,128,386
132,3,129,383
132,0,129,386
135,0,132,388
130,0,137,382
137,0,135,381
132,0,150,374
138,0,148,370
144,0,156,369
147,0,154,363
150,0,158,360
153,0,157,354
150,0,165,351
150,0,156,348
156,0,149,345
157,0,149,345
158,0,152,347
155,0,150,349
160,0,145,348
164,0,142,352
130,0,175,460
31,0,267,477
57,0,231,475
67,0,237,474
92,0,225,475
105,0,216,476
122,0,210,476
134,0,208,476
139,0,221,476
147,0,229,476
160,0,238,478
173,0,225,475
172,0,241,477
179,0,242,473
183,0,251,475
190,0,256,474
199,0,257,471
206,0,259,468
210,0,265,464
221,0,274,456
229,0,283,454
226,0,307,453
244,0,307,451
262,0,306,445
275,0,307,439
232,0,330,434
297,0,315,430
156,0,152,343
191,0,129,341
341,0,148,383
295,0,155,357
371,0,147,382
382,0,145,381
405,0,134,383
264,0,125,336
399,0,184,397
442,0,153,428
466,0,138,437
472,0,141,438
486,0,142,438
497,1,140,434
497,0,142,430
346,6,119,334
343,1,124,337
344,0,135,324
348,0,135,321
347,0,137,306
360,0,128,302
366,0,124,295
367,0,125,293
373,0,122,294
372,0,125,296
374,0,125,300
380,0,122,304
389,0,118,307
396,0,118,314
404,0,115,322
413,0,111,327
422,0,113,337
433,0,107,339
440,3,108,342
443,3,119,351
449,4,110,352
451,14,124,346
455,18,123,341
456,20,128,336
462,22,123,331
462,17,127,334
458,20,135,332
441,6,143,328
429,6,137,321
422,0,131,323
416,1,131,313
414,0,121,311
412,3,120,302
409,2,120,299
411,0,113,302
406,0,115,298
410,0,109,300
414,0,103,304
416,0,98,305
406,0,106,306
397,0,110,310
391,0,113,314
384,0,122,319
382,0,113,320
384,6,113,315
394,10,118,319
389,8,109,316
376,16,106,311
364,25,108,306
511,3,128,359
523,0,116,359
353,23,107,300
352,15,102,304
358,7,92,312
450,0,119,337
337,5,101,302
508,0,123,343
329,7,111,295
503,0,131,334
383,0,242,329
467,0,166,325
492,0,137,327
475,0,144,326
473,0,140,328
467,0,136,326
459,0,133,325
448,0,139,328
437,0,135,329
424,0,137,327
406,0,143,328
395,0,142,326
387,4,138,323
367,5,145,322
384,7,118,322
365,9,128,322
350,20,128,310
352,11,118,315
334,17,125,311
322,18,124,305
308,18,127,304
309,13,116,304
262,10,151,306
261,10,144,302
257,4,134,307
248,5,130,307
238,3,130,307
228,4,129,305
218,3,130,308
210,3,128,307
203,5,126,307
201,5,127,306
206,7,125,305
212,10,123,303
214,13,123,302
216,16,119,298
217,16,118,298
220,15,119,298
220,16,116,298
222,14,115,301
221,10,110,303
221,11,109,302
218,11,112,301
220,11,115,302
218,11,118,303
218,9,124,304
218,11,132,303
216,6,134,309
216,6,146,308
224,6,147,308
230,8,144,309
231,11,149,306
233,11,150,306
279,13,133,305
253,13,127,305
308,5,113,306
237,15,105,307
237,12,116,311
242,13,122,311
247,9,113,313
252,8,111,315
255,9,111,313
258,6,116,317
258,4,119,320
265,4,111,320
265,3,111,318
4,4,124,322
28,7,115,318
40,3,114,319
53,3,115,315
53,9,133,311
69,10,125,305
484,16,87,299
480,14,121,301
474,11,123,302
471,12,118,302
475,7,121,306
477,10,120,304
477,10,119,306
478,7,118,309
479,9,117,306
478,3,118,311
478,6,123,308
477,5,121,310
476,6,123,310
476,5,120,311
475,3,121,313
476,2,124,314
476,4,124,314
458,4,141,315
475,4,124,316
476,2,122,322
476,2,121,330
476,1,120,333
475,2,123,334
473,1,124,335
472,4,128,330
472,2,128,332
470,2,131,334
469,0,131,334
468,2,131,333
468,0,132,336
468,0,136,335
467,0,133,334
468,0,138,336
468,0,133,337
466,0,138,337
467,0,136,337
467,0,137,337
468,0,136,338
469,0,133,340
468,0,136,340
467,0,134,340
464,0,135,340
464,0,135,341
463,0,136,340
460,0,138,341
462,0,133,344
460,0,136,346
459,0,135,347
459,1,130,349
456,0,130,352
454,0,130,352
453,0,130,354
446,0,138,344
440,0,139,346
433,0,143,351
427,0,150,321
418,0,156,320
420,0,157,316
421,0,148,320
416,0,145,315
397,0,165,316
341,0,206,320
355,0,202,329
388,0,168,336
401,0,147,340
408,0,134,350
392,0,146,352
387,0,147,358
378,0,152,365
372,0,154,363
367,0,153,370
370,0,145,376
372,0,140,378
379,0,139,380
384,0,136,383
385,0,130,375
386,0,130,377
390,0,128,372
390,0,132,370
390,0,134,357
383,0,139,347
382,0,143,340
381,0,147,331
381,0,160,327
381,0,169,327
380,0,178,321
378,0,192,320
374,0,199,321
371,0,212,323
364,0,220,325
356,0,233,337
346,0,239,362
352,0,176,366
346,0,166,368
347,0,162,370
344,2,149,365
335,0,155,372
339,0,168,359
336,0,144,356
336,0,161,343
495,2,123,306
458,0,146,303
36,0,141,320
513,0,73,286
320,0,151,324
40,0,151,315
48,0,147,314
44,0,158,316
49,0,157,314
54,0,155,318
58,0,151,318
79,0,135,322
76,0,141,324
82,0,141,326
89,0,139,325
113,0,229,339
103,0,130,318
105,0,132,311
114,0,127,307
221,0,76,317
126,0,121,298
270,0,90,327
138,0,117,293
144,0,114,294
148,0,111,292
146,0,113,295
148,0,118,294
155,0,162,308
155,1,113,293
163,0,171,315
164,4,100,294
165,4,107,291
167,5,110,289
172,6,108,284
172,3,112,285
174,3,114,283
177,5,108,278
179,4,106,275
181,3,106,276
182,6,110,272
186,9,106,269
187,9,117,275
196,4,206,345
197,0,203,349
200,1,204,351
205,1,204,350
212,2,197,347
228,0,185,351
234,0,178,352
242,0,172,349
249,0,165,352
251,0,162,353
257,0,150,354
262,0,146,357
266,0,142,362
267,0,143,365
267,0,144,368
269,0,146,370
271,0,147,374
274,0,148,376
278,0,150,376
280,0,152,381
284,0,154,385
289,0,155,386
292,0,156,387
298,0,157,388
306,0,156,388
312,0,154,386
320,0,153,386
327,0,149,384
331,0,151,382
337,0,157,383
342,0,160,387
345,0,165,386
351,0,167,387
357,0,167,383
363,0,169,385
370,0,176,387
66,0,361,430
388,0,191,391
65,0,235,456
98,0,481,407
306,0,207,442
104,0,253,448
127,0,220,457
140,0,218,461
154,1,220,463
162,0,226,468
174,0,232,470
191,0,233,472
208,1,232,474
228,0,228,475
244,1,220,476
266,0,213,478
279,0,211,478
302,0,206,476
318,0,202,475
333,0,221,474
343,0,247,473
361,0,249,473
379,0,237,473
378,0,245,473
416,0,210,474
437,8,200,471
455,0,179,480
463,8,173,467
463,0,170,475
470,0,164,476
485,1,153,475
487,0,150,480
482,4,153,475
483,5,156,472
470,16,166,462
463,16,176,460
453,24,186,452
448,16,188,459
445,4,194,474
443,4,194,473
441,7,198,467
443,11,195,466
454,1,184,478
458,0,180,474
451,0,187,479
458,0,180,477
438,0,201,475
450,0,187,477
442,0,192,475
398,0,235,476
426,0,213,475
401,0,231,480
400,0,229,475
393,0,241,478
385,0,239,476
365,1,207,474
338,0,229,478
331,0,236,472
324,0,246,476
314,0,250,476
307,0,251,478
299,0,272,477
293,0,285,479
273,0,279,476
265,0,275,475
251,0,269,479
242,0,261,479
232,0,271,476
221,0,263,479
211,0,263,478
197,0,262,477
187,0,276,476
169,0,280,476
159,0,290,476
148,0,290,477
133,0,303,478
125,0,316,476
114,0,334,479
100,0,337,473
100,0,332,479
88,0,351,473
93,0,337,477
101,0,324,475
120,0,291,476
100,0,306,477
124,0,280,478
91,0,310,477
89,0,302,479
61,0,319,475
49,0,336,480
51,0,337,477
38,0,356,474
1,0,129,328
0,0,110,348
0,0,96,348
0,0,81,350
0,2,66,347
0,6,58,343
0,27,50,323
0,63,37,220
0,185,32,166
0,287,24,59
0,291,10,51
0,265,18,63
0,222,15,87
0,245,25,94
0,194,33,139
14,160,152,142
310,2,112,469
318,0,310,475
315,0,316,475
321,0,314,477
329,0,307,478
345,0,289,478
363,0,275,477
381,0,254,477
403,0,233,477
428,0,209,474
446,0,186,475
457,6,177,473
456,0,180,478
451,0,181,475
457,0,175,476
463,0,151,456
463,0,168,475
459,1,155,441
481,0,151,465
485,0,122,393
487,0,130,402
487,0,134,405
484,0,138,385
486,0,142,385
489,0,137,385
482,0,147,382
482,0,149,379
483,0,151,380
480,0,154,376
479,0,156,373
480,0,155,371
482,0,152,370
477,0,156,367
478,0,155,368
480,0,153,366
476,0,158,363
475,0,158,361
472,0,162,359
472,0,163,362
469,0,167,358
471,0,164,355
468,0,169,355
467,0,169,351
464,0,172,349
464,0,173,347
449,0,182,345
452,0,172,340
444,0,174,338
438,0,173,334
429,0,174,331
427,0,174,330
421,0,175,327
420,0,171,325
408,0,177,324
408,0,170,324
401,0,169,324
401,0,163,323
396,0,162,322
395,0,155,320
384,1,159,318
382,0,154,319
382,0,145,318
371,0,146,314
371,0,139,313
365,0,133,315
362,0,127,313
359,0,120,310
353,0,118,307
347,0,115,305
343,0,114,305
336,0,113,302
333,0,110,300
326,0,109,300
319,0,109,297
313,0,107,296
308,0,106,296
303,0,104,295
296,2,103,292
290,2,101,293
286,3,100,290
281,1,100,291
281,1,100,289
278,3,101,284
275,1,103,287
268,3,109,283
266,2,107,280
263,9,108,273
264,6,106,274
262,6,101,273
265,5,95,276
261,6,95,275
261,6,91,276
261,7,90,274
258,8,89,273
