278.0,31.0,138.0,433.0
270,41,146,421
268,44,147,416
267,44,148,415
269,44,147,418
266,44,149,417
266,43,150,418
266,44,148,416
267,45,147,417
268,45,148,417
270,46,146,417
271,45,146,416
272,46,147,416
273,44,148,419
274,43,144,421
275,45,148,418
278,45,143,418
280,44,138,420
280,46,142,417
281,43,137,419
279,46,140,415
277,47,144,417
279,46,141,418
280,47,141,417
277,47,142,418
279,48,140,419
277,47,143,418
279,47,142,419
277,48,143,419
279,48,141,416
278,47,142,417
278,48,142,418
279,48,140,416
279,48,139,416
281,49,139,416
279,50,140,414
283,47,136,417
285,49,133,413
285,48,132,416
290,50,127,415
292,45,126,421
295,47,123,419
298,44,121,422
297,48,120,417
299,43,118,422
299,45,118,419
299,43,119,421
300,47,117,414
301,45,117,415
298,52,119,407
300,43,118,422
293,39,125,435
299,56,119,415
284,47,134,428
279,60,137,419
281,74,136,403
275,71,143,406
272,79,149,397
268,72,153,403
268,72,157,403
263,66,162,401
259,50,167,414
260,61,166,402
258,50,168,406
259,44,163,409
257,39,162,410
257,35,161,411
257,30,159,418
256,34,158,420
259,36,152,417
255,39,155,416
256,37,153,417
257,40,150,420
256,47,148,417
257,47,146,419
257,59,144,408
259,62,144,405
259,68,144,400
258,68,146,400
255,73,150,392
254,71,152,394
253,69,153,393
253,63,153,397
252,59,152,393
251,62,152,390
251,53,153,394
250,49,156,395
249,48,158,397
246,42,161,402
248,43,162,401
248,36,160,406
244,36,166,404
242,37,163,403
241,40,160,400
241,39,157,399
244,39,147,399
240,38,147,401
242,39,145,409
239,48,144,405
244,47,136,398
244,53,129,417
218,35,154,438
126,17,243,459
134,31,240,442
144,21,227,454
155,14,210,459
170,7,197,468
169,6,197,469
170,9,197,465
187,13,183,461
187,8,186,466
196,9,180,468
218,5,169,471
229,6,175,470
228,11,170,467
231,13,187,464
231,12,240,458
235,30,186,445
229,38,198,435
228,30,226,446
232,34,257,438
232,45,250,430
223,53,238,406
219,57,126,359
207,73,122,359
203,74,136,360
202,73,139,354
200,74,142,353
201,68,146,356
200,69,149,354
202,65,152,356
202,63,148,352
204,61,147,353
206,58,143,355
208,57,139,351
209,58,139,349
211,55,133,350
217,59,125,350
216,61,130,347
215,59,124,352
220,64,127,348
216,64,125,346
212,64,126,345
211,65,124,344
206,66,127,343
203,67,132,344
200,66,130,345
197,65,131,342
193,67,132,343
190,68,138,340
190,70,140,335
191,70,141,332
191,71,142,328
202,72,133,329
206,73,130,329
211,76,124,324
219,75,122,324
227,76,119,325
236,76,115,324
245,76,112,321
254,75,108,321
260,78,108,319
267,78,105,321
275,79,107,317
282,78,105,318
290,79,109,316
295,79,104,316
304,77,110,317
310,77,107,317
317,76,106,318
323,77,101,318
329,78,105,316
331,78,105,317
334,77,111,317
338,78,113,318
344,77,118,317
353,80,119,313
359,86,120,305
367,86,118,307
371,90,120,303
376,91,118,300
379,92,119,308
387,90,118,309
394,90,118,308
403,93,119,309
412,92,115,310
412,94,113,306
414,95,109,301
418,96,107,303
420,97,107,301
420,98,110,301
419,97,110,302
419,97,109,299
418,98,111,299
417,98,112,299
416,98,113,299
414,98,112,300
413,99,115,299
409,100,113,299
406,101,116,301
405,100,115,300
404,101,113,298
402,100,114,297
401,101,114,298
399,103,115,296
398,105,113,292
397,106,114,290
397,105,113,288
398,105,112,289
398,103,112,290
399,102,110,291
400,100,111,291
402,100,108,290
401,99,107,291
402,99,108,288
403,98,107,290
404,97,106,291
404,97,105,291
405,97,106,290
404,98,105,290
404,98,105,290
404,99,105,290
403,98,105,292
402,99,104,291
403,100,105,290
404,100,102,290
404,99,103,292
405,98,104,292
408,99,100,290
411,98,99,290
415,97,95,289
419,96,93,289
420,96,91,287
420,96,91,285
421,95,90,284
420,95,91,283
422,92,90,283
421,92,91,284
423,91,89,284
424,91,91,283
422,93,92,281
421,93,95,281
420,91,96,282
420,89,100,284
420,90,99,282
417,92,101,281
418,91,102,283
419,89,99,285
419,90,102,283
419,90,99,285
418,91,101,285
419,92,101,284
418,91,99,287
419,92,99,286
417,92,97,287
416,94,96,284
414,93,100,286
412,92,100,286
409,94,104,285
407,96,107,283
403,96,108,281
400,95,115,281
399,96,115,280
398,97,113,279
395,95,111,279
394,95,113,277
391,95,111,277
391,96,112,275
390,94,113,281
389,94,114,280
388,94,114,281
388,94,116,282
386,98,119,279
388,97,116,281
389,101,118,280
389,104,128,286
389,102,158,308
391,97,179,339
395,81,175,361
400,70,169,373
402,67,169,379
401,68,169,376
401,68,168,373
400,67,167,373
399,65,173,374
395,63,171,375
395,61,170,375
392,59,171,372
391,60,170,367
389,60,162,365
388,60,153,364
384,58,154,364
383,60,150,365
382,61,147,365
381,59,142,372
376,60,143,377
372,64,142,372
371,65,142,374
368,69,141,372
367,71,140,372
366,73,136,369
365,72,135,369
365,73,133,368
365,74,131,365
363,74,129,366
364,75,127,363
362,75,127,360
363,73,123,363
362,73,123,368
361,72,123,359
361,72,122,358
361,71,121,356
360,72,122,349
355,74,125,345
351,75,128,347
346,73,131,346
342,73,136,340
336,75,140,344
332,76,144,345
327,79,149,345
324,78,150,338
316,80,155,338
307,81,164,330
302,78,168,333
301,80,169,332
299,80,170,333
301,80,165,331
301,81,163,326
299,77,164,329
297,79,164,324
295,79,164,324
294,80,164,324
292,79,167,326
286,78,171,324
280,78,170,324
271,82,109,322
351,91,80,313
341,95,68,308
353,95,103,296
359,96,55,309
333,92,122,297
292,90,98,322
306,91,60,318
350,92,95,295
363,95,99,289
360,95,104,286
363,91,102,289
365,90,104,289
365,91,105,288
366,88,106,291
369,91,106,287
369,89,107,289
371,86,107,290
375,89,104,286
376,86,108,288
380,86,106,287
377,85,110,288
381,85,106,286
381,84,109,287
379,85,114,283
385,87,107,281
384,84,109,284
387,85,108,284
388,88,111,286
388,89,112,288
391,91,111,288
391,94,112,287
394,96,110,288
395,98,109,287
396,98,111,287
399,99,107,287
399,99,107,288
401,99,104,286
400,99,103,287
399,100,105,285
399,101,103,282
398,100,103,283
398,100,104,282
397,101,105,282
396,102,104,281
396,101,106,284
397,105,106,283
397,106,104,283
399,108,105,280
399,106,104,283
401,107,105,283
402,110,103,280
401,109,102,281
402,109,103,279
401,108,102,278
399,108,100,276
397,106,101,274
396,103,101,274
395,102,102,274
395,99,102,276
395,99,103,276
394,98,104,276
394,96,104,276
394,96,105,277
395,98,105,274
395,96,105,277
398,99,103,277
399,98,103,278
401,99,103,278
402,102,102,277
402,102,103,277
398,101,110,277
393,103,123,275
389,104,133,273
387,101,140,274
383,99,149,275
380,99,155,275
379,95,158,277
379,98,162,274
381,94,160,275
384,94,157,274
384,94,157,274
389,94,153,275
393,92,147,277
396,92,139,275
401,95,132,274
404,94,126,273
407,97,116,270
409,98,109,267
414,98,103,267
417,97,99,269
421,98,95,269
423,99,93,269
425,99,93,267
425,99,94,267
425,96,94,270
424,99,95,267
421,99,99,267
419,99,101,266
415,97,105,265
413,94,109,269
410,97,110,264
401,95,118,265
399,95,122,266
394,95,124,265
394,96,121,263
392,99,121,262
395,97,119,264
397,100,113,267
405,101,108,266
409,105,103,267
414,106,98,267
418,109,99,267
420,109,98,266
423,111,98,265
424,112,96,263
423,112,94,264
422,112,94,263
420,112,93,262
419,112,91,261
414,113,92,259
410,112,91,259
406,109,91,263
402,109,92,261
396,108,93,261
394,107,90,262
391,109,90,261
389,107,88,259
385,106,88,262
381,107,88,262
377,106,88,262
374,106,86,260
370,106,85,262
368,106,81,261
363,105,81,260
356,105,85,264
351,103,84,260
331,99,101,262
345,98,78,260
258,90,153,272
356,94,76,271
343,94,86,258
347,89,78,264
344,85,78,268
323,84,98,273
337,86,87,268
315,80,112,283
282,57,141,313
276,64,146,312
280,65,146,315
280,68,148,312
281,72,142,312
282,76,147,311
283,79,150,312
283,80,151,312
287,79,150,315
288,80,146,316
296,79,145,313
297,80,139,311
305,77,137,316
311,76,130,317
315,75,126,320
325,76,129,320
342,73,122,325
355,75,121,328
370,78,119,328
384,78,118,332
397,78,117,335
411,78,117,337
424,80,123,341
437,81,136,346
453,80,147,345
464,78,159,350
477,82,152,346
482,74,146,349
487,75,142,345
490,71,140,350
493,71,144,357
499,71,140,356
504,64,133,364
505,61,133,364
508,59,131,365
513,57,125,366
516,57,122,363
521,57,115,367
522,57,116,370
523,58,115,372
525,56,114,373
525,55,114,376
525,61,113,370
525,70,112,357
526,89,109,313
528,95,108,296
528,98,107,291
529,97,107,291
529,97,107,293
531,98,104,293
530,96,106,291
527,95,109,292
525,94,112,294
523,92,113,294
521,92,114,293
518,93,115,293
515,91,115,294
513,93,115,294
510,93,114,294
508,94,114,294
505,93,113,296
502,96,112,295
499,96,113,294
496,94,113,297
494,96,114,296
491,96,114,295
487,96,114,296
486,95,115,296
483,94,115,297
480,94,116,298
476,90,117,299
473,91,116,298
470,89,116,298
466,88,116,299
462,88,116,296
459,86,116,298
457,86,115,297
454,84,114,297
451,85,113,298
449,85,112,297
445,84,112,299
442,83,113,300
442,82,110,300
442,82,109,301
438,83,111,301
437,81,111,303
434,81,111,304
433,79,111,305
431,78,112,305
430,78,112,305
427,78,114,308
427,76,114,307
424,75,113,308
423,73,114,307
427,73,114,311
426,72,116,312
428,72,115,312
427,72,116,313
428,72,117,313
431,69,117,315
433,68,115,315
434,64,118,317
433,62,118,319
435,61,118,318
436,54,117,323
434,52,119,327
436,49,120,328
437,50,121,327
440,45,123,333
442,47,124,333
441,48,128,334
443,48,129,335
445,49,130,337
448,49,133,340
449,52,135,342
451,55,134,341
455,55,131,343
455,57,130,342
456,57,130,345
455,58,130,342
456,56,129,345
457,54,129,345
458,50,128,348
460,49,127,348
462,47,127,352
461,47,126,353
464,48,126,354
463,49,127,357
464,49,129,365
467,53,128,367
468,55,128,369
474,58,126,372
479,59,126,377
482,61,127,380
485,64,128,378
484,64,130,380
487,63,130,382
484,62,134,384
482,59,138,388
480,56,138,389
479,52,142,392
477,49,142,393
478,46,145,396
478,44,146,399
479,42,146,403
484,42,144,404
488,39,142,408
489,39,141,408
492,41,139,407
495,40,137,410
494,40,139,409
496,37,137,412
497,35,139,414
489,37,143,414
480,35,147,413
471,32,146,416
464,30,147,415
454,29,150,417
447,31,153,416
436,29,158,421
426,34,153,413
414,32,151,417
406,27,149,423
397,29,146,421
387,32,143,415
379,27,158,420
365,19,208,433
355,10,264,463
343,8,259,464
334,8,250,467
329,10,247,465
323,9,237,466
319,6,228,464
313,8,224,464
303,10,218,462
296,9,206,466
287,13,196,462
270,18,217,459
252,3,214,472
223,4,221,471
205,14,244,458
175,5,246,470
153,6,266,472
133,7,255,472
123,8,278,469
102,0,286,478
90,7,285,470
70,2,297,473
53,5,308,473
44,10,310,467
58,0,312,477
36,0,337,476
42,0,334,472
91,3,286,467
30,4,345,457
250,28,129,443
236,20,150,451
205,28,176,444
246,26,145,444
252,22,130,450
259,25,127,448
258,25,130,449
262,23,129,452
266,21,132,454
266,26,131,448
267,21,144,453
269,19,154,456
275,18,153,458
280,19,149,456
280,20,164,458
286,28,157,450
283,23,176,452
289,33,167,444
287,29,190,448
286,31,185,443
301,37,172,435
296,42,181,433
306,35,164,438
302,37,176,439
304,38,178,438
311,35,174,441
310,40,181,435
313,32,186,440
313,38,177,439
316,33,184,440
317,34,167,443
322,37,188,438
323,34,172,438
327,38,183,435
334,36,180,440
344,35,172,436
322,35,193,440
350,34,163,440
340,39,173,439
332,41,173,436
340,36,168,441
339,41,163,432
331,39,177,435
333,40,175,436
325,43,182,432
322,40,182,435
319,41,182,436
314,36,180,440
309,39,176,437
306,35,173,443
302,35,174,441
300,34,170,442
297,34,173,442
295,30,170,448
287,26,172,449
279,30,174,446
284,26,162,450
277,25,165,451
283,28,168,447
278,27,169,449
269,28,177,450
287,25,159,450
268,25,179,452
287,28,154,448
260,31,179,445
291,30,148,446
278,39,172,438
286,32,156,446
265,26,179,450
276,27,168,451
265,34,160,444
262,34,171,443
254,34,167,445
251,35,171,444
248,39,165,436
240,24,166,455
239,32,159,446
234,33,166,443
229,41,162,438
227,37,156,438
228,37,163,438
233,41,146,434
234,36,145,440
242,36,139,439
249,34,130,442
252,32,128,441
257,29,129,446
253,33,134,441
249,30,145,445
247,26,145,449
247,36,148,440
248,34,149,444
245,37,154,437
242,36,165,441
236,37,167,439
230,38,168,435
225,36,171,439
219,38,174,439
217,36,171,438
212,37,169,439
208,39,166,436
199,39,168,435
198,38,160,437
196,30,154,447
189,33,155,445
186,30,152,446
190,29,143,448
188,30,136,447
184,27,136,449
186,22,128,456
180,28,134,447
172,24,137,453
172,25,132,451
163,18,134,459
155,13,135,462
150,19,137,459
142,15,139,463
137,14,145,461
132,15,154,464
128,18,165,461
116,21,189,455
102,16,195,457
83,25,221,450
82,20,212,456
83,8,200,466
77,7,199,467
71,10,199,467
64,11,197,464
57,10,198,469
51,10,195,467
45,11,192,467
41,11,189,465
38,15,184,463
34,7,182,471
28,12,183,462
24,10,182,469
21,11,182,464
20,12,183,465
12,17,188,459
4,15,194,463
1,16,195,461
0,15,191,461
0,14,185,462
0,12,182,464
0,11,188,466
5,14,193,461
10,13,194,463
16,13,189,465
22,16,186,460
24,11,198,467
29,11,198,465
34,11,205,464
40,9,202,469
44,15,200,463
48,13,197,466
50,12,194,465
53,15,192,463
51,20,198,458
58,17,187,461
66,16,180,461
72,20,183,457
77,23,178,455
88,13,178,463
101,16,169,462
112,16,160,463
116,19,161,459
131,12,155,464
144,13,151,466
150,11,165,468
150,11,185,468
150,12,204,467
152,11,215,462
161,15,227,463
169,12,240,466
176,14,223,463
181,19,229,456
190,18,200,459
191,18,230,461
197,19,204,455
199,20,210,455
204,20,193,457
209,28,196,448
208,30,180,447
207,25,183,454
201,29,186,447
198,27,190,449
198,30,191,447
198,27,187,449
193,33,185,446
198,32,182,445
205,36,170,441
207,35,162,444
212,35,152,444
212,35,151,441
211,36,145,442
209,37,147,441
204,41,148,437
202,42,152,437
201,44,155,433
193,51,177,426
185,53,191,424
179,48,192,427
176,46,193,427
170,49,192,426
166,47,192,426
161,50,193,424
154,51,194,422
150,49,192,424
144,47,191,430
139,46,187,429
134,46,180,431
136,56,172,423
133,63,179,416
137,60,169,418
146,65,157,413
151,62,154,417
148,55,163,423
162,42,159,435
178,29,146,449
173,26,151,449
185,13,148,456
189,5,148,463
193,1,147,465
201,5,147,460
206,6,147,459
209,12,148,454
214,8,148,461
219,20,151,451
221,26,152,449
221,31,170,446
229,44,163,431
226,48,167,429
230,61,173,414
233,63,166,412
235,68,165,407
230,76,173,400
228,71,177,406
218,72,184,406
214,73,185,403
193,63,206,415
143,11,249,463
205,76,201,399
209,55,199,421
174,16,239,461
188,43,237,436
288,63,145,414
296,57,145,421
286,41,164,438
195,9,264,469
192,1,271,478
203,0,278,478
211,0,280,477
219,0,291,478
237,0,294,467
263,0,281,456
252,0,301,467
271,0,287,468
289,0,270,477
287,0,264,476
288,0,251,475
287,0,258,478
300,0,219,479
292,0,238,475
292,0,233,477
287,0,231,476
284,0,228,475
282,1,222,477
283,5,218,472
288,1,218,476
299,7,208,472
298,1,210,477
307,10,202,465
316,3,196,473
325,1,185,476
330,0,178,478
329,0,192,477
336,0,202,478
338,0,215,476
339,0,227,474
335,0,245,473
333,0,258,468
336,0,261,472
337,1,264,470
342,3,261,469
339,1,265,469
340,1,263,471
340,1,259,475
347,2,250,473
347,2,242,474
354,4,227,470
356,3,215,473
359,7,202,467
360,8,195,463
360,3,185,474
359,10,186,462
357,10,194,461
357,7,202,462
354,21,210,438
352,6,204,454
348,12,193,441
340,24,184,424
335,17,193,440
331,18,209,444
327,25,214,430
322,16,269,451
322,15,287,456
325,16,286,459
329,15,272,445
328,23,290,449
338,22,286,449
344,22,270,436
351,16,247,437
351,21,277,452
371,29,240,439
386,41,184,424
386,37,155,433
396,38,143,423
403,34,140,430
405,31,141,444
407,42,143,431
408,40,144,432
409,33,146,436
412,33,150,435
413,24,161,444
417,21,165,442
420,20,163,443
420,15,173,450
423,13,171,445
420,7,176,457
426,14,173,449
427,11,174,452
430,15,170,452
430,13,173,452
435,18,168,446
441,21,161,443
443,24,157,439
448,27,155,436
451,28,155,430
463,28,150,425
469,22,152,428
479,22,147,426
486,18,146,432
492,25,143,428
494,9,141,440
497,5,140,445
502,17,135,433
504,13,133,437
506,14,133,434
508,9,131,440
511,14,128,435
513,5,126,449
515,10,124,446
518,8,121,448
518,9,121,447
516,6,121,450
517,14,122,442
517,10,120,449
521,10,118,450
516,2,117,456
519,7,120,450
511,2,125,455
508,8,131,452
503,9,136,456
499,3,139,461
495,1,144,461
492,12,144,451
492,19,146,446
485,13,154,453
484,21,151,445
476,22,160,444
467,20,170,442
460,28,175,432
450,14,180,446
442,22,180,439
429,26,176,433
416,33,175,426
401,37,170,420
386,30,170,429
374,43,165,416
359,33,160,427
346,42,157,419
334,47,156,416
320,47,156,417
307,45,159,419
296,48,160,415
283,46,165,417
272,43,160,420
262,49,157,408
251,47,156,406
240,66,154,385
228,54,158,388
227,41,303,437
315,61,197,417
230,48,267,422
298,79,181,395
273,38,203,433
177,58,127,381
184,54,146,389
181,59,137,382
185,58,129,388
183,54,129,394
182,56,135,391
183,57,130,389
182,58,131,391
182,56,131,394
182,54,273,416
346,67,141,407
180,59,133,389
299,45,209,430
351,41,153,433
358,35,148,438
362,37,165,438
379,55,146,412
235,56,158,387
271,48,275,415
419,43,156,417
336,32,229,434
420,24,156,433
429,12,162,444
440,8,160,449
443,18,164,429
450,11,172,439
470,1,156,447
470,15,160,436
476,3,160,450
335,41,147,381
351,38,148,392
361,60,147,386
374,69,142,378
380,70,141,385
387,76,145,380
393,75,135,380
400,80,137,379
407,83,133,371
413,73,138,382
420,71,145,377
433,61,149,381
439,58,148,382
433,72,152,364
430,57,151,372
429,54,155,375
427,56,152,365
429,49,151,370
430,50,153,371
429,49,148,366
427,46,145,370
425,50,146,367
427,51,144,370
429,53,142,373
430,62,141,367
431,64,140,367
433,67,141,371
436,78,141,362
438,81,133,362
443,86,130,357
440,90,128,355
444,92,134,357
443,89,136,359
445,90,129,352
444,85,138,358
450,80,133,359
448,75,132,355
450,72,129,353
451,68,133,357
451,64,137,362
454,62,138,367
453,60,143,369
456,54,155,390
453,58,140,368
459,54,152,393
456,50,144,384
458,57,170,406
458,52,136,392
461,55,164,409
460,48,153,413
457,47,157,405
459,44,162,413
459,45,170,420
459,53,167,414
465,52,165,418
468,60,162,411
469,59,162,410
475,52,160,418
474,56,162,416
477,53,158,420
477,50,155,422
475,57,155,415
474,56,157,417
473,52,160,421
474,38,162,436
476,25,160,451
475,43,159,434
467,34,164,444
462,36,168,442
453,48,167,430
437,53,173,424
424,52,181,424
408,42,185,434
395,38,192,437
380,53,195,424
360,42,204,434
343,65,205,410
327,47,203,427
309,60,204,413
295,48,195,427
286,52,189,424
280,48,179,428
271,50,174,429
265,54,169,424
257,59,165,420
251,61,161,418
246,60,159,418
237,67,159,412
229,67,157,410
219,68,158,411
207,67,157,409
194,69,158,410
177,66,164,409
158,60,169,415
138,54,173,419
119,45,177,427
98,44,181,427
79,39,192,430
63,39,191,426
51,36,190,425
37,35,193,426
23,32,193,431
11,34,193,431
10,35,190,433
9,40,198,431
7,45,195,428
6,51,192,420
0,56,195,419
0,56,199,417
3,57,198,415
8,61,190,416
39,73,165,398
53,77,142,401
91,88,106,391
81,73,116,396
13,43,176,430
25,48,148,426
107,67,108,399
56,53,142,403
136,66,121,372
52,42,153,412
10,31,186,437
8,30,178,434
176,71,79,372
0,35,191,436
5,34,177,436
11,39,179,433
20,42,179,429
30,44,176,427
41,44,177,426
51,43,177,422
61,44,172,419
73,41,171,419
85,41,163,417
96,37,164,417
108,36,151,415
308,58,114,369
143,36,147,412
347,61,125,345
335,58,138,362
193,36,123,414
269,47,184,377
211,36,130,401
215,40,117,405
228,31,119,416
240,39,118,407
245,32,124,411
248,38,132,403
254,37,144,403
259,38,152,401
265,36,156,401
256,32,164,402
251,39,167,393
250,39,168,392
248,43,177,392
249,42,173,392
249,43,176,390
253,43,173,391
258,40,167,396
262,40,162,396
273,35,153,406
278,33,148,405
285,34,143,403
287,33,142,410
290,35,140,410
291,34,142,413
291,36,143,416
291,37,144,413
292,36,144,419
294,37,143,423
291,35,146,425
291,38,146,424
293,38,145,423
289,37,150,431
290,38,149,431
292,38,150,431
287,35,151,434
292,38,148,436
292,35,145,437
291,35,148,436
292,33,150,439
287,34,154,439
288,32,153,441
288,31,152,442
287,31,154,444
286,31,154,441
285,31,153,442
285,29,154,447
287,25,151,450
289,24,147,450
293,22,141,453
295,20,139,455
294,19,137,455
296,18,136,457
295,11,135,464
295,13,132,463
293,12,133,463
294,9,131,468
295,7,129,470
292,5,134,471
292,10,133,467
293,6,133,471
292,4,135,472
293,2,138,475
291,3,140,475
289,0,143,478
290,0,143,480
291,2,142,474
291,0,141,477
292,0,147,478
291,0,152,477
289,0,168,477
288,0,160,476
289,0,150,480
288,0,154,478
380,5,170,467
281,0,148,476
282,0,153,477
283,0,157,478
276,0,167,477
273,0,165,476
272,0,164,479
269,0,170,475
261,0,171,476
264,0,171,479
257,0,205,472
250,0,160,477
256,0,158,478
247,0,190,476
298,0,153,477
244,0,162,479
238,0,189,476
333,0,99,474
279,0,195,475
240,0,309,478
205,0,247,474
209,2,280,470
213,6,285,470
154,0,223,474
335,6,172,473
310,2,176,476
295,11,176,467
296,10,165,465
278,7,173,468
265,10,172,465
259,11,167,464
249,8,168,470
245,10,165,469
241,11,162,467
234,9,166,467
231,10,162,467
222,9,166,470
222,8,165,471
221,7,168,471
223,10,163,469
220,11,166,466
220,13,161,464
216,11,165,465
214,7,169,470
213,7,171,469
212,6,167,473
209,3,171,475
211,1,167,473
209,0,172,478
210,0,169,477
208,0,181,478
204,3,180,472
207,0,177,474
210,0,176,476
203,0,183,475
208,0,184,474
209,4,177,470
212,2,175,474
207,0,179,478
213,3,173,472
203,0,184,475
210,0,175,475
208,0,176,478
212,0,167,477
208,2,168,471
207,11,169,466
207,9,167,464
201,20,175,456
201,23,178,451
204,22,175,452
207,19,171,453
210,4,165,469
204,6,176,469
202,3,177,472
205,2,177,474
203,0,177,476
197,0,187,476
200,0,183,474
201,0,178,473
199,2,179,469
201,2,175,472
198,0,179,475
199,0,182,476
199,0,183,475
198,0,188,475
197,0,185,477
194,0,188,476
194,0,193,473
194,2,192,473
195,3,189,472
191,5,191,456
194,2,185,472
194,1,189,474
195,6,189,470
189,0,196,475
197,1,185,472
190,0,202,476
192,17,190,460
195,0,192,474
192,0,195,475
194,0,191,478
191,0,201,477
193,3,190,473
191,0,203,475
195,0,191,474
191,0,193,472
187,0,204,473
191,0,194,475
190,0,194,476
188,1,200,475
193,1,184,475
196,4,183,473
190,1,191,476
