1
0.9999105930328369
0.9999270439147949
0.9998941421508789
0.9998997449874878
0.9998958110809326
0.9998941421508789
0.9998859167098999
0.9998774528503418
0.9998722076416016
0.9998626708984375
0.9998263716697693
0.999786913394928
0.9998277425765991
0.9997543692588806
0.9997273087501526
0.9995927214622498
0.999653697013855
0.9996387958526611
0.9994632601737976
0.9997119307518005
0.9996092915534973
0.9995903372764587
0.9996650218963623
0.9996612071990967
0.9996670484542847
0.9996356964111328
0.9996590614318848
0.9996957778930664
0.9996514320373535
0.9996525049209595
0.9994726777076721
0.9996589422225952
0.9996758699417114
0.999649167060852
0.9996929168701172
0.9995322227478027
0.999614953994751
0.998945415019989
0.9986238479614258
0.9987305998802185
0.9988034963607788
0.9991173148155212
0.9988837838172913
0.9992809891700745
0.9991303086280823
0.9988873600959778
0.9984593391418457
0.9985746145248413
0.9980804920196533
0.9978907704353333
0.9966116547584534
0.9980732202529907
0.9963622689247131
0.9924814701080322
0.9948127269744873
0.9917857050895691
0.9915241003036499
0.9899662733078003
0.9812658429145813
0.9899225831031799
0.9819455742835999
0.9898874163627625
0.9890899062156677
0.9870004057884216
0.9876667261123657
0.9886066317558289
0.9888824820518494
0.9888195395469666
0.9929049611091614
0.996471643447876
0.9961674809455872
0.9961841702461243
0.9979105591773987
0.997859537601471
0.996749997138977
0.996644914150238
0.9978883862495422
0.9979567527770996
0.9978609681129456
0.9976105690002441
0.9967696666717529
0.9966956377029419
0.996029257774353
0.9957975149154663
0.9907017946243286
0.9948214292526245
0.9907470941543579
0.9917014241218567
0.9901622533798218
0.9908695220947266
0.9913495779037476
0.9938303828239441
0.9909340143203735
0.991849422454834
0.9920462369918823
0.992330014705658
0.9921666383743286
0.9910983443260193
0.9902364611625671
0.9916831254959106
0.9925150275230408
0.9926829934120178
0.9941026568412781
0.9946617484092712
0.9930611252784729
0.9938135147094727
0.9936605095863342
0.9931889772415161
0.9936833381652832
0.992998480796814
0.9943675398826599
0.9916629791259766
0.9934194684028625
0.9890783429145813
0.989692747592926
0.9821855425834656
0.9865652918815613
0.9911508560180664
0.9845407605171204
0.990423858165741
0.9912524819374084
0.9913721084594727
0.9909379482269287
0.9920205473899841
0.9890936613082886
0.9927363395690918
0.9913944602012634
0.992879331111908
0.9941118359565735
0.9955348968505859
0.996222972869873
0.9971761703491211
0.997566819190979
0.9978367686271667
0.9979183077812195
0.9979877471923828
0.9969152212142944
0.9949276447296143
0.9935593605041504
0.9898878931999207
0.9914699196815491
0.9935725927352905
0.9927946925163269
0.9916732907295227
0.9860178232192993
0.9864494204521179
0.9895463585853577
0.9892744421958923
0.9930103421211243
0.9923087358474731
0.994114339351654
0.9801396131515503
0.9923838973045349
0.9937753677368164
0.9912129044532776
0.9816693663597107
0.9855391979217529
0.9906185269355774
0.989233136177063
0.9906348586082458
0.9866197109222412
0.9875060319900513
0.9911543130874634
0.9863784313201904
0.9851642847061157
0.9855056405067444
0.9901245832443237
0.9913668036460876
0.990730345249176
0.9917116165161133
0.9870097637176514
0.9894396662712097
0.9918556213378906
0.9875321984291077
0.9908388257026672
0.9871333837509155
0.9865303635597229
0.9907580614089966
0.9920199513435364
0.991917073726654
0.9921329617500305
0.9905411601066589
0.9915311336517334
0.9912881255149841
0.9906225800514221
0.986057698726654
0.9914803504943848
0.9905232787132263
0.9868441820144653
0.9911108016967773
0.9850026965141296
0.9801470637321472
0.9771972298622131
0.9711949229240417
0.9629718661308289
0.958844780921936
0.9451949596405029
0.9706238508224487
0.9703534841537476
0.9636186957359314
0.9998465776443481
0.9998281002044678
0.9998815059661865
0.9998489618301392
0.9998626708984375
0.9998732805252075
0.9997813105583191
0.9998395442962646
0.9997580647468567
0.9998027682304382
0.9998263716697693
0.9997634291648865
0.9998268485069275
0.999657154083252
0.9997621178627014
0.9996258020401001
0.9992338418960571
0.9992150068283081
0.9990969896316528
0.9984571933746338
0.9980810880661011
0.9985149502754211
0.9978494644165039
0.9989656209945679
0.9984604120254517
0.9989058971405029
0.9977977275848389
0.9964348077774048
0.9984619617462158
0.9983970522880554
0.998056948184967
0.9936395287513733
0.9982324242591858
0.9964408278465271
0.9961812496185303
0.9942488670349121
0.9960871934890747
0.9967644214630127
0.9954949617385864
0.9959664344787598
0.9952256679534912
0.9914045333862305
0.9929184317588806
0.9933826923370361
0.9931243062019348
0.9920675754547119
0.9946116209030151
0.994834303855896
0.994684636592865
0.9949299693107605
0.9946847558021545
0.9897972345352173
0.9881623387336731
0.989136815071106
0.9846076369285583
0.9887381792068481
0.9806286096572876
0.9836676120758057
0.9881816506385803
0.986240804195404
0.9849175810813904
0.9869965314865112
0.9819804430007935
0.9780469536781311
0.9795256853103638
0.9782600402832031
0.9828566908836365
0.9563518762588501
0.9728031754493713
0.9791634678840637
0.9275797009468079
0.8946175575256348
0.8731142282485962
0.9045918583869934
0.7137448787689209
0.3079430162906647
0.12683233618736267
0.048382218927145004
0.049673523753881454
0.09643545001745224
0.028754573315382004
0.027577122673392296
0.2606557607650757
0.010579923167824745
0.12529681622982025
0.1936851441860199
0.08524076640605927
0.02399006113409996
0.03469280153512955
0.04541510343551636
0.07347191870212555
0.2145368456840515
0.06387369334697723
0.10995149612426758
0.022784393280744553
0.0333622582256794
0.05519422888755798
0.029161421582102776
0.07231681048870087
0.18098534643650055
0.08616559207439423
0.04634513705968857
0.07626710832118988
0.10047093033790588
0.02609436586499214
0.034393250942230225
0.23639065027236938
0.049867428839206696
0.07554538547992706
0.07758870720863342
0.027112580835819244
0.06699855625629425
0.04244834557175636
0.08721008151769638
0.05601952224969864
0.031036056578159332
0.014221670106053352
0.0275082066655159
0.04510859400033951
0.10843536257743835
0.04654095321893692
0.01445774920284748
0.061050981283187866
0.057325296103954315
0.12508849799633026
0.09339983761310577
0.08244051039218903
0.058179836720228195
0.018114959821105003
0.03469892963767052
0.03656771034002304
0.11402793228626251
0.03938555344939232
0.018483519554138184
0.03676670417189598
0.029010215774178505
0.05301970988512039
0.024952124804258347
0.019986670464277267
0.023766804486513138
0.038273073732852936
0.07300106436014175
0.050645310431718826
0.014889624901115894
0.3830738067626953
0.026758208870887756
0.04237794876098633
0.03177467733621597
0.10754436999559402
0.12190254777669907
0.07295636832714081
0.024517027661204338
0.04199748486280441
0.04532385244965553
0.05470315366983414
0.046211495995521545
0.06258921325206757
0.08824502676725388
0.03564099967479706
0.0294337198138237
0.010375091806054115
0.03956739977002144
0.04504137858748436
0.04315632954239845
0.06075404956936836
0.08542246371507645
0.015309883281588554
0.04652528837323189
0.04496963694691658
0.057683851569890976
0.03135448694229126
0.04476315900683403
0.08665210008621216
0.051465488970279694
0.01009452249854803
0.06963665038347244
0.010732043534517288
0.026070337742567062
0.173051655292511
0.05161615088582039
0.01078080851584673
0.04546213522553444
0.04142247512936592
0.02311105839908123
0.08798854053020477
0.03331219404935837
0.03292442485690117
0.06386284530162811
0.03918951377272606
0.04860425367951393
0.08781393617391586
0.06116245687007904
0.04052555933594704
0.023206910118460655
0.03367248550057411
0.03654802590608597
0.04067176580429077
0.030450234189629555
0.0431940034031868
0.038773126900196075
0.03432951122522354
0.03966217860579491
0.021821629256010056
0.057079095393419266
0.020924381911754608
0.12881708145141602
0.04735635966062546
0.011218654923141003
0.04026046767830849
0.056549470871686935
0.036761797964572906
0.06626605242490768
0.02724008448421955
0.07791605591773987
0.04694641754031181
0.014799646101891994
0.017902785912156105
0.03674204275012016
0.06453601270914078
0.08649536967277527
0.14844614267349243
0.2429002821445465
0.058705609291791916
0.01646844670176506
0.07808642089366913
0.08613070100545883
0.09816648066043854
0.021576417610049248
0.14248639345169067
0.04928361624479294
0.04747087135910988
0.1869022697210312
0.22722025215625763
0.16544538736343384
0.30935612320899963
0.43570688366889954
0.10421310365200043
0.256908655166626
0.13260574638843536
0.2286030650138855
0.16119688749313354
0.13021625578403473
0.17233124375343323
0.11699091643095016
0.1687144786119461
0.12523066997528076
0.27288180589675903
0.4938230812549591
0.6687783598899841
0.706921398639679
0.6202411651611328
0.15007896721363068
0.6011308431625366
0.5553303956985474
0.6423464417457581
0.519871711730957
0.6144954562187195
0.5180999040603638
0.4893484115600586
0.47933095693588257
0.21139827370643616
0.18623599410057068
0.07832341641187668
0.08764016628265381
0.0653657391667366
0.04376160353422165
0.06587591767311096
0.027608279138803482
0.028346139937639236
0.0626084953546524
0.06233632192015648
0.02001224085688591
0.04615611582994461
0.04455562308430672
0.022651251405477524
0.05588652193546295
0.130586639046669
0.0308760404586792
0.10632806271314621
0.04740563780069351
0.08009571582078934
0.03602077439427376
0.05285944417119026
0.04921647906303406
0.025514677166938782
0.041302669793367386
0.016261374577879906
0.022633755579590797
0.06852487474679947
0.07969289273023605
0.048813577741384506
0.06495078653097153
0.0777222141623497
0.0538083091378212
0.13078568875789642
0.04868285357952118
0.03129608556628227
0.06317319720983505
0.12786690890789032
0.03538134694099426
0.06530097872018814
0.05657409876585007
0.045030366629362106
0.059976931661367416
0.029281659051775932
0.051978591829538345
0.03516564518213272
0.03934570401906967
0.06325036287307739
0.030166994780302048
0.05746833607554436
0.023329975083470345
0.0547931008040905
0.036384087055921555
0.01098919752985239
0.06339381635189056
0.08022042363882065
0.11539172381162643
0.033278003334999084
0.029710685834288597
0.043438930064439774
0.2623875141143799
0.009007667191326618
0.16489717364311218
0.3157500922679901
0.03312690556049347
0.03987942636013031
0.017602475360035896
0.030657989904284477
0.20921087265014648
0.0516483373939991
0.005977824795991182
0.18418176472187042
0.008152472786605358
0.03973812982439995
0.15973858535289764
0.017330480739474297
0.10297085344791412
0.02042704075574875
0.020038791000843048
0.05690691992640495
0.047296665608882904
0.058666083961725235
0.0367257259786129
0.07717899233102798
0.023881353437900543
0.015477598644793034
0.04273779317736626
0.032367076724767685
0.038053642958402634
0.013775967992842197
0.04967353492975235
0.027968622744083405
0.013967512175440788
0.04317844659090042
0.04262930899858475
0.018593233078718185
0.023002758622169495
0.01712050661444664
0.013309163972735405
0.019665755331516266
0.021332327276468277
0.047139350324869156
0.03709018602967262
0.010949792340397835
0.030321775004267693
0.051027894020080566
0.02257823385298252
0.10858500003814697
0.034004513174295425
0.15612566471099854
0.9353104829788208
0.9024989008903503
0.9324148297309875
0.9129684567451477
0.8970698714256287
0.9039518237113953
0.9141486883163452
0.8743547201156616
0.8387662768363953
0.8701335787773132
0.8448531031608582
0.8672640323638916
0.938974142074585
0.9085752367973328
0.8947815895080566
0.7413969039916992
0.7082093358039856
0.8425315618515015
0.9375917315483093
0.9158815741539001
0.9258192777633667
0.8255011439323425
0.8619786500930786
0.6563045382499695
0.8183397054672241
0.823561429977417
0.7196233868598938
0.8170114755630493
0.8243283033370972
0.9998477697372437
0.999819815158844
0.9997976422309875
0.9996747970581055
0.9996508359909058
0.9994193315505981
0.9994163513183594
0.9992396831512451
0.9993517994880676
0.9992434978485107
0.9992362260818481
0.9991982579231262
0.9991508722305298
0.998837411403656
0.9984632730484009
0.9986169338226318
0.9982572197914124
0.9974332451820374
0.9962947964668274
0.9947749376296997
0.9946335554122925
0.9948260188102722
0.9980790615081787
0.9984875917434692
0.9963352680206299
0.998710036277771
0.9986684322357178
0.9988162517547607
0.9986306428909302
0.9982160925865173
0.9984560012817383
0.9980803728103638
0.9968830943107605
0.9970744848251343
0.998124897480011
0.9987697005271912
0.9987292885780334
0.9989718198776245
0.9988883137702942
0.9988127946853638
0.9991450309753418
0.9990347623825073
0.9990547299385071
0.9989523887634277
0.9986065030097961
0.9982265830039978
0.9977167844772339
0.9986427426338196
0.9981993436813354
0.9981920123100281
0.997355580329895
0.9980154037475586
0.9989281296730042
0.9987027645111084
0.9990047812461853
0.9987190961837769
0.9986024498939514
0.9988479614257812
0.9988565444946289
0.9993345141410828
0.9994571805000305
0.9995009899139404
0.9992413520812988
0.9993300437927246
0.9990465044975281
0.9994820952415466
0.9993488192558289
0.9991801381111145
0.9992227554321289
0.9989939332008362
0.9987454414367676
0.9987195730209351
0.9982628226280212
0.9984221458435059
0.9985587000846863
0.9986681938171387
0.9987094402313232
0.9985161423683167
0.998700737953186
0.9988695979118347
0.9988798499107361
0.999085545539856
0.9991342425346375
0.9991573095321655
0.9990056157112122
0.9989641904830933
0.9987719655036926
0.9989045858383179
0.9988946318626404
0.9992421865463257
0.9989317059516907
0.9988539218902588
0.9989796280860901
0.9980751276016235
0.9988561868667603
0.9978188276290894
0.9976156949996948
0.9956402778625488
0.9967251420021057
0.9962310194969177
0.9945777654647827
0.9966601133346558
0.9962204098701477
0.9976755976676941
0.9963250756263733
0.9939887523651123
0.9977642297744751
0.9972972273826599
0.9974452257156372
0.998121440410614
0.9973486661911011
0.997912585735321
0.9977725148200989
0.9976028800010681
0.996298611164093
0.9977725148200989
0.9973263740539551
0.9962750673294067
0.9978965520858765
0.996918797492981
0.9984139204025269
0.9983737468719482
0.9982099533081055
0.9986172914505005
0.9981337189674377
0.9986656904220581
0.9983067512512207
0.9984815716743469
0.9980267882347107
0.996682345867157
0.9973286390304565
0.9972471594810486
0.9961555600166321
0.9967064261436462
0.9982324242591858
0.9977343082427979
0.9969756603240967
0.9974053502082825
0.9983362555503845
0.9984032511711121
0.998823344707489
0.9986109733581543
0.9988458156585693
0.9988092184066772
0.998856782913208
0.9987335801124573
0.9986975193023682
0.9989307522773743
0.9990304708480835
0.9992904663085938
0.9994482398033142
0.999250590801239
0.9994080066680908
0.9991976618766785
0.9994716048240662
0.9991248250007629
0.9993855953216553
0.9995007514953613
0.9995176792144775
0.9992076754570007
0.9993367791175842
0.9994568228721619
0.9994540810585022
0.999377429485321
0.9995505213737488
0.9995558857917786
0.9994688630104065
0.9995255470275879
0.9993672966957092
0.9993867874145508
0.9993120431900024
0.9995075464248657
0.9994170665740967
0.9993510842323303
0.9995115995407104
0.999580442905426
0.9996864795684814
0.9995564818382263
0.9994620680809021
0.9992621541023254
0.999438464641571
0.9989068508148193
0.9987092018127441
0.9991475343704224
0.9993405938148499
0.99907386302948
0.9982068538665771
0.9984449744224548
0.9985899329185486
0.9983618855476379
0.9991387128829956
0.9985150694847107
0.9986934065818787
0.9985431432723999
0.9981824159622192
0.9959635734558105
0.9967733025550842
0.996927797794342
0.9959457516670227
0.9958755373954773
0.9987493753433228
0.9987607002258301
0.9985097050666809
0.9986988306045532
0.9983128309249878
0.9960726499557495
0.9956029653549194
0.9962683916091919
0.993852972984314
0.9961223006248474
0.9957706332206726
0.9947906732559204
0.9927008152008057
0.9854605793952942
0.98499596118927
0.979099690914154
0.9778555035591125
0.9582164287567139
0.9482851028442383
0.9149464964866638
0.809764564037323
0.8600077033042908
0.8028699159622192
0.7763879895210266
0.7329980134963989
0.6558752655982971
0.7286587357521057
0.7866255044937134
0.7489161491394043
0.6976283192634583
0.6130825281143188
0.6889307498931885
0.6842120289802551
0.7927939891815186
0.6703990697860718
0.7015180587768555
0.7308498024940491
0.6057646870613098
0.7334784269332886
0.6584905982017517
0.6934984922409058
0.7784713506698608
0.738375186920166
0.586607038974762
0.23588727414608002
0.14142315089702606
0.36017560958862305
0.525727391242981
0.45375338196754456
0.43465402722358704
0.2955065965652466
0.42039141058921814
0.08879347145557404
0.06365246325731277
0.05501532182097435
0.05064775049686432
0.0747838020324707
0.14902284741401672
0.0471750907599926
0.09449867159128189
0.04710815101861954
0.11052810400724411
0.05360731855034828
0.06070924922823906
0.06371702998876572
0.07855664938688278
0.140364870429039
0.06756819784641266
0.03482905030250549
0.020597033202648163
0.014752428978681564
0.14601574838161469
0.1559051126241684
0.27237561345100403
0.2325359582901001
0.20158392190933228
0.23563629388809204
0.19012734293937683
0.20541629195213318
0.2043096423149109
0.20701982080936432
0.2631140947341919
0.22036023437976837
0.23198255896568298
0.1985972672700882
0.21662291884422302
0.21529167890548706
0.273793488740921
0.312274307012558
0.2873859703540802
0.25155359506607056
0.2544930577278137
0.36586353182792664
0.3710364103317261
0.2728847563266754
0.248019739985466
0.2123263031244278
0.26045870780944824
0.2594531178474426
0.29994750022888184
0.33239054679870605
0.28644803166389465
0.28438255190849304
0.3372794985771179
0.24941620230674744
0.31315985321998596
0.3317301869392395
0.21308228373527527
0.22671431303024292
0.20630355179309845
0.20199783146381378
0.17428532242774963
0.1856827586889267
0.23999004065990448
0.17728811502456665
0.2596628665924072
0.18084320425987244
0.18922589719295502
0.2536381781101227
0.2945269048213959
0.28793448209762573
0.2822650372982025
0.2257065325975418
0.20370879769325256
0.15787534415721893
0.16933615505695343
0.14009134471416473
0.10965003818273544
0.01289716549217701
0.015369178727269173
0.01355056930333376
0.010615823790431023
0.009222228080034256
0.022541480138897896
0.008142627775669098
0.007223466876894236
0.007326006423681974
0.01097189448773861
0.007064220029860735
0.006419584155082703
0.007052099332213402
0.01694628596305847
0.010954434983432293
0.006399889942258596
0.00812267605215311
0.0047589498572051525
0.010405799373984337
0.006676294840872288
0.01032817643135786
0.006493792403489351
0.008578767068684101
0.006709027569741011
0.005532850045710802
0.01091695111244917
0.010559428483247757
0.008891977369785309
0.005777966696768999
0.007751571014523506
0.006372422911226749
0.007546448614448309
0.009235276840627193
0.010247648693621159
0.009793974459171295
0.007351079024374485
0.0060527147725224495
0.009534659795463085
0.007629541680216789
0.009977147914469242
0.008915713988244534
0.005347837693989277
0.01209992915391922
0.005799515172839165
0.011120970360934734
0.01242932677268982
0.008242878131568432
0.006166268140077591
0.00749942846596241
0.006341057363897562
0.02532096952199936
0.009123701602220535
0.006361300591379404
0.006349159404635429
0.008493559435009956
0.009089339524507523
0.007779460866004229
0.024154070764780045
0.011798928491771221
0.026853453367948532
0.09801144897937775
0.07093001157045364
0.22055861353874207
0.4023909866809845
0.1432303935289383
0.21664956212043762
0.256747841835022
0.13270999491214752
0.14353705942630768
0.25232434272766113
0.20896805822849274
0.13430824875831604
0.5570775866508484
0.6356531381607056
0.48848599195480347
0.5414158701896667
0.552714467048645
0.46515607833862305
0.5044911503791809
0.41986194252967834
0.04808446019887924
0.01898595318198204
0.03457486629486084
0.020630428567528725
0.017641142010688782
0.02819032408297062
0.02355666644871235
0.010571237653493881
0.007308839820325375
0.0073237004689872265
0.01318094041198492
0.010474254377186298
0.008775466121733189
0.01578870415687561
0.012626673094928265
0.010291744023561478
0.007607655134052038
0.007790595293045044
0.008178811520338058
0.010624796152114868
0.00959725771099329
0.010573855601251125
0.0104835145175457
0.008273772895336151
0.006737984251230955
0.007240505889058113
0.007191564422100782
0.006297742482274771
0.011758456006646156
0.0077518681064248085
0.005887969862669706
0.006120820064097643
0.006793525069952011
0.007963099516928196
0.005381473805755377
0.005658507812768221
0.005625344347208738
0.005596497096121311
0.018493792042136192
0.08353225141763687
0.08932523429393768
0.05738980323076248
0.007247934117913246
0.004587455186992884
0.11477097868919373
0.1274569034576416
0.10619045048952103
0.009109899401664734
0.03250213712453842
0.010782638564705849
0.008710017427802086
0.07672476023435593
0.009928629733622074
0.006923518143594265
0.00653539365157485
0.008588043041527271
0.008996658027172089
0.008735155686736107
0.010944980196654797
0.012763014994561672
0.008493218570947647
0.009150083176791668
0.008048038929700851
0.00866466574370861
0.009471767581999302
0.016543105244636536
0.012346671894192696
0.015317130833864212
0.011845594272017479
0.032226014882326126
0.007860510610044003
0.010494580492377281
0.010854027234017849
0.007500348147004843
0.007694048807024956
0.006093462463468313
0.009237327612936497
0.004857848398387432
0.008062528446316719
0.01064539235085249
0.010205904021859169
0.00893824640661478
0.019855711609125137
0.01185811497271061
0.008054905571043491
0.16631796956062317
0.10729101300239563
0.024144450202584267
0.10436844825744629
0.07856043428182602
0.1574167162179947
0.08750852197408676
0.03067987784743309
0.13897201418876648
0.11918505281209946
0.16940805315971375
0.26450660824775696
0.09793046116828918
0.35959771275520325
0.14225640892982483
0.29285091161727905
0.21014633774757385
0.38705143332481384
0.33641937375068665
0.15390649437904358
0.21029561758041382
0.24946004152297974
0.1976664662361145
0.1430770754814148
0.18761025369167328
0.1456691026687622
0.06908795237541199
0.01448759250342846
0.10820473730564117
0.12441077083349228
0.09004691988229752
0.10822583734989166
0.1722036451101303
0.18292546272277832
0.11967433243989944
0.01681642234325409
0.015818770974874496
0.08179769665002823
0.2075204998254776
0.009025498293340206
0.1765233874320984
0.10263527929782867
0.013587414287030697
0.14583176374435425
0.14462020993232727
0.2046416848897934
0.016703646630048752
0.17104870080947876
0.17445214092731476
0.26109418272972107
0.35289672017097473
0.22238528728485107
0.17392663657665253
0.1724853366613388
0.2113434374332428
0.2080121636390686
0.15974386036396027
0.1535634994506836
0.1082303524017334
0.1779194325208664
0.15338273346424103
0.11482179164886475
0.10683494061231613
0.08639469742774963
0.09321608394384384
0.09102722257375717
0.10074419528245926
0.01602214016020298
0.11910587549209595
0.009918388910591602
0.005537861026823521
0.05701087787747383
0.011905078776180744
0.009939632378518581
0.011736560612916946
0.06540548801422119
0.012152457609772682
0.008203436620533466
0.08969244360923767
0.5638453364372253
0.5833736062049866
0.7288385629653931
0.617030918598175
0.6802631616592407
0.6352457404136658
0.7300723195075989
0.6391458511352539
0.7563333511352539
0.6941629648208618
0.7368103265762329
0.8049883246421814
0.8271782994270325
0.8063712120056152
0.3488251566886902
0.8201719522476196
0.8413254618644714
0.8311855792999268
0.6446298956871033
0.7039452195167542
0.8104550242424011
0.6329479217529297
0.9316754341125488
0.8757820129394531
0.9070935845375061
0.9023234844207764
0.9490295648574829
0.9407063722610474
0.9997530579566956
0.9995761513710022
0.9996840953826904
0.9995695948600769
0.9996312856674194
0.9995599389076233
0.9994993209838867
0.9994931221008301
0.999568521976471
0.9996142387390137
0.9993565678596497
0.9993513226509094
0.9994589686393738
0.9990662932395935
0.9988308548927307
0.9994792342185974
0.9994112253189087
0.9994819760322571
0.9995883107185364
0.9995319843292236
0.9996011853218079
0.9996029734611511
0.9992796778678894
0.9995427131652832
0.9992879033088684
0.9992085099220276
0.9991413354873657
0.9993187189102173
0.9983845949172974
0.998988926410675
0.9992062449455261
0.9978058934211731
0.9983918070793152
0.9976913928985596
0.997488260269165
0.9986283779144287
0.998113751411438
0.9994359612464905
0.998336911201477
0.9971741437911987
0.996417760848999
0.996353268623352
0.9943676590919495
0.9689927697181702
0.9614650011062622
0.9825096130371094
0.9797205328941345
0.9709579944610596
0.9263107180595398
0.9170258045196533
0.9764717221260071
0.9558416604995728
0.9622458219528198
0.9571853876113892
0.9445913434028625
0.9602416753768921
0.9525743722915649
0.8683357834815979
0.898857593536377
0.6877579689025879
0.47961360216140747
0.705284595489502
0.28530433773994446
0.157077819108963
0.23985570669174194
0.22340938448905945
0.10269185900688171
0.08067046850919724
0.22069020569324493
0.2658674716949463
0.10982788354158401
0.13661393523216248
0.13033847510814667
0.19154202938079834
0.13084594905376434
0.155661940574646
0.09420415014028549
0.15001478791236877
0.08825081586837769
0.19131718575954437
0.16404373943805695
0.11622024327516556
0.22881023585796356
0.13957390189170837
0.1746024638414383
0.3994501829147339
0.2899174094200134
0.4412749111652374
0.24401462078094482
0.19102340936660767
0.11790531128644943
0.14523939788341522
0.057366449385881424
0.10371023416519165
0.1902400255203247
0.09993920475244522
0.09822215139865875
0.11685102432966232
0.13272559642791748
0.1302679181098938
0.08637573570013046
0.20819665491580963
0.11478392034769058
0.15187498927116394
0.11391531676054001
0.14211170375347137
0.09468846023082733
0.15032972395420074
0.09369523823261261
0.0990329384803772
0.17215971648693085
0.13447099924087524
0.07376531511545181
0.12376129627227783
0.051585253328084946
0.09437297284603119
0.05939774587750435
0.08972583711147308
0.11458752304315567
0.057368893176317215
0.12008893489837646
0.10927392542362213
0.10612767189741135
0.15555879473686218
0.22488832473754883
0.18965789675712585
0.047645315527915955
0.08560445159673691
0.0918564572930336
0.24983660876750946
0.04557257518172264
0.08371210843324661
0.1133325919508934
0.1743895560503006
0.1826847940683365
0.10893150418996811
0.11325877159833908
0.11000821739435196
0.0920293778181076
0.2046348750591278
0.18193428218364716
0.4960842430591583
0.9842756390571594
0.984369158744812
0.9770932197570801
0.9851390719413757
0.9904668927192688
0.9943190217018127
0.9785086512565613
0.9761403799057007
0.9785534143447876
0.9857416152954102
0.9843554496765137
0.9883036613464355
0.9822585582733154
0.9894766807556152
0.9888427257537842
0.99151611328125
0.9897916316986084
0.9898473620414734
0.9850522875785828
0.985249936580658
0.98370760679245
0.9896350502967834
0.9879165887832642
0.9925222992897034
0.9911342263221741
0.9864363074302673
0.9905027151107788
0.9861645102500916
0.9885861277580261
0.9844133853912354
0.9862180352210999
0.9861186742782593
0.9850688576698303
0.9832903146743774
0.9892153143882751
0.9847621917724609
0.9865810871124268
0.9859001040458679
0.957205057144165
0.9801662564277649
0.975881040096283
0.9723609089851379
0.9847586154937744
0.9649459719657898
0.9537970423698425
0.9614502191543579
0.9527122974395752
0.9083239436149597
0.9333513379096985
0.9700735211372375
0.9702368974685669
0.9747536182403564
0.9840188026428223
0.9502638578414917
0.9340893626213074
0.9544962048530579
0.9105978608131409
0.8762046694755554
0.9998990297317505
0.9998674392700195
0.9997574687004089
0.9997101426124573
0.9994707703590393
0.9991851449012756
0.9995317459106445
0.9989964365959167
0.9982110261917114
0.9913730621337891
0.9877917170524597
0.9862905144691467
0.9804876446723938
0.19573475420475006
0.048280321061611176
0.022508161142468452
0.013957317918539047
0.02577005699276924
0.014338338747620583
0.009829062037169933
0.005239395424723625
0.03856624290347099
0.01692717708647251
0.0647403672337532
0.0273817777633667
0.0076861088164150715
0.022523824125528336
0.02553921937942505
0.018554257228970528
0.004045640584081411
0.0045015690848231316
0.005737521219998598
0.009559448808431625
0.03559189289808273
0.05774885416030884
0.02681487612426281
0.013968149200081825
0.017417382448911667
0.051034312695264816
0.05683073401451111
0.07354073226451874
0.0992034301161766
0.0727461501955986
0.14256657660007477
0.1341206580400467
0.1540314257144928
0.14991651475429535
0.13364508748054504
0.15354889631271362
0.04861699789762497
0.020264040678739548
0.03885801136493683
0.10523969680070877
0.07572375982999802
0.07558760792016983
0.0739997997879982
0.11506392061710358
0.10135143995285034
0.14936748147010803
0.0957798883318901
0.161948561668396
0.15890203416347504
0.14171531796455383
0.09046893566846848
0.21671563386917114
0.2332947701215744
0.15662184357643127
0.11306367069482803
0.15999838709831238
0.15493914484977722
0.10686781257390976
0.10142277926206589
0.1163453683257103
0.1020599901676178
0.23450398445129395
0.12191661447286606
0.11710153520107269
0.11296936869621277
0.0854865238070488
0.15765073895454407
0.20262306928634644
0.1989426165819168
0.1420796811580658
0.4050420820713043
0.5372840166091919
0.9359645843505859
0.7417121529579163
0.7753438353538513
0.4955696165561676
0.9679272174835205
0.8425418734550476
0.6256766319274902
0.08688153326511383
0.138785257935524
0.25760558247566223
0.3078349232673645
0.22616411745548248
0.1171993836760521
0.01142027135938406
0.0434061624109745
0.057888615876436234
0.0386338084936142
0.008368317037820816
0.0077484287321567535
0.00895040761679411
0.003396390937268734
0.006265687756240368
0.004367270041257143
0.006491885520517826
0.005668153055012226
0.009257782250642776
0.007534472271800041
0.007716408930718899
0.00632094731554389
0.00547768734395504
0.0038322340697050095
0.019092272967100143
0.004578225780278444
0.02612840011715889
0.1621813178062439
0.04364059120416641
0.15606679022312164
0.042535845190286636
0.040414951741695404
0.07867232710123062
0.025515299290418625
0.09797153621912003
0.046530138701200485
0.027580497786402702
0.03679952025413513
0.0032626264728605747
0.0036036749370396137
0.006225439254194498
0.0029668756760656834
0.004002178553491831
0.007587869185954332
0.005366876255720854
0.0031879839953035116
0.0032536524813622236
0.0052446722984313965
0.005562956444919109
0.00426913658156991
0.0036318725906312466
0.004101424943655729
0.005765754729509354
0.007513112388551235
0.0030188618693500757
0.007921870797872543
0.00642832787707448
0.006719763856381178
0.009105653502047062
0.008083832450211048
0.017708515748381615
0.061854396015405655
0.060296498239040375
0.0648023709654808
0.03218209743499756
0.09892771393060684
0.061975933611392975
0.047233764082193375
0.05147234722971916
0.13167265057563782
0.14829367399215698
0.1557174026966095
0.11752158403396606
0.27978935837745667
0.10037390142679214
0.15200580656528473
0.06594955921173096
0.008685369975864887
0.005645079538226128
0.004533606581389904
0.004450935870409012
0.03173845261335373
0.024590132758021355
0.003925740718841553
0.007478988729417324
0.021254513412714005
0.05697323754429817
0.011970259249210358
0.07925457507371902
0.005828231573104858
0.02220945432782173
0.005336486268788576
0.00921562872827053
0.003995995968580246
0.0050788638181984425
0.0033397278748452663
0.006561662536114454
0.004788149613887072
0.007517643738538027
0.005907486192882061
0.0036065028980374336
0.004076817538589239
0.0067971451207995415
0.005986328236758709
0.002952082548290491
0.00286070816218853
0.004443305544555187
0.003215791890397668
0.0047325314953923225
0.003993750084191561
0.005180297885090113
0.004786134697496891
0.003976065665483475
0.003726131282746792
0.00648873345926404
0.0037572660949081182
0.0035380893386900425
0.014866525307297707
0.004109184257686138
0.0030973050743341446
0.0034872896503657103
0.0030541368760168552
0.003153891069814563
0.002989880507811904
0.0029543652199208736
0.004285187926143408
0.006944604218006134
0.0023805005475878716
0.0028288227040320635
0.0028416516724973917
0.002901700558140874
0.0037859557196497917
0.0029712598770856857
0.003798271529376507
0.0469784215092659
0.0030439109541475773
0.002954168478026986
0.004116332158446312
0.002797564724460244
0.1108199954032898
0.011915734969079494
0.004405024461448193
0.0040581985376775265
0.003069857135415077
0.005307004787027836
0.0031129196286201477
0.0030181100592017174
0.0036779495421797037
0.003340140450745821
0.0027169212698936462
0.002943316474556923
0.004611204843968153
0.0040243929252028465
0.003267955966293812
0.003418809035792947
0.0030238463077694178
0.04881849139928818
0.030949726700782776
0.007309735752642155
0.003189610317349434
0.003092407248914242
0.005935065448284149
0.0057829078286886215
0.005691538564860821
0.005751764867454767
0.0037593389861285686
0.004856090061366558
0.005309326108545065
0.00477893790230155
0.0036451159976422787
0.015611066482961178
0.0052820052951574326
0.00833342969417572
0.057897888123989105
0.006196827162057161
0.005401471629738808
0.012137646786868572
0.030775215476751328
0.0065951114520430565
0.020285237580537796
0.005308092106133699
0.004100199788808823
0.004819410387426615
0.003942879848182201
0.004887856543064117
0.008744681254029274
0.004890220705419779
0.004000246059149504
0.009588613174855709
0.00462756771594286
0.0033103767782449722
0.004180756863206625
0.010294066742062569
0.007439012173563242
0.0029726827051490545
0.003998222760856152
0.03091498650610447
0.004075306002050638
0.01960294507443905
0.007879341952502728
0.038422804325819016
0.00971542950719595
0.004377306904643774
0.0044281259179115295
0.03230854123830795
0.0034576861653476954
0.005264349281787872
0.00752763357013464
0.017124831676483154
0.02956058830022812
0.01918545365333557
0.028632787987589836
0.0034939872566610575
0.0031003968324512243
0.003928764257580042
0.004249144345521927
0.0030652133282274008
0.0026218388229608536
0.0042964681051671505
0.0031763948500156403
0.027110585942864418
0.9811076521873474
0.9922325611114502
0.9920308589935303
0.9829809665679932
0.9837465882301331
0.9839633107185364
0.9823428988456726
0.9675256609916687
0.9801672101020813
0.9695881605148315
0.9672455191612244
0.9655994176864624
0.9729832410812378
0.9844719767570496
0.9761057496070862
0.9550524950027466
0.9627724885940552
0.9550892114639282
0.9527255892753601
0.9571317434310913
0.9786748886108398
0.9757394790649414
0.9807320237159729
0.9864053130149841
0.9836869835853577
0.9845618605613708
0.9779210686683655
0.9827185273170471
0.9650015830993652
0.9757575392723083
0.9828017354011536
0.9817309379577637
0.9798397421836853
0.9824650883674622
0.9851228594779968
0.9897153973579407
0.983758807182312
0.9790388941764832
0.9846013784408569
0.982359766960144
0.9881362915039062
0.9809608459472656
0.9841379523277283
0.9674281477928162
0.9228662848472595
0.8920170664787292
0.787714958190918
0.8353372812271118
0.8552706837654114
0.8265081644058228
0.7583267092704773
0.7963520288467407
0.757919430732727
0.8513019680976868
0.9348612427711487
0.9823057055473328
0.9764910340309143
0.9828509092330933
0.9810617566108704
0.9864425659179688
0.9856022000312805
0.9892231225967407
0.9823575019836426
0.9853229522705078
0.9851431250572205
0.9863102436065674
0.9852932095527649
0.9868539571762085
0.9880185127258301
0.9877051115036011
0.988587498664856
0.9885772466659546
0.9880242943763733
0.9864447712898254
0.9868434071540833
0.98711758852005
0.987212598323822
0.9885278940200806
0.987174391746521
0.9818333983421326
0.9828380346298218
0.986580491065979
0.9839901924133301
0.9835239052772522
0.9871445298194885
0.9882859587669373
0.9845600128173828
0.9998685121536255
0.9998337030410767
0.9997418522834778
0.9997135996818542
0.9995830655097961
0.9994195699691772
0.999284565448761
0.9988835453987122
0.9989013671875
0.9987009763717651
0.998731791973114
0.9988008737564087
0.9986720085144043
0.9985872507095337
0.9978986978530884
0.997732400894165
0.9974461793899536
0.9957050681114197
0.9948408007621765
0.9954872727394104
0.9956632256507874
0.9974992871284485
0.9974324107170105
0.9955039620399475
0.9965174198150635
0.9960630536079407
0.9955587387084961
0.9950088262557983
0.9942247271537781
0.9934322834014893
0.9934414625167847
0.9927712082862854
0.9929062128067017
0.9925724267959595
0.9906018972396851
0.9905511140823364
0.9905617833137512
0.9839979410171509
0.9906492829322815
0.9925113916397095
0.9932668209075928
0.9922394752502441
0.990447998046875
0.9921473860740662
0.9924486875534058
0.9946337938308716
0.9934117197990417
0.994085431098938
0.9945359230041504
0.9944690465927124
0.9955188035964966
0.9952877759933472
0.9943450689315796
0.9956738352775574
0.9960528612136841
0.9967141151428223
0.9963696002960205
0.9944671392440796
0.9944779872894287
0.9942517280578613
0.9904537200927734
0.9934054613113403
0.9923611283302307
0.9936203360557556
0.9915528893470764
0.9889326095581055
0.9889856576919556
0.9903258085250854
0.9878630638122559
0.9874651432037354
0.9898082613945007
0.9899988770484924
0.9926671385765076
0.993044912815094
0.9940829873085022
0.9930965304374695
0.9935128092765808
0.9917279481887817
0.9924134612083435
0.9932214021682739
0.9937915205955505
0.9953644275665283
0.9971913695335388
0.9932528138160706
0.9959357976913452
0.9949294328689575
0.9942203760147095
0.995862603187561
0.9956881403923035
0.9967865943908691
0.9969502091407776
0.9976488947868347
0.9979700446128845
0.9985514283180237
0.9975899457931519
0.9988778233528137
0.9980649352073669
0.9988275170326233
0.997355580329895
0.9978493452072144
0.9974059462547302
0.9980327486991882
0.9980431795120239
0.9972079396247864
0.9981949925422668
0.9975519776344299
0.9971200227737427
0.9959702491760254
0.994574248790741
0.9931268692016602
0.9933533668518066
0.9925910234451294
0.9959439635276794
0.9924576282501221
0.9934678673744202
0.9943722486495972
0.9959529638290405
0.9934757351875305
0.9928522706031799
0.9906446933746338
0.9951441287994385
0.9938098788261414
0.9940484762191772
0.9970556497573853
0.9969684481620789
0.9956275224685669
0.9955633878707886
0.9931238293647766
0.9939501285552979
0.9963725805282593
0.9965749382972717
0.9945231676101685
0.996863842010498
0.9969833493232727
0.9949719905853271
0.9952788352966309
0.9956808090209961
0.9938976168632507
0.9921684861183167
0.9922860860824585
0.9897531270980835
0.9884799122810364
0.9870871305465698
0.9926952123641968
0.9857755899429321
0.9855808615684509
0.9795843362808228
0.9789572358131409
0.9795668721199036
0.9873008728027344
0.9808663129806519
0.988505482673645
0.9867594838142395
0.9878238439559937
0.9922631978988647
0.9853115081787109
0.9885818362236023
0.9876927733421326
0.9882842302322388
0.9849802851676941
0.9858529567718506
0.9827325344085693
0.9832319021224976
0.9866864681243896
0.9885374307632446
0.9828102588653564
0.9707399010658264
0.9757581949234009
0.9735752940177917
0.9590274095535278
0.9564743638038635
0.9558559656143188
0.9543740153312683
0.9656798839569092
0.9689803123474121
0.9688528776168823
0.9629167318344116
0.9595977663993835
0.9645160436630249
0.9742892384529114
0.9816768169403076
0.9747217893600464
0.9822306036949158
0.9704035520553589
0.9827352166175842
0.9865263104438782
0.9656665325164795
0.9682484269142151
0.9826517105102539
0.9776157736778259
0.9730409979820251
0.9747409820556641
0.9695823192596436
0.9730711579322815
0.9820960760116577
0.975888729095459
0.9817352890968323
0.9661742448806763
0.9757677316665649
0.9754379391670227
0.9998230338096619
0.9998251795768738
0.9998114705085754
0.9998447895050049
0.9998354911804199
0.9998403787612915
0.9998373985290527
0.9998390674591064
0.999845027923584
0.9998576641082764
0.9998456239700317
0.9998182654380798
0.9998490810394287
0.9998279809951782
0.9998373985290527
0.99985671043396
0.999854326248169
0.9998500347137451
0.9998584985733032
0.9998573064804077
0.9998611211776733
0.9998623132705688
0.9998478889465332
0.9998650550842285
0.9998445510864258
0.9998401403427124
0.9998539686203003
0.9998538494110107
0.9998571872711182
0.9998447895050049
0.9998422861099243
0.9998382329940796
0.9998488426208496
0.9998410940170288
0.9998507499694824
0.9998459815979004
0.9998277425765991
0.9998216032981873
0.9998078942298889
0.9998378753662109
0.9998252987861633
0.9998477697372437
0.9998385906219482
0.9998297691345215
0.9998289346694946
0.9998109936714172
0.9998196959495544
0.9998214840888977
0.9998286962509155
0.9998397827148438
0.9998199343681335
0.9998354911804199
0.9998140931129456
0.9998263716697693
0.9998179078102112
0.9997934699058533
0.999811589717865
0.9998152852058411
0.9998099207878113
0.999800980091095
0.9998117089271545
0.9998164772987366
0.9997738003730774
0.9997493624687195
0.9998136162757874
0.9998230338096619
0.9998239874839783
0.9998321533203125
0.9998030066490173
0.9997989535331726
0.9997860789299011
0.9997696280479431
0.9998006224632263
0.9997451901435852
0.9989379048347473
0.9996591806411743
0.999650239944458
0.999614953994751
0.9992629885673523
0.9992595314979553
0.9992491602897644
0.9995131492614746
0.9996090531349182
0.9995867609977722
0.9995365142822266
0.9996806383132935
0.9997790455818176
0.9998237490653992
0.9997532963752747
0.9997377991676331
0.9997768998146057
0.9997424483299255
0.9997501969337463
0.9997442364692688
0.9997528195381165
0.9997574687004089
0.9998196959495544
0.9997116923332214
0.9998080134391785
0.9996464252471924
0.9997028708457947
0.9997510313987732
0.9996944665908813
0.9997115731239319
0.9996672868728638
0.9995348453521729
0.9995859265327454
0.9996259212493896
0.9996060729026794
0.9995916485786438
0.9996243715286255
0.999671459197998
0.9996857643127441
0.9996597766876221
0.9997134804725647
0.9997336268424988
0.9996914863586426
0.9996359348297119
0.9994694590568542
0.9995243549346924
0.9994532465934753
0.9995513558387756
0.999514102935791
0.9995883107185364
0.9995276927947998
0.9995630383491516
0.9995352029800415
0.9994389414787292
0.9994645714759827
0.9994753003120422
0.9993736147880554
0.9993736147880554
0.99943608045578
0.9993135929107666
0.9993904829025269
0.99940025806427
0.9994151592254639
0.9994811415672302
0.999505877494812
0.9994590878486633
0.9995330572128296
0.9993696808815002
0.9994648098945618
0.9993877410888672
0.9993916749954224
0.9994369149208069
0.9994693398475647
0.9993118047714233
0.9994508624076843
0.9991374015808105
