1
0.9998834133148193
0.9998836517333984
0.9998726844787598
0.9998688697814941
0.9998728036880493
0.9998675584793091
0.9998570680618286
0.9998047947883606
0.9997947812080383
0.9997525811195374
0.9997842907905579
0.9997153878211975
0.9996848106384277
0.9996747970581055
0.999576985836029
0.9995909333229065
0.9995748400688171
0.9993051290512085
0.9989572763442993
0.9992936849594116
0.999408483505249
0.9990153312683105
0.9987016916275024
0.9988850951194763
0.9993249177932739
0.999180018901825
0.9991499185562134
0.9990014433860779
0.9991839528083801
0.998651921749115
0.9981523156166077
0.9976420998573303
0.9985020160675049
0.9960278272628784
0.996322512626648
0.9965999722480774
0.9962693452835083
0.9959573149681091
0.995796799659729
0.9971123933792114
0.9966089725494385
0.9971146583557129
0.9975605010986328
0.9975749850273132
0.9965561628341675
0.9975551962852478
0.9968587160110474
0.9972223043441772
0.9971455931663513
0.9979890584945679
0.9978284239768982
0.997980535030365
0.9982513785362244
0.9979395270347595
0.9979267120361328
0.997825562953949
0.998229444026947
0.9980365633964539
0.998572587966919
0.9985672235488892
0.9984731078147888
0.9989011287689209
0.9966578483581543
0.9977185726165771
0.9974965453147888
0.9968317151069641
0.9958689212799072
0.9971272349357605
0.9965774416923523
0.9969441294670105
0.9970257878303528
0.997026264667511
0.9972856044769287
0.99540776014328
0.9955694079399109
0.9951217770576477
0.9961743354797363
0.997020423412323
0.9975690245628357
0.9977341890335083
0.996639609336853
0.9981039762496948
0.9974825978279114
0.9980508089065552
0.9974502921104431
0.9974249601364136
0.996971607208252
0.9979633092880249
0.998386025428772
0.9984361529350281
0.9986715316772461
0.998539924621582
0.9961382746696472
0.9973329305648804
0.9969929456710815
0.9973489046096802
0.9970884919166565
0.9950894713401794
0.9975135326385498
0.9980936646461487
0.9988439083099365
0.9983867406845093
0.9981443881988525
0.9971790313720703
0.9979070425033569
0.9975612163543701
0.9976175427436829
0.9961148500442505
0.9976605176925659
0.998052716255188
0.9976537823677063
0.9985199570655823
0.9982031583786011
0.9975312352180481
0.9967840909957886
0.9969043135643005
0.9944220185279846
0.9918529391288757
0.990337610244751
0.9899609088897705
0.9940630793571472
0.9920233488082886
0.9909753203392029
0.9878798127174377
0.9849677681922913
0.9858241081237793
0.9952036142349243
0.9950186014175415
0.9955214262008667
0.9969303011894226
0.9949600696563721
0.9944735169410706
0.9935775995254517
0.990939736366272
0.9922025203704834
0.9828333854675293
0.9542661309242249
0.9669039249420166
0.9737441539764404
0.9630267024040222
0.9705472588539124
0.9671759605407715
0.9664302468299866
0.9535828232765198
0.9702099561691284
0.9502045512199402
0.9667395353317261
0.9707993268966675
0.9616843461990356
0.9786849021911621
0.98026442527771
0.9839314818382263
0.983924388885498
0.9698691964149475
0.9696706533432007
0.9791439175605774
0.9763314723968506
0.9486246109008789
0.9854062795639038
0.9716984033584595
0.9865050911903381
0.9711857438087463
0.9767369031906128
0.9825451374053955
0.9877570867538452
0.9804871678352356
0.9786396026611328
0.9805450439453125
0.96507328748703
0.9600992798805237
0.9376757144927979
0.9434491991996765
0.9587506651878357
0.9595857858657837
0.9627326130867004
0.9549420475959778
0.9655817151069641
0.9727611541748047
0.9690460562705994
0.9756947755813599
0.969192385673523
0.9577398896217346
0.9560917019844055
0.8912994861602783
0.9187330603599548
0.9370362162590027
0.9489055871963501
0.935762345790863
0.9355834722518921
0.928150475025177
0.9047867059707642
0.9391641020774841
0.9371636509895325
0.951407253742218
0.9381805062294006
0.9229680299758911
0.9415357708930969
0.9579148888587952
0.9490779042243958
0.9472780227661133
0.9998050332069397
0.999578058719635
0.9995952248573303
0.9989425539970398
0.998514711856842
0.9974526762962341
0.9972353577613831
0.9959088563919067
0.9965807795524597
0.9971116781234741
0.998055100440979
0.9982648491859436
0.997484564781189
0.9966134428977966
0.9963799118995667
0.9975207448005676
0.994964599609375
0.9948421120643616
0.9933153986930847
0.9948181509971619
0.9914630055427551
0.9928449988365173
0.9953058362007141
0.9898239970207214
0.9898654818534851
0.9941177368164062
0.9761826395988464
0.9504637718200684
0.38976630568504333
0.2819229066371918
0.12155705690383911
0.22307968139648438
0.03706220164895058
0.03164521977305412
0.03139782324433327
0.027440890669822693
0.015577169135212898
0.009256505407392979
0.05268024280667305
0.03246564045548439
0.07913900166749954
0.025667384266853333
0.017648521810770035
0.031878482550382614
0.029870862141251564
0.3159617781639099
0.5983862280845642
0.9505273103713989
0.9737901091575623
0.9882466197013855
0.9929378628730774
0.9912960529327393
0.9862812161445618
0.9926497340202332
0.992038369178772
0.9931487441062927
0.9877661466598511
0.9874516129493713
0.9916653037071228
0.9923757910728455
0.9927241206169128
0.9918500185012817
0.9918863773345947
0.9927186965942383
0.9942008256912231
0.9952151775360107
0.9951196908950806
0.993452787399292
0.9936736822128296
0.9943400025367737
0.9940912127494812
0.9919883012771606
0.991519033908844
0.9913144707679749
0.9862304329872131
0.989404559135437
0.9887371063232422
0.989840567111969
0.9891011118888855
0.9886763095855713
0.9870182871818542
0.9778282046318054
0.9780463576316833
0.9805764555931091
0.9801838994026184
0.9872179627418518
0.9854568839073181
0.9866098761558533
0.9786672592163086
0.9812936186790466
0.982421338558197
0.9692957401275635
0.9714292287826538
0.965068519115448
0.9441094398498535
0.9338434338569641
0.8889632821083069
0.8337950110435486
0.9129945635795593
0.9208722114562988
0.8940941691398621
0.8494892120361328
0.9029163718223572
0.8656992316246033
0.8374080657958984
0.9090695381164551
0.8196344971656799
0.9377714991569519
0.8834736347198486
0.9433055520057678
0.9435315728187561
0.9399509429931641
0.9357356429100037
0.9570071697235107
0.9372383952140808
0.956928551197052
0.9677577018737793
0.9714186191558838
0.9679007530212402
0.9682329893112183
0.9411008954048157
0.9339897036552429
0.9634063243865967
0.9700253009796143
0.9622805714607239
0.9729645252227783
0.9663965106010437
0.9662491679191589
0.9803223013877869
0.9606780409812927
0.9721429347991943
0.968261182308197
0.9680818319320679
0.9653912782669067
0.9738590717315674
0.9751281142234802
0.9815444946289062
0.9768089652061462
0.9752174615859985
0.9750208854675293
0.945446789264679
0.8752758502960205
0.7795373797416687
0.7227215766906738
0.9402563571929932
0.9502936601638794
0.9779208302497864
0.9687965512275696
0.972404956817627
0.9627370238304138
0.9704060554504395
0.9669348001480103
0.9775168895721436
0.9583637714385986
0.9578479528427124
0.9645189046859741
0.9691006541252136
0.9817155003547668
0.9799609780311584
0.9852467775344849
0.9801763296127319
0.9834174513816833
0.9770268797874451
0.9600743055343628
0.9753830432891846
0.9552212953567505
0.9488437175750732
0.9510034918785095
0.9605605602264404
0.9644947052001953
0.9498957395553589
0.9572585821151733
0.9610664248466492
0.9530794620513916
0.9530871510505676
0.954502522945404
0.9386435747146606
0.9318185448646545
0.9484633207321167
0.9599153399467468
0.9608640074729919
0.9628189206123352
0.9506680369377136
0.9628235697746277
0.9574458003044128
0.9295334219932556
0.9382182955741882
0.9650911688804626
0.9620839357376099
0.9534085392951965
0.96413654088974
0.9754140973091125
0.960337221622467
0.9603896737098694
0.9504120945930481
0.9562379717826843
0.9442471861839294
0.9603674411773682
0.936548113822937
0.9482148289680481
0.999908447265625
0.9998961687088013
0.999854564666748
0.9998182654380798
0.9998389482498169
0.9997870326042175
0.9996708631515503
0.9984845519065857
0.9988821148872375
0.9975252747535706
0.9972265362739563
0.9979000091552734
0.9952627420425415
0.9949603080749512
0.9925181865692139
0.9933178424835205
0.9937100410461426
0.9939926266670227
0.988364577293396
0.9796615839004517
0.9892750382423401
0.9835841059684753
0.9877369403839111
0.9829815030097961
0.9744720458984375
0.981214165687561
0.9901244044303894
0.9939016103744507
0.9937855005264282
0.9932782053947449
0.9969754219055176
0.994945228099823
0.9964627623558044
0.996877908706665
0.9961234927177429
0.9958990216255188
0.9962083101272583
0.9947867393493652
0.9969437718391418
0.9968364238739014
0.9979544878005981
0.9983500242233276
0.9984713196754456
0.9987289309501648
0.9990121126174927
0.9991119503974915
0.9990972280502319
0.9985853433609009
0.9984523057937622
0.9977085590362549
0.9928035140037537
0.9887456297874451
0.9953688979148865
0.9873282313346863
0.9953822493553162
0.9886341094970703
0.9870759844779968
0.9940979480743408
0.9830220937728882
0.9765275716781616
0.9826601147651672
0.9818844199180603
0.966219425201416
0.9811367392539978
0.9857972264289856
0.9867736101150513
0.9775910377502441
0.9334796071052551
0.9112801551818848
0.7632911801338196
0.9681192636489868
0.9606309533119202
0.8628230094909668
0.8155859112739563
0.8674452304840088
0.9432696104049683
0.8895893692970276
0.7772392630577087
0.6627960801124573
0.5895905494689941
0.8841361999511719
0.8080223202705383
0.9333728551864624
0.9558188319206238
0.9325198531150818
0.9321250319480896
0.9406567811965942
0.9121800065040588
0.9335663318634033
0.9311020970344543
0.93133944272995
0.954975962638855
0.9571014046669006
0.9548420310020447
0.9795312881469727
0.9848288893699646
0.9886307716369629
0.9842002987861633
0.9845529794692993
0.9862121343612671
0.9756086468696594
0.9777321219444275
0.9839670062065125
0.9711501002311707
0.9667240977287292
0.9690102934837341
0.9622459411621094
0.9533828496932983
0.9511761665344238
0.951403796672821
0.9417409300804138
0.9279786944389343
0.9639129042625427
0.9728067517280579
0.96574866771698
0.9586477875709534
0.9573159217834473
0.9538553953170776
0.9240720868110657
0.915387749671936
0.9062771201133728
0.8773444890975952
0.8512505888938904
0.9053400754928589
0.9203647375106812
0.9011118412017822
0.9172101616859436
0.8535206317901611
0.8851144909858704
0.8269158601760864
0.7851929664611816
0.8200056552886963
0.7815645933151245
0.8125948309898376
0.8511267900466919
0.8389071226119995
0.8302181363105774
0.849524199962616
0.807702362537384
0.816461980342865
0.8616703152656555
0.8355550765991211
0.8552412390708923
0.8906940221786499
0.8962010145187378
0.9082427620887756
0.9248959422111511
0.883330762386322
0.9199904203414917
0.9265339970588684
0.9388433694839478
0.9138156175613403
0.8982837200164795
0.8734050989151001
0.7477384805679321
0.7393673062324524
0.794320821762085
0.536213755607605
0.6424872875213623
0.7085562348365784
0.7750652432441711
0.8106896877288818
0.8741028904914856
0.8527798056602478
0.883233368396759
0.8947329521179199
0.9418563842773438
0.9203749895095825
0.9379705190658569
0.8741967082023621
0.904981255531311
0.8564969301223755
0.8916454911231995
0.9165905117988586
0.9451960921287537
0.9389369487762451
0.9517431259155273
0.9716774225234985
0.9777302742004395
0.9676967263221741
0.9747653007507324
0.9691863059997559
0.9257155060768127
0.9058244824409485
0.9329392313957214
0.9570090174674988
0.9466803073883057
0.9414654970169067
0.9029416441917419
0.963444709777832
0.9427595734596252
0.8676732182502747
0.9118490219116211
0.9543881416320801
0.9782958626747131
0.9697725176811218
0.9764791131019592
0.9691992998123169
0.9663814902305603
0.9689644575119019
0.9998807907104492
0.9998319149017334
0.9995256662368774
0.9995275735855103
0.9990646243095398
0.9967024922370911
0.9967501163482666
0.99454665184021
0.9823402166366577
0.9906574487686157
0.9854808449745178
0.9865888953208923
0.9871761202812195
0.9866411089897156
0.9871779680252075
0.985892117023468
0.9786892533302307
0.9871519804000854
0.9915276169776917
0.9930642247200012
0.9907700419425964
0.9890234470367432
0.9725049734115601
0.9771987199783325
0.9901484251022339
0.9893041849136353
0.98708575963974
0.9910495281219482
0.9870142936706543
0.9920769929885864
0.9898027777671814
0.9915560483932495
0.9909699559211731
0.989578902721405
0.989288330078125
0.9898143410682678
0.9926767349243164
0.9947176575660706
0.9941837191581726
0.9942638278007507
0.9946470856666565
0.9947715401649475
0.9942755103111267
0.9958299994468689
0.9948819875717163
0.9892106056213379
0.99167400598526
0.9874364137649536
0.9891959428787231
0.9905738234519958
0.9907212257385254
0.9891302585601807
0.9882594347000122
0.9752300381660461
0.9667328596115112
0.9821887612342834
0.9705764651298523
0.9771487712860107
0.9741612672805786
0.960391104221344
0.9695456624031067
0.9588913917541504
0.9644794464111328
0.9544761180877686
0.9062312841415405
0.9411369562149048
0.9621295928955078
0.9554218649864197
0.9642819762229919
0.972008228302002
0.9668517708778381
0.9783914685249329
0.9705961346626282
0.9716283679008484
0.9698261022567749
0.9495272636413574
0.9492082595825195
0.9592325091362
0.9595234394073486
0.9494191408157349
0.9657017588615417
0.9755415916442871
0.985683798789978
0.9883946180343628
0.9919232726097107
0.9939520955085754
0.9923117756843567
0.9939284324645996
0.9904852509498596
0.9950878024101257
0.9936115145683289
0.9882498979568481
0.9758622050285339
0.9781273603439331
0.985478401184082
0.9823723435401917
0.9868685007095337
0.9861181378364563
0.9907149076461792
0.984384298324585
0.988236129283905
0.9833081960678101
0.9823638200759888
0.9756139516830444
0.9825061559677124
0.984190821647644
0.9861815571784973
0.9851208925247192
0.9800942540168762
0.9750843644142151
0.9592419266700745
0.9337568283081055
0.9475171566009521
0.9128955602645874
0.9644314050674438
0.9473168253898621
0.9514798521995544
0.9519163966178894
0.9418434500694275
0.9318405985832214
0.9397457242012024
0.9144725799560547
0.9250011444091797
0.9322354793548584
0.8930330872535706
0.9222494959831238
0.927981436252594
0.9597217440605164
0.9134233593940735
0.7853035926818848
0.8900823593139648
0.9007723927497864
0.9298349022865295
0.9680207967758179
0.9703187346458435
0.972963809967041
0.9784404039382935
0.9716120362281799
0.9846286773681641
0.9863947629928589
0.9699516296386719
0.9649021029472351
0.9449191093444824
0.9363591074943542
0.9376855492591858
0.9345582723617554
0.9498469233512878
0.9645804762840271
0.959919273853302
0.9702461957931519
0.9553970694541931
0.962670087814331
0.9468397498130798
0.9702697992324829
0.9698215126991272
0.9567399621009827
0.9198647141456604
0.8314061760902405
0.8708657026290894
0.9183074235916138
0.7659828066825867
0.8272426724433899
0.8605413436889648
0.8755555748939514
0.8306206464767456
0.8871187567710876
0.9216680526733398
0.7237176895141602
0.8792905807495117
0.8781163692474365
0.9506617784500122
0.9415255188941956
0.8825969099998474
0.8368772268295288
0.7604657411575317
0.8854267001152039
0.7563124895095825
0.7856477499008179
0.8922179341316223
0.9483078718185425
0.8711853623390198
0.9701370000839233
0.9560540914535522
0.9459751844406128
0.7653294801712036
0.4547221064567566
0.605453610420227
0.7047601342201233
0.9455881118774414
0.9496875405311584
0.9542287588119507
0.9539021849632263
0.9560028910636902
0.9247465133666992
0.9242986440658569
0.8038053512573242
0.7026059627532959
0.854199230670929
0.8125848174095154
0.8984194397926331
0.9997913241386414
0.999698281288147
0.999545156955719
0.9997238516807556
0.9995718598365784
0.9995872378349304
0.999445378780365
0.9982896447181702
0.9972935318946838
0.9963670969009399
0.9960834980010986
0.9980708956718445
0.9955671429634094
0.9980900883674622
0.997735857963562
0.9943686127662659
0.9945846199989319
0.9945018291473389
0.9961066842079163
0.9922544956207275
0.9917279481887817
0.9924781322479248
0.9873887300491333
0.9768030643463135
0.9945843815803528
0.9860060214996338
0.9957584738731384
0.9904662370681763
0.9963213205337524
0.9960829019546509
0.9759875535964966
0.9741942882537842
0.9558318853378296
0.9038072228431702
0.9104054570198059
0.843385636806488
0.9107391834259033
0.8294602036476135
0.9034262299537659
0.9194939732551575
0.9303632378578186
0.8919839859008789
0.7559312582015991
0.9191471338272095
0.8474056720733643
0.6515325307846069
0.9099718332290649
0.9409222602844238
0.9419925212860107
0.9703420400619507
0.9453685879707336
0.9642857313156128
0.9801079630851746
0.9867311716079712
0.9875501990318298
0.9901212453842163
0.9824808239936829
0.9786030650138855
0.9831312894821167
0.9820324778556824
0.9823111295700073
0.9930552840232849
0.9949356317520142
0.9912216663360596
0.9832248687744141
0.9856599569320679
0.979563295841217
0.9644389748573303
0.8168558478355408
0.6856451630592346
0.715792179107666
0.7083646655082703
0.8367196321487427
0.8478479981422424
0.7237224578857422
0.9435257315635681
0.9543877243995667
0.9261029362678528
0.8852092027664185
0.870709240436554
0.8878534436225891
0.8837485313415527
0.9724201560020447
0.980608344078064
0.988089382648468
0.989819347858429
0.9851601123809814
0.990479052066803
0.9854320883750916
0.9735854864120483
0.9878143072128296
0.985450267791748
0.9834502935409546
0.9892634749412537
0.9855623245239258
0.992099940776825
0.9899527430534363
0.9866734743118286
0.9912601113319397
0.983667254447937
0.9923324584960938
0.9927926063537598
0.9896079897880554
0.9884338974952698
0.9845671057701111
0.9835965633392334
0.954178512096405
0.8787134289741516
0.9454858899116516
0.9473789930343628
0.9731813073158264
0.9772844314575195
0.973800778388977
0.9595823884010315
0.9731912612915039
0.9717811346054077
0.9732298851013184
0.9751030802726746
0.9779182076454163
0.9702727794647217
0.9214258790016174
0.9145868420600891
0.9217033982276917
0.925900936126709
0.9541186094284058
0.9459751844406128
0.9083473682403564
0.8649104237556458
0.8912870287895203
0.8966307044029236
0.9349011182785034
0.9567596316337585
0.9519940614700317
0.9239187836647034
0.9427323937416077
0.9571330547332764
0.9736807346343994
0.9710158705711365
0.9765198230743408
0.9741151332855225
0.9736927151679993
0.9732527136802673
0.9603583216667175
0.9367315173149109
0.8303393721580505
0.7854223251342773
0.7886041402816772
0.8924300670623779
0.9685000777244568
0.9687427282333374
0.9635152816772461
0.9455657005310059
0.9632118344306946
0.8355172276496887
0.8555499911308289
0.917561411857605
0.9409542679786682
0.8997166156768799
0.9128511548042297
0.8995546698570251
0.8790097236633301
0.8960241079330444
0.8691772818565369
0.8395902514457703
0.7929311990737915
0.900736927986145
0.8919602632522583
0.969102144241333
0.9150126576423645
0.9251579642295837
0.9381479024887085
0.948917031288147
0.9333338737487793
0.9167251586914062
0.9564450979232788
0.947716474533081
0.9480674862861633
0.9669529795646667
0.9417951703071594
0.9599261283874512
0.9693850874900818
0.9753418564796448
0.9690991044044495
0.9679933190345764
0.9763352274894714
0.9685676097869873
0.9648643732070923
0.9579907655715942
0.9349324107170105
0.9492897987365723
0.8687567114830017
0.86921626329422
0.9350095987319946
0.9464148879051208
0.9494984745979309
0.9560726284980774
0.9099202752113342
0.8929668068885803
0.9130595922470093
0.922249972820282
0.9998261332511902
0.9996765851974487
0.9995505213737488
0.999215841293335
0.998457670211792
0.9966386556625366
0.994975209236145
0.9955957531929016
0.9959801435470581
0.992443859577179
0.9905253648757935
0.9814890027046204
0.9274724721908569
0.9544669985771179
0.969915509223938
0.980786919593811
0.9861619472503662
0.9740091562271118
0.975371241569519
0.9859596490859985
0.9813312292098999
0.9781100153923035
0.9845075607299805
0.9928181171417236
0.9922210574150085
0.993919849395752
0.9948635697364807
0.9945587515830994
0.9946093559265137
0.9954538345336914
0.993409276008606
0.9909936785697937
0.9890652894973755
0.9918807148933411
0.9905160069465637
0.9917232394218445
0.9883676171302795
0.9796920418739319
0.9756522178649902
0.9684735536575317
0.9750229716300964
0.9731041193008423
0.971129834651947
0.9695478081703186
0.9861679673194885
0.9788950681686401
0.9732674956321716
0.988569438457489
0.9567269682884216
0.9684662818908691
0.9685952067375183
0.959658145904541
0.9645972847938538
0.9713101983070374
0.9828343391418457
0.9848373532295227
0.9852859377861023
0.9819852709770203
0.9813423752784729
0.9488980770111084
0.8720808625221252
0.9065170884132385
0.9530407786369324
0.8882375955581665
0.9764982461929321
0.9524332284927368
0.9195458889007568
0.9417963027954102
0.9066618084907532
0.9668611288070679
0.9562315344810486
0.9801510572433472
0.9774596095085144
0.9761304259300232
0.948919415473938
0.9711084961891174
0.9175549149513245
0.9087904095649719
0.9111216068267822
0.855984628200531
0.7420248985290527
0.915293276309967
0.9256353974342346
0.8651195168495178
0.934048593044281
0.9415838122367859
0.9544477462768555
0.9706194996833801
0.9831138849258423
0.973499596118927
0.94046550989151
0.9246256351470947
0.9179772138595581
0.5162503123283386
0.5993156433105469
0.7691482901573181
0.811699390411377
0.604548990726471
0.2717214524745941
0.38906943798065186
0.13874100148677826
0.10639694333076477
0.10691071301698685
0.16375094652175903
0.6076480746269226
0.5003867745399475
0.5785553455352783
0.8398764729499817
0.6146726608276367
0.4130144715309143
0.207941934466362
0.11098732799291611
0.8636459112167358
0.686206042766571
0.6944227814674377
0.8941296339035034
0.7334564924240112
0.7332038879394531
0.6681616902351379
0.7023136019706726
0.48766905069351196
0.5810063481330872
0.3339533805847168
0.6779478192329407
0.49478286504745483
0.6725258827209473
0.8055160641670227
0.9059274196624756
0.9718303084373474
0.9740213751792908
0.9668935537338257
0.9637467861175537
0.9634934067726135
0.961749255657196
0.9567705392837524
0.9383799433708191
0.9399078488349915
0.8999928832054138
0.8978948593139648
0.9007513523101807
0.7972715497016907
0.786879301071167
0.8241930603981018
0.8080672025680542
0.8570333123207092
0.9048160910606384
0.7840886116027832
0.7694075107574463
0.8011255264282227
0.704361617565155
0.7144258618354797
0.6315827965736389
0.4020230174064636
0.4706421494483948
0.6187268495559692
0.498198926448822
0.5200201272964478
0.4251210689544678
0.4801030457019806
0.5460283160209656
0.5153414011001587
0.46083465218544006
0.533808171749115
0.5016543865203857
0.21898089349269867
0.36607107520103455
0.18280582129955292
0.4801214933395386
0.567338228225708
0.3246777355670929
0.5853207111358643
0.40482020378112793
0.45085692405700684
0.5784503817558289
0.5310554504394531
0.7459974884986877
0.4646907150745392
0.44414088129997253
0.41142457723617554
0.6177552938461304
0.7582275867462158
0.6440335512161255
0.5863634347915649
0.635347843170166
0.6539983153343201
0.5832364559173584
0.6994971632957458
0.5094574689865112
0.6272296905517578
0.708537757396698
0.8551002740859985
0.8857691884040833
0.89849853515625
0.9145245552062988
0.8907078504562378
0.8618422746658325
0.8638328313827515
0.9157800078392029
0.9438244700431824
0.8343029022216797
0.999748170375824
0.9996540546417236
0.9996635913848877
0.9995757937431335
0.9994075298309326
0.9994851350784302
0.9993267059326172
0.9992716908454895
0.9991681575775146
0.9986633062362671
0.9982402324676514
0.9975541234016418
0.9925678968429565
0.9940376281738281
0.98826003074646
0.984778106212616
0.9918344020843506
0.9873790144920349
0.9861469864845276
0.9915558099746704
0.9913234710693359
0.9950957894325256
0.9933452606201172
0.9909761548042297
0.9922086000442505
0.9927922487258911
0.9908056855201721
0.9932653903961182
0.9941903352737427
0.9882178902626038
0.9827977418899536
0.9855180978775024
0.96989506483078
0.9800688028335571
0.9809532761573792
0.9823718667030334
0.9666336178779602
0.9837607741355896
0.9867017865180969
0.9853023290634155
0.9894682765007019
0.9917672276496887
0.993340790271759
0.9936761260032654
0.9940047860145569
0.9956022500991821
0.995586633682251
0.990433931350708
0.9962192177772522
0.9954138994216919
0.9944397211074829
0.994188666343689
0.9928720593452454
0.9938066005706787
0.9937530159950256
0.9892710447311401
0.9919583797454834
0.9900683760643005
0.9893143177032471
0.9963086247444153
0.9936344623565674
0.9894507527351379
0.9928563833236694
0.9848854541778564
0.9899404644966125
0.972262978553772
0.9635497331619263
0.9786000847816467
0.9758799076080322
0.9603174328804016
0.9607404470443726
0.9300257563591003
0.9433469176292419
0.9551504850387573
0.9177918434143066
0.9338573217391968
0.9342547655105591
0.9149758219718933
0.940721333026886
0.9561673402786255
0.9809935092926025
0.9817050695419312
0.985171914100647
0.9781635403633118
0.9680880904197693
0.9797265529632568
0.9759833216667175
0.9732229709625244
0.9711096286773682
0.9331027865409851
0.9586032032966614
0.9464967846870422
0.9794834852218628
0.9682629704475403
0.9506734013557434
0.9714178442955017
0.96868896484375
0.980595588684082
0.9781396985054016
0.9871649742126465
0.9500041604042053
0.9730207920074463
0.9537185430526733
0.966242790222168
0.9563819766044617
0.9228274822235107
0.9149695038795471
0.9335189461708069
0.8967548608779907
0.9341270923614502
0.9178760647773743
0.8801953792572021
0.8864670991897583
0.9085990190505981
0.9174242615699768
0.9107146263122559
0.9412123560905457
0.9647595286369324
0.9487543702125549
0.9346965551376343
0.9389961957931519
0.9514918327331543
0.9613959193229675
0.9481573700904846
0.9014988541603088
0.9200056791305542
0.8858105540275574
0.8533573150634766
0.8102860450744629
0.761147141456604
0.8791198134422302
0.8550031781196594
0.8839771151542664
0.8729959726333618
0.9365187287330627
0.9281995296478271
0.9041248559951782
0.9008805751800537
0.7573201656341553
0.7905233502388
0.8122145533561707
0.8670191764831543
0.7530099153518677
0.7541425228118896
0.6849749088287354
0.7249950766563416
0.7284079790115356
0.7972506880760193
0.6975716948509216
0.6717893481254578
0.6769569516181946
0.7413740158081055
0.6761772036552429
0.4165671765804291
0.44153180718421936
0.5421696305274963
0.6013254523277283
0.6666627526283264
0.6589248180389404
0.6619910001754761
0.6892687082290649
0.6824314594268799
0.6350797414779663
0.7766620516777039
0.6762218475341797
0.7224279642105103
0.7042163610458374
0.6475731730461121
0.6213558316230774
0.6502448916435242
0.6947820782661438
0.6283674836158752
0.7074322700500488
0.5904053449630737
0.6389002203941345
0.7533528208732605
0.556395947933197
0.7596514225006104
0.7978758215904236
0.7404688000679016
0.5358685255050659
0.47999897599220276
0.6381294131278992
0.6706288456916809
0.743839681148529
0.6388289332389832
0.5643444657325745
0.5227208137512207
0.7678143978118896
0.6313992738723755
0.6766319274902344
0.5435599684715271
0.8092449307441711
0.6971334218978882
0.6978064775466919
0.7562301158905029
0.5979207158088684
0.6796866059303284
0.6539986729621887
0.5097427368164062
0.9999227523803711
0.9998908042907715
0.999870777130127
0.999797523021698
0.9996387958526611
0.9997830986976624
0.9997124075889587
0.9995946288108826
0.9991475343704224
0.9992063641548157
0.9988085031509399
0.9989171028137207
0.9968067407608032
0.9990192651748657
0.9984720349311829
0.9976316690444946
0.9989092350006104
0.9986403584480286
0.9990424513816833
0.9978283047676086
0.9972094893455505
0.9966883063316345
0.9969704151153564
0.9948359727859497
0.9850209951400757
0.9862456321716309
0.9704108834266663
0.9521711468696594
0.9530821442604065
0.8877878785133362
0.9369274973869324
0.8514586687088013
0.938250720500946
0.8566556572914124
0.9294758439064026
0.9434951543807983
0.7372503876686096
0.7503839135169983
0.6569340825080872
0.6175155639648438
0.9148708581924438
0.9325181841850281
0.9502755999565125
0.9730513095855713
0.9726415276527405
0.9646300077438354
0.9218050241470337
0.9138927459716797
0.9610116481781006
0.956789493560791
0.9083585739135742
0.7623934149742126
0.6478822231292725
0.7149804830551147
0.5818962454795837
0.6227964162826538
0.5833714008331299
0.5629876852035522
0.5985835790634155
0.743729829788208
0.6904693245887756
0.9253711700439453
0.9454050064086914
0.9141868948936462
0.9237130880355835
0.7124077677726746
0.8439763784408569
0.8510628938674927
0.7850680351257324
0.8445916771888733
0.8137050867080688
0.7589741945266724
0.7937349081039429
0.7256229519844055
0.7873287200927734
0.7461212277412415
0.7869492173194885
0.7216029167175293
0.877791166305542
0.89182448387146
0.9302840232849121
0.9097015261650085
0.9278099536895752
0.9590932130813599
0.9728244543075562
0.9597225189208984
0.9647905826568604
0.9663273096084595
0.9796854853630066
0.9794421792030334
0.9892665147781372
0.9873862862586975
0.9861676096916199
0.9763882160186768
0.9658001661300659
0.9547710418701172
0.8018865585327148
0.848172128200531
0.9106400012969971
0.8741340041160583
0.9106876254081726
0.9375477433204651
0.9253528714179993
0.9594687223434448
0.9634546637535095
0.9184449911117554
0.9555360674858093
0.9602593779563904
0.9626674652099609
0.9282865524291992
0.8734685778617859
0.9536130428314209
0.9238645434379578
0.9008782505989075
0.878110945224762
0.8534664511680603
0.8723344802856445
0.8119444251060486
0.7920373678207397
0.6861303448677063
0.6453467011451721
0.5874065160751343
0.4773196280002594
0.4757371246814728
0.41970983147621155
0.6290361285209656
0.5747434496879578
0.6994325518608093
0.7138444185256958
0.6729596853256226
0.6770561933517456
0.595354437828064
0.6100967526435852
0.5536733269691467
0.676788866519928
0.7974123358726501
0.6546965837478638
0.7910090088844299
0.835848331451416
0.8532443642616272
0.841842532157898
0.6973180770874023
0.5794482827186584
0.7352514863014221
0.38000690937042236
0.12950438261032104
0.17928464710712433
0.10351274907588959
0.005202747415751219
0.0054229809902608395
0.004444945137947798
0.007898020558059216
0.006596098653972149
0.038517195731401443
0.5257108807563782
0.4297659397125244
0.540118932723999
0.3799716830253601
0.2789124846458435
0.274905800819397
0.7721189856529236
0.7361186742782593
0.5751139521598816
0.42149582505226135
0.3221206068992615
0.39164382219314575
0.45195984840393066
0.44266024231910706
0.4663211405277252
0.8259010910987854
0.7875169515609741
0.6584665179252625
0.7458599209785461
0.7340686917304993
0.74635910987854
0.8875246644020081
0.8827967047691345
0.8999404907226562
0.906231701374054
0.9247410297393799
0.8870121836662292
0.7902253270149231
0.8956941962242126
0.8263016939163208
0.8781014084815979
0.9141061902046204
0.7886290550231934
0.8676719069480896
0.8751330375671387
0.8011624813079834
0.81260085105896
0.7966064214706421
0.7694259285926819
0.7957016825675964
0.7427526116371155
0.7861665487289429
0.8211202621459961
0.8044461607933044
0.6604645848274231
0.5299666523933411
0.9998750686645508
0.9996057152748108
0.9995028972625732
0.9962890148162842
0.9785409569740295
0.9582219123840332
0.9918618202209473
0.9888234734535217
0.9919196367263794
0.9728509783744812
0.9830606579780579
0.990029513835907
0.9908592104911804
0.9831010103225708
0.976875901222229
0.9127276539802551
0.8460023403167725
0.8571135401725769
0.8448306322097778
0.8469628691673279
0.8165102005004883
0.8448622226715088
0.905647337436676
0.8579807281494141
0.7355048656463623
0.8358011841773987
0.9863954782485962
0.987295925617218
0.9959778189659119
0.9919456839561462
0.9871342778205872
0.9969043135643005
0.995159924030304
0.9969295859336853
0.9932466745376587
0.9849475026130676
0.9591428637504578
0.9729198217391968
0.9549459218978882
0.9563226699829102
0.9737182259559631
0.9862272143363953
0.9793993234634399
0.9721336960792542
0.9582529664039612
0.9216893315315247
0.9301228523254395
0.9250463247299194
0.93374103307724
0.9059115648269653
0.8980402946472168
0.8999870419502258
0.9308429956436157
0.9336198568344116
0.9049792289733887
0.8877000212669373
0.888443112373352
0.844168484210968
0.9016707539558411
0.8919486999511719
0.8869948983192444
0.9490697383880615
0.8948931694030762
0.9287083148956299
0.9655699133872986
0.9619179964065552
0.9634812474250793
0.9467958211898804
0.8866672515869141
0.871578574180603
0.8534064292907715
0.8602086901664734
0.8270752429962158
0.8394333720207214
0.9009175300598145
0.8824701905250549
0.870746374130249
0.9021498560905457
0.9101772904396057
0.9482999444007874
0.9338863492012024
0.9629982113838196
0.9736543893814087
0.979009747505188
0.97963547706604
0.9771883487701416
0.9762187004089355
0.9900543689727783
0.9893873929977417
0.9886194467544556
0.9846193194389343
0.9762755036354065
0.9815094470977783
0.9625310301780701
0.9681925177574158
0.9640856981277466
0.9693165421485901
0.963817834854126
0.9649180769920349
0.9627290964126587
0.958687424659729
0.9578804969787598
0.9609877467155457
0.9493812322616577
0.9471280574798584
0.9503780603408813
0.9216470122337341
0.9429299831390381
0.9289575219154358
0.9140361547470093
0.942162275314331
0.9317187070846558
0.930259108543396
0.9382264018058777
0.9340163469314575
0.9342427849769592
0.96209317445755
0.9704593420028687
0.9729131460189819
0.9753987789154053
0.9658637642860413
0.9711993336677551
0.9730713963508606
0.9723320603370667
0.9803179502487183
0.9771362543106079
0.9624488353729248
0.966562032699585
0.9666181206703186
0.9639118909835815
0.9559651017189026
0.9591295123100281
0.9485522508621216
0.9396162033081055
0.9432882070541382
0.9577080607414246
0.9329107999801636
0.9116647839546204
0.8675882816314697
0.842674970626831
0.8349805474281311
0.7008142471313477
0.9268526434898376
0.9458452463150024
0.9254662990570068
0.9357792735099792
0.9551031589508057
0.9663660526275635
0.9525238275527954
0.9657965898513794
0.9495185613632202
0.9542971849441528
0.9732985496520996
0.965732991695404
0.9827502965927124
0.9827765226364136
0.9111646413803101
0.9121390581130981
0.7753748893737793
0.8355029225349426
0.8700047135353088
0.7500815391540527
0.6825678944587708
0.8122442960739136
0.8360956907272339
0.7037129402160645
0.7914065718650818
0.675128161907196
0.5900615453720093
0.8526833653450012
0.9467324614524841
0.897911787033081
0.9651133418083191
0.9550144076347351
0.9377914071083069
0.9572877287864685
0.9402713179588318
0.9401203393936157
0.9510703682899475
0.962971031665802
0.9703731536865234
0.9655900597572327
0.9683047533035278
0.9557751417160034
0.9475303888320923
0.9534368515014648
0.849218487739563
0.8955085277557373
0.876420795917511
0.8863278031349182
0.8694266080856323
0.8671053051948547
0.8552947044372559
0.8477268218994141
0.8530403971672058
0.8777706027030945
0.8599490523338318
0.8849769234657288
0.8166999220848083
0.7838005423545837
0.9995651841163635
0.9997029900550842
0.9997932314872742
0.9997556805610657
0.9998098015785217
0.9997225403785706
0.9995260238647461
0.9998142123222351
0.9997270703315735
0.9997237324714661
0.9998076558113098
0.9996254444122314
0.9996077418327332
0.9996080994606018
0.9996649026870728
0.9997256398200989
0.9998144507408142
0.999724805355072
0.9998176693916321
0.9997475743293762
0.9997586607933044
0.999701201915741
0.9997648596763611
0.9997498393058777
0.9996960163116455
0.9996950626373291
0.9995961785316467
0.9997135996818542
0.9998193383216858
0.9997959733009338
0.999715268611908
0.999840497970581
0.9997798800468445
0.9998231530189514
0.9996882677078247
0.9996999502182007
0.9998064637184143
0.9996964931488037
0.9996333122253418
0.9996496438980103
0.9997102618217468
0.9996824264526367
0.9996132254600525
0.9996222257614136
0.9995586276054382
0.9996482133865356
0.9994007349014282
0.9996256828308105
0.9995064735412598
0.999326229095459
0.9992443323135376
0.9990946054458618
0.9988940358161926
0.999367892742157
0.9986541271209717
0.9986415505409241
0.9981256127357483
0.9982951283454895
0.9984312653541565
0.9985063672065735
0.9981739521026611
0.9980071187019348
0.9984620809555054
0.9986802935600281
0.998782217502594
0.9980966448783875
0.9981809854507446
0.9979429841041565
0.995934009552002
0.9974046349525452
0.9965373277664185
0.9969725608825684
0.9948575496673584
0.9961639642715454
0.9906054139137268
