158.0,1.0,162.0,424.0
157,5,162,417
158,6,161,416
157,6,161,414
158,8,160,415
158,7,160,416
158,6,161,416
158,9,161,412
158,7,161,415
158,7,161,415
158,8,161,414
157,7,160,415
158,7,159,416
158,5,160,416
158,7,162,415
158,8,160,414
157,5,160,417
157,6,161,417
158,6,160,416
158,6,160,416
158,6,160,415
159,7,160,415
159,5,159,417
159,6,161,416
160,4,159,417
158,5,160,417
161,5,158,416
161,5,158,417
161,5,158,417
161,6,159,416
162,6,159,416
163,7,158,415
163,4,158,417
165,9,157,412
165,4,157,417
166,5,157,415
167,6,156,413
169,5,156,414
170,6,156,414
172,5,155,415
173,7,154,412
174,8,154,412
176,6,154,415
177,6,154,415
178,6,154,415
180,8,152,413
180,4,152,415
183,8,152,412
184,4,151,415
185,5,151,417
187,8,150,412
188,6,149,415
190,3,149,419
192,6,148,415
193,3,148,419
195,6,147,415
196,3,148,419
198,7,148,416
198,7,146,414
201,6,148,416
202,7,147,415
203,8,147,413
205,7,145,413
205,8,147,412
206,8,147,414
207,6,148,414
207,10,149,412
208,5,147,416
208,11,147,411
207,9,148,412
209,7,148,412
209,11,150,410
209,7,148,414
211,9,150,413
211,8,148,415
212,7,147,417
212,7,147,417
212,9,147,417
213,8,145,418
213,8,146,419
213,9,146,418
213,9,148,423
212,13,144,425
213,17,143,418
211,12,146,429
212,23,143,429
213,28,142,416
211,22,144,425
212,23,146,423
211,17,143,426
209,16,147,429
210,13,146,430
210,7,143,433
210,5,146,433
210,1,145,434
209,3,145,432
210,3,145,429
207,0,146,432
208,1,146,431
205,0,148,432
207,0,147,434
206,0,149,435
206,0,148,438
206,0,150,441
208,0,148,444
208,2,148,445
211,3,144,447
209,2,145,452
212,3,145,455
222,0,146,461
232,4,144,457
238,1,147,462
248,6,146,452
252,0,150,460
259,3,151,454
265,2,154,455
279,0,152,456
289,0,155,456
301,0,154,454
315,0,152,452
328,0,156,451
340,0,156,454
353,0,149,456
367,0,150,457
377,0,149,459
387,0,153,463
393,0,157,466
405,0,156,470
415,0,161,472
430,0,155,476
442,0,154,478
449,0,159,477
458,0,163,479
455,0,163,478
452,0,166,476
454,0,166,476
452,0,170,470
455,0,171,468
453,0,172,465
452,0,174,463
455,0,175,461
452,0,175,458
452,0,180,458
453,0,180,455
447,0,184,453
439,0,179,448
430,0,181,449
420,0,183,447
411,0,179,444
401,0,180,443
391,0,179,439
379,0,175,438
370,0,173,437
359,0,173,437
348,0,174,437
337,0,176,436
327,0,175,436
317,0,173,434
310,0,176,435
301,0,174,434
293,0,173,431
286,0,168,428
278,0,167,428
273,0,162,425
267,0,159,432
260,0,159,430
254,0,154,428
248,2,150,423
240,2,151,422
232,5,150,418
222,6,149,417
212,7,150,416
202,8,149,413
192,8,150,412
187,7,148,412
187,5,150,414
184,5,149,413
181,6,152,412
178,7,155,408
175,9,156,407
171,5,158,409
171,6,159,407
169,5,161,405
167,7,162,408
165,9,163,401
164,8,165,406
163,9,164,403
159,10,165,401
158,10,165,401
154,10,166,402
154,11,165,399
151,13,165,399
151,14,162,398
152,16,160,396
153,19,157,391
154,17,152,390
155,18,148,386
159,14,144,385
160,14,141,386
166,11,137,386
172,10,134,386
175,11,136,382
179,11,135,380
182,9,135,380
185,12,134,378
190,11,134,378
193,14,136,376
200,15,136,376
205,19,136,373
209,22,134,371
211,27,135,369
215,29,134,368
221,29,137,368
229,29,135,365
241,29,135,365
254,30,134,366
264,30,135,364
283,34,132,359
291,35,138,356
305,37,137,353
317,38,133,351
325,37,136,351
333,35,135,353
340,35,137,354
350,36,137,353
361,37,135,352
372,39,134,353
381,37,135,355
394,40,134,354
407,46,134,351
419,45,132,353
431,47,132,353
440,48,132,355
453,48,133,356
464,49,134,357
476,48,132,360
487,47,134,362
499,45,132,366
510,44,125,364
521,43,116,364
530,40,107,362
541,36,98,362
550,35,88,365
562,34,77,361
576,30,63,364
593,42,46,345
600,50,39,338
611,60,28,292
607,78,32,235
514,244,105,96
499,126,116,212
310,28,315,314
420,36,219,330
233,0,406,381
456,23,181,316
165,0,474,390
417,31,204,323
219,0,420,458
480,37,158,319
221,0,418,367
480,27,142,306
158,0,481,381
446,33,190,312
180,0,459,383
304,0,325,360
197,0,442,436
330,0,309,381
233,0,406,457
215,0,424,392
323,13,316,357
172,0,467,446
201,0,406,394
183,0,456,399
168,0,425,411
167,0,472,423
531,16,108,380
585,31,54,373
586,12,53,395
576,13,63,389
563,5,76,395
551,0,88,400
541,5,98,394
531,2,107,398
523,3,115,397
512,2,125,399
505,6,130,392
494,16,141,385
485,15,145,381
472,16,144,381
463,14,146,384
452,15,144,382
440,16,138,382
432,26,137,374
425,17,132,381
421,24,133,376
417,18,131,380
414,19,129,379
404,12,136,385
401,8,144,389
394,4,155,390
398,8,129,382
401,5,142,389
410,3,144,391
411,0,142,397
411,3,142,390
415,0,149,394
417,0,164,396
425,0,166,393
430,0,178,394
437,1,157,395
437,0,165,399
442,0,164,408
443,2,168,409
446,2,163,413
445,2,171,419
447,1,170,423
443,4,178,426
455,2,169,430
450,1,177,437
458,4,174,437
478,2,160,441
483,5,153,442
494,6,142,444
501,3,137,448
514,5,125,445
522,4,117,451
522,1,115,456
523,1,113,459
523,1,113,460
521,1,115,462
514,3,125,466
494,3,143,464
484,0,153,466
471,0,162,467
456,2,159,469
448,6,162,466
437,0,167,471
427,0,168,468
416,0,173,468
403,0,179,469
396,0,182,468
388,0,178,468
379,0,184,466
370,0,171,468
355,0,186,463
340,0,179,465
328,0,174,463
322,0,166,461
307,2,168,442
295,0,168,426
289,0,273,442
282,0,198,417
279,0,251,421
265,1,346,428
260,1,371,382
246,3,364,384
225,4,403,353
225,0,414,372
224,0,412,380
200,0,437,370
195,0,440,367
221,3,418,368
277,1,360,355
262,0,368,401
360,2,277,374
367,2,271,395
390,13,244,359
378,0,256,399
355,0,278,439
350,0,286,466
310,1,324,438
286,0,345,461
315,0,323,471
285,0,350,452
322,0,316,480
297,0,337,418
318,0,306,455
269,0,367,384
304,5,332,474
263,0,368,470
292,0,341,479
262,0,336,477
265,0,235,479
262,3,175,473
248,2,219,477
251,11,164,467
260,7,160,472
260,8,165,471
251,8,184,471
247,2,197,473
246,0,207,475
246,2,211,475
234,0,225,475
249,0,217,476
238,0,222,477
249,0,214,476
244,0,220,475
253,0,210,476
247,0,214,477
244,0,213,475
250,0,207,474
255,0,201,473
256,0,203,473
257,0,202,473
257,0,200,474
257,0,201,473
262,0,196,471
261,0,198,474
259,0,200,469
260,0,194,473
250,0,195,476
248,0,192,473
246,0,196,475
239,0,199,473
239,0,198,467
233,0,201,472
225,0,211,467
228,0,208,468
228,0,209,471
214,2,209,469
210,1,202,471
198,2,202,470
198,1,193,469
189,2,192,473
181,2,192,467
172,2,192,469
165,1,191,466
158,3,184,462
149,4,190,461
147,1,186,462
143,0,188,463
141,2,183,457
136,1,181,457
131,3,183,457
128,2,180,457
119,1,179,460
113,4,177,457
100,2,180,460
90,2,182,462
78,3,185,462
67,3,186,464
53,3,191,466
40,1,193,470
24,1,199,470
12,6,200,472
22,12,185,464
18,23,185,454
25,24,176,452
18,20,179,459
17,21,173,456
20,21,169,456
11,17,182,460
10,15,178,459
9,9,176,462
4,1,178,463
4,0,175,459
2,0,179,446
1,0,180,434
1,0,179,431
0,0,179,429
0,0,175,428
0,0,172,433
0,0,174,434
0,0,173,435
0,0,175,439
1,0,179,447
1,0,182,444
3,5,178,445
3,1,180,448
8,10,176,437
11,15,175,432
21,9,169,436
29,13,164,432
31,14,161,432
37,3,167,434
50,11,162,421
64,10,158,415
73,5,162,416
84,3,158,412
96,1,156,408
105,0,156,405
115,1,152,397
122,1,153,390
126,0,151,386
128,0,151,380
132,0,154,374
137,0,156,370
141,0,155,366
145,0,155,366
150,0,151,367
153,0,153,369
158,0,148,371
165,0,143,377
171,0,140,382
179,2,138,384
187,5,134,383
194,9,134,383
204,11,129,386
213,18,128,382
220,24,122,378
228,33,118,373
232,37,118,368
237,34,121,369
244,30,123,370
250,33,119,362
252,27,120,363
255,28,118,357
262,29,120,355
265,33,121,348
271,35,124,345
275,37,124,343
279,36,123,347
283,37,122,350
285,38,121,353
290,39,119,356
293,47,119,352
295,53,119,346
296,60,119,340
298,61,121,339
300,53,124,345
303,52,129,344
305,54,134,338
305,49,131,341
307,52,126,336
309,39,124,347
312,41,121,345
313,38,121,344
315,38,120,342
319,34,117,345
318,33,121,348
320,34,121,348
320,36,124,346
318,37,126,345
321,39,127,344
324,44,123,341
328,44,122,342
333,47,119,341
337,49,119,338
342,52,117,339
343,52,115,339
346,52,116,338
350,47,116,342
355,45,114,343
362,46,105,341
358,42,110,345
361,45,104,343
364,47,99,345
364,49,101,346
364,52,100,348
360,59,102,343
357,61,102,345
360,65,100,344
364,70,94,341
366,74,95,339
368,73,94,341
371,76,95,336
373,73,96,336
375,72,96,337
380,69,97,333
378,63,100,334
377,57,102,335
379,54,103,333
382,53,100,331
383,54,100,326
387,51,96,328
386,46,96,333
385,43,99,336
387,51,97,328
391,45,98,335
390,46,100,335
391,47,103,334
388,45,115,333
388,48,118,333
391,51,115,329
393,47,121,334
395,45,116,333
394,43,123,334
395,40,121,334
395,37,120,334
395,33,123,336
396,33,122,334
398,27,121,339
400,25,121,339
403,26,121,339
409,26,121,339
415,28,118,341
416,27,117,345
423,29,112,347
434,19,101,362
444,15,93,372
451,25,90,359
457,27,84,363
461,29,89,366
466,33,91,360
471,33,123,373
470,32,150,390
470,32,149,385
470,32,137,381
473,36,155,386
469,29,153,385
478,32,156,382
477,28,159,390
477,25,161,387
480,16,159,395
481,18,158,397
481,17,158,401
484,19,155,399
485,17,154,401
489,17,150,407
494,22,143,406
505,7,131,427
509,16,127,418
516,8,122,426
518,7,121,436
518,9,121,445
524,13,115,436
520,17,119,430
527,18,112,429
516,7,123,441
507,0,132,445
507,4,132,441
503,0,136,445
496,1,142,445
490,0,148,451
473,5,164,439
464,0,175,443
449,5,190,441
437,5,202,446
426,13,212,433
419,9,219,443
406,14,231,441
395,15,240,437
383,10,246,443
374,16,241,438
362,7,243,447
354,12,236,441
343,12,240,439
336,2,235,446
323,4,233,446
309,7,238,442
298,11,233,433
284,2,230,443
270,5,228,436
259,2,231,435
248,3,231,436
236,1,229,438
227,0,231,441
218,3,237,439
203,2,251,450
191,3,244,453
177,4,252,453
168,6,249,456
157,10,246,457
146,14,255,457
140,7,256,465
139,30,255,441
141,30,254,441
140,9,249,463
130,14,258,456
129,22,258,445
132,10,262,459
128,19,267,449
131,15,266,454
131,8,266,459
133,1,266,463
127,7,276,457
124,6,279,462
121,11,288,458
127,9,288,457
130,9,292,454
203,24,224,425
242,33,195,415
258,34,187,411
262,31,191,428
282,30,181,415
283,33,190,435
314,36,169,422
308,42,175,418
197,41,269,434
314,28,176,419
326,36,167,402
328,32,164,401
330,25,165,403
333,21,164,410
337,13,156,412
343,14,155,411
343,9,153,411
345,8,153,416
345,6,154,421
346,5,154,424
349,7,154,427
358,12,147,424
366,8,141,431
375,10,135,433
389,10,128,432
402,6,122,441
408,5,121,443
409,5,125,444
410,3,136,447
411,5,153,443
407,1,178,448
412,1,179,445
412,0,195,445
418,3,193,441
420,0,201,442
422,0,197,445
421,1,203,446
421,2,201,448
416,1,201,448
403,4,206,445
398,3,202,447
390,6,197,443
389,8,190,442
386,3,182,449
381,2,176,448
376,0,174,452
377,0,171,453
381,0,165,457
385,0,164,458
378,0,169,461
371,0,172,466
361,0,177,471
353,0,178,473
345,0,181,474
337,0,191,475
329,0,201,471
317,0,203,465
304,0,209,466
295,0,205,469
284,2,213,468
274,1,212,472
260,1,214,469
250,2,210,469
237,4,209,464
225,4,204,465
213,5,205,466
210,5,199,468
204,4,201,468
201,2,197,472
199,5,189,470
204,1,177,474
200,1,177,477
205,0,165,480
218,0,155,477
225,0,167,476
234,0,176,476
234,0,180,477
238,0,195,477
238,0,215,474
245,0,230,472
248,0,235,476
253,0,236,474
257,0,234,474
261,0,234,473
263,0,237,476
269,2,232,473
273,0,229,474
270,5,222,472
287,3,212,475
295,7,203,470
303,3,195,476
318,3,184,475
335,0,174,475
352,0,173,477
355,0,180,475
358,0,190,477
363,0,193,475
370,0,201,476
378,0,206,477
383,0,216,477
394,0,222,476
391,0,232,474
409,0,220,475
417,0,220,478
421,0,215,475
418,0,220,474
419,0,219,476
428,0,211,477
428,0,210,476
425,0,210,478
435,1,204,474
441,0,198,476
453,1,186,476
446,0,193,477
488,18,151,461
502,4,136,473
389,236,248,243
514,3,125,474
544,0,95,476
545,3,94,473
405,253,181,162
441,85,198,388
386,143,229,284
385,209,166,158
392,240,165,132
455,161,184,314
386,241,157,123
387,243,220,192
380,237,169,143
260,114,363,333
376,202,199,171
384,252,156,123
374,237,172,141
383,253,161,129
367,224,178,157
276,149,273,236
370,243,178,142
377,253,166,131
378,258,161,125
296,122,226,254
344,238,176,145
330,239,172,140
302,206,182,170
307,256,157,121
295,250,159,126
287,252,158,123
279,253,156,126
269,255,159,127
257,256,159,127
246,257,160,128
233,259,163,127
223,263,161,126
211,266,160,123
198,266,163,126
181,267,167,125
165,268,169,125
149,267,173,125
134,267,172,124
124,258,171,130
105,256,178,130
88,259,180,127
62,235,193,150
434,132,107,347
505,10,134,469
498,101,141,377
503,32,136,444
506,6,132,470
507,0,132,480
515,3,122,476
510,0,128,479
490,0,147,479
482,0,157,477
485,2,152,474
450,19,186,459
469,0,170,478
476,0,161,479
314,0,325,477
63,9,576,462
415,0,224,468
475,0,164,473
276,146,297,322
475,5,164,468
489,4,148,472
492,0,143,478
494,0,142,475
347,75,292,401
254,118,133,270
267,140,109,231
262,134,105,208
248,130,122,119
237,116,122,136
243,122,124,126
234,122,126,129
252,119,102,126
242,116,113,128
229,119,121,133
234,124,120,130
226,125,124,132
223,125,125,138
225,134,123,134
223,137,121,143
218,140,122,152
220,134,125,160
214,145,185,175
223,143,142,179
213,147,131,133
228,146,103,134
209,133,125,148
228,147,114,128
220,138,117,135
201,140,133,135
209,123,121,141
207,125,128,140
203,129,123,134
193,122,130,144
197,97,127,157
204,119,118,134
185,114,141,144
191,112,134,140
193,103,130,146
190,113,129,142
188,114,131,146
184,112,131,142
190,118,131,146
175,118,139,147
181,122,133,148
171,123,142,146
169,125,141,150
165,127,141,147
176,130,139,146
180,131,123,135
174,133,143,137
169,130,136,135
171,132,140,147
158,128,148,145
203,130,106,136
194,113,102,154
204,124,93,141
196,118,112,147
184,122,110,149
177,117,127,156
158,126,142,152
148,126,153,154
220,129,78,135
161,134,127,151
151,121,153,166
170,129,124,156
164,137,132,149
156,136,127,137
148,131,103,142
125,130,106,139
111,128,110,138
102,129,94,143
85,127,100,140
75,121,96,145
62,124,99,145
42,122,105,143
37,118,92,148
2,114,112,156
17,112,101,150
9,112,81,155
0,108,73,153
0,110,55,149
0,93,55,165
39,124,202,179
245,75,226,250
270,8,208,316
301,1,137,296
247,20,198,309
256,0,161,321
259,16,194,323
270,6,127,307
239,34,167,286
233,30,141,297
224,31,139,297
211,33,138,292
198,28,134,300
329,71,310,402
153,13,147,322
475,128,164,344
410,58,229,419
503,35,136,436
513,0,126,477
498,0,141,479
495,0,144,477
490,0,149,479
477,0,162,477
468,0,169,477
465,0,174,477
444,0,195,476
439,0,197,478
429,0,210,477
430,0,206,477
419,0,213,475
415,0,217,474
410,0,212,475
398,0,217,476
389,1,213,475
384,0,207,475
373,0,214,476
362,0,215,476
352,0,215,475
352,0,216,473
362,0,218,471
362,0,230,472
374,0,238,477
380,0,238,479
385,0,240,476
397,0,239,477
408,0,229,476
420,0,216,480
434,0,205,475
446,2,193,472
459,3,180,472
470,22,169,453
491,26,148,452
500,54,139,425
541,42,98,437
569,43,70,433
565,162,74,317
341,0,113,323
299,0,162,327
297,17,143,314
281,15,170,315
327,9,146,326
356,0,122,332
361,12,132,312
359,11,145,313
369,13,148,314
384,0,147,328
378,0,178,353
352,17,181,328
384,2,145,338
390,11,141,327
414,13,156,323
390,26,188,311
393,2,185,344
254,22,331,336
388,18,188,340
111,9,501,347
52,20,129,343
339,15,250,331
81,1,547,356
69,89,93,264
78,44,87,227
85,62,85,210
89,12,93,327
96,8,106,325
115,23,99,321
122,0,127,329
114,4,415,346
179,62,460,325
90,115,113,231
115,47,78,234
106,129,76,186
114,123,64,162
82,154,81,131
58,133,94,146
61,85,84,202
41,89,97,262
23,56,112,305
20,6,465,353
62,16,430,338
43,67,568,264
346,1,225,326
159,71,401,259
164,30,440,306
384,0,182,313
449,8,120,293
433,0,141,304
420,0,146,311
396,0,160,320
325,1,202,328
345,12,234,369
237,5,233,346
238,19,206,330
285,33,179,335
283,3,167,357
291,0,136,355
299,0,119,356
285,5,125,355
256,3,134,359
239,10,158,336
177,12,193,334
186,0,162,352
217,6,134,343
214,3,138,329
198,0,144,328
185,0,151,320
169,0,153,333
154,0,162,335
144,0,160,335
108,1,191,339
117,7,164,341
64,10,205,334
81,15,194,338
58,6,209,363
10,0,335,401
84,38,142,323
70,0,146,355
31,1,164,362
10,4,167,365
3,20,181,364
13,30,576,435
0,0,303,439
2,23,522,424
0,0,181,407
0,56,117,345
0,55,99,317
0,61,116,310
0,116,200,267
539,0,81,472
535,2,104,475
504,2,135,475
479,0,160,475
448,0,189,479
431,0,208,480
420,0,219,475
410,0,229,478
410,0,229,472
398,0,241,474
393,0,246,474
381,1,258,473
381,1,258,475
375,0,262,479
361,0,271,477
358,0,275,479
351,0,263,478
346,0,279,478
342,0,273,476
341,0,266,478
343,0,265,477
346,0,263,474
347,0,271,480
353,0,271,473
353,0,281,473
356,0,281,476
356,0,283,473
360,0,279,472
372,0,267,477
389,0,250,477
400,0,237,475
403,0,236,477
422,0,216,477
426,0,213,477
446,0,193,476
458,0,181,479
470,0,169,478
474,0,165,480
487,0,152,477
501,0,137,479
518,0,121,477
536,10,103,468
550,50,89,429
568,153,71,326
589,107,50,372
565,56,74,270
576,80,63,250
570,172,69,166
505,72,134,255
551,80,88,253
286,41,353,337
116,3,523,470
146,0,493,441
211,0,428,463
415,0,224,395
323,0,316,370
342,0,297,427
220,0,419,422
241,0,398,364
524,0,115,318
188,0,451,319
227,0,412,445
53,8,586,456
448,0,191,328
79,0,560,475
477,24,162,263
225,0,414,451
61,4,578,450
346,0,293,382
291,15,348,452
463,0,176,457
546,6,93,437
552,0,87,442
531,0,108,447
516,0,123,465
503,0,136,470
490,1,149,469
496,0,143,475
524,2,115,472
507,0,132,477
529,0,110,474
502,0,137,478
515,1,124,476
492,0,147,478
483,0,155,480
481,0,158,480
475,0,164,480
457,0,182,480
447,0,192,479
431,0,206,477
434,0,202,476
421,0,214,476
423,0,214,473
420,0,219,475
416,0,221,475
403,0,235,478
393,0,243,475
383,0,245,473
383,0,226,474
373,0,224,476
367,0,213,476
374,2,217,471
381,1,205,474
377,0,198,474
379,0,193,475
372,0,192,480
374,0,189,476
370,0,191,477
372,0,189,479
365,0,193,480
362,0,196,478
365,0,195,476
365,0,194,474
360,0,186,474
363,0,181,474
354,0,184,473
359,0,181,467
350,0,179,469
344,0,194,462
344,0,190,462
340,0,183,463
337,0,181,467
331,0,179,473
326,0,179,475
319,0,183,479
313,0,184,479
312,2,180,476
308,8,188,468
306,5,180,471
306,4,178,472
303,5,173,474
301,1,166,478
299,0,158,478
295,0,157,479
292,0,149,476
288,0,150,474
282,0,152,469
278,0,151,466
275,0,151,462
270,0,153,460
271,0,145,457
272,0,141,454
270,0,139,454
267,0,136,445
264,0,137,441
262,0,133,435
258,0,132,431
254,0,132,429
249,0,132,435
242,0,133,436
239,0,135,438
235,5,136,438
230,13,142,436
213,29,158,422
205,28,159,426
194,29,167,424
183,23,176,426
185,17,170,430
188,13,163,430
184,13,163,431
185,3,158,438
186,3,160,434
175,7,166,432
187,0,155,439
172,8,165,430
179,1,161,437
168,5,168,433
163,4,173,439
153,8,176,437
156,24,168,425
149,21,169,437
142,18,164,444
143,27,156,441
141,21,151,449
138,28,152,442
142,17,146,454
141,18,145,451
141,13,142,456
142,8,144,459
141,6,149,457
140,1,148,461
142,0,150,459
132,0,156,458
136,0,152,461
130,0,161,461
133,0,159,459
135,0,159,462
139,0,159,465
145,0,157,465
149,0,154,466
150,1,154,465
153,3,151,462
152,4,152,460
154,5,150,459
154,7,149,454
155,6,145,450
151,5,145,447
139,6,150,446
124,1,158,446
117,0,154,445
110,0,153,450
104,0,153,453
98,0,152,459
92,0,155,458
91,0,152,459
80,0,156,452
63,6,171,442
56,1,175,451
39,2,187,453
51,3,168,456
40,0,175,455
46,0,165,454
42,0,164,462
40,0,161,468
40,0,158,469
37,0,157,468
36,0,154,467
34,0,154,470
27,0,154,468
25,0,153,469
9,0,162,470
0,0,168,470
0,1,162,469
0,0,152,471
0,2,144,470
0,3,130,469
0,0,119,472
0,1,107,474
0,14,91,458
0,98,75,380
0,209,63,268
0,220,47,255
0,162,244,207
227,24,401,326
45,0,558,359
33,0,606,362
47,0,567,363
30,0,602,365
34,0,592,372
18,4,621,349
36,6,547,364
20,3,584,372
30,3,559,359
9,7,583,375
13,0,575,346
7,0,586,372
10,1,570,362
6,0,575,369
6,0,592,354
12,0,538,374
7,0,527,374
8,0,599,386
15,0,537,362
13,0,506,395
9,0,602,402
7,0,585,374
11,0,549,384
1,0,638,360
2,0,609,330
12,0,526,348
6,0,619,329
4,1,601,332
5,0,582,342
15,0,607,332
16,0,570,330
2,0,637,338
75,3,508,365
66,0,504,362
4,3,616,371
33,0,593,385
45,0,594,401
42,0,571,394
60,0,554,418
62,0,513,391
67,0,530,400
79,0,508,405
75,0,497,368
87,0,466,393
85,0,446,401
79,0,560,357
105,3,515,374
99,0,501,376
123,0,499,362
126,0,467,388
122,0,511,365
146,28,438,388
151,0,488,357
151,11,488,378
175,0,464,378
188,3,404,393
193,0,436,389
198,0,414,399
0,105,185,366
0,213,62,258
0,225,52,248
0,164,76,293
0,94,68,379
0,35,71,432
0,11,75,453
0,3,80,453
0,2,84,446
0,3,91,440
4,0,92,437
0,1,121,439
226,0,310,374
210,0,429,378
266,0,371,383
258,0,380,366
56,0,579,391
303,0,336,412
172,0,467,379
255,0,384,396
0,0,223,458
2,0,204,477
0,0,211,470
7,0,208,470
12,0,208,477
21,0,205,474
26,0,209,471
35,0,208,469
40,0,210,468
45,0,215,468
49,0,224,465
58,0,227,460
66,0,227,460
73,0,231,460
80,0,227,459
87,0,229,459
92,1,235,458
98,0,245,454
107,0,236,456
114,0,244,456
122,1,236,455
130,1,231,455
137,3,229,449
147,2,216,450
157,0,197,448
166,0,149,449
179,0,160,453
187,0,135,447
198,0,125,448
199,0,135,452
203,0,138,452
204,0,144,452
202,0,156,448
202,0,164,444
202,0,175,441
203,0,185,441
208,3,191,439
215,1,195,438
226,4,192,436
238,2,190,439
248,4,186,437
259,3,181,436
264,5,187,440
281,5,173,437
283,3,180,444
303,0,165,442
304,0,184,451
320,4,168,453
331,6,156,445
340,1,162,458
345,1,152,460
350,0,156,458
357,0,153,465
361,0,152,467
365,4,150,462
369,2,152,469
373,0,157,471
380,0,152,470
385,0,156,472
389,0,158,473
389,0,165,474
385,0,177,472
389,0,182,476
393,0,190,475
404,0,200,475
408,0,207,475
425,1,206,473
435,0,201,473
447,2,191,472
466,1,173,475
482,9,157,467
501,7,135,469
516,6,123,468
534,15,105,458
548,34,91,438
563,62,76,404
578,103,61,361
592,146,47,318
601,196,38,267
609,242,30,227
613,360,26,119
558,280,79,177
315,81,324,398
38,0,192,335
26,3,253,354
42,0,371,380
15,0,185,342
15,0,175,346
15,0,161,347
25,0,167,348
19,0,190,347
33,1,186,344
31,3,182,343
37,1,202,344
51,3,173,337
46,0,185,345
42,2,194,340
42,5,187,337
58,0,182,344
56,0,184,346
69,1,186,342
61,0,193,346
62,0,188,352
65,2,197,342
62,0,210,356
74,1,205,353
87,0,195,351
110,3,163,352
133,21,138,325
135,2,133,356
146,22,125,335
148,6,133,346
136,20,149,337
146,0,137,346
135,13,131,340
123,3,145,344
113,24,128,329
117,14,159,335
127,11,138,331
291,95,348,371
77,0,149,360
83,0,249,370
390,174,249,303
398,166,241,302
573,230,66,242
578,214,61,252
583,90,56,380
575,59,64,413
565,27,74,445
558,11,81,460
547,6,92,466
540,7,99,468
537,8,102,467
534,5,105,468
526,5,113,471
520,2,119,473
512,1,127,472
505,4,132,470
493,3,144,471
488,2,148,473
465,17,170,460
465,1,174,475
462,4,173,469
452,4,187,472
410,19,228,455
396,13,243,460
398,6,240,466
406,0,233,471
410,0,225,471
419,0,220,473
418,1,220,470
418,1,220,471
423,0,215,474
421,0,215,476
419,0,217,477
405,0,221,478
391,0,225,477
378,0,224,479
364,0,223,479
351,0,223,478
340,0,220,477
337,0,210,474
329,0,207,477
323,0,206,476
322,0,206,477
317,0,210,478
314,0,211,476
314,0,209,479
313,0,208,476
313,0,213,478
315,0,203,477
314,0,201,476
314,0,195,479
315,0,193,477
316,0,191,478
318,0,186,478
320,0,178,475
318,1,175,478
322,0,169,479
322,0,169,477
323,1,158,477
324,2,151,475
323,6,148,469
323,5,148,472
322,5,147,469
320,4,148,472
320,4,146,473
319,4,150,470
310,3,158,471
301,4,167,471
291,1,177,473
284,1,184,474
292,7,174,468
287,1,178,474
289,5,174,472
288,6,177,471
292,7,172,468
297,3,168,472
299,6,164,469
295,4,168,472
290,3,172,473
288,1,173,470
283,1,179,471
282,2,177,463
279,0,180,458
278,0,177,455
275,0,174,449
271,0,177,447
268,0,171,445
265,0,171,446
263,0,168,449
265,0,164,449
265,0,160,450
266,0,157,450
268,0,153,455
272,0,148,457
276,1,142,456
280,0,138,461
279,0,140,463
280,0,141,463
280,0,145,464
284,0,145,462
282,0,149,463
279,0,154,462
278,0,160,463
277,0,173,466
272,0,187,464
270,0,198,466
266,0,210,467
269,0,212,466
268,0,216,468
276,0,211,465
276,0,213,467
277,0,211,468
284,0,204,469
289,0,195,471
292,0,190,470
294,0,183,475
294,0,181,474
300,0,175,478
302,0,174,478
303,0,178,479
306,0,178,476
303,0,187,480
308,0,185,478
304,0,194,479
304,0,195,476
304,0,197,478
306,0,198,476
303,0,199,475
303,0,197,475
299,0,207,475
299,0,211,474
296,0,211,476
290,0,221,476
284,0,227,471
274,1,241,475
267,0,248,472
265,0,247,471
262,0,252,474
262,0,251,474
265,0,250,474
264,0,253,473
272,0,246,473
275,2,245,468
275,0,245,475
282,0,241,473
284,0,244,474
289,0,244,471
296,0,238,474
298,2,236,473
300,1,234,473
303,3,231,470
307,6,226,471
302,0,233,472
302,0,233,478
300,0,235,475
306,0,229,474
304,0,233,477
302,0,240,475
304,0,241,476
300,0,249,472
298,0,256,473
299,0,257,473
313,0,246,473
308,0,253,474
308,0,255,476
310,0,259,474
321,3,252,472
315,4,262,469
312,1,264,475
307,2,271,472
311,0,264,475
311,0,262,477
309,0,266,473
311,1,258,476
314,0,253,477
314,1,256,473
313,0,252,474
312,0,251,476
312,0,247,477
315,0,246,477
311,0,252,477
308,0,259,473
310,0,263,474
315,0,260,476
312,0,264,477
310,0,266,475
314,0,262,475
298,0,277,477
312,0,259,475
308,0,258,475
307,0,260,475
314,0,253,476
316,0,255,474
316,0,258,473
315,0,263,474
322,1,259,476
319,0,263,477
317,1,267,473
320,0,264,475
321,0,262,477
320,0,263,474
318,0,264,478
315,0,266,475
318,0,261,475
322,0,257,476
316,0,258,476
314,0,261,476
314,0,262,477
298,0,279,474
302,0,277,473
316,0,261,477
310,0,269,474
316,0,263,473
316,0,263,476
318,0,262,477
320,0,259,476
316,0,262,476
319,0,259,475
314,0,263,475
319,0,257,474
315,0,260,474
317,1,259,475
312,0,263,476
310,0,264,476
314,0,260,474
316,0,259,475
315,0,257,475
310,0,260,474
