140.0,6.0,150.0,441.0
139,7,148,437
139,6,148,440
139,8,151,437
138,4,154,442
139,7,156,436
139,9,158,437
139,5,158,439
139,0,160,445
138,7,161,439
136,3,162,444
137,2,162,445
138,6,163,443
138,3,164,445
139,6,163,444
141,2,161,448
141,1,160,449
140,3,160,448
142,4,159,447
142,5,159,448
142,2,160,450
144,2,159,450
147,2,158,451
147,1,157,451
149,1,156,452
149,4,156,448
151,3,154,450
151,2,156,453
155,3,156,453
157,2,154,455
158,1,153,454
159,0,155,458
157,0,156,459
160,3,155,453
162,2,152,455
163,2,151,455
165,3,151,457
165,4,151,455
164,1,152,460
167,2,150,461
166,0,151,467
167,3,150,466
167,4,148,465
168,2,149,468
165,3,153,468
165,0,153,470
166,2,152,467
166,1,151,467
166,3,149,467
166,3,150,468
164,4,154,466
162,2,156,467
164,2,153,466
164,3,153,464
162,0,156,466
158,1,156,468
158,0,157,469
156,2,158,467
155,0,157,469
154,1,156,469
152,3,155,466
153,2,152,470
152,2,153,470
150,0,152,470
150,4,153,465
150,2,151,468
150,3,147,465
148,4,149,467
149,3,149,466
147,4,151,468
147,1,152,469
147,0,149,470
148,0,148,473
145,0,150,469
149,0,148,471
148,0,148,471
148,0,147,470
149,0,146,468
150,0,147,470
150,0,148,466
150,0,150,470
150,0,150,470
149,0,150,467
151,2,148,464
147,0,152,464
147,0,153,466
150,0,150,469
147,2,152,463
146,0,149,465
147,0,148,468
148,0,148,469
145,0,153,464
144,0,156,466
146,0,155,459
149,0,153,460
149,0,152,460
149,0,152,460
146,0,153,465
141,0,160,460
142,0,158,466
137,0,166,474
137,18,163,457
133,23,165,451
128,19,170,457
121,29,176,447
110,20,186,456
121,24,174,449
113,14,186,456
136,6,162,465
115,2,185,466
125,2,170,456
130,0,165,463
134,0,157,455
132,0,157,455
137,0,155,455
124,0,168,451
127,0,165,454
131,0,164,451
126,0,168,460
135,0,160,462
128,0,167,466
127,0,166,471
131,0,163,473
132,0,162,476
135,0,160,475
132,0,163,476
133,0,160,476
136,0,158,477
132,0,162,475
131,0,162,476
130,0,162,477
129,0,161,476
130,0,157,475
127,0,159,474
127,0,158,474
127,0,156,477
126,0,157,473
120,0,163,475
118,0,166,475
109,0,176,475
104,0,177,472
104,0,179,477
108,0,176,475
106,0,177,473
109,0,170,477
108,0,175,477
109,0,172,475
114,0,167,476
114,0,167,478
114,0,164,476
113,0,165,476
117,0,162,477
118,0,166,475
118,0,168,475
119,0,170,475
124,0,168,475
121,0,175,475
120,0,176,477
120,0,176,476
119,0,178,475
123,0,175,477
124,0,172,475
128,0,187,474
124,0,178,476
127,0,179,478
132,0,182,475
139,0,180,477
152,0,182,476
164,0,184,476
174,0,184,478
182,0,184,480
190,0,185,475
199,0,183,478
210,0,189,475
221,0,187,474
233,0,191,471
245,0,187,471
262,0,188,465
274,0,191,461
286,0,184,463
297,0,198,462
309,0,180,460
317,0,202,456
328,0,184,461
343,0,195,455
354,0,194,454
363,0,191,457
375,0,198,454
389,0,189,453
396,0,195,457
409,0,197,458
419,0,177,463
430,0,197,466
439,0,189,471
450,0,184,473
454,0,180,473
452,0,183,476
462,0,177,476
466,0,173,476
477,0,161,480
487,0,152,478
491,0,148,478
480,0,158,477
483,0,155,478
474,0,162,474
472,0,161,476
476,0,157,476
464,0,166,476
459,0,171,478
444,0,182,476
445,0,172,474
427,0,178,474
416,0,183,474
415,2,173,470
397,2,185,468
397,0,178,468
396,0,178,471
400,0,175,469
406,0,165,466
403,0,165,468
398,0,163,469
387,0,168,470
385,0,165,471
373,1,166,472
361,0,170,472
356,0,157,475
349,4,155,466
339,0,152,470
318,0,158,471
325,5,146,467
313,0,152,473
299,0,151,471
295,0,163,465
277,0,159,467
286,0,164,461
267,0,158,459
269,0,153,451
239,0,165,445
214,0,175,469
213,0,180,467
242,0,162,469
224,0,167,472
206,0,181,469
215,0,171,473
209,0,174,472
201,0,179,468
229,0,169,471
219,0,177,462
202,0,184,449
206,0,190,459
205,0,217,457
236,0,221,459
265,0,191,440
269,0,193,441
274,0,265,455
238,0,191,455
244,0,211,451
265,0,236,448
276,0,252,428
281,0,256,454
272,0,247,446
291,0,232,419
322,0,311,480
304,0,316,474
320,8,211,453
317,0,238,463
325,0,196,428
327,0,205,446
324,0,200,412
334,0,219,451
342,0,217,448
375,0,207,464
380,0,230,461
368,0,231,434
388,0,214,455
350,0,225,416
364,0,222,438
380,0,213,450
371,0,226,410
384,0,238,470
350,0,252,454
345,0,243,447
289,0,243,420
309,0,255,468
318,0,293,463
308,0,222,463
271,0,237,461
311,0,233,452
292,0,252,464
299,0,335,473
300,0,321,468
290,0,314,462
291,0,314,471
281,4,289,456
267,0,261,457
261,0,287,465
246,1,288,466
217,0,246,474
237,0,183,469
243,15,180,453
176,0,194,472
200,0,180,470
173,7,185,462
181,0,167,472
137,3,191,470
161,0,160,472
143,1,160,471
139,1,161,470
129,0,158,468
123,0,159,466
119,0,153,471
119,0,153,471
107,0,152,474
99,0,157,474
90,0,163,475
83,0,161,475
89,0,152,477
87,0,157,476
84,0,158,475
77,0,162,476
67,0,168,475
65,0,165,477
49,1,176,476
60,0,168,477
59,0,167,474
52,0,171,477
43,0,174,477
39,0,177,475
33,0,181,476
28,0,185,477
11,0,200,479
18,0,186,475
27,0,188,478
6,0,199,478
15,0,191,479
5,0,194,479
4,0,188,477
2,0,193,476
0,0,187,480
0,0,190,479
0,0,179,479
0,0,184,477
0,0,185,480
0,0,197,476
0,0,192,475
0,0,198,476
0,0,199,474
0,0,204,474
0,0,210,475
2,0,212,475
1,0,212,477
0,0,215,474
0,0,227,472
1,0,219,473
0,0,225,475
0,0,222,474
0,0,227,477
2,0,210,476
0,0,224,477
1,0,220,474
4,0,216,476
3,0,212,475
9,0,224,475
7,0,233,473
7,0,232,477
8,0,236,473
38,0,230,473
22,0,250,476
40,0,243,478
36,0,238,475
28,0,256,474
24,0,270,476
31,0,257,480
45,0,237,480
46,0,240,476
46,0,253,476
49,0,228,475
52,0,229,476
61,0,230,478
58,0,233,471
60,0,239,475
65,0,230,474
72,0,230,476
75,0,229,473
73,0,230,475
71,0,235,476
70,0,237,474
68,0,239,473
64,0,252,473
59,0,260,475
47,0,275,476
39,0,276,476
29,0,295,480
28,0,302,480
24,0,301,479
15,1,309,477
12,0,321,480
11,0,310,480
13,0,327,480
14,0,324,480
15,0,311,480
24,0,311,480
25,0,310,480
26,0,328,480
18,0,301,480
21,0,301,476
48,0,281,477
21,0,308,475
49,0,288,474
14,0,321,475
28,0,303,478
58,0,275,476
33,0,314,476
25,1,313,476
31,0,315,480
26,0,313,475
23,0,329,477
30,0,321,478
14,0,330,476
17,0,335,478
6,0,344,475
5,0,359,473
7,0,358,475
11,0,354,472
5,0,362,475
5,0,364,472
8,1,361,473
10,0,359,472
17,0,355,477
33,0,350,472
60,0,329,472
85,2,304,470
96,0,314,477
116,0,304,475
107,0,309,476
136,0,291,475
137,0,282,475
151,0,286,474
146,3,279,473
147,0,286,475
158,2,277,473
157,1,255,471
160,0,308,475
159,0,288,477
162,0,288,474
163,0,261,478
163,1,253,470
164,0,295,478
164,0,285,478
162,3,279,471
159,3,271,472
163,0,260,477
161,0,267,478
158,0,257,476
151,0,256,476
141,0,255,473
138,0,251,475
134,0,255,474
129,0,253,473
134,0,242,471
139,0,232,470
150,0,232,471
149,0,243,471
147,0,255,473
143,0,265,476
140,0,275,473
141,0,272,476
137,0,283,478
128,0,290,475
123,0,293,476
115,0,291,476
105,0,296,473
96,0,304,473
86,0,292,476
84,0,282,473
80,0,280,471
72,0,280,477
71,0,282,475
65,0,275,473
71,0,273,478
69,0,267,471
70,0,260,477
70,0,248,479
73,0,253,475
79,0,242,474
77,0,241,476
78,0,241,474
73,0,241,474
70,0,241,476
65,0,236,473
67,0,229,474
61,0,247,476
57,0,235,475
49,0,242,474
53,0,233,475
55,0,230,470
49,0,234,473
60,0,223,476
54,0,223,472
50,0,230,474
56,0,221,475
62,0,218,476
66,0,221,476
69,0,213,475
68,0,219,475
68,0,219,475
71,0,216,476
80,0,211,475
74,0,215,476
79,0,212,474
77,0,207,476
74,0,210,475
70,0,214,475
72,0,208,473
68,0,212,474
70,0,214,476
71,0,209,474
66,0,211,475
68,0,211,480
76,0,210,477
83,0,209,477
92,0,201,478
94,0,204,479
104,0,194,477
109,0,198,480
113,0,195,480
121,0,197,478
129,0,196,480
139,0,194,480
147,0,192,479
157,0,192,476
170,0,183,479
168,0,176,480
172,1,181,478
176,0,164,476
177,2,164,474
179,0,168,477
184,0,157,475
187,1,162,475
188,3,162,471
189,8,163,464
191,9,164,463
194,16,162,454
193,8,165,461
194,19,168,449
197,16,170,453
199,18,175,451
200,16,169,452
200,17,169,452
200,19,170,447
201,22,173,444
206,17,169,447
208,12,180,449
212,16,180,448
218,10,179,455
223,7,179,457
229,9,174,453
229,0,176,460
238,0,170,458
240,0,168,466
243,0,178,464
259,0,164,467
251,0,168,469
254,0,170,468
256,0,171,470
268,0,159,468
276,0,155,469
278,0,158,470
284,0,155,470
284,0,158,469
282,0,162,473
280,0,165,472
289,0,159,471
277,0,174,470
289,0,162,470
277,0,174,468
286,0,163,466
282,0,167,464
287,0,164,463
284,0,171,463
270,0,194,461
285,0,182,460
278,0,188,458
269,0,206,460
275,0,206,459
255,0,219,457
270,0,191,460
235,0,220,453
258,0,214,463
222,0,301,431
230,0,409,475
257,0,327,478
208,0,422,469
257,0,363,471
240,0,351,454
238,0,311,449
213,2,275,436
179,0,369,442
239,0,388,455
190,1,244,418
140,3,178,366
153,0,481,436
185,0,448,463
479,0,160,475
198,0,436,466
511,7,128,467
473,0,166,474
469,6,169,469
331,6,305,470
487,29,149,445
486,9,152,468
493,21,143,453
480,7,157,470
478,10,158,465
476,16,157,456
473,3,161,467
462,7,173,457
466,0,169,470
457,0,179,466
457,0,179,467
455,0,182,466
449,0,186,464
451,0,188,460
448,0,188,455
445,2,191,457
448,2,187,452
444,2,189,449
449,2,180,452
441,2,183,454
445,4,180,455
426,2,196,456
425,4,196,449
418,3,202,448
437,5,181,449
442,5,173,448
454,4,166,444
443,9,171,448
431,1,187,450
449,5,176,437
434,8,184,426
433,6,182,430
432,5,191,430
427,5,190,429
418,7,197,430
425,5,188,436
423,7,178,433
417,9,176,433
413,10,175,433
407,13,190,427
406,8,178,435
396,11,167,428
389,14,168,433
379,10,207,451
375,29,174,424
373,25,169,424
369,27,180,425
369,30,167,416
360,12,177,434
356,28,167,425
352,33,153,413
352,14,161,436
337,6,173,439
335,8,162,431
330,7,159,436
324,3,163,436
321,2,161,433
316,4,155,432
311,1,157,434
304,0,158,434
299,3,153,432
294,3,152,434
288,6,151,432
280,9,153,435
266,4,153,440
257,19,153,429
250,11,148,437
242,14,148,438
240,30,146,425
235,15,145,441
232,28,143,424
226,16,145,438
227,24,141,426
235,21,140,429
236,23,135,422
240,20,131,416
243,21,130,413
243,12,134,418
247,15,132,412
244,10,131,414
242,11,135,416
241,14,136,411
239,14,137,412
238,8,141,417
238,8,144,419
240,21,143,408
242,19,146,412
242,24,148,409
244,28,147,404
242,26,148,409
245,20,148,411
245,27,146,405
246,12,151,419
245,9,149,416
245,7,153,419
256,4,149,416
254,0,155,417
278,1,153,408
283,0,156,405
297,0,159,397
307,0,156,394
317,0,155,392
324,0,156,389
336,0,154,386
346,0,159,385
358,0,152,385
369,0,146,386
379,0,151,393
390,0,146,390
398,0,147,393
410,0,151,395
421,0,143,398
427,0,144,402
430,0,139,405
434,0,138,414
436,0,142,416
441,1,140,418
443,2,138,418
448,5,141,420
452,6,147,425
457,17,144,410
466,19,140,414
467,20,146,412
482,26,146,405
488,21,145,412
508,25,127,399
520,15,119,421
523,31,116,404
532,24,107,401
529,29,108,388
535,29,104,383
537,17,100,391
538,26,101,377
538,22,99,379
534,23,105,380
538,21,101,379
537,24,101,375
539,27,100,379
543,28,94,381
544,31,94,382
545,37,94,377
545,42,93,378
551,61,88,360
553,57,86,368
557,55,81,375
561,63,78,366
564,68,73,363
573,81,66,343
574,74,65,354
575,75,64,349
575,82,64,337
578,78,59,340
578,77,61,338
580,76,59,335
584,76,55,334
582,78,56,329
587,82,52,327
589,81,50,322
579,103,59,284
555,84,84,288
287,0,329,375
50,0,575,433
175,0,464,473
11,0,611,414
54,3,585,455
202,0,435,398
0,0,599,447
49,0,584,458
62,6,570,448
142,0,492,443
7,0,617,446
545,13,94,364
497,0,141,359
507,0,132,389
521,0,117,400
515,0,123,423
557,27,82,390
554,49,83,359
564,48,74,356
552,42,87,361
537,51,101,350
532,48,104,352
514,44,110,351
508,55,110,340
498,42,117,353
487,48,113,346
479,53,109,340
461,53,113,340
457,59,106,334
442,51,113,342
435,61,108,331
423,55,108,333
415,56,105,334
404,54,105,335
394,53,106,335
383,53,105,332
373,51,107,335
363,51,108,335
355,54,105,333
358,47,102,340
356,51,103,337
356,53,102,337
354,46,103,346
352,50,102,342
353,51,102,342
356,48,102,345
357,50,101,345
357,49,101,346
358,47,101,349
360,46,100,350
361,47,99,350
362,48,101,348
363,45,101,352
363,42,99,354
364,42,101,353
364,40,100,355
366,40,99,354
367,41,100,355
367,39,99,355
369,40,97,357
371,39,98,358
373,38,96,358
375,41,95,356
377,41,95,356
381,43,94,357
380,41,96,359
387,41,91,359
390,44,90,352
393,41,96,352
391,41,96,360
391,43,100,359
393,37,104,366
396,38,113,363
398,40,114,356
397,39,120,362
393,38,137,358
328,13,219,403
267,22,202,356
296,16,169,360
385,17,179,367
305,0,330,348
271,16,118,324
359,0,243,411
252,45,101,295
429,0,210,375
261,46,100,272
439,0,200,398
259,43,101,288
361,0,278,383
262,36,112,300
206,15,135,315
266,0,329,410
268,24,130,339
384,0,243,398
243,31,362,390
272,30,128,337
310,0,174,362
276,0,363,427
282,39,127,344
502,3,137,403
334,0,233,390
224,35,132,290
392,0,247,324
566,5,73,396
359,2,277,394
431,0,208,428
276,0,344,402
392,2,247,402
232,6,198,389
217,30,100,327
443,2,171,280
335,0,266,419
238,0,249,422
222,17,417,447
173,9,164,390
252,0,386,456
337,0,269,432
307,0,332,438
112,34,138,340
458,1,173,436
207,0,432,457
142,17,235,405
138,0,501,452
103,0,292,426
374,2,236,447
397,16,179,430
438,33,122,411
430,8,128,441
434,15,120,437
427,18,119,433
422,19,124,432
415,16,130,437
408,13,133,439
400,8,134,441
392,13,140,433
385,4,132,441
376,9,138,441
367,8,136,440
356,3,136,444
340,6,140,450
337,8,140,448
314,6,155,454
312,8,158,458
308,8,155,442
296,9,173,452
291,10,163,438
292,7,180,463
299,10,153,444
300,1,172,468
299,14,163,446
298,6,170,459
298,4,169,461
310,2,165,463
323,2,155,460
329,0,156,468
336,0,153,468
347,1,149,471
351,0,151,472
367,0,145,475
373,0,149,477
384,0,148,478
390,0,147,474
396,0,148,475
398,0,156,476
403,0,164,479
406,0,180,479
411,0,180,476
415,0,202,478
423,0,193,472
429,0,192,475
437,0,191,477
439,0,194,477
446,0,191,477
450,0,189,478
456,0,182,477
467,0,172,477
467,0,172,475
446,0,193,476
441,0,196,475
429,1,203,475
423,2,205,469
420,0,206,474
416,0,203,472
418,0,202,472
419,0,200,469
418,2,205,470
420,4,194,469
429,0,186,469
425,0,190,471
422,0,187,473
415,0,191,474
411,0,177,474
402,0,173,476
396,0,169,477
389,0,184,475
382,0,185,475
369,0,191,475
360,0,196,474
347,0,202,476
333,0,207,476
324,0,207,475
315,0,208,474
305,0,207,473
295,0,209,475
285,2,212,474
284,2,209,472
279,2,211,474
275,0,231,474
266,0,218,476
271,3,219,473
280,0,190,474
271,0,189,475
260,0,196,476
252,0,207,475
246,0,219,478
235,0,213,475
225,0,214,475
216,0,216,474
210,0,215,474
210,1,208,471
202,0,214,476
199,0,214,474
190,0,210,476
181,0,210,474
179,0,200,476
170,0,202,474
165,0,197,475
164,0,191,473
154,0,196,474
149,0,192,478
151,0,192,476
155,0,195,475
158,0,199,475
161,0,204,475
161,0,212,479
167,0,217,475
178,0,220,476
192,0,215,478
193,0,216,477
202,0,219,476
204,0,218,478
206,0,232,476
207,0,244,471
207,0,257,472
212,0,256,472
214,0,243,473
215,0,257,470
220,0,246,474
230,0,232,472
241,0,232,474
250,0,233,473
258,0,220,474
265,5,222,466
274,2,219,471
286,0,222,472
304,0,230,475
322,0,224,474
337,0,239,472
357,0,243,472
379,0,203,475
410,1,212,475
429,12,176,462
440,8,199,470
230,23,409,454
184,117,421,332
233,179,100,200
489,2,113,475
483,0,156,478
436,21,203,445
316,75,323,396
145,65,472,401
514,69,122,398
463,0,176,470
245,79,392,389
116,129,368,315
454,66,161,403
445,27,154,438
447,132,126,341
408,1,173,476
415,109,141,361
427,4,137,470
435,29,133,438
409,81,148,388
365,88,158,334
366,77,184,369
349,73,200,326
289,86,297,363
408,88,108,257
369,91,120,139
371,100,82,100
368,109,84,95
366,115,85,94
364,122,86,92
369,128,86,96
367,135,86,96
398,143,104,119
364,150,155,123
339,156,101,100
343,162,126,142
333,164,102,105
333,168,88,86
332,166,85,88
322,167,88,85
324,163,80,87
311,158,86,84
309,156,84,122
295,151,87,88
294,145,82,87
285,142,86,87
283,139,83,88
274,136,86,87
275,134,81,89
274,133,80,84
261,131,89,88
258,133,86,84
255,134,86,86
249,135,88,91
242,136,91,89
238,139,88,91
235,141,86,89
231,145,83,89
216,147,88,86
216,149,81,87
210,153,80,87
199,157,84,86
192,156,83,87
185,158,83,86
169,158,95,88
169,159,88,84
161,157,90,84
148,157,95,90
154,153,86,89
142,154,85,85
136,151,85,85
119,150,100,92
116,146,95,93
109,145,95,93
104,145,88,90
92,145,94,89
81,142,102,91
65,142,111,94
68,141,99,99
55,143,107,94
50,142,101,100
40,146,102,94
29,146,106,95
37,146,84,92
25,147,87,110
23,149,81,111
18,148,81,109
4,149,101,179
8,141,350,307
343,0,251,478
353,0,237,475
345,0,237,476
337,0,239,476
334,0,240,477
315,0,255,474
315,0,247,474
312,0,242,474
311,0,243,475
326,0,222,475
327,4,224,473
333,8,216,471
334,4,224,471
313,2,249,473
327,2,247,474
314,61,237,416
311,0,252,477
310,0,245,473
302,0,247,475
285,1,259,474
257,59,249,412
339,50,183,428
322,10,203,466
336,0,193,476
331,0,193,480
333,0,197,475
333,0,203,478
343,79,200,394
333,166,207,309
319,98,208,379
318,66,204,410
310,86,200,389
322,2,187,470
308,37,197,440
296,84,197,392
297,21,196,455
300,3,185,471
296,14,189,465
295,6,187,472
301,2,182,477
298,3,185,476
303,0,170,477
291,0,189,479
298,0,181,479
302,0,178,479
298,0,178,478
291,1,181,474
285,0,184,475
278,2,190,474
271,0,196,478
264,0,201,477
258,0,215,476
255,0,230,478
246,0,236,473
239,7,242,465
236,0,225,474
220,0,235,476
211,0,231,474
203,0,217,478
197,0,209,478
183,0,213,475
178,0,208,475
172,0,204,476
164,0,207,475
177,0,194,475
183,0,185,479
182,0,182,476
187,0,178,476
176,1,189,478
166,0,193,479
160,0,193,474
153,0,195,474
144,0,200,476
134,0,199,475
122,0,202,474
117,0,202,476
110,0,200,477
106,0,200,476
97,0,207,475
80,0,221,474
69,0,221,477
54,0,231,471
61,0,220,473
65,0,214,474
60,0,221,476
68,0,213,472
62,0,222,476
67,0,217,474
66,0,214,474
62,0,222,474
80,2,208,473
103,0,191,475
114,0,185,475
127,0,178,477
136,0,175,477
137,0,185,476
141,0,189,477
147,0,192,475
150,0,198,476
155,0,197,477
160,0,200,476
170,0,196,477
173,0,201,477
183,0,201,479
194,0,190,475
207,0,178,475
207,0,183,477
214,0,178,477
228,2,174,475
236,0,168,476
242,0,166,475
246,0,165,479
259,0,171,477
271,0,176,478
279,0,183,478
298,0,180,477
312,0,185,475
330,0,186,476
341,2,184,472
348,0,179,477
361,0,171,476
369,0,171,478
374,0,171,478
381,0,173,477
373,0,177,476
377,0,173,478
374,0,176,477
375,0,172,479
383,0,171,475
381,0,170,476
381,0,173,476
378,0,172,477
371,0,171,476
377,0,174,477
372,0,176,474
373,0,174,474
374,0,178,477
376,0,172,477
372,0,182,477
373,0,183,475
372,0,187,474
374,0,188,476
363,0,197,473
354,0,202,477
352,0,208,475
340,3,209,469
344,2,208,471
341,4,214,468
326,8,224,465
320,2,226,470
321,0,215,473
325,0,204,474
320,0,201,479
307,0,201,475
307,0,194,479
297,0,197,476
285,0,198,476
269,0,206,474
262,0,206,475
253,0,209,475
251,0,211,477
245,0,209,474
238,0,211,475
231,0,210,476
225,0,208,476
219,0,207,477
215,0,199,476
209,0,199,476
201,0,198,476
192,0,200,474
182,0,205,475
178,0,200,475
164,0,208,475
159,0,205,475
153,0,206,476
155,0,201,474
150,0,205,475
147,0,202,471
141,0,201,473
132,0,197,470
120,0,203,471
113,0,198,469
106,0,186,464
100,0,184,471
98,0,187,477
104,0,186,473
112,0,181,474
115,0,179,469
118,0,172,464
123,0,181,473
124,0,171,468
134,0,175,467
134,0,161,473
141,0,170,470
144,0,159,472
148,0,153,472
159,0,170,473
170,0,168,475
180,0,168,477
190,0,169,472
198,0,174,474
204,0,169,477
213,0,158,475
222,0,171,471
230,0,164,474
242,0,180,473
255,0,169,476
264,2,172,467
275,2,163,470
282,0,182,454
290,0,162,462
296,0,162,454
305,1,161,459
318,0,151,461
326,0,158,459
336,0,152,465
348,0,152,470
359,4,153,469
373,7,157,467
387,10,175,466
395,15,188,461
407,19,221,457
408,17,203,456
418,27,214,450
417,33,150,439
426,25,150,450
424,15,146,462
427,6,130,469
428,11,121,462
435,8,131,467
431,0,114,474
430,6,104,466
428,4,113,467
426,9,118,468
426,8,111,459
422,12,131,458
415,11,131,453
408,9,170,456
404,17,159,450
404,22,207,451
403,31,158,417
398,26,159,439
400,26,182,445
400,25,152,449
402,25,174,450
404,28,129,439
402,19,157,454
405,14,156,460
405,11,171,463
397,14,162,458
400,10,178,459
396,10,154,461
395,8,154,465
392,13,181,454
397,15,143,458
387,8,160,466
379,13,147,463
369,0,156,473
363,0,157,474
352,0,162,475
345,0,171,475
340,0,177,472
338,0,177,477
334,0,179,477
331,0,182,476
325,0,191,475
325,0,189,475
328,0,192,474
322,0,191,475
322,0,194,475
318,0,196,478
318,0,193,471
313,0,191,474
311,0,194,475
319,0,198,478
324,0,189,477
324,0,194,477
332,0,191,479
332,0,198,477
332,0,204,473
336,0,202,474
342,0,202,472
344,0,206,474
347,0,202,470
352,0,212,467
352,0,218,454
353,0,216,469
353,0,217,473
347,0,224,471
348,0,232,473
351,0,233,476
353,0,229,470
351,0,236,476
350,0,219,473
356,0,241,474
358,0,235,476
359,0,253,476
361,0,239,473
360,0,263,474
355,0,271,475
360,0,264,475
365,0,257,471
372,0,265,474
372,0,263,475
382,0,255,475
384,0,255,472
392,0,246,473
395,0,244,470
395,0,244,475
395,0,244,471
396,0,243,474
403,0,235,470
396,0,242,476
399,0,240,470
392,0,244,470
415,0,223,472
384,0,250,476
381,0,252,475
382,0,253,474
406,0,232,478
429,4,208,470
402,5,237,471
412,0,226,473
388,4,226,471
379,0,247,472
378,0,237,470
352,2,260,473
355,0,261,476
369,0,235,474
371,0,248,472
361,0,246,472
368,0,261,471
358,0,242,475
354,0,242,471
356,0,239,475
347,0,256,476
342,0,246,476
347,0,250,474
343,0,235,475
351,2,218,469
328,0,284,462
382,0,194,475
302,0,250,468
297,0,284,476
290,0,277,478
282,0,289,476
285,8,281,471
281,0,285,475
270,0,311,478
269,2,290,477
255,2,314,476
254,2,315,472
249,0,319,478
243,2,311,473
243,0,319,474
245,12,304,465
244,0,313,478
238,0,313,477
238,0,318,477
241,0,308,475
233,0,287,475
247,0,274,475
237,0,289,478
250,0,275,475
233,0,283,479
210,0,298,478
201,0,293,480
197,0,287,480
191,0,295,475
167,0,310,477
174,0,301,479
179,0,287,476
189,0,277,474
208,0,270,475
151,0,298,474
163,0,269,474
144,0,277,454
170,0,256,472
173,2,261,473
149,0,271,476
271,11,160,455
185,13,232,466
139,0,279,469
266,4,158,408
215,6,214,473
165,0,279,472
190,6,231,472
143,0,261,471
215,0,186,473
182,0,227,476
194,0,222,475
189,0,235,472
166,0,260,471
247,0,176,465
111,2,285,463
151,0,286,477
142,0,293,477
143,0,282,476
147,0,286,477
153,0,289,478
147,0,292,476
178,0,276,475
274,0,188,394
224,1,237,469
157,0,276,436
180,0,293,443
142,0,276,386
288,0,220,377
200,5,329,355
154,28,334,432
180,0,365,388
192,0,339,348
329,0,202,358
372,0,171,335
152,0,344,463
166,0,309,471
187,0,288,462
344,0,133,388
157,0,347,360
163,0,276,475
174,0,279,471
213,0,253,440
311,0,173,333
157,8,215,471
174,1,290,350
184,0,263,465
183,0,269,421
179,0,255,447
175,0,282,463
253,0,217,454
178,0,315,322
161,0,293,465
160,0,292,467
159,0,286,469
128,0,307,474
157,0,282,479
163,0,270,471
164,0,280,467
150,0,289,471
188,0,260,461
305,0,158,418
335,4,139,433
341,0,132,349
311,46,154,432
302,9,148,464
236,10,204,465
200,102,239,374
181,0,261,476
179,24,265,452
174,5,271,469
178,19,271,457
172,20,279,455
176,18,275,457
184,23,263,453
163,27,272,450
149,15,287,461
154,55,275,421
128,2,307,476
140,11,277,464
164,18,287,455
171,38,266,438
229,47,228,430
196,0,258,473
195,0,267,476
225,5,237,472
221,11,255,466
231,1,237,477
232,0,244,475
238,0,241,474
239,0,241,475
242,8,234,467
244,35,224,438
242,25,231,450
252,37,226,431
245,24,236,449
249,15,233,458
249,23,233,453
250,2,237,473
253,12,234,462
254,24,234,451
254,33,234,442
259,16,226,460
262,31,219,444
266,7,214,467
267,11,205,466
266,2,211,472
266,0,209,478
263,0,210,475
262,0,212,478
262,0,208,475
266,0,206,478
262,0,210,479
261,0,205,477
259,0,208,477
262,0,202,479
254,0,212,477
254,0,208,477
251,0,209,477
248,0,208,478
246,0,206,477
246,0,200,475
240,4,207,472
240,2,205,474
237,0,206,476
237,0,210,475
236,0,211,478
234,0,209,475
231,0,214,476
233,0,205,476
234,0,209,477
230,0,214,479
226,0,213,477
224,0,215,474
229,0,209,472
231,0,208,474
231,0,209,474
232,0,207,476
228,0,211,476
229,0,210,478
230,0,209,475
236,0,203,478
242,0,198,475
247,0,195,476
238,0,203,477
241,0,195,475
246,3,190,474
243,1,193,476
247,8,192,465
247,4,196,471
246,9,192,467
251,4,188,473
246,0,196,477
256,0,186,475
247,0,200,478
250,0,196,480
250,0,195,477
243,0,201,476
250,0,195,479
252,17,189,459
252,19,187,457
252,21,187,458
255,9,188,468
252,11,192,467
249,5,195,472
248,10,192,466
248,4,196,470
247,11,199,465
248,10,194,464
245,14,199,463
244,9,202,467
245,7,200,467
243,8,205,469
249,0,199,479
246,0,206,473
252,0,199,476
247,0,208,475
247,0,204,471
246,0,206,475
247,0,209,474
245,3,206,470
239,0,211,477
243,9,208,461
246,5,204,468
242,13,207,459
239,6,209,471
239,0,209,470
236,0,215,478
235,0,214,473
239,5,208,472
235,0,214,473
237,4,213,472
236,0,212,474
236,0,214,476
236,0,211,474
235,0,215,475
240,3,205,468
234,0,213,479
238,15,210,458
237,28,209,445
236,13,214,464
245,54,200,417
234,45,216,429
235,50,216,423
227,11,226,462
239,45,213,428
234,18,218,454
233,29,222,446
234,2,222,469
234,10,221,463
232,0,225,472
227,0,230,471
228,0,230,471
228,10,228,462
226,0,232,472
227,0,229,473
225,0,234,471
227,2,231,469
223,0,235,473
227,5,229,462
225,0,235,472
227,10,234,461
229,0,231,470
224,0,243,473
225,2,243,472
224,18,244,456
225,7,244,466
221,11,244,461
223,7,245,463
225,14,244,457
218,8,250,463
221,0,249,472
215,1,254,471
216,5,259,467
212,3,265,471
218,4,261,469
219,0,261,474
218,0,270,475
214,0,263,476
219,0,262,473
210,0,272,475
214,0,265,477
220,0,268,476
215,0,266,475
214,0,268,473
216,0,266,474
215,0,267,473
218,0,261,474
220,1,260,474
217,5,263,470
216,6,262,466
217,5,258,470
210,5,264,470
211,3,259,471
214,7,255,468
214,7,260,466
216,11,263,464
217,2,259,472
220,1,258,472
217,4,262,469
217,0,260,472
222,0,257,472
218,2,261,470
214,0,264,473
217,0,257,473
217,0,262,471
220,0,255,473
214,0,260,473
219,1,258,472
220,5,259,467
223,3,254,470
219,0,259,473
223,4,256,467
221,4,255,468
224,6,259,467
222,9,256,465
226,1,248,474
220,1,257,470
218,0,259,472
223,9,255,463
218,0,263,472
224,1,257,471
225,0,259,470
216,6,266,467
225,4,249,469
224,0,250,472
227,2,251,469
224,4,258,468
227,3,253,469
223,5,259,469
229,6,254,470
230,0,252,473
230,0,251,473
234,0,249,471
234,5,251,467
237,3,248,471
239,0,246,474
236,0,252,472
