218.0,73.0,142.0,407.0
212,76,144,401
211,78,146,400
212,77,143,401
212,75,144,403
212,77,144,401
212,77,143,399
211,76,143,401
210,80,144,397
209,76,145,399
209,78,146,400
210,79,145,399
210,77,147,399
207,79,150,398
209,77,151,402
210,78,151,401
210,78,154,400
212,77,159,401
212,78,162,399
214,79,166,396
215,81,168,395
216,81,172,398
216,80,169,392
217,81,171,394
216,81,172,394
218,84,170,392
218,77,170,398
218,84,163,393
219,87,162,390
219,85,164,393
218,81,156,395
220,84,156,389
220,86,154,392
221,86,153,390
223,95,151,381
224,114,144,365
225,106,144,372
226,106,144,370
225,109,143,369
226,108,143,369
226,108,143,371
225,103,145,373
225,96,145,381
227,94,145,383
227,87,147,389
224,80,151,396
225,71,152,404
225,64,155,412
220,61,158,418
218,56,161,422
216,53,166,424
215,51,169,424
216,46,171,428
216,47,173,428
216,49,174,427
216,47,177,430
217,46,177,430
214,49,177,427
215,50,175,426
212,56,179,420
209,65,182,414
211,61,181,415
210,71,183,406
211,68,181,408
209,66,179,410
207,70,180,409
207,60,178,416
205,61,179,416
203,58,182,421
203,52,178,427
200,51,181,425
203,45,179,431
201,47,179,429
204,42,177,435
201,42,181,433
201,44,179,432
202,43,179,434
204,46,177,430
206,52,176,423
205,55,177,421
208,56,176,420
209,67,176,410
210,69,176,407
209,71,176,405
209,73,177,402
210,73,177,403
207,72,181,403
210,73,177,400
209,70,177,406
207,80,179,396
207,76,181,399
209,80,179,395
209,74,178,401
208,79,182,400
211,79,179,396
212,79,179,396
214,89,175,387
214,94,174,382
214,92,173,386
215,98,172,379
215,104,168,373
218,103,166,373
218,104,168,372
218,107,169,368
217,107,172,370
218,111,172,366
216,104,174,373
217,112,175,364
214,118,176,361
211,118,178,360
208,115,181,362
209,115,178,360
207,117,176,359
207,119,172,356
202,121,177,357
204,121,174,356
200,120,172,357
196,118,173,359
195,121,170,357
190,119,174,356
191,114,170,361
192,123,170,353
196,115,165,364
195,109,165,368
195,116,163,361
199,116,157,363
198,112,158,367
200,114,153,365
200,118,151,361
199,118,152,361
203,121,147,358
201,119,150,360
202,127,150,351
200,125,151,354
199,131,152,348
199,131,152,347
199,134,154,343
199,136,154,342
201,131,152,348
207,135,148,342
204,134,151,345
207,131,146,347
209,137,144,341
208,135,149,344
211,127,148,352
211,135,149,344
214,136,147,342
213,134,150,345
213,138,151,338
215,138,150,340
218,132,148,345
220,136,147,343
222,137,150,341
224,141,149,336
230,140,144,338
225,140,148,339
232,142,142,335
231,143,143,335
237,142,137,337
235,142,142,337
238,145,136,333
239,144,138,333
236,147,141,331
240,145,137,332
240,146,136,331
239,144,140,333
241,150,136,329
241,149,138,328
240,152,140,327
244,153,137,325
242,150,144,327
242,153,141,324
247,158,142,321
249,157,141,321
249,154,145,323
255,157,138,321
252,159,143,318
252,156,143,323
256,157,137,322
259,157,134,321
258,160,135,317
260,162,135,316
255,160,141,318
259,159,137,319
264,162,138,317
268,163,134,314
263,164,142,313
270,164,138,315
267,164,142,312
276,161,135,317
277,167,134,311
277,169,135,310
284,169,129,307
278,171,136,307
282,166,138,310
281,162,141,314
285,164,143,313
291,163,143,315
297,163,146,315
303,164,144,314
311,168,139,310
321,154,131,324
328,157,131,320
333,158,131,320
339,160,130,317
343,161,134,316
347,159,135,320
347,159,138,318
351,156,136,321
351,158,136,319
352,159,136,318
353,159,134,320
355,161,135,317
353,160,135,318
354,161,134,317
352,161,135,317
351,160,138,316
354,159,138,318
357,162,137,316
365,162,134,316
359,163,143,314
361,165,146,311
363,162,147,315
372,167,143,311
385,165,136,312
383,165,144,314
401,166,129,312
409,163,124,316
416,164,123,313
420,164,119,312
424,162,121,314
426,163,121,314
430,160,120,317
433,159,119,318
437,160,118,318
440,157,116,321
441,157,120,319
443,160,125,319
445,160,133,317
449,161,134,315
448,160,136,318
452,160,135,319
453,159,135,319
459,158,132,319
461,158,136,318
464,157,130,320
469,160,126,317
472,162,125,314
479,161,121,315
483,163,124,314
489,162,121,314
495,160,123,317
500,157,124,320
506,156,125,322
512,154,125,323
520,151,118,326
524,150,114,328
527,150,112,326
530,147,109,330
535,145,104,332
540,146,99,331
544,149,95,329
549,144,90,333
552,146,87,332
556,146,83,330
558,145,81,332
560,145,79,332
563,146,76,330
562,144,77,332
563,145,76,331
566,144,73,333
568,145,71,331
570,144,69,333
571,149,68,327
576,146,63,329
576,147,63,328
577,150,62,326
580,151,59,323
582,158,57,315
584,159,55,313
585,161,54,312
585,159,54,314
584,158,55,313
585,163,54,304
587,160,52,310
586,162,53,314
582,158,57,320
580,153,59,323
575,148,64,328
572,147,67,329
569,147,70,330
564,146,75,331
560,146,79,332
555,149,84,328
550,148,89,329
546,150,93,328
541,152,98,326
537,157,102,318
532,157,107,319
527,158,111,319
522,156,116,322
520,157,117,319
516,155,123,321
510,153,129,323
505,150,132,327
501,147,137,331
495,146,142,333
493,146,142,332
488,145,145,333
485,143,142,334
480,146,139,331
476,149,142,328
472,146,139,331
464,149,138,330
458,147,137,330
452,152,137,325
445,151,143,327
438,150,141,328
433,151,139,328
427,151,140,328
422,151,140,327
419,148,139,330
419,147,140,330
418,144,138,332
417,144,138,333
414,140,136,336
413,141,142,337
410,138,143,338
409,137,138,342
405,136,140,342
403,136,139,341
402,138,137,339
403,137,135,342
401,137,136,342
401,136,133,340
398,134,141,344
395,137,140,340
393,135,139,344
387,134,145,343
385,140,140,339
382,135,137,344
379,137,139,339
374,139,139,338
372,142,137,336
369,139,137,338
366,142,133,335
367,144,133,332
366,143,130,334
365,145,133,333
366,147,127,330
364,146,128,331
363,148,129,328
363,150,128,328
364,149,126,326
363,149,129,327
365,149,128,327
368,150,128,326
368,151,131,324
369,151,138,323
370,150,144,326
371,154,143,322
373,151,142,324
373,155,143,320
373,153,145,324
373,155,143,322
373,153,150,322
373,155,147,321
373,150,146,326
372,151,150,324
373,152,149,324
372,155,153,320
374,155,144,322
372,155,150,321
371,158,147,319
373,159,152,317
374,162,150,317
376,162,146,315
377,163,152,315
378,163,149,315
380,162,152,315
378,162,148,315
380,161,147,317
382,155,142,323
384,154,141,323
386,151,141,326
385,150,140,328
387,152,141,327
389,147,137,330
391,149,141,329
392,150,131,328
395,152,141,326
398,153,136,325
402,152,134,326
404,152,133,325
408,152,137,326
409,156,140,321
412,156,139,322
415,154,139,322
416,154,141,323
419,151,143,326
421,152,135,326
424,150,135,326
426,147,133,329
427,147,136,329
430,145,133,331
430,143,133,332
426,144,133,331
424,143,132,331
422,144,132,332
419,146,129,329
417,148,132,329
411,150,131,327
405,152,132,326
397,156,131,321
389,159,131,319
382,161,130,317
375,163,129,315
369,162,129,316
365,165,127,313
359,169,125,308
355,170,122,306
350,170,124,307
345,169,125,309
340,169,125,309
334,166,126,311
328,166,126,311
321,164,124,315
315,164,121,314
308,164,123,313
300,163,124,315
292,163,126,316
285,163,123,315
276,160,125,318
267,160,123,318
258,163,123,315
249,160,122,318
243,163,120,315
237,161,122,317
232,162,124,314
226,160,124,316
217,162,130,315
221,157,125,320
224,158,122,319
223,162,124,316
223,159,125,318
224,157,119,320
225,156,121,323
225,157,121,320
228,156,120,322
228,157,121,320
230,155,122,322
231,154,120,322
233,152,123,326
235,151,124,326
235,150,124,327
238,152,129,324
239,151,126,326
239,153,128,325
241,154,128,324
241,155,131,324
242,156,132,323
242,155,133,324
244,157,130,322
247,157,132,321
247,154,128,325
250,155,126,323
249,157,126,321
251,157,122,319
248,156,124,320
250,158,123,319
249,156,122,322
249,157,122,321
249,155,120,321
251,160,118,317
249,161,117,318
252,159,116,317
249,163,118,315
251,162,119,315
253,162,119,315
250,161,122,315
248,163,126,314
248,165,126,313
247,167,128,311
251,164,125,314
248,165,127,313
249,165,126,312
251,166,125,312
252,167,126,309
250,167,127,311
250,169,124,309
250,170,122,308
252,173,119,305
254,174,116,302
253,177,115,299
253,178,116,299
251,180,118,298
251,182,116,296
255,184,115,293
246,181,121,295
254,182,118,295
253,182,118,296
257,183,117,295
255,184,115,294
257,181,120,296
259,182,115,297
260,182,115,295
266,182,109,295
262,184,112,295
266,185,110,293
269,189,106,288
267,188,107,290
266,191,109,288
268,189,107,289
266,190,110,286
270,190,108,287
270,190,109,286
272,194,109,283
274,192,112,286
274,193,113,285
276,192,116,286
278,191,114,286
279,186,117,291
284,186,116,292
284,183,115,295
286,181,116,296
286,179,117,299
289,177,113,300
288,180,116,296
290,179,112,299
290,181,113,295
291,183,113,294
290,185,114,293
291,189,114,289
294,193,110,284
295,190,107,288
295,193,106,285
295,195,104,283
294,194,105,283
294,196,105,281
296,198,109,280
298,196,107,281
300,193,106,284
299,193,108,284
301,189,105,288
302,189,104,287
303,187,106,289
303,188,104,289
303,187,107,291
304,188,105,291
304,188,105,289
303,187,105,290
304,188,102,290
305,189,100,289
306,189,101,288
305,191,103,286
304,192,104,287
303,190,109,288
302,191,111,287
301,188,115,288
299,190,119,286
300,189,126,287
298,189,125,287
301,185,129,292
302,186,127,290
307,185,123,291
310,179,120,297
311,181,122,295
313,181,117,295
314,178,116,298
316,181,117,297
318,179,113,298
323,178,111,299
323,179,112,299
324,178,114,299
326,179,115,299
328,178,116,300
329,180,115,297
330,179,117,300
331,177,118,301
334,178,117,300
340,178,111,300
350,179,103,298
354,177,100,302
358,177,96,300
364,177,91,300
367,175,88,303
369,175,87,302
372,173,85,305
374,174,84,304
375,173,83,305
377,173,82,305
379,173,83,305
380,172,88,307
381,174,89,305
383,173,101,305
386,175,95,303
387,175,101,304
388,177,92,301
388,181,89,298
391,182,93,297
389,184,89,294
391,188,91,290
392,188,92,289
393,191,93,287
394,189,93,288
395,191,93,286
397,191,96,287
398,190,95,287
401,189,97,289
404,188,98,290
405,187,100,290
407,187,100,291
410,186,100,293
411,186,101,292
412,185,101,291
411,186,101,292
411,186,101,293
411,185,102,292
409,186,103,293
410,186,105,292
410,185,105,291
411,187,105,291
415,185,103,293
418,183,101,294
419,181,100,296
421,180,101,297
421,179,98,298
422,176,99,300
424,175,97,301
425,173,97,304
426,172,96,305
426,171,98,306
426,169,102,308
426,168,108,310
426,166,109,310
428,167,114,311
430,167,117,311
431,169,113,309
433,170,108,308
432,171,104,308
433,174,99,305
435,174,96,305
436,174,95,304
435,173,96,304
436,172,97,306
436,171,98,308
436,168,97,310
435,166,98,312
434,164,99,314
433,160,100,318
433,161,101,317
434,159,101,319
433,159,101,320
433,160,101,319
432,160,102,319
432,161,103,318
432,161,104,316
432,164,106,315
429,163,110,315
429,161,112,317
425,165,115,314
424,162,120,314
425,162,118,315
423,161,120,316
419,162,124,316
416,158,124,320
409,156,126,323
407,154,126,324
399,152,125,325
396,154,124,324
388,153,123,324
385,152,120,325
384,152,120,325
377,153,117,326
376,155,116,323
373,155,111,324
370,159,114,320
373,158,108,319
372,159,104,318
369,161,102,316
366,161,101,318
363,160,102,318
360,160,102,319
358,160,103,318
357,160,102,318
356,160,101,318
354,159,105,320
354,159,106,319
353,159,106,319
355,158,107,319
354,158,108,321
353,157,109,322
352,159,111,318
352,159,114,318
355,156,116,323
353,158,116,320
358,157,118,321
352,157,119,322
356,154,119,322
352,152,119,327
354,154,118,325
353,149,119,329
353,147,120,331
350,140,125,338
353,139,124,339
355,138,125,340
359,134,124,344
362,130,123,346
365,125,123,353
366,121,125,358
370,125,126,354
377,118,124,358
382,119,121,359
387,118,119,360
389,121,120,357
392,120,120,359
396,120,119,358
400,122,119,357
401,123,118,356
403,121,120,357
405,123,121,356
405,123,122,355
408,121,121,358
410,120,120,359
412,121,122,358
412,121,125,358
416,118,129,361
419,122,127,356
422,119,130,360
424,120,130,359
425,119,131,360
428,120,131,359
429,117,130,362
432,117,132,361
435,113,131,366
437,115,131,363
438,115,132,363
440,113,134,365
445,110,135,369
445,112,138,366
449,110,138,368
449,110,142,369
456,107,140,369
458,110,140,369
462,115,141,363
465,111,141,365
469,110,142,367
473,110,142,368
477,106,141,369
480,112,142,363
482,111,144,366
485,114,145,363
485,112,148,365
488,109,148,367
490,112,148,366
492,114,145,362
495,113,143,364
496,113,143,364
498,118,141,359
495,105,144,371
495,111,144,367
494,114,145,363
494,109,144,369
496,109,143,367
492,106,147,373
489,108,150,370
481,110,157,367
476,111,162,366
471,118,163,358
470,116,162,360
468,113,161,362
463,116,168,363
458,114,169,363
453,113,171,363
447,113,176,362
442,112,178,366
438,112,179,366
434,111,181,366
430,114,184,364
429,114,183,362
427,110,182,366
426,111,175,365
422,109,174,367
415,108,174,368
410,108,176,369
405,104,176,373
400,105,175,372
395,102,170,374
392,101,169,374
388,103,166,371
383,101,166,374
378,103,164,373
371,104,160,372
365,105,159,369
361,106,154,370
355,108,152,368
351,110,150,367
345,114,149,361
341,111,147,366
339,116,145,360
334,115,145,362
330,109,146,367
328,106,143,368
327,106,141,369
325,107,139,370
326,108,138,368
322,107,140,371
327,110,142,366
334,109,143,368
334,104,142,373
337,106,142,369
335,109,144,366
334,106,145,371
335,102,147,374
335,106,149,371
335,100,151,376
336,105,153,371
335,105,154,370
333,98,157,377
334,102,161,373
335,100,163,375
338,92,164,384
340,105,167,374
343,101,165,377
345,104,165,374
349,102,163,373
352,102,166,374
357,96,166,378
362,96,165,380
367,88,173,388
377,94,165,381
391,93,155,383
399,89,148,387
406,85,147,390
411,81,149,397
408,94,151,383
413,96,156,380
405,103,160,376
401,102,160,376
395,102,160,376
396,102,151,374
392,108,153,370
390,110,151,368
389,111,142,366
386,108,141,371
383,105,137,373
377,102,134,377
378,103,130,373
369,100,135,379
371,98,133,378
375,96,126,380
370,96,133,383
366,94,131,385
364,93,129,384
360,85,132,393
358,84,131,394
358,87,130,391
351,92,132,384
352,92,130,385
353,92,126,385
349,98,130,381
341,97,136,382
336,109,139,370
332,111,142,368
327,110,137,367
314,117,152,362
305,120,155,357
295,112,165,366
284,116,175,362
277,111,176,365
265,109,180,368
256,106,189,371
246,96,190,381
234,104,194,373
226,96,196,382
221,98,194,378
216,100,194,378
207,99,202,380
206,101,198,378
196,98,205,380
183,97,214,382
203,90,193,389
221,81,172,395
226,76,166,401
233,74,156,403
229,73,159,405
231,79,162,398
233,73,160,404
231,70,167,406
234,69,170,405
232,67,175,407
231,68,176,409
227,64,181,411
222,61,185,414
220,61,176,415
214,60,177,417
207,57,173,419
203,58,169,419
200,57,163,422
196,61,156,416
193,59,157,420
191,67,150,410
180,60,154,418
187,76,140,403
178,68,147,409
181,63,140,414
179,66,139,411
174,70,139,407
173,69,134,408
173,72,132,406
169,72,132,403
162,71,137,403
159,72,137,405
149,75,148,402
141,70,151,407
143,73,150,402
145,77,149,401
138,69,166,407
138,76,171,400
135,76,174,398
129,82,182,393
130,79,186,397
134,75,177,399
135,83,180,393
141,85,173,392
143,87,175,388
148,90,178,384
150,90,180,385
153,92,187,382
161,101,184,376
170,109,188,368
180,106,184,370
181,109,184,369
195,104,185,372
195,110,182,368
209,103,185,376
215,101,181,375
230,100,185,378
240,98,172,379
247,96,174,380
251,102,183,374
257,103,177,373
265,98,176,379
263,99,182,377
263,92,188,387
269,92,180,385
271,95,187,382
283,95,179,380
291,95,188,381
302,97,180,379
309,96,189,381
313,98,183,379
316,98,174,378
320,96,166,380
325,94,164,383
333,93,173,383
338,93,165,382
337,86,170,388
337,85,165,388
339,80,163,395
343,80,160,397
340,79,156,397
346,81,150,395
338,88,159,390
340,84,155,390
334,90,163,388
326,93,168,383
320,93,176,383
315,92,179,385
313,100,178,376
307,97,180,381
302,99,183,379
295,95,187,382
284,100,189,378
278,97,186,381
278,95,180,383
268,96,185,382
270,90,178,387
263,91,180,383
261,86,173,391
262,87,170,388
254,88,173,388
257,86,174,391
250,84,177,392
252,82,175,394
242,82,186,396
246,78,192,400
242,78,189,398
245,77,181,399
243,74,176,402
243,74,183,403
245,71,178,405
235,70,193,407
232,69,198,409
222,69,208,405
219,70,209,404
211,69,214,405
211,75,210,401
205,71,208,406
201,72,208,402
194,71,207,402
194,58,196,417
188,56,193,420
181,58,191,417
174,58,189,417
167,58,186,416
158,60,184,417
150,64,187,410
143,65,185,408
143,67,180,410
138,73,182,401
133,74,179,401
131,76,178,402
124,74,181,402
120,75,177,401
113,77,178,402
105,81,178,397
103,82,178,395
107,85,176,391
109,83,171,392
108,82,172,394
109,87,172,391
110,88,170,386
110,93,171,383
109,91,170,385
111,92,170,384
111,91,172,383
111,90,178,388
114,97,181,377
117,99,188,377
122,107,177,370
123,107,183,370
122,106,183,369
129,108,182,368
131,109,177,367
136,106,177,372
140,105,173,372
146,108,172,367
146,109,176,368
156,110,170,369
164,113,174,364
168,117,175,360
176,118,170,356
177,119,174,356
185,118,171,356
186,120,173,356
188,118,176,358
191,117,176,358
191,121,181,354
190,123,183,353
192,119,180,356
194,119,176,355
195,122,176,350
196,126,175,351
197,123,173,352
196,128,173,347
200,129,169,347
200,128,167,350
203,133,166,344
205,133,164,344
207,133,166,343
205,131,170,345
210,132,168,342
208,130,171,347
214,128,169,347
218,128,167,349
222,130,164,346
224,132,163,345
228,129,159,348
228,132,157,345
228,125,159,351
231,126,153,351
231,128,154,350
231,124,153,354
232,125,151,353
231,123,152,354
230,127,154,350
231,124,153,352
228,128,157,349
229,127,158,349
230,129,155,348
229,130,159,346
228,131,160,346
225,134,166,341
228,144,166,335
221,137,174,338
231,140,166,335
233,139,169,336
234,137,171,341
235,139,173,336
240,134,171,342
243,138,168,339
241,134,172,344
249,138,167,338
250,137,168,339
250,138,170,339
258,138,165,337
259,135,165,341
262,130,161,345
264,130,157,344
266,129,152,345
267,128,149,348
268,126,147,351
267,123,146,353
268,123,144,353
271,116,138,360
270,121,140,356
269,116,141,360
269,124,140,352
271,123,135,352
268,124,135,354
268,126,138,353
269,132,137,344
266,137,141,339
266,140,141,336
264,147,146,330
265,149,145,326
266,151,145,324
268,155,144,320
267,159,146,315
269,162,147,313
273,161,146,314
275,162,144,314
275,160,142,317
275,160,138,316
279,159,134,317
281,163,130,313
283,166,133,308
284,164,135,312
285,166,133,307
282,168,135,308
283,169,137,305
280,170,139,305
285,172,135,302
285,173,136,300
283,173,140,301
288,174,135,300
287,176,137,301
291,174,138,301
289,174,140,300
296,173,138,303
296,174,143,301
302,169,142,305
305,168,142,307
309,166,141,309
314,164,140,311
318,164,140,310
320,166,143,311
325,168,139,308
333,169,138,307
340,168,136,307
343,164,135,312
346,160,133,315
348,163,130,313
350,163,129,313
353,162,126,314
354,159,123,317
356,160,120,317
359,161,118,316
361,164,115,314
364,162,112,315
364,162,109,315
364,161,110,315
366,159,108,319
366,158,110,320
368,157,111,322
369,159,110,318
369,158,112,320
371,156,113,320
370,160,115,317
375,157,114,319
377,161,115,317
378,159,115,318
378,161,115,318
380,160,111,318
379,158,113,320
377,162,112,317
372,158,113,320
369,161,111,318
357,158,117,320
354,157,112,322
352,160,111,318
352,153,107,323
348,153,108,324
342,150,110,328
338,151,111,327
332,149,112,328
328,148,111,331
324,149,109,329
322,146,106,331
316,148,109,331
311,151,112,328
303,151,113,326
297,148,116,331
289,150,119,329
280,148,119,331
278,149,110,329
271,147,110,329
269,145,103,333
261,147,103,330
257,145,103,332
252,143,102,334
246,143,103,334
237,141,105,337
231,140,105,337
220,137,110,340
218,135,106,341
211,133,108,343
207,131,107,347
199,129,110,347
192,128,112,349
191,130,106,349
188,128,104,351
185,128,104,351
185,128,105,349
182,133,109,346
181,134,111,344
177,136,113,341
170,137,119,342
165,139,123,339
160,135,127,342
156,138,132,340
152,137,135,339
147,132,137,344
142,132,139,345
134,129,143,349
126,133,146,345
126,124,144,353
130,131,143,345
133,128,141,348
135,130,138,348
138,132,136,344
139,136,135,339
145,140,132,336
150,140,130,338
149,144,130,335
154,146,128,331
153,152,127,327
156,148,126,329
157,149,126,329
161,152,124,326
161,148,126,330
164,141,125,337
168,143,125,335
171,138,126,341
174,134,125,344
177,132,125,346
178,128,126,350
180,132,127,346
184,130,125,349
186,128,124,349
194,130,123,349
200,130,121,349
206,129,124,350
212,129,123,349
216,131,126,348
222,128,125,349
228,126,129,353
235,125,133,354
242,123,132,354
249,119,136,358
256,120,139,357
263,114,139,365
271,114,143,364
277,112,139,367
283,106,136,372
287,105,136,374
289,96,141,383
294,93,148,382
294,92,148,386
296,88,153,389
297,89,159,388
301,91,158,385
302,88,159,387
303,90,163,386
306,89,162,389
307,92,164,386
310,92,162,384
310,96,162,382
313,96,163,381
315,93,161,383
319,92,159,385
321,92,160,384
323,86,164,390
329,85,164,391
333,82,164,396
338,79,166,399
342,79,165,398
345,77,167,401
349,75,167,402
353,75,170,403
356,77,172,398
359,80,176,396
356,81,181,394
353,81,183,395
353,83,189,391
349,84,195,393
348,83,195,394
346,83,194,394
341,83,193,394
337,81,190,396
333,78,185,398
325,77,183,397
320,74,178,402
314,69,178,407
309,71,176,405
305,65,171,409
301,69,173,406
293,61,173,417
286,62,174,416
276,62,179,416
269,60,180,417
263,60,179,416
258,58,179,417
258,62,179,413
252,61,178,415
251,66,179,411
246,67,181,411
240,68,184,407
239,68,182,406
231,73,188,404
226,73,190,402
221,74,191,402
214,76,196,402
210,72,199,405
204,70,201,409
198,68,206,407
194,68,209,409
189,65,211,412
186,67,213,412
182,65,213,412
179,64,213,414
179,61,213,413
178,65,211,411
179,65,213,413
181,67,211,411
186,69,211,410
190,66,210,411
195,71,209,407
195,67,210,412
200,75,206,404
199,73,207,406
200,69,207,410
199,65,209,413
196,59,210,419
193,58,212,419
193,51,213,425
190,45,217,433
190,42,215,435
188,35,215,443
186,31,217,446
187,22,216,453
187,23,217,453
190,16,216,460
189,20,218,456
189,20,220,457
188,21,221,453
186,18,221,458
184,26,222,448
181,28,226,446
180,27,226,450
176,30,226,445
175,26,227,448
172,29,229,447
171,21,230,455
170,21,232,454
169,19,234,456
168,11,237,464
167,6,239,469
166,2,241,474
165,0,242,476
163,0,246,476
160,0,249,478
157,1,252,473
155,0,251,479
153,4,256,471
151,5,259,472
151,1,261,477
149,0,263,476
150,7,263,467
148,1,269,474
149,6,267,471
149,0,272,479
151,7,268,467
150,18,275,459
149,7,278,469
149,35,277,441
139,20,285,459
142,6,285,470
141,10,277,467
139,16,286,460
131,17,285,460
134,21,286,457
134,33,282,442
131,9,289,469
134,11,296,468
133,1,310,475
133,16,297,461
132,6,306,470
133,0,309,477
140,17,299,460
139,12,292,466
140,13,290,465
142,17,288,461
143,10,289,469
145,15,286,464
148,23,283,456
150,33,282,446
152,36,281,443
156,45,279,434
158,53,277,426
160,49,275,430
163,62,274,417
166,63,272,415
166,62,274,416
167,57,274,420
167,48,276,431
165,43,279,436
166,40,280,439
165,38,278,440
166,35,280,442
165,26,282,450
166,26,280,452
165,29,280,450
167,28,282,447
167,32,279,447
168,33,281,443
169,33,278,446
171,33,278,444
171,38,279,441
173,43,279,436
172,50,277,429
173,51,277,428
174,60,274,419
174,57,274,420
175,56,274,423
173,52,273,427
174,55,273,424
172,49,276,430
173,52,276,427
170,43,276,436
170,44,276,434
171,46,274,431
170,41,276,435
170,42,276,436
168,36,280,442
170,42,274,434
169,42,275,437
167,48,277,429
169,41,276,437
168,49,274,428
168,55,270,422
168,58,274,419
169,58,272,421
169,58,273,421
169,58,270,421
168,58,273,421
167,57,274,422
166,56,275,423
166,52,276,427
165,52,278,427
165,48,277,431
164,49,276,430
162,47,280,432
162,42,279,437
160,46,277,433
158,46,281,432
