1
0.9998989105224609
0.9999048709869385
0.9998972415924072
0.9998960494995117
0.9998971223831177
0.9998977184295654
0.9998981952667236
0.9998958110809326
0.9999004602432251
0.9999005794525146
0.9999023675918579
0.9998986721038818
0.9998983144760132
0.9998958110809326
0.9998884201049805
0.999891996383667
0.9999092817306519
0.9998959302902222
0.999908447265625
0.9998996257781982
0.9999017715454102
0.9998944997787476
0.9998880624771118
0.9998857975006104
0.9998937845230103
0.9998868703842163
0.9998841285705566
0.9998795986175537
0.9998857975006104
0.9998769760131836
0.9998719692230225
0.9998629093170166
0.9998776912689209
0.9998619556427002
0.9998700618743896
0.9998639822006226
0.9998692274093628
0.99986732006073
0.9998619556427002
0.9998490810394287
0.9998606443405151
0.9998492002487183
0.9998227953910828
0.9998025298118591
0.9997972846031189
0.9997434020042419
0.99978107213974
0.9997492432594299
0.9997978806495667
0.9996877908706665
0.9996596574783325
0.999729573726654
0.9997515082359314
0.999710738658905
0.9997076392173767
0.9997391104698181
0.9997270703315735
0.9996707439422607
0.9997358918190002
0.9995912909507751
0.9996534585952759
0.9995846152305603
0.9996373653411865
0.9996180534362793
0.9995794892311096
0.9995806813240051
0.9995680451393127
0.9995204210281372
0.9995980858802795
0.9992914199829102
0.9995335340499878
0.9994595646858215
0.9994402527809143
0.9994818568229675
0.9992362260818481
0.9993394017219543
0.999311089515686
0.9991589784622192
0.9993871450424194
0.9994592070579529
0.9995256662368774
0.9994803071022034
0.9995781779289246
0.999528169631958
0.999505877494812
0.999612033367157
0.9996732473373413
0.999656081199646
0.9996457099914551
0.9996709823608398
0.9996702671051025
0.9996432065963745
0.9994723200798035
0.9992514252662659
0.9992966651916504
0.9993276596069336
0.9991534948348999
0.9991700649261475
0.9988998174667358
0.9991279244422913
0.9987868666648865
0.9988539218902588
0.998724639415741
0.9985139966011047
0.9985768795013428
0.9983173608779907
0.9990085959434509
0.9989651441574097
0.9990455508232117
0.9986829161643982
0.9985247254371643
0.9972112774848938
0.997713565826416
0.9969049096107483
0.9937852621078491
0.9958056211471558
0.9956757426261902
0.995570719242096
0.9959773421287537
0.9961226582527161
0.9950346946716309
0.9935716390609741
0.9916583895683289
0.9933795928955078
0.9922016859054565
0.9945471286773682
0.9944913387298584
0.9934737086296082
0.993850588798523
0.9932196736335754
0.9938138723373413
0.9925521612167358
0.9941113591194153
0.9926198124885559
0.9876623153686523
0.9872967004776001
0.9691136479377747
0.9613474011421204
0.9594419002532959
0.9752232432365417
0.9852513074874878
0.982667863368988
0.9908128380775452
0.9917368292808533
0.9833857417106628
0.9856104254722595
0.9833261370658875
0.9831368327140808
0.9885082840919495
0.9823442697525024
0.9818544387817383
0.9840988516807556
0.9835323095321655
0.9850139021873474
0.9866804480552673
0.987193763256073
0.9874351024627686
0.9862826466560364
0.986592710018158
0.9825519323348999
0.981737494468689
0.9827908277511597
0.9878272414207458
0.9908319115638733
0.9914554953575134
0.9913372993469238
0.9898451566696167
0.9901413321495056
0.9910244941711426
0.9900885224342346
0.9889138340950012
0.9918696880340576
0.9921584129333496
0.9937667846679688
0.9919233918190002
0.9946545362472534
0.9884170889854431
0.991010308265686
0.9918855428695679
0.9874470829963684
0.9910773038864136
0.9855340719223022
0.9921460747718811
0.9812706708908081
0.9890736937522888
0.986533522605896
0.9864466190338135
0.9882403612136841
0.9856459498405457
0.9893866777420044
0.98751300573349
0.9935103058815002
0.9951798915863037
0.9966534972190857
0.9950533509254456
0.9962059259414673
0.9970767498016357
0.9953930377960205
0.9940396547317505
0.9944853186607361
0.9996422529220581
0.9995712637901306
0.9994291663169861
0.9994931221008301
0.999390721321106
0.9992509484291077
0.9991151690483093
0.9991071820259094
0.9989132881164551
0.9989274144172668
0.9986465573310852
0.9990461468696594
0.9991815686225891
0.9992407560348511
0.9992431402206421
0.9993103742599487
0.9991781115531921
0.9990842342376709
0.9989033937454224
0.998618483543396
0.9978235960006714
0.9969775676727295
0.9963909983634949
0.9979531764984131
0.9964573979377747
0.9935863614082336
0.9955276846885681
0.9953576922416687
0.9929987192153931
0.9953296184539795
0.995749831199646
0.996174693107605
0.9967977404594421
0.9974722266197205
0.997317373752594
0.997532844543457
0.9978585839271545
0.9966136813163757
0.9955132603645325
0.9958095550537109
0.9903255701065063
0.996674656867981
0.9966223239898682
0.9934105277061462
0.9818238615989685
0.9651471972465515
0.7487478256225586
0.22490091621875763
0.294263631105423
0.29764324426651
0.022509058937430382
0.0067750876769423485
0.011723356321454048
0.012580090202391148
0.00917370431125164
0.006088901776820421
0.013929756358265877
0.010836552828550339
0.01533274445682764
0.01657620072364807
0.010583927854895592
0.006204416509717703
0.008523202501237392
0.016585079953074455
0.021389106288552284
0.011891248635947704
0.013951418921351433
0.008273530751466751
0.012181984260678291
0.018953245133161545
0.014089495874941349
0.018202070146799088
0.011049429886043072
0.01200784370303154
0.0069146971218287945
0.32686519622802734
0.9920350909233093
0.9957067370414734
0.9970506429672241
0.9968516230583191
0.9979134202003479
0.9983435869216919
0.9973921775817871
0.9929012060165405
0.9877299666404724
0.9753097295761108
0.9579731822013855
0.9762772917747498
0.9730519652366638
0.9508542418479919
0.9393839836120605
0.9808051586151123
0.9509645104408264
0.8533265590667725
0.9653105139732361
0.962439775466919
0.9745597839355469
0.8703209757804871
0.7684265971183777
0.8964388966560364
0.9163029789924622
0.7543132901191711
0.7302231788635254
0.7760694026947021
0.7166962027549744
0.7014947533607483
0.7608172297477722
0.7212388515472412
0.7223421335220337
0.7914324402809143
0.8454536199569702
0.8949086666107178
0.9220746159553528
0.9269587993621826
0.8843063712120056
0.9256045818328857
0.8208582997322083
0.8923884034156799
0.7704374194145203
0.7704002857208252
0.903039276599884
0.8897387385368347
0.976395845413208
0.9877810478210449
0.9891461133956909
0.9779792428016663
0.9442585706710815
0.9477697610855103
0.9472819566726685
0.9142794609069824
0.9742016792297363
0.9527733325958252
0.8982331156730652
0.9516241550445557
0.9571076035499573
0.9435844421386719
0.9443779587745667
0.9030795097351074
0.8093836903572083
0.652229905128479
0.6811906695365906
0.6941819190979004
0.707847535610199
0.5523716807365417
0.4570952355861664
0.7004385590553284
0.4545620381832123
0.7686433792114258
0.5666491985321045
0.3679125905036926
0.32488352060317993
0.3512886166572571
0.1575433611869812
0.6294578313827515
0.07282217592000961
0.11619462817907333
0.06367869675159454
0.06548009812831879
0.07666666060686111
0.11279714107513428
0.10002447664737701
0.08669006079435349
0.10351932048797607
0.11680341511964798
0.16080734133720398
0.23478686809539795
0.2065938115119934
0.2158796489238739
0.17787468433380127
0.4969943165779114
0.25052592158317566
0.6685004234313965
0.5866093039512634
0.7192423939704895
0.15413841605186462
0.25021567940711975
0.18824782967567444
0.21612468361854553
0.2977082133293152
0.18942628800868988
0.15127021074295044
0.38620397448539734
0.4579027593135834
0.4942258596420288
0.48881182074546814
0.8334780335426331
0.8375921845436096
0.7551103234291077
0.5248381495475769
0.4605918228626251
0.3389800190925598
0.527583658695221
0.7562283873558044
0.6665424704551697
0.8537017107009888
0.36806318163871765
0.6171058416366577
0.3211308419704437
0.6487012505531311
0.7498753666877747
0.9998712539672852
0.999884843826294
0.9998693466186523
0.9998247027397156
0.9997032284736633
0.9994732737541199
0.9993923902511597
0.9977549910545349
0.9952629804611206
0.9970920085906982
0.9937487840652466
0.9980814456939697
0.9987503290176392
0.99811851978302
0.9992181062698364
0.9975952506065369
0.9899598360061646
0.9022699594497681
0.9856361150741577
0.9533683657646179
0.9660316109657288
0.9946075081825256
0.9967848062515259
0.9962716102600098
0.9967064261436462
0.9972068667411804
0.9961034059524536
0.9919466376304626
0.986372172832489
0.9804515242576599
0.9872835874557495
0.9800297617912292
0.9670159220695496
0.9783750176429749
0.9818222522735596
0.9651786684989929
0.9538779854774475
0.9664900898933411
0.9625192284584045
0.9569467902183533
0.9464264512062073
0.9206579327583313
0.9445122480392456
0.9566958546638489
0.8423489928245544
0.9119001030921936
0.8304569125175476
0.9680230617523193
0.9107914566993713
0.9169074892997742
0.9699685573577881
0.8752992153167725
0.872999370098114
0.7923622727394104
0.7712714076042175
0.7783769965171814
0.7880566716194153
0.8012046813964844
0.8564422130584717
0.8571825623512268
0.7498338222503662
0.7718238234519958
0.7593260407447815
0.8980581760406494
0.9403077960014343
0.8708158135414124
0.9607033729553223
0.9048544764518738
0.8139341473579407
0.913402259349823
0.8512915968894958
0.9297817349433899
0.9561472535133362
0.9016828536987305
0.973183810710907
0.9220436215400696
0.9571613669395447
0.9418612122535706
0.949396550655365
0.9509177207946777
0.8976249694824219
0.9519399404525757
0.9407474398612976
0.945080578327179
0.9518594741821289
0.9401505589485168
0.9750559329986572
0.9758106470108032
0.9804219603538513
0.9731072783470154
0.9700195789337158
0.9548025727272034
0.9486514329910278
0.9759516716003418
0.9418319463729858
0.971462607383728
0.9796741604804993
0.984858512878418
0.9843209981918335
0.9876020550727844
0.9892966151237488
0.9844841361045837
0.9853036403656006
0.9864859580993652
0.9884725213050842
0.9864702820777893
0.9858647584915161
0.9877105355262756
0.9843893647193909
0.9715009927749634
0.9825674891471863
0.9720779657363892
0.9651785492897034
0.9667490124702454
0.9830526113510132
0.9839923977851868
0.978211522102356
0.9755997657775879
0.9622141718864441
0.9550126791000366
0.981209933757782
0.9870083928108215
0.9844319224357605
0.9744747281074524
0.9813860058784485
0.9803793430328369
0.9730392098426819
0.9806683659553528
0.98453289270401
0.9857258796691895
0.9895395636558533
0.9868908524513245
0.9853471517562866
0.9818450212478638
0.9839751720428467
0.9860851764678955
0.979030191898346
0.9862594604492188
0.9820373058319092
0.9860395193099976
0.9881095290184021
0.9830081462860107
0.9800935387611389
0.9811927080154419
0.9900959730148315
0.9924423694610596
0.9938212633132935
0.9936874508857727
0.9887065887451172
0.9889472723007202
0.9950913190841675
0.9939954876899719
0.9968119263648987
0.9964258074760437
0.9967713952064514
0.9975123405456543
0.9945671558380127
0.9965944886207581
0.9976733326911926
0.9981617331504822
0.9976006150245667
0.9968575239181519
0.9959255456924438
0.9947620034217834
0.9896782636642456
0.9904796481132507
0.9927423000335693
0.9953479170799255
0.9976339340209961
0.9968750476837158
0.9952534437179565
0.9812344908714294
0.9801048040390015
0.9492864608764648
0.9803277850151062
0.9860016107559204
0.989821195602417
0.9911394715309143
0.9918644428253174
0.9920337796211243
0.9941196441650391
0.991927981376648
0.9870976805686951
0.9877097606658936
0.9860650300979614
0.9840385913848877
0.9857674837112427
0.9756441712379456
0.9816145300865173
0.9361252188682556
0.9820297360420227
0.9499863982200623
0.9359056949615479
0.9619051218032837
0.681759774684906
0.41968539357185364
0.3408362865447998
0.7763919234275818
0.5477746725082397
0.40769505500793457
0.47833797335624695
0.4426559507846832
0.376148521900177
0.22339525818824768
0.4166496694087982
0.5908301472663879
0.5415862798690796
0.5854143500328064
0.4267570376396179
0.10813387483358383
0.1500788778066635
0.1466539353132248
0.1432926058769226
0.1606219857931137
0.11103365570306778
0.18098562955856323
0.15590785443782806
0.24031583964824677
0.5518038868904114
0.3033072352409363
0.38330820202827454
0.34882238507270813
0.2515232264995575
0.5031214952468872
0.42158380150794983
0.6079764366149902
0.5190430879592896
0.5412575602531433
0.38222482800483704
0.6157364249229431
0.7353894710540771
0.7065703868865967
0.7787969708442688
0.8325355052947998
0.9137737154960632
0.750542938709259
0.7349286079406738
0.8080332279205322
0.8543383479118347
0.7859739661216736
0.7821977734565735
0.8500135540962219
0.8065611720085144
0.6772408485412598
0.71982741355896
0.5774651765823364
0.7650651931762695
0.43196970224380493
0.5572893023490906
0.471056193113327
0.6128241419792175
0.6082419753074646
0.4786960780620575
0.45181509852409363
0.39630550146102905
0.6238722205162048
0.6462714076042175
0.6632257699966431
0.6192114949226379
0.6699727773666382
0.5775428414344788
0.5067689418792725
0.6470036506652832
0.5330190062522888
0.4254303276538849
0.4327948987483978
0.5124987959861755
0.3461068868637085
0.6097671389579773
0.4284416437149048
0.19181422889232635
0.22727885842323303
0.2593673765659332
0.25065144896507263
0.6369250416755676
0.48733633756637573
0.3587896525859833
0.43144911527633667
0.18693318963050842
0.7164725065231323
0.5443783402442932
0.5013341307640076
0.4383932650089264
0.642706036567688
0.7065454125404358
0.7945005297660828
0.8900611996650696
0.9562188982963562
0.9480631947517395
0.9260217547416687
0.9379129409790039
0.9507560133934021
0.9571659564971924
0.9715424180030823
0.9134839177131653
0.9704400300979614
0.9404795169830322
0.9512437582015991
0.9793184995651245
0.9236847162246704
0.7555502653121948
0.8422716856002808
0.9237774610519409
0.8093690872192383
0.8221036195755005
0.9493027925491333
0.9268831014633179
0.969566822052002
0.9624485373497009
0.9857251644134521
0.9876575469970703
0.9865841269493103
0.9910030364990234
0.9893032312393188
0.98847496509552
0.9887552857398987
0.9896301627159119
0.988153874874115
0.9866086840629578
0.9785301089286804
0.9784919023513794
0.9807985424995422
0.9723665118217468
0.9713603854179382
0.9750362038612366
0.9814832806587219
0.9808885455131531
0.9858980178833008
0.9832847714424133
0.9810371398925781
0.9815649390220642
0.985463559627533
0.9859467148780823
0.985404908657074
0.9828611612319946
0.966242253780365
0.9721711277961731
0.966239333152771
0.9797208309173584
0.9850980043411255
0.9859212040901184
0.978039562702179
0.9670636653900146
0.9718188047409058
0.9321434497833252
0.8377796411514282
0.8744781017303467
0.7664821743965149
0.8805779218673706
0.9327666163444519
0.9518113732337952
0.9553226828575134
0.9639121294021606
0.9747154712677002
0.9597871899604797
0.9338385462760925
0.9377273917198181
0.9541963338851929
0.9330633282661438
0.9306796193122864
0.9483238458633423
0.941656231880188
0.9652931690216064
0.9552932977676392
0.943030834197998
0.9363899230957031
0.9321649074554443
0.8634364604949951
0.8599385619163513
0.9396557807922363
0.8814361095428467
0.9358708262443542
0.9203742146492004
0.8530048727989197
0.9180369973182678
0.8264305591583252
0.6239295601844788
0.5055004358291626
0.6235465407371521
0.5859334468841553
0.5876336693763733
0.47681787610054016
0.2540280520915985
0.2612498700618744
0.26770684123039246
0.07014716416597366
0.026448020711541176
0.058364979922771454
0.08472279459238052
0.14617030322551727
0.0229041688144207
0.008939111605286598
0.107289157807827
0.021509375423192978
0.12431780993938446
0.1358497142791748
0.06546125560998917
0.016247710213065147
0.01019689068198204
0.05657361447811127
0.08292781561613083
0.05110129714012146
0.027900585904717445
0.04120799899101257
0.005926704965531826
0.16662445664405823
0.010929500684142113
0.055410273373126984
0.009967473335564137
0.18045364320278168
0.020397931337356567
0.016123345121741295
0.12741979956626892
0.015605146996676922
0.07524214684963226
0.0486934520304203
0.03972133994102478
0.037109434604644775
0.013555726036429405
0.012775307521224022
0.035173963755369186
0.05220950022339821
0.01056339405477047
0.013791550882160664
0.015291676856577396
0.01178707554936409
0.011267051100730896
0.008703132160007954
0.01122988574206829
0.02171275019645691
0.01705373264849186
0.09584160149097443
0.30589398741722107
0.15688446164131165
0.1770785003900528
0.22462475299835205
0.29179468750953674
0.18549275398254395
0.26551300287246704
0.18140654265880585
0.1831323802471161
0.20553994178771973
0.029570240527391434
0.11834999918937683
0.03681331127882004
0.019882487133145332
0.011959795840084553
0.013287177309393883
0.02346586063504219
0.011276569217443466
0.017281394451856613
0.09101869910955429
0.06867314130067825
0.08897309750318527
0.009550829418003559
0.009910366497933865
0.06814239174127579
0.05526525154709816
0.02469794824719429
0.026462487876415253
0.01935996487736702
0.018414193764328957
0.027080513536930084
0.02327052503824234
0.05921892449259758
0.07043015956878662
0.03644925355911255
0.05333031713962555
0.04217188432812691
0.10916319489479065
0.044243451207876205
0.03748538717627525
0.09325903654098511
0.06309851258993149
0.08719877153635025
0.007735648192465305
0.00820505153387785
0.0201415978372097
0.030139951035380363
0.012804604135453701
0.009925827383995056
0.08007964491844177
0.008004875853657722
0.05772555246949196
0.007326800376176834
0.008407041430473328
0.02304217405617237
0.009446283802390099
0.007086358964443207
0.014715825207531452
0.009381827898323536
0.006654640194028616
0.10860972106456757
0.0221650842577219
0.0946631133556366
0.09524288773536682
0.024581722915172577
0.021670419722795486
0.013066479936242104
0.007245107088238001
0.11416689306497574
0.005670873448252678
0.011171307414770126
0.017686648294329643
0.020010482519865036
0.0062754517421126366
0.011706523597240448
0.01103965938091278
0.00912099052220583
0.010562687180936337
0.014362835325300694
0.010348184034228325
0.012359018437564373
0.005263440776616335
0.007837669923901558
0.006134771276265383
0.030091991648077965
0.007453810889273882
0.025073057040572166
0.04589610546827316
0.05282045155763626
0.02831297740340233
0.014608056284487247
0.01222551055252552
0.01925395429134369
0.01576714776456356
0.01013020146638155
0.01023570541292429
0.015781095251441002
0.0300295390188694
0.009205525740981102
0.10177972167730331
0.011561309918761253
0.007343952544033527
0.004819119814783335
0.006505545694380999
0.007626430597156286
0.005792300216853619
0.007707840763032436
0.005869124084711075
0.009893004782497883
0.005826245527714491
0.00950052309781313
0.0055731721222400665
0.005844633094966412
0.00703117111697793
0.016394449397921562
0.0070780199021101
0.01351260207593441
0.015155910514295101
0.007194905076175928
0.1424204558134079
0.2886641025543213
0.18230482935905457
0.3200347125530243
0.4281294643878937
0.6556636095046997
0.6867914795875549
0.6719551682472229
0.584208607673645
0.5187129378318787
0.2704741954803467
0.4878016412258148
0.4458393454551697
0.6132428646087646
0.6434149146080017
0.6772603988647461
0.9405533075332642
0.9534741044044495
0.967833399772644
0.9737342000007629
0.9723499417304993
0.9053887724876404
0.9014967679977417
0.9140909314155579
0.9323070645332336
0.8971564173698425
0.920071542263031
0.6597496271133423
0.6143170595169067
0.7485371828079224
0.7757896184921265
0.5079066157341003
0.5672352313995361
0.5891630053520203
0.7410275340080261
0.47245699167251587
0.5026060342788696
0.0887640044093132
0.33226656913757324
0.03077825903892517
0.015635846182703972
0.01797460950911045
0.029576240107417107
0.02789078652858734
0.017569903284311295
0.010554217733442783
0.020962627604603767
0.051645442843437195
0.055844008922576904
0.024174459278583527
0.009879590012133121
0.007875361479818821
0.009332887828350067
0.007029776461422443
0.007941998541355133
0.011349626816809177
0.005706781055778265
0.005674318410456181
0.007199320942163467
0.007634203881025314
0.004396888893097639
0.006391012109816074
0.005357095506042242
0.006042631343007088
0.013935206457972527
0.007726035080850124
0.006647278089076281
0.0040689087472856045
0.004192169290035963
0.00627834303304553
0.009288289584219456
0.005325866397470236
0.005490495823323727
0.007372871972620487
0.008119538426399231
0.02410043776035309
0.011306027881801128
0.01403591874986887
0.010013480670750141
0.010223529301583767
0.009446974843740463
0.004599933512508869
0.0038191445637494326
0.008816290646791458
0.005699548404663801
0.006128973793238401
0.014953755773603916
0.047093164175748825
0.036850836127996445
0.054138679057359695
0.01740652322769165
0.07237876951694489
0.02795913629233837
0.011032288894057274
0.01749562658369541
0.01912969909608364
0.02028997242450714
0.022033685818314552
0.019469646736979485
0.020634807646274567
0.034458696842193604
0.028125738725066185
0.04001712426543236
0.03349301591515541
0.016497859731316566
0.01700710691511631
0.019992424175143242
0.027079220861196518
0.019763244315981865
0.022937482222914696
0.024001557379961014
0.011472516693174839
0.00918766763061285
0.006065079476684332
0.007924978621304035
0.006027111783623695
0.008683773688971996
0.014415264129638672
0.006933182943612337
0.005769005510956049
0.005334062036126852
0.0082234563305974
0.007172085344791412
0.007274159230291843
0.004848781507462263
0.012353233993053436
0.012288782745599747
0.010196317918598652
0.019824208691716194
0.14634189009666443
0.9295196533203125
0.9885769486427307
0.6801148653030396
0.540749192237854
0.3203135132789612
0.2567777931690216
0.2691686749458313
0.1846618801355362
0.16357289254665375
0.15192508697509766
0.28497305512428284
0.39887356758117676
0.5612751841545105
0.8445540070533752
0.7955072522163391
0.9294450879096985
0.9704172611236572
0.954444169998169
0.9176774621009827
0.9673023819923401
0.887225329875946
0.6431654691696167
0.8049644827842712
0.7909517288208008
0.7862809300422668
0.8136224746704102
0.5965924263000488
0.5221644639968872
0.2719658315181732
0.1757982224225998
0.17545410990715027
0.5575035214424133
0.6800264716148376
0.7455212473869324
0.7704540491104126
0.6367499828338623
0.9532371759414673
0.9267994165420532
0.9777237772941589
0.9756622910499573
0.9866431951522827
0.918016791343689
0.8010544776916504
0.3719577193260193
0.026472918689250946
0.01834757626056671
0.007503294385969639
0.004547376651316881
0.00738679850474
0.0035589777398854494
0.022262919694185257
0.01070236787199974
0.009493614546954632
0.010257646441459656
0.010239082388579845
0.02236281707882881
0.013332326896488667
0.011278456076979637
0.006850629113614559
0.007999728433787823
0.010829189792275429
0.02144317701458931
0.009183445014059544
0.00511763384565711
0.00477011501789093
0.004046322777867317
0.00603833980858326
0.00901945773512125
0.010955329053103924
0.009022410959005356
0.014799730852246284
0.11268964409828186
0.13093329966068268
0.12457136809825897
0.15320532023906708
0.052488237619400024
0.053437355905771255
0.07877510786056519
0.2313414067029953
0.49060311913490295
0.7338454127311707
0.685390293598175
0.8789883852005005
0.7691347599029541
0.8219716548919678
0.8604897260665894
0.6869258880615234
0.5465021729469299
0.30682697892189026
0.26075223088264465
0.15587736666202545
0.14133965969085693
0.22749434411525726
0.23506245017051697
0.8062968850135803
0.6806547045707703
0.9071279168128967
0.6410635709762573
0.6806886792182922
0.881452202796936
0.8688111305236816
0.8002499938011169
0.8089162707328796
0.9055160880088806
0.9031884074211121
0.9691151976585388
0.983295738697052
0.9617968201637268
0.9453495144844055
0.8173502683639526
0.8310343623161316
0.652148962020874
0.7755022644996643
0.7334032654762268
0.8808186650276184
0.7435553073883057
0.7208468914031982
0.8774764537811279
0.9627315402030945
0.9998055100440979
0.9996575117111206
0.9994233846664429
0.9988730549812317
0.9989659786224365
0.9971088767051697
0.9967262744903564
0.9980487823486328
0.9978336691856384
0.9933573603630066
0.9915381669998169
0.991926372051239
0.9947652816772461
0.9959315657615662
0.9932624697685242
0.9892951846122742
0.9902111887931824
0.9911012649536133
0.9869892001152039
0.9909115433692932
0.99073326587677
0.9925277233123779
0.9921525120735168
0.9885213375091553
0.9862679243087769
0.9818102121353149
0.9436070322990417
0.9207817316055298
0.9380415081977844
0.9605101943016052
0.938843309879303
0.9796640872955322
0.9886962175369263
0.9769458174705505
0.9904336929321289
0.9841493964195251
0.974545419216156
0.9836564064025879
0.9812113046646118
0.9827825427055359
0.9896916747093201
0.9872124791145325
0.9734343886375427
0.987026035785675
0.9891878962516785
0.951354444026947
0.8592991232872009
0.9830384254455566
0.807477593421936
0.7873050570487976
0.933049201965332
0.7848107218742371
0.8327932357788086
0.7646426558494568
0.6552992463111877
0.541845440864563
0.7446331977844238
0.7329521179199219
0.8875982165336609
0.7894963026046753
0.7158219814300537
0.9638685584068298
0.9860292077064514
0.9841304421424866
0.9896413683891296
0.990251898765564
0.9859080910682678
0.9772791862487793
0.9795047640800476
0.9869879484176636
0.9782018661499023
0.9682120680809021
0.9787243008613586
0.9843788743019104
0.9888729453086853
0.9951589703559875
0.9926077127456665
0.9844226241111755
0.9884065985679626
0.9918962121009827
0.9916411638259888
0.9958100318908691
0.9960657954216003
0.9974830746650696
0.9951344132423401
0.9932383298873901
0.9853076934814453
0.9716475009918213
0.9583808779716492
0.9646497964859009
0.9664654731750488
0.9327589273452759
0.9583122134208679
0.9780961275100708
0.960687518119812
0.9332644939422607
0.9307554960250854
0.9485479593276978
0.9438168406486511
0.9675883650779724
0.9811221361160278
0.9728514552116394
0.9765312075614929
0.974267303943634
0.9265261292457581
0.7256082892417908
0.5972153544425964
0.6088996529579163
0.09884218126535416
0.13969576358795166
0.06638120859861374
0.03374949470162392
0.026999691501259804
0.02522108517587185
0.01682347245514393
0.04642685130238533
0.05322486162185669
0.06182705610990524
0.05809598043560982
0.016896488144993782
0.0419321209192276
0.012604987248778343
0.043237052857875824
0.013044128194451332
0.0997597724199295
0.026174306869506836
0.04263528808951378
0.02213348262012005
0.02259351685643196
0.043038204312324524
0.04708503186702728
0.03576276823878288
0.03193681687116623
0.04718148708343506
0.029529832303524017
0.03476237505674362
0.04075641185045242
0.015620267018675804
0.026463907212018967
0.06302131712436676
0.05287308618426323
0.07058490067720413
0.0631832405924797
0.04140932857990265
0.07574859261512756
0.04010568559169769
0.049415916204452515
0.05120088532567024
0.01199527271091938
0.06670045107603073
0.0429832898080349
0.0775841549038887
0.012467868626117706
0.020749472081661224
0.011454609222710133
0.013447098433971405
0.01870439574122429
0.008529426530003548
0.008676703087985516
0.011692281812429428
0.008559957146644592
0.012251882813870907
0.011861199513077736
0.011266699992120266
0.011474831961095333
0.007525481283664703
0.010509450919926167
0.00949557963758707
0.009517431259155273
0.010943525470793247
0.01204056665301323
0.008989178575575352
0.009750592522323132
0.01062706671655178
0.1801249235868454
0.2784987688064575
0.9420161843299866
0.8365389108657837
0.8205900192260742
0.8214703798294067
0.8114737868309021
0.7297518253326416
0.21041269600391388
0.023859933018684387
0.014199099503457546
0.00907342042773962
0.01126235630363226
0.00817990954965353
0.009040741249918938
0.03274289146065712
0.014731458388268948
0.010671855881810188
0.00991595908999443
0.017254529520869255
0.07968075573444366
0.102161705493927
0.13339224457740784
0.18668073415756226
0.28387290239334106
0.17859335243701935
0.2847064137458801
0.23455367982387543
0.4524243474006653
0.10713555663824081
0.19895917177200317
0.19062155485153198
0.2017054408788681
0.18840624392032623
0.23487374186515808
0.19040974974632263
0.12823428213596344
0.20284296572208405
0.3220210373401642
0.4393424689769745
0.6479013562202454
0.5745189189910889
0.6099780201911926
0.5707990527153015
0.7471712231636047
0.7787079215049744
0.9449760317802429
0.977220892906189
0.9884231686592102
0.9906550049781799
0.9860771894454956
0.9897520542144775
0.9796974062919617
0.9028645753860474
0.9113335013389587
0.9133544564247131
0.9336122870445251
0.9450519680976868
0.9243142008781433
0.8948450088500977
0.9352508187294006
0.9383684992790222
0.9659438729286194
0.9515108466148376
0.9762372970581055
0.9664714932441711
0.9722203612327576
0.9735215306282043
0.9765613079071045
0.9749112129211426
0.9010491371154785
0.8685839176177979
0.7584701776504517
0.6310130953788757
0.7384622097015381
0.6782154440879822
0.8700873851776123
0.9270115494728088
0.9202253818511963
0.896907389163971
0.9132160544395447
0.9071340560913086
0.7519161105155945
0.8091728687286377
0.8459420800209045
0.834019124507904
0.8628870248794556
0.786707878112793
0.7080628871917725
0.7710440754890442
0.8002808690071106
0.9237425923347473
0.702913761138916
0.6323984265327454
0.6384316682815552
0.4823482930660248
0.4191123843193054
0.5091163516044617
0.09279069304466248
0.017656609416007996
0.009063765406608582
0.005693838465958834
0.006340639665722847
0.0051064398139715195
0.005721115041524172
0.009430198930203915
0.06695643812417984
0.13406376540660858
0.08464352786540985
0.02053803578019142
0.05812809616327286
0.07357382774353027
0.006437831558287144
0.07029017060995102
0.07892555743455887
0.012200934812426567
0.13079944252967834
0.013226138427853584
0.012321160174906254
0.09882247447967529
0.09049157053232193
0.022059300914406776
0.12578004598617554
0.011886341497302055
0.010421214625239372
0.006805587559938431
0.0619552806019783
0.23184460401535034
0.2911776006221771
0.08002287894487381
0.08215039223432541
0.008617600426077843
0.08402897417545319
0.006438127253204584
0.006444230675697327
0.13167785108089447
0.006110059097409248
0.02272021770477295
0.004391946829855442
0.02739165537059307
0.005676304455846548
0.00726104574277997
0.043465886265039444
0.6699252128601074
0.7828691601753235
0.8697629570960999
0.9111130833625793
0.9158101081848145
0.9107621908187866
0.9168118834495544
0.8843092322349548
0.8255684971809387
0.98005610704422
0.9481841325759888
0.9566606283187866
0.9655569195747375
0.9099547266960144
0.8167747855186462
0.9130172729492188
0.7574938535690308
0.595425546169281
0.7115218043327332
0.6635787487030029
0.6947113275527954
0.6882463693618774
0.6840259432792664
0.6223466992378235
0.7676693797111511
0.7927195429801941
0.8444165587425232
0.8336398601531982
0.87624591588974
0.8781068325042725
0.9030222296714783
0.874341607093811
0.9133952260017395
0.8342828154563904
0.7730090022087097
0.8077604174613953
0.7620768547058105
0.7542737722396851
0.7099828124046326
0.6888244152069092
0.7234620451927185
0.6988335251808167
0.848761260509491
0.8006241321563721
0.8303398489952087
0.8240385055541992
0.8235729932785034
0.7017703652381897
0.7665725350379944
0.7223418354988098
0.9002083539962769
0.8549596667289734
0.9152963757514954
0.9524043798446655
0.9500755071640015
0.9427496194839478
0.9524693489074707
0.9535625576972961
0.9509198665618896
0.954166829586029
0.9582445621490479
0.9345834255218506
0.9320062398910522
0.9641727805137634
0.9830096364021301
0.9760844111442566
0.9462701082229614
0.946967363357544
0.9742981791496277
0.9264699220657349
0.9282301664352417
0.957347571849823
0.9275407195091248
0.9372025728225708
0.9562798142433167
0.9501641988754272
0.9501338005065918
0.9515652060508728
0.9159379601478577
0.9315842986106873
0.9495014548301697
0.9363230466842651
0.9428436160087585
0.999901533126831
0.9998798370361328
0.9998956918716431
0.9998825788497925
0.9998779296875
0.9998482465744019
0.9998346567153931
0.9998041987419128
0.9995808005332947
0.9996217489242554
0.999413251876831
0.9994826316833496
0.9995576739311218
0.9997071623802185
0.9996950626373291
0.9997140765190125
0.9996145963668823
0.9997612833976746
0.9996987581253052
0.9996434450149536
0.9990991353988647
0.997688889503479
0.9978834986686707
0.9973335266113281
0.998481810092926
0.9979142546653748
0.9962659478187561
0.9965885877609253
0.9966610670089722
0.9962908029556274
0.9980039000511169
0.9972684383392334
0.9976660013198853
0.9981555342674255
0.9977222084999084
0.9968506693840027
0.9967760443687439
0.9961422085762024
0.9966734647750854
0.9950162768363953
0.9949012994766235
0.992691695690155
0.9889572262763977
0.9934544563293457
0.9946616291999817
0.9928573369979858
0.9919121265411377
0.9947394728660583
0.9931475520133972
0.9946388602256775
0.9918205738067627
0.9953042268753052
0.9947070479393005
0.9941943287849426
0.9904048442840576
0.9914856553077698
0.988125205039978
0.9873343706130981
0.975763201713562
0.9851043820381165
0.9798500537872314
0.9830044507980347
0.9658392071723938
0.9542628526687622
0.9701897501945496
0.9792941212654114
0.9866414070129395
0.96894371509552
0.9503232836723328
0.9508650898933411
0.9545441269874573
0.9500529170036316
0.9412234425544739
0.9397640228271484
0.96087646484375
0.9490458965301514
0.9015218615531921
0.9198422431945801
0.9709535837173462
0.9849231243133545
0.9747025370597839
0.9703937768936157
0.9835668802261353
0.9795423746109009
0.9692835211753845
0.9726242423057556
0.9740084409713745
0.9833322763442993
0.9834370613098145
0.946700394153595
0.9695418477058411
0.9825114607810974
0.9873223900794983
0.9690557718276978
0.9632587432861328
0.9593412280082703
0.9311317801475525
0.9551393985748291
0.9520733952522278
0.9383796453475952
0.9430232644081116
0.9416619539260864
0.9570357799530029
0.9562888741493225
0.958598792552948
0.9760550856590271
0.9844033718109131
0.9810272455215454
0.9814900755882263
0.9678972959518433
0.9782319664955139
0.9789624810218811
0.9683017134666443
0.984357476234436
0.9835912585258484
0.9751796126365662
0.9815163612365723
0.9783097505569458
0.9475538730621338
0.9606828689575195
0.940601110458374
0.9399110078811646
0.937065839767456
0.9468141794204712
0.9503182172775269
0.9598973393440247
0.9660499691963196
0.9677761197090149
0.9766563773155212
0.9780341982841492
0.9877715110778809
0.979774534702301
0.9892550706863403
0.9808617234230042
0.9841604828834534
0.9703161120414734
0.9775257706642151
0.959725558757782
0.9542525410652161
0.9595556259155273
0.964892566204071
0.9571185111999512
