289.0,0.0,161.0,457.0
282,3,168,447
282,3,168,449
283,4,166,445
284,4,168,447
283,3,169,449
284,4,169,445
285,3,168,447
286,4,168,447
285,4,168,446
285,5,169,446
282,4,172,444
285,5,167,444
282,4,169,443
279,3,171,446
281,5,169,445
282,5,169,445
282,6,169,444
279,6,170,443
282,6,165,444
279,1,168,448
281,5,165,444
283,1,163,447
278,5,168,442
281,5,166,445
280,5,166,442
281,4,165,445
278,1,169,445
280,5,167,442
278,4,172,443
279,3,170,445
279,6,168,443
277,4,172,446
277,2,172,446
272,3,172,448
277,4,172,447
273,2,171,446
269,2,173,450
269,2,172,450
266,1,172,449
268,1,168,450
265,0,169,454
266,2,165,448
264,0,163,451
265,0,160,451
263,0,161,451
263,0,160,453
263,0,160,453
263,0,160,452
262,0,160,453
262,1,158,451
262,2,157,449
260,0,162,452
260,0,161,453
258,0,162,453
256,1,165,453
255,1,165,452
254,0,167,453
255,0,165,455
251,1,171,454
252,0,168,454
250,0,170,455
248,2,174,452
251,1,168,456
251,0,171,454
252,3,170,452
254,0,167,456
249,1,172,453
249,2,172,453
253,0,165,452
250,1,170,453
251,0,168,454
251,0,166,456
252,1,167,455
250,1,166,453
255,1,163,454
252,0,162,459
250,0,167,460
256,0,158,460
251,0,167,468
251,0,163,465
252,0,164,467
255,0,167,472
258,1,159,470
260,1,158,469
257,2,160,468
258,0,160,472
258,0,158,472
258,1,158,473
257,1,157,470
257,0,155,470
261,0,149,472
258,0,148,470
258,0,152,473
258,0,152,476
259,0,151,473
254,0,150,476
260,0,143,475
256,0,152,474
254,0,149,475
258,0,145,475
257,0,148,476
257,0,154,475
257,0,154,474
258,0,158,474
255,0,162,476
258,0,163,475
257,0,165,476
258,0,163,475
258,0,165,475
257,0,168,475
257,0,165,476
261,0,164,478
259,0,163,477
263,0,159,477
261,0,160,478
263,0,162,477
261,0,158,477
264,0,155,478
262,0,158,477
264,0,156,477
264,0,155,476
265,0,156,477
264,0,155,475
267,0,154,476
266,0,157,474
266,0,158,474
266,0,160,473
267,0,158,473
269,0,157,473
266,0,161,474
268,8,160,467
267,15,159,458
267,30,159,442
266,36,159,438
265,43,165,429
267,49,160,423
266,60,159,410
268,79,161,392
268,76,157,394
268,82,157,387
270,93,156,374
265,97,161,364
266,103,158,354
267,98,157,357
268,98,158,357
266,107,156,349
262,118,157,339
262,122,157,336
262,126,155,332
263,129,155,331
265,135,152,323
265,142,153,317
265,148,151,315
267,151,148,313
269,157,148,308
270,160,146,303
272,163,144,302
273,164,143,304
275,162,142,308
275,158,142,309
276,155,142,306
276,150,143,304
276,145,144,309
275,137,145,319
276,138,146,308
275,139,149,301
274,132,150,310
274,132,148,311
275,131,145,312
274,131,147,312
273,132,148,310
271,133,148,310
271,137,146,309
271,141,145,305
267,144,150,304
263,147,153,301
264,151,151,299
265,158,151,294
266,158,150,296
265,163,148,289
264,163,146,290
266,167,142,285
266,168,142,283
265,171,141,280
264,171,142,277
264,173,141,273
263,176,137,272
264,179,138,268
262,178,137,268
263,183,135,264
265,183,131,266
263,186,132,263
264,188,131,260
262,189,135,259
263,190,133,256
264,190,134,253
264,189,132,253
262,190,135,251
263,191,141,248
265,191,142,247
266,190,142,251
267,190,143,250
269,190,141,251
269,190,143,248
270,191,143,247
270,193,144,245
272,195,139,243
272,197,138,241
272,201,136,237
274,203,136,233
274,206,137,229
274,207,138,227
277,211,136,223
279,213,135,220
282,216,133,217
283,218,131,214
284,218,131,212
285,219,131,213
284,218,132,213
285,216,130,215
286,213,131,218
288,209,129,223
289,203,129,229
289,199,130,232
288,194,129,235
288,191,131,236
287,186,133,237
288,184,133,237
285,181,135,241
285,179,135,244
285,177,136,243
285,176,138,243
286,175,136,246
287,175,135,246
287,178,136,246
284,178,139,248
284,180,136,247
286,183,133,245
283,186,135,242
287,188,129,240
286,192,128,236
286,194,127,232
289,195,122,228
290,198,120,224
290,198,118,223
291,198,116,222
292,197,114,223
293,198,115,221
293,196,114,222
293,196,113,223
292,193,113,225
291,192,115,232
290,191,116,235
290,191,114,235
294,188,111,238
293,188,112,239
293,185,112,237
292,183,113,236
294,181,111,230
294,179,110,232
294,177,111,233
295,175,111,231
295,173,113,229
295,172,112,229
294,169,111,230
293,170,112,226
293,167,111,227
294,169,109,225
293,168,109,225
295,172,108,225
295,172,109,225
295,177,108,224
295,180,109,223
295,182,109,221
296,186,107,221
298,187,106,220
298,186,107,222
299,185,108,223
299,183,108,225
299,181,108,226
298,178,110,228
296,173,113,229
295,169,116,231
293,164,118,233
291,158,123,236
289,151,123,239
287,144,128,241
281,138,133,241
277,132,139,246
269,124,148,251
266,118,154,258
261,114,164,261
257,112,172,264
258,111,175,265
253,105,187,271
254,100,187,279
252,100,192,280
250,101,193,281
257,107,187,276
253,100,189,284
259,99,182,282
259,86,182,297
256,75,182,307
250,80,190,301
247,70,191,310
244,67,193,310
234,67,199,309
226,64,203,306
221,61,207,311
221,66,202,304
222,63,199,305
224,62,191,303
235,66,180,300
250,51,164,313
269,59,141,306
271,53,129,309
279,56,116,308
278,55,113,312
282,54,103,311
287,58,96,308
288,55,92,309
288,53,90,311
289,53,86,312
290,54,87,309
287,53,100,310
288,52,110,312
287,51,119,312
285,52,127,315
285,55,131,308
287,55,136,306
286,58,139,305
281,58,150,304
278,58,156,304
278,57,160,306
279,58,163,306
273,59,172,305
272,61,176,306
273,61,175,305
266,62,184,303
266,64,187,300
263,63,193,302
270,64,186,303
268,56,200,305
271,63,180,296
257,56,210,298
258,62,211,296
250,57,221,300
248,56,224,303
260,51,214,303
258,50,220,302
250,53,228,299
259,48,221,300
241,46,245,302
234,54,252,287
234,44,256,295
228,46,260,289
231,40,261,294
228,33,267,299
229,31,266,300
237,29,261,301
242,29,262,302
241,29,261,307
236,33,268,306
235,37,268,309
237,46,265,310
233,55,269,307
250,60,255,309
239,65,267,304
241,64,267,304
247,65,261,303
243,63,267,305
238,65,268,298
250,59,254,301
252,52,252,305
251,53,251,302
250,52,250,301
261,49,234,301
260,47,234,308
253,45,239,309
237,52,249,305
236,56,243,300
238,55,238,310
249,63,224,306
256,65,213,309
254,67,211,310
256,70,202,309
254,76,200,306
248,77,201,306
253,78,193,305
256,82,186,299
252,77,189,302
258,73,177,304
257,71,178,303
262,69,169,302
267,64,166,303
267,64,165,301
272,64,160,300
274,58,157,305
275,63,155,300
276,62,153,301
278,57,146,310
281,57,140,310
284,56,136,313
288,56,130,314
292,64,127,309
303,58,114,320
312,72,108,308
320,64,98,317
324,65,96,317
321,66,99,315
329,67,93,316
323,66,101,317
332,65,97,316
330,64,101,315
333,67,103,310
328,54,113,322
329,61,116,314
331,56,124,316
326,58,138,314
324,58,149,310
324,52,156,317
322,53,172,314
318,52,179,316
311,57,192,311
306,59,209,311
302,60,217,311
295,61,230,312
292,65,236,308
286,57,248,319
278,67,258,308
269,63,263,311
261,63,271,310
254,61,279,310
251,60,279,308
245,58,284,310
237,54,286,317
231,56,287,315
228,48,286,321
227,49,280,321
222,51,277,317
220,47,272,322
221,47,263,323
220,51,257,319
216,49,251,322
215,50,243,324
212,59,235,314
205,56,230,317
202,55,218,318
202,56,208,315
202,53,196,319
203,52,182,322
199,50,170,322
199,49,158,318
199,46,146,321
198,47,136,311
204,42,119,316
204,45,111,316
204,40,106,321
201,45,104,319
194,44,105,321
187,46,104,323
180,46,108,324
172,50,108,325
168,52,105,325
164,56,106,323
169,53,107,325
170,56,110,325
170,58,115,327
168,57,122,328
168,55,130,333
170,59,135,328
170,59,139,328
165,56,149,329
166,58,152,328
165,56,160,327
165,55,166,328
163,55,177,326
162,54,185,326
162,52,196,328
160,48,206,333
164,49,210,334
166,49,214,332
167,45,218,338
167,54,226,331
171,47,228,336
171,50,232,334
173,50,235,334
174,48,240,335
173,43,247,346
179,50,256,338
186,47,260,340
195,46,264,339
206,46,265,336
213,48,270,335
221,46,274,337
233,43,277,338
242,45,280,335
251,40,282,343
265,40,279,340
270,40,285,339
282,40,283,341
281,40,288,339
285,37,282,340
287,41,284,335
295,38,277,340
298,40,278,334
301,42,275,332
303,42,267,335
306,42,265,337
309,46,260,334
312,44,256,333
311,46,256,332
316,47,250,332
320,45,246,336
323,44,244,337
329,46,239,336
334,36,233,344
337,45,232,336
342,40,222,338
344,33,218,347
343,37,215,343
344,34,208,345
345,38,207,337
347,30,201,348
340,27,203,350
333,33,197,344
322,30,189,347
312,31,183,346
304,33,178,345
299,30,173,346
287,32,172,344
281,28,170,348
268,32,162,343
258,31,161,341
251,29,153,342
245,31,151,336
234,32,156,334
229,31,159,333
222,29,164,338
214,29,170,339
212,31,167,338
208,31,166,339
204,35,164,336
199,37,160,337
194,41,157,337
187,42,153,338
181,45,148,339
168,45,152,344
158,47,152,346
148,48,153,345
135,50,152,346
124,52,148,348
114,53,150,347
103,54,152,351
93,55,156,348
82,55,163,349
74,49,171,355
65,50,177,355
58,47,185,358
54,46,187,359
54,46,188,358
67,51,187,350
74,48,189,353
78,46,191,357
79,49,196,353
80,52,203,353
81,54,205,354
82,52,205,354
80,56,215,352
84,52,220,355
85,56,221,352
90,60,221,347
93,55,223,347
96,52,223,348
99,58,222,338
101,54,224,340
104,53,222,341
107,51,222,341
111,51,222,339
111,46,223,342
119,45,216,341
120,46,216,336
121,50,219,332
124,50,219,332
125,50,219,329
128,48,218,328
132,51,219,325
136,51,218,327
138,54,222,324
143,54,222,324
147,53,225,327
151,54,226,329
158,53,223,327
164,49,223,328
168,53,226,323
174,41,225,333
184,44,218,331
189,45,212,331
198,50,199,330
205,47,191,334
213,34,178,352
219,32,169,352
220,32,163,351
226,33,159,349
233,32,154,350
241,33,148,350
247,35,144,348
256,34,138,347
261,31,137,349
265,33,134,347
269,30,133,351
272,29,127,351
275,29,126,348
274,28,127,346
278,27,124,347
279,28,125,349
279,29,127,344
283,32,120,343
285,34,117,340
286,31,117,343
288,33,118,342
289,30,117,338
289,30,116,342
290,32,116,340
291,30,116,339
290,31,118,340
291,29,117,340
290,26,123,341
289,28,125,339
286,29,129,338
284,28,129,340
288,29,123,343
290,29,118,343
291,29,118,343
281,32,130,344
269,31,147,345
262,33,157,340
260,36,159,340
257,36,166,342
258,38,166,340
266,37,159,342
278,40,147,339
287,40,132,340
299,44,119,333
304,38,140,341
303,37,152,340
302,41,165,335
294,38,186,340
289,36,191,340
283,35,190,344
280,32,189,344
276,34,185,345
271,37,187,339
265,36,197,340
239,34,220,343
216,36,241,346
183,37,260,340
167,41,259,335
157,45,240,332
153,43,220,333
150,40,220,340
160,44,200,331
182,43,166,335
202,43,136,333
188,42,144,337
180,40,144,337
175,44,143,335
176,45,141,332
173,43,132,333
166,45,130,332
160,48,131,331
150,47,134,333
142,50,136,335
141,51,130,332
143,52,123,334
158,55,114,343
162,54,140,340
164,53,152,344
144,54,180,344
128,50,214,345
99,52,247,339
85,55,259,334
81,50,261,337
80,47,248,336
86,41,226,339
89,42,222,339
96,43,216,336
106,38,213,341
109,39,218,344
110,38,217,346
108,37,216,349
111,41,218,346
121,38,211,353
140,36,193,358
166,31,165,363
198,31,130,362
214,32,124,363
223,29,140,372
240,31,154,368
249,24,170,372
262,20,168,378
264,21,170,380
270,14,167,387
276,11,159,388
285,9,143,385
283,8,146,384
290,10,127,382
294,5,124,389
292,6,135,390
296,10,139,388
293,8,145,391
299,13,142,388
306,6,143,399
303,11,162,398
309,7,155,400
315,10,159,402
313,9,187,401
313,5,214,404
318,9,232,402
316,6,231,404
342,4,210,402
343,3,214,401
339,1,206,403
338,1,181,400
334,2,163,401
331,4,135,397
312,0,137,405
275,0,171,411
263,0,184,405
221,0,225,408
222,0,222,408
193,0,255,406
195,0,259,408
175,0,284,408
180,0,274,401
174,0,278,394
188,0,272,399
184,0,288,402
188,0,287,405
183,0,295,405
189,0,284,406
193,0,263,410
191,0,244,415
186,0,228,417
180,1,199,417
170,3,175,421
170,1,153,424
163,0,142,427
166,0,133,428
160,0,129,431
151,1,128,431
142,0,138,435
132,0,141,438
117,1,153,439
101,2,173,432
83,2,189,432
72,1,196,429
59,0,202,429
44,0,212,437
31,0,221,439
21,0,224,440
11,0,224,444
6,0,215,443
3,0,202,446
4,0,192,448
0,0,185,445
0,0,174,448
0,0,166,448
0,0,155,449
0,0,153,450
0,0,162,453
0,0,182,455
0,0,193,456
0,0,201,459
0,0,210,464
0,0,216,469
0,0,230,474
4,0,241,471
19,0,231,467
37,0,227,471
51,0,211,474
64,0,212,474
80,0,208,476
90,0,208,475
101,0,200,475
107,0,221,475
124,0,222,475
134,0,228,469
147,0,230,466
170,0,216,471
182,3,215,472
191,3,212,472
196,3,214,471
202,3,225,470
216,0,234,476
214,0,256,474
244,0,228,472
232,0,262,475
285,0,223,474
292,0,226,474
305,0,232,474
326,0,223,479
339,0,216,479
357,0,208,478
375,0,203,476
383,0,203,478
402,0,193,474
398,0,195,477
403,0,194,475
410,0,199,478
414,0,201,478
421,0,201,474
424,0,204,474
427,0,205,476
429,0,205,475
433,0,205,473
436,0,202,477
435,0,204,474
432,0,207,477
432,4,207,474
432,15,207,458
431,22,205,454
437,50,202,425
430,42,206,433
416,66,216,409
408,60,225,418
393,88,242,387
386,104,234,369
375,83,248,390
361,99,267,375
342,130,292,346
326,94,305,381
304,121,325,354
287,134,330,341
274,137,323,339
265,143,313,333
258,139,339,337
257,137,322,338
254,139,318,337
256,137,308,339
256,134,297,343
256,135,281,344
265,131,253,342
265,135,240,340
268,124,226,353
270,135,214,342
267,63,210,416
264,126,203,351
251,104,208,370
238,141,214,336
225,107,218,368
215,143,219,334
205,123,224,356
194,143,221,335
193,146,229,329
216,146,218,330
204,133,234,344
214,143,232,332
211,147,238,329
204,147,248,329
204,145,256,332
207,145,268,332
205,145,298,332
194,147,323,329
195,146,332,327
192,145,336,326
193,142,326,330
194,142,323,332
195,141,328,331
189,141,336,328
182,141,347,324
177,141,353,320
192,140,345,332
216,139,332,333
212,135,345,338
242,134,315,339
237,135,322,341
255,132,308,346
263,134,306,344
277,129,315,348
298,123,327,355
314,125,317,352
328,117,307,360
345,112,293,366
358,106,280,372
359,105,279,373
398,91,241,386
399,81,240,396
409,67,230,407
426,56,213,418
422,47,217,427
428,32,211,442
406,23,233,451
411,18,228,455
423,17,216,456
429,12,210,462
422,17,217,458
433,0,206,477
423,2,216,475
423,4,216,474
418,3,221,473
430,0,209,474
419,0,220,476
381,0,258,474
401,0,236,473
421,0,218,470
355,0,284,478
375,0,264,476
359,0,279,471
352,0,282,469
318,0,314,472
344,0,288,466
313,0,320,472
315,0,316,471
307,0,322,465
297,0,330,465
303,0,319,463
295,0,311,468
290,0,322,472
280,0,320,468
276,0,310,455
266,0,301,460
249,0,312,459
237,0,283,461
222,0,286,461
207,0,276,460
194,0,285,465
182,0,280,463
169,0,280,465
150,0,276,467
124,0,287,462
115,0,274,468
100,0,268,465
87,0,266,464
77,0,266,464
75,0,246,463
62,0,244,459
58,0,235,465
53,0,221,463
49,0,204,459
46,0,190,460
38,0,183,465
28,0,182,469
17,0,181,468
5,0,184,473
0,0,173,470
0,0,159,473
0,1,147,469
0,1,136,471
0,0,124,473
0,1,117,475
0,2,117,471
0,11,124,463
0,15,129,459
0,8,150,466
0,0,152,474
0,0,170,476
0,1,182,473
0,0,188,472
0,0,204,471
0,0,199,469
0,0,207,465
2,0,213,465
0,0,219,456
0,0,224,452
0,0,230,448
0,0,227,447
0,0,234,448
1,0,239,445
0,0,241,441
0,0,243,437
2,0,239,437
3,0,244,439
0,0,258,439
4,0,265,439
14,0,265,440
40,0,243,438
57,0,233,441
68,0,227,436
79,0,223,433
92,0,211,428
101,0,205,420
106,0,206,424
115,0,201,420
130,0,190,422
135,0,183,415
143,0,174,410
144,0,181,410
161,0,170,409
171,0,160,412
171,0,169,408
184,0,160,408
180,0,170,420
194,0,158,420
182,0,174,428
205,3,155,428
209,9,156,424
222,13,143,421
231,22,140,415
234,10,141,425
232,16,146,418
237,17,144,413
242,18,148,407
248,18,145,402
250,12,141,403
247,13,140,398
245,4,140,404
246,6,141,400
243,2,142,400
241,0,145,403
240,2,148,400
239,1,147,400
239,2,148,403
241,4,143,400
241,5,143,409
242,11,140,400
242,13,139,402
242,14,135,404
239,12,136,410
237,12,136,412
237,13,134,410
228,10,140,412
216,17,143,406
199,13,146,406
182,15,145,403
178,8,132,405
163,5,131,410
151,6,132,406
140,5,131,406
129,8,128,405
110,15,135,397
114,11,118,399
86,21,137,393
84,20,125,388
66,24,136,386
54,24,139,388
42,24,144,393
22,22,154,394
10,16,158,399
0,13,166,403
0,10,152,408
0,5,139,416
0,6,127,415
0,9,116,407
0,37,102,390
0,39,82,380
0,37,59,383
0,35,48,389
0,30,35,211
0,37,32,92
0,42,17,83
16,4,77,41
40,0,128,144
84,53,300,299
538,41,101,356
426,24,213,281
289,10,350,336
255,3,384,398
269,0,370,394
244,0,395,359
199,0,440,395
190,0,449,366
211,0,428,408
77,0,562,452
189,0,450,410
108,0,531,473
113,0,526,463
131,0,508,426
120,0,519,480
99,0,540,480
98,0,541,480
0,39,103,425
0,74,95,383
0,62,115,392
0,64,131,389
0,14,143,438
0,3,155,444
0,0,160,449
0,0,170,449
0,0,175,449
0,0,183,450
4,0,182,449
10,0,187,444
34,1,175,443
43,1,173,446
59,0,166,446
73,0,159,449
94,0,151,449
114,0,143,457
129,0,142,460
143,1,136,460
157,2,135,460
165,1,133,462
177,3,134,460
187,2,137,463
195,5,142,461
203,0,159,460
210,0,160,456
220,0,162,453
232,0,162,451
232,0,154,450
231,0,153,448
230,0,158,443
230,0,157,442
230,0,165,439
233,0,164,440
236,0,164,441
243,2,160,439
249,0,153,438
253,0,153,436
262,0,146,439
271,0,140,441
278,0,138,449
281,0,138,456
281,5,141,451
280,9,145,446
281,11,155,447
282,17,163,438
287,15,170,437
290,13,171,436
291,8,179,435
290,6,175,433
292,0,182,437
291,0,184,437
291,0,181,438
292,0,189,436
295,0,172,444
301,3,173,441
304,8,165,441
309,13,164,437
314,23,161,428
319,33,158,426
323,36,157,423
331,42,151,418
337,52,152,411
339,59,154,408
337,62,159,408
335,64,169,406
330,66,179,402
325,68,194,395
328,72,196,386
321,70,214,391
321,72,231,385
321,73,241,381
318,72,243,372
319,77,250,374
320,79,254,369
321,81,258,367
323,86,259,364
323,91,260,359
328,97,256,354
330,99,252,350
332,104,248,346
334,110,243,347
326,113,242,348
319,115,240,347
318,118,233,347
317,117,226,348
315,118,226,350
313,118,225,347
312,111,220,354
307,105,214,362
300,100,212,365
290,94,208,365
279,85,205,374
269,80,205,378
260,75,210,380
246,73,220,383
238,70,224,385
231,66,227,389
224,67,232,391
219,65,232,399
212,67,235,396
206,66,234,399
197,67,234,398
186,65,236,402
175,65,237,403
164,62,240,408
152,64,244,407
138,54,251,417
123,51,250,419
107,51,258,419
89,42,269,428
74,43,274,424
72,40,281,431
72,34,287,431
72,33,287,429
73,28,290,436
70,33,296,436
67,30,290,439
70,30,297,434
87,28,290,432
95,28,289,430
106,28,286,425
115,24,279,423
123,21,279,431
130,16,280,433
144,12,275,436
152,8,275,446
170,5,264,444
183,0,254,453
197,0,252,453
213,0,251,453
226,0,250,453
239,0,255,454
253,0,258,455
267,0,257,456
278,0,251,461
294,0,246,460
310,0,248,460
323,0,251,461
337,0,256,465
353,0,274,469
362,0,270,471
364,0,248,469
368,0,245,469
380,0,246,469
390,0,248,471
404,0,235,472
407,0,232,477
402,0,237,473
399,0,240,473
391,0,248,475
384,0,255,476
376,0,263,475
375,0,264,478
363,0,276,476
358,0,281,471
353,0,286,478
342,0,297,476
334,0,305,475
329,0,310,474
321,0,318,467
319,0,315,471
319,0,317,466
324,0,310,465
328,0,308,467
336,1,293,461
342,3,282,461
346,0,267,463
345,5,261,463
350,0,221,469
345,7,196,463
341,6,186,468
338,3,184,472
341,0,178,474
336,0,177,472
332,0,172,472
325,0,170,465
318,0,163,458
305,0,165,457
296,0,162,455
285,0,160,454
281,0,151,453
263,1,158,450
247,0,167,447
231,0,173,447
211,0,189,450
194,2,195,451
181,0,201,459
162,0,210,457
157,0,207,459
151,0,198,469
146,4,191,464
144,2,184,470
145,3,172,464
141,3,169,463
128,0,166,468
117,0,169,469
104,3,167,465
89,0,171,468
81,0,168,467
72,1,166,463
57,1,164,458
42,0,168,461
28,2,166,453
12,0,170,460
1,0,169,460
0,0,156,457
0,0,144,462
0,0,141,468
0,0,139,464
0,0,139,467
0,1,141,465
0,0,136,468
0,1,135,469
0,1,131,466
0,0,130,470
0,1,129,470
0,3,126,468
0,1,123,468
0,2,122,467
0,3,125,465
0,0,123,467
0,4,124,456
0,3,124,458
0,2,126,457
0,0,133,457
0,0,139,456
0,0,156,459
1,0,163,448
7,0,176,442
25,0,169,440
41,0,171,441
52,1,175,436
65,0,160,441
77,3,163,432
88,1,158,432
100,2,150,435
113,0,149,433
126,0,139,437
134,4,147,438
144,3,144,430
146,6,151,435
158,3,151,423
166,2,154,434
180,3,155,416
201,7,149,402
214,4,153,405
231,3,153,403
246,3,149,398
260,1,147,409
276,1,144,411
288,0,147,408
300,0,150,409
318,0,149,417
330,1,156,419
340,0,155,423
342,2,159,421
348,0,172,421
345,3,179,418
349,0,188,420
353,0,179,420
354,0,184,420
357,0,182,419
361,0,181,421
361,0,180,421
361,0,178,422
364,0,172,423
369,1,168,421
370,0,170,424
370,0,171,427
374,1,172,425
382,1,169,433
387,2,171,434
394,2,167,441
405,2,159,440
409,0,158,446
417,0,151,449
427,0,142,451
431,0,145,458
437,0,146,460
443,0,166,455
448,0,168,455
448,0,182,454
455,1,178,461
457,1,178,469
459,3,175,461
460,0,176,463
460,2,173,464
461,0,175,467
458,0,176,472
456,0,179,473
456,0,175,472
455,0,180,472
454,0,178,474
455,0,179,473
456,0,178,475
460,0,171,473
460,0,178,472
452,1,184,474
441,1,190,475
433,1,198,473
428,0,195,472
417,5,197,466
411,5,196,467
401,0,199,475
390,4,198,470
381,2,199,470
360,0,205,474
359,1,193,471
359,2,180,472
348,1,181,467
343,0,173,465
338,0,172,471
331,0,171,462
321,0,169,464
308,0,169,463
301,0,169,459
288,0,171,465
279,0,170,469
267,0,166,471
251,0,164,474
237,0,162,472
222,1,162,473
207,0,162,478
190,0,161,478
174,6,158,470
160,21,158,458
152,32,151,445
138,38,153,436
126,48,153,428
114,55,153,422
102,57,153,418
85,58,158,416
71,62,159,416
59,72,164,406
39,84,166,391
19,80,170,397
2,84,174,392
0,79,159,398
0,78,145,398
0,76,137,397
0,73,141,404
0,68,140,407
0,59,134,414
0,55,131,420
0,48,122,425
0,40,123,437
0,33,117,442
0,28,121,447
0,21,115,450
0,16,113,457
0,10,109,463
0,5,87,461
0,4,102,452
0,2,92,438
0,0,98,405
0,2,113,411
0,0,113,351
1,0,119,316
1,0,97,447
0,0,92,444
0,0,95,448
0,0,96,454
0,1,94,456
0,0,92,463
0,0,97,466
0,0,93,465
0,0,95,468
0,0,96,472
0,0,107,475
0,0,107,471
0,0,115,472
0,0,121,473
0,0,124,474
0,0,130,477
0,0,135,477
0,0,143,475
0,0,147,475
0,0,151,473
0,0,157,475
1,0,161,474
0,0,170,476
0,0,173,477
0,0,177,476
0,2,185,475
0,0,189,478
0,0,195,474
0,1,199,475
0,0,205,476
0,0,217,475
0,1,223,474
3,0,232,474
14,1,227,473
22,3,230,474
28,2,229,473
35,3,237,476
40,0,237,477
43,1,242,478
48,1,246,478
54,1,247,477
56,0,254,479
64,3,246,476
64,1,247,475
68,5,245,474
70,5,247,470
73,1,245,477
69,0,248,479
71,3,242,473
72,1,240,474
72,0,238,475
71,0,240,477
71,0,243,476
72,0,237,476
71,0,232,478
72,0,235,476
69,0,240,476
72,0,236,476
73,0,232,476
73,0,232,474
73,0,231,478
73,0,232,473
72,0,234,478
71,0,232,475
71,0,235,472
74,3,230,475
69,0,238,474
71,6,235,469
68,1,235,475
67,0,238,476
66,10,238,466
65,1,241,474
67,13,238,462
63,1,242,474
59,9,244,466
59,2,246,475
59,5,251,472
60,2,260,476
69,4,259,473
74,5,261,470
83,0,253,476
88,3,255,471
93,0,263,477
103,1,257,475
109,0,259,479
115,3,263,473
124,2,259,474
136,2,255,477
142,0,258,479
152,0,252,478
153,0,256,476
160,0,255,477
160,0,262,477
176,1,252,474
175,0,263,475
186,0,259,478
196,0,265,478
199,0,265,478
214,0,258,477
216,0,266,479
225,0,258,478
224,2,253,475
221,0,257,475
219,1,264,475
221,0,262,476
225,0,255,476
220,0,263,475
219,0,262,478
216,0,265,476
212,0,274,475
217,0,268,479
215,0,264,479
219,1,263,476
218,1,269,474
213,0,264,477
212,0,270,475
213,2,267,475
214,0,266,479
213,0,266,480
213,0,267,480
211,0,266,480
208,0,273,480
213,1,262,476
204,0,274,476
203,1,277,478
208,0,270,477
208,0,268,480
205,0,271,480
201,0,273,476
207,1,265,478
191,0,281,478
191,0,276,480
190,0,278,479
186,0,276,479
182,0,280,479
193,0,265,480
188,0,269,479
167,0,281,480
178,0,276,480
172,0,279,480
165,0,287,480
162,0,279,478
156,0,284,478
145,0,294,480
149,0,291,480
131,0,306,479
131,0,303,478
129,3,303,471
122,5,315,474
121,2,317,474
143,5,293,471
128,0,306,478
124,0,312,475
