1
0.9998893737792969
0.9998887777328491
0.9998921155929565
0.9998852014541626
0.999873161315918
0.9998575448989868
0.9998797178268433
0.9998756647109985
0.9998818635940552
0.9998873472213745
0.9998363256454468
0.9998685121536255
0.9998542070388794
0.9998409748077393
0.9998562335968018
0.9998239874839783
0.9998328685760498
0.999768078327179
0.9997901320457458
0.9997922778129578
0.9997692704200745
0.9996838569641113
0.9997926354408264
0.9997109770774841
0.9996728897094727
0.9995724558830261
0.9995157718658447
0.9993628859519958
0.9992009997367859
0.996711015701294
0.9967149496078491
0.995311439037323
0.9968425035476685
0.9979645013809204
0.9982606768608093
0.9981655478477478
0.9975544810295105
0.9978055357933044
0.9975231289863586
0.9976903200149536
0.9969704151153564
0.9980066418647766
0.9962051510810852
0.997940719127655
0.9969672560691833
0.9969275593757629
0.9963550567626953
0.996242880821228
0.9959022402763367
0.9965118765830994
0.9953150749206543
0.9967979788780212
0.9972673654556274
0.995890200138092
0.9963088631629944
0.9965019226074219
0.9967350363731384
0.9974218606948853
0.9965835809707642
0.9962612986564636
0.9949829578399658
0.9940933585166931
0.9954928159713745
0.9962558746337891
0.9967601895332336
0.997516393661499
0.9967219233512878
0.9972696900367737
0.9969294667243958
0.997041642665863
0.9962918758392334
0.9963279366493225
0.9963178634643555
0.9957643747329712
0.9956144094467163
0.9966111779212952
0.9962890148162842
0.9980600476264954
0.9972414970397949
0.9972078204154968
0.9966692328453064
0.9973837733268738
0.9970953464508057
0.996971607208252
0.9973294734954834
0.9964764714241028
0.9964046478271484
0.9966564178466797
0.9947185516357422
0.9959521293640137
0.9955333471298218
0.9945090413093567
0.9948039650917053
0.9972531199455261
0.9966955184936523
0.9960965514183044
0.9969057440757751
0.9962576627731323
0.9966442584991455
0.9970294237136841
0.9961466789245605
0.9965618252754211
0.9961144924163818
0.9959178566932678
0.9956523776054382
0.9963615536689758
0.995894193649292
0.9955103397369385
0.9939929842948914
0.9946463704109192
0.9939145445823669
0.9928426742553711
0.9935913681983948
0.993191659450531
0.9926642775535583
0.9917883276939392
0.9921889305114746
0.9917705059051514
0.9918564558029175
0.9913629293441772
0.990865170955658
0.9911417961120605
0.991827130317688
0.9922804832458496
0.9907199144363403
0.9925973415374756
0.9916982650756836
0.9916648268699646
0.9877082109451294
0.9825507998466492
0.9834682941436768
0.9811404943466187
0.9868800640106201
0.9896161556243896
0.989461362361908
0.9888353943824768
0.9885472059249878
0.990522027015686
0.9906299710273743
0.9864796996116638
0.9900244474411011
0.9879834651947021
0.9824355244636536
0.9705107808113098
0.9658671021461487
0.9693190455436707
0.9737146496772766
0.9807002544403076
0.9863779544830322
0.9888366460800171
0.9886464476585388
0.9916539192199707
0.9896734952926636
0.9898340702056885
0.99048912525177
0.9927387833595276
0.9940939545631409
0.9951745867729187
0.9947633147239685
0.9943032264709473
0.99522864818573
0.9942998886108398
0.9926556348800659
0.9912302494049072
0.9825723171234131
0.9714211225509644
0.9807454347610474
0.9733807444572449
0.9766483902931213
0.9697110652923584
0.9493675827980042
0.9838628172874451
0.9546935558319092
0.9797431826591492
0.9658524394035339
0.9356813430786133
0.9585237503051758
0.9496188163757324
0.9809474945068359
0.9777573943138123
0.9854235053062439
0.9904654026031494
0.9946070313453674
0.9940657615661621
0.9939714074134827
0.9929049611091614
0.9938608407974243
0.9941014647483826
0.9906778335571289
0.9923296570777893
0.991489052772522
0.9896620512008667
0.9901199340820312
0.9890845417976379
0.9879422783851624
0.9868130683898926
0.9882009029388428
0.9745743870735168
0.980399489402771
0.9866765737533569
0.9999135732650757
0.9999138116836548
0.9999021291732788
0.9998810291290283
0.9998936653137207
0.9998815059661865
0.9998319149017334
0.999839186668396
0.9997227787971497
0.9996182918548584
0.9996638298034668
0.9995693564414978
0.9995623230934143
0.999468982219696
0.9995272159576416
0.9993569254875183
0.99931800365448
0.9995852112770081
0.9995706677436829
0.9996306896209717
0.9996337890625
0.9995332956314087
0.9995879530906677
0.9994552731513977
0.9994828701019287
0.9994159936904907
0.9992697834968567
0.9992215633392334
0.9992170333862305
0.9991248250007629
0.9991970658302307
0.9989941716194153
0.9988479614257812
0.9990614056587219
0.9989364743232727
0.9988685846328735
0.9989122152328491
0.9985525012016296
0.9983501434326172
0.9984124898910522
0.9972696900367737
0.9974453449249268
0.9974623918533325
0.9964497089385986
0.9963590502738953
0.9959347248077393
0.9972129464149475
0.997512698173523
0.9967663288116455
0.9979700446128845
0.9984000325202942
0.9980370402336121
0.9980970025062561
0.9985095858573914
0.9980267882347107
0.998583197593689
0.9979274272918701
0.9974614381790161
0.9967813491821289
0.9971739053726196
0.9950915575027466
0.9952483773231506
0.9942816495895386
0.994141161441803
0.9937801957130432
0.9943276047706604
0.9948654770851135
0.9927577972412109
0.9926441311836243
0.9953861832618713
0.9957708716392517
0.9954215884208679
0.995637834072113
0.9952730536460876
0.9932749271392822
0.9926401972770691
0.9932981133460999
0.995031476020813
0.9938454031944275
0.9926082491874695
0.99561607837677
0.9949495792388916
0.9930151700973511
0.9917880892753601
0.992316722869873
0.994350016117096
0.9961115717887878
0.9961764812469482
0.9945980310440063
0.994087815284729
0.9919720888137817
0.9909623265266418
0.9897908568382263
0.9922507405281067
0.9910777807235718
0.9917601943016052
0.988916277885437
0.9880127906799316
0.9899404644966125
0.99017333984375
0.9906065464019775
0.9895884990692139
0.9914206266403198
0.9904634356498718
0.9893348813056946
0.9894960522651672
0.991561233997345
0.9931040406227112
0.9918791651725769
0.9914841055870056
0.9899815917015076
0.9934641718864441
0.9921878576278687
0.9903501868247986
0.9902111887931824
0.9887287616729736
0.9915932416915894
0.9885520935058594
0.9913861751556396
0.9915247559547424
0.9918050765991211
0.9914802312850952
0.9890010356903076
0.992326021194458
0.9908327460289001
0.989279568195343
0.9891520738601685
0.9940605759620667
0.9935833811759949
0.9919148683547974
0.9935759902000427
0.9947180151939392
0.9922447800636292
0.9928412437438965
0.9928412437438965
0.990433931350708
0.9935445785522461
0.992464542388916
0.9914125204086304
0.9922682642936707
0.9937160611152649
0.9942944645881653
0.9934929013252258
0.992468535900116
0.9882268309593201
0.990877091884613
0.9925917387008667
0.9922258853912354
0.9911695718765259
0.990970253944397
0.9911293983459473
0.9887948036193848
0.9962448477745056
0.9898005127906799
0.9964721202850342
0.9933973550796509
0.9958800077438354
0.9975786805152893
0.9978054165840149
0.996397852897644
0.9976702332496643
0.9963053464889526
0.9953126907348633
0.9946883916854858
0.995521068572998
0.9914072155952454
0.9928112626075745
0.9928053021430969
0.9931620359420776
0.989449679851532
0.987571120262146
0.9908292293548584
0.985296905040741
0.9871081709861755
0.9916783571243286
0.9880688786506653
0.9914400577545166
0.9839755296707153
0.9903485774993896
0.9927756786346436
0.994154155254364
0.9933973550796509
0.9920851588249207
0.9896036386489868
0.9913334250450134
0.989950954914093
0.9802461266517639
0.9815011620521545
0.9760342240333557
0.966900110244751
0.971969485282898
0.955390214920044
0.9423555731773376
0.9313907623291016
0.9140133261680603
0.9106751680374146
0.8624263405799866
0.8237246870994568
0.9373623132705688
0.9503637552261353
0.9998853206634521
0.999863862991333
0.9998615980148315
0.9998540878295898
0.9998774528503418
0.999811589717865
0.9997343420982361
0.9995274543762207
0.9988470077514648
0.9975641965866089
0.9974476099014282
0.9962053894996643
0.994941234588623
0.994621753692627
0.9936389327049255
0.9957789182662964
0.9955952763557434
0.99513840675354
0.9957793951034546
0.9952580332756042
0.9963816404342651
0.9945980310440063
0.9961479902267456
0.9951397180557251
0.9959458708763123
0.992897629737854
0.9963417649269104
0.993950366973877
0.9957999587059021
0.9941532015800476
0.9947146773338318
0.9962806105613708
0.995627760887146
0.9952934384346008
0.9959706664085388
0.9941132664680481
0.9953911304473877
0.9916433691978455
0.9906604886054993
0.9896875023841858
0.9904886484146118
0.9914587736129761
0.9896237254142761
0.9926407933235168
0.9910539984703064
0.991503119468689
0.9890148043632507
0.990562915802002
0.9909021258354187
0.9946768283843994
0.9961257576942444
0.9939925074577332
0.9933019876480103
0.9885146021842957
0.9876688122749329
0.989594578742981
0.9867429733276367
0.9842138290405273
0.9752160906791687
0.974498987197876
0.9722857475280762
0.9816113114356995
0.9842156767845154
0.9865220189094543
0.9876377582550049
0.9919291734695435
0.9901918172836304
0.9857776761054993
0.9842849373817444
0.981657862663269
0.9603064060211182
0.9844706058502197
0.9894986152648926
0.9881966710090637
0.9907888770103455
0.9878925085067749
0.9883126616477966
0.9856640100479126
0.989446222782135
0.9871058464050293
0.9942812919616699
0.9929642677307129
0.9937196969985962
0.9932640790939331
0.9915703535079956
0.992878258228302
0.9936879277229309
0.9913365840911865
0.9919298887252808
0.9895771741867065
0.9909851551055908
0.9904605746269226
0.990872859954834
0.9901819825172424
0.9920810461044312
0.9919666647911072
0.9917951226234436
0.9905239939689636
0.991248369216919
0.988495945930481
0.9873207807540894
0.9882259368896484
0.9851332902908325
0.9826950430870056
0.9815497994422913
0.9706902503967285
0.9801062941551208
0.9784960150718689
0.9802135825157166
0.9898826479911804
0.9870486855506897
0.9863109588623047
0.9903726577758789
0.9894193410873413
0.9822396039962769
0.9731133580207825
0.9757903218269348
0.9772040843963623
0.9696862101554871
0.9825839400291443
0.9845194816589355
0.9883019328117371
0.9852691292762756
0.9840461015701294
0.9799296259880066
0.961536169052124
0.8838361501693726
0.9396932721138
0.9341416358947754
0.979313313961029
0.9803447127342224
0.9826710820198059
0.9821420907974243
0.9743111729621887
0.9729602336883545
0.9761229157447815
0.9483169913291931
0.9643259644508362
0.9578548073768616
0.9245993494987488
0.964725911617279
0.9786730408668518
0.9859125018119812
0.9870715737342834
0.9848880767822266
0.9816513061523438
0.9815250635147095
0.9736802577972412
0.9743283987045288
0.9790554642677307
0.9752418398857117
0.9656466245651245
0.9603049159049988
0.9663137197494507
0.9709063768386841
0.9699851274490356
0.9669004678726196
0.969854474067688
0.9780145883560181
0.9680739641189575
0.9703070521354675
0.9654083847999573
0.9698997735977173
0.9644922018051147
0.9581552743911743
0.9622320532798767
0.9705069661140442
0.9753344655036926
0.978542685508728
0.9855650067329407
0.978015124797821
0.9817642569541931
0.9763435125350952
0.9728536009788513
0.9759653806686401
0.9742476344108582
0.9807095527648926
0.979552686214447
0.9817096590995789
0.9807121753692627
0.9833857417106628
0.9737064838409424
0.9823141098022461
0.9705114364624023
0.9689223766326904
0.969577968120575
0.9633303284645081
0.9777602553367615
0.9603949189186096
0.9639489650726318
0.9633771181106567
0.9381727576255798
0.9662957787513733
0.9619709849357605
0.9523629546165466
0.9475613236427307
0.9650018811225891
0.9604302048683167
0.9513101577758789
0.9228232502937317
0.9998563528060913
0.9998708963394165
0.9998652935028076
0.9998288154602051
0.9998230338096619
0.9998001456260681
0.9997350573539734
0.9996236562728882
0.9993810653686523
0.9986018538475037
0.9984152317047119
0.9974368214607239
0.9965831637382507
0.9956242442131042
0.9925439357757568
0.9931828379631042
0.9869029521942139
0.9891785383224487
0.9924688935279846
0.9912335276603699
0.9787122011184692
0.9734694361686707
0.9622712135314941
0.9700661301612854
0.9741772413253784
0.9766430854797363
0.978484034538269
0.9779202938079834
0.985032856464386
0.9747187495231628
0.9549023509025574
0.9489903450012207
0.9405089616775513
0.9611659049987793
0.9637376070022583
0.9699637293815613
0.9629146456718445
0.9685758948326111
0.9660301804542542
0.9515917897224426
0.9325039386749268
0.9493162035942078
0.9611684083938599
0.9577764868736267
0.9739142656326294
0.9643723368644714
0.9269197583198547
0.9314245581626892
0.9454511404037476
0.955407977104187
0.9604290127754211
0.9618980288505554
0.9506949186325073
0.95872962474823
0.9719164371490479
0.9562214016914368
0.966374397277832
0.9717276692390442
0.9694445729255676
0.9740522503852844
0.9736749529838562
0.9700929522514343
0.9708987474441528
0.9579298496246338
0.9881695508956909
0.989071249961853
0.9879683256149292
0.9868632555007935
0.985531210899353
0.990670919418335
0.988914430141449
0.9891457557678223
0.9879575371742249
0.985285222530365
0.9884711503982544
0.9775465130805969
0.9796175360679626
0.9729592800140381
0.962023138999939
0.9676534533500671
0.9715498089790344
0.9671825170516968
0.9702745079994202
0.9756917357444763
0.980440080165863
0.9773698449134827
0.9860934019088745
0.9814406633377075
0.9819840788841248
0.9828654527664185
0.9787634015083313
0.9771411418914795
0.9715896844863892
0.9668803215026855
0.9721798300743103
0.9691190123558044
0.9675770998001099
0.9783613085746765
0.9698115587234497
0.9775134325027466
0.9734896421432495
0.9713935852050781
0.9798122644424438
0.9807761907577515
0.981919527053833
0.9781572222709656
0.9816519021987915
0.9808558821678162
0.984587550163269
0.9848541021347046
0.9826599359512329
0.9797793030738831
0.9814011454582214
0.9869599938392639
0.98936927318573
0.9893159866333008
0.9859321117401123
0.9871672987937927
0.9884656667709351
0.9879867434501648
0.98972487449646
0.9896657466888428
0.9854265451431274
0.982829749584198
0.9854684472084045
0.9810494184494019
0.9827022552490234
0.9879711270332336
0.9829952120780945
0.9832556247711182
0.9789376854896545
0.9757351875305176
0.9774243831634521
0.9771494269371033
0.9800518751144409
0.9837552309036255
0.9795886874198914
0.981447696685791
0.981589138507843
0.9776749014854431
0.9811641573905945
0.9876508116722107
0.9925304055213928
0.9827452301979065
0.987730085849762
0.9873905181884766
0.9877524375915527
0.9888251423835754
0.9695722460746765
0.9737796187400818
0.9680976867675781
0.9609147310256958
0.9595277309417725
0.9635695219039917
0.9540071487426758
0.9485631585121155
0.9502203464508057
0.9630327820777893
0.962056040763855
0.9721369743347168
0.971690833568573
0.9696716666221619
0.9538827538490295
0.9416547417640686
0.9533669352531433
0.9597364664077759
0.9660729169845581
0.9610040187835693
0.9579735994338989
0.9336865544319153
0.9496358036994934
0.9607695937156677
0.9650294184684753
0.9709638357162476
0.9804070591926575
0.9859527349472046
0.9877270460128784
0.9874311685562134
0.9833769798278809
0.9862025380134583
0.9856012463569641
0.9844112396240234
0.9799737930297852
0.9782588481903076
0.9815739989280701
0.9829211831092834
0.9896489381790161
0.982280969619751
0.9823432564735413
0.979164183139801
0.9775503873825073
0.9751807451248169
0.9818435311317444
0.9866507053375244
0.9889577627182007
0.9874609112739563
0.989759087562561
0.9891690015792847
0.9895735383033752
0.9901240468025208
0.9998730421066284
0.9998757839202881
0.9998489618301392
0.9997724890708923
0.9996542930603027
0.9996715784072876
0.9996875524520874
0.9997249245643616
0.9998362064361572
0.9997689127922058
0.9997276663780212
0.9997424483299255
0.999262273311615
0.9992535710334778
0.9989708662033081
0.9972482323646545
0.99671870470047
0.9964313507080078
0.9944783449172974
0.9950388073921204
0.9951818585395813
0.9941222071647644
0.9930324554443359
0.991489052772522
0.9910200238227844
0.9895422458648682
0.9823293089866638
0.9782479405403137
0.9933985471725464
0.9781773090362549
0.9887735247612
0.9810842871665955
0.9766688942909241
0.97235107421875
0.9808853268623352
0.9787787795066833
0.976116418838501
0.981313943862915
0.9833805561065674
0.986549437046051
0.9864400029182434
0.9913339018821716
0.9874067902565002
0.9868291020393372
0.9755989909172058
0.9870579838752747
0.9809387922286987
0.9750110507011414
0.9806132316589355
0.9853899478912354
0.9859718680381775
0.9907351732254028
0.9875147342681885
0.9830003976821899
0.9818321466445923
0.973663330078125
0.9647864699363708
0.9618787169456482
0.9601714611053467
0.9019870162010193
0.9173964262008667
0.8956680297851562
0.9025959968566895
0.9335843324661255
0.9567650556564331
0.9093191027641296
0.9057642817497253
0.9872683882713318
0.9835630655288696
0.971250057220459
0.983091413974762
0.9871248602867126
0.9717374444007874
0.9709933996200562
0.9576093554496765
0.9498189091682434
0.9369485378265381
0.9455459117889404
0.943244457244873
0.9500257968902588
0.9553353786468506
0.9768551588058472
0.9675381779670715
0.9660053849220276
0.9670308828353882
0.9686482548713684
0.9724621176719666
0.9678698182106018
0.9695252776145935
0.967745304107666
0.9679577946662903
0.9672940373420715
0.9713903069496155
0.9735880494117737
0.9722701907157898
0.9753952622413635
0.9643334150314331
0.9789560437202454
0.9694283604621887
0.9758691191673279
0.9701951742172241
0.9679866433143616
0.9748884439468384
0.9501925706863403
0.9612205028533936
0.9660918116569519
0.9746295213699341
0.9755424857139587
0.9771516919136047
0.972019374370575
0.9788559079170227
0.9780864119529724
0.9803138375282288
0.9817513823509216
0.9888258576393127
0.9870981574058533
0.986250638961792
0.9826631546020508
0.9792165160179138
0.9805967211723328
0.983451247215271
0.9844073057174683
0.9875441789627075
0.984495997428894
0.989841878414154
0.9871370792388916
0.9762768149375916
0.975212574005127
0.978517472743988
0.969708263874054
0.9747850298881531
0.9624150395393372
0.9676369428634644
0.9672137498855591
0.9688349366188049
0.9669117331504822
0.9627985954284668
0.9829013347625732
0.9811841249465942
0.9584001302719116
0.9737740755081177
0.971186637878418
0.9444009065628052
0.9500844478607178
0.9582663178443909
0.9770417809486389
0.9698984622955322
0.9503642916679382
0.970808744430542
0.9681997895240784
0.9624153971672058
0.9796959161758423
0.9760602116584778
0.978772759437561
0.9835244417190552
0.9836925268173218
0.9833815097808838
0.9850721955299377
0.9858332872390747
0.9868268966674805
0.9812642335891724
0.9431280493736267
0.9408137798309326
0.9509974718093872
0.949957549571991
0.9508090615272522
0.9569455981254578
0.9592062830924988
0.9779467582702637
0.975599467754364
0.9842759370803833
0.9764494895935059
0.9780765175819397
0.9778197407722473
0.9830114841461182
0.9856616854667664
0.9898247122764587
0.993502676486969
0.9908081889152527
0.991024374961853
0.990127444267273
0.9875340461730957
0.9880517721176147
0.986210286617279
0.9834499955177307
0.9881055355072021
0.9850878119468689
0.9838428497314453
0.9858325719833374
0.9888191819190979
0.9915806651115417
0.9927270412445068
0.9949624538421631
0.9926071166992188
0.9927514791488647
0.9925574064254761
0.9928431510925293
0.9932522177696228
0.9972208738327026
0.9970486760139465
0.9998425245285034
0.9998620748519897
0.9998352527618408
0.9998151659965515
0.9997121691703796
0.9994860887527466
0.9995824694633484
0.9991098046302795
0.9996155500411987
0.9992169141769409
0.9982426166534424
0.9974789023399353
0.9959561228752136
0.9926339983940125
0.9930534958839417
0.9923087358474731
0.9915124773979187
0.9827461242675781
0.985501229763031
0.9808938503265381
0.9581279754638672
0.9819216728210449
0.9830996990203857
0.9847213625907898
0.9869924783706665
0.9894279837608337
0.9925165772438049
0.9857490658760071
0.989988386631012
0.9826739430427551
0.9881647825241089
0.9875538349151611
0.9867450594902039
0.9834739565849304
0.9880877137184143
0.9870713353157043
0.9817758202552795
0.9815713763237
0.9779825210571289
0.9802680015563965
0.9819964170455933
0.981493353843689
0.9800060987472534
0.9807735085487366
0.975786030292511
0.9771612882614136
0.9788402318954468
0.9773460626602173
0.9751114845275879
0.9735523462295532
0.9725128412246704
0.9758757948875427
0.9748108386993408
0.9726895689964294
0.9801280498504639
0.9784119725227356
0.9811907410621643
0.9817756414413452
0.978996992111206
0.9789535403251648
0.9815940856933594
0.9831125140190125
0.9836384057998657
0.9739503264427185
0.9782105088233948
0.9763660430908203
0.9633612632751465
0.9641751050949097
0.9558202028274536
0.9182589054107666
0.9580585360527039
0.9540863037109375
0.9290473461151123
0.8222302794456482
0.8634889721870422
0.8574942350387573
0.9020043611526489
0.8862119913101196
0.9680424928665161
0.9234090447425842
0.9398390054702759
0.9586236476898193
0.9567086696624756
0.9430931806564331
0.9513050317764282
0.9698020219802856
0.982745885848999
0.956450343132019
0.9374668598175049
0.9154367446899414
0.920226514339447
0.8889148831367493
0.9181200861930847
0.9405698776245117
0.9012432098388672
0.915562093257904
0.9147463440895081
0.8462347388267517
0.9017894864082336
0.8709630966186523
0.8838578462600708
0.807246744632721
0.8248314261436462
0.8708754777908325
0.914126992225647
0.916557252407074
0.9072689414024353
0.8813846111297607
0.8414967060089111
0.828200101852417
0.8106846213340759
0.8461126685142517
0.7612627148628235
0.750459611415863
0.6521797180175781
0.7193757891654968
0.621691882610321
0.834185779094696
0.7422343492507935
0.8207287788391113
0.8725900650024414
0.7442342638969421
0.7918586730957031
0.7804533243179321
0.7356500029563904
0.8098918795585632
0.8805273771286011
0.8972055315971375
0.877737820148468
0.9107324481010437
0.9162302017211914
0.9198358058929443
0.8762230277061462
0.8783721923828125
0.8489369750022888
0.7937458157539368
0.8649137020111084
0.8793732523918152
0.9169043898582458
0.8691129684448242
0.8899697065353394
0.9153976440429688
0.9346516728401184
0.9475900530815125
0.7978712916374207
0.8399810791015625
0.846265435218811
0.8043807744979858
0.730964183807373
0.8199180960655212
0.8173123002052307
0.8196628093719482
0.8742491602897644
0.8917550444602966
0.8485468029975891
0.7934673428535461
0.8594027757644653
0.846236526966095
0.7903767824172974
0.721855103969574
0.852389931678772
0.7875217795372009
0.7003744840621948
0.7115739583969116
0.6971306800842285
0.7706469893455505
0.7923029661178589
0.7632123231887817
0.8473231196403503
0.8442876935005188
0.733401358127594
0.821355402469635
0.6674166321754456
0.4201804995536804
0.6156901121139526
0.7803013920783997
0.5092045664787292
0.6392985582351685
0.8235263824462891
0.42678189277648926
0.691245436668396
0.2962978780269623
0.2991931140422821
0.40093380212783813
0.40288791060447693
0.4271833598613739
0.2824324369430542
0.2779706120491028
0.553734540939331
0.35948696732521057
0.7388526201248169
0.7212910056114197
0.7891184091567993
0.7642764449119568
0.5902721881866455
0.6973370909690857
0.6446883678436279
0.8074088096618652
0.8842777609825134
0.8658269643783569
0.9999188184738159
0.9998871088027954
0.9998582601547241
0.9996830224990845
0.9996911287307739
0.999453604221344
0.9989363551139832
0.9992735981941223
0.9981033802032471
0.9953823685646057
0.9958925247192383
0.9959540367126465
0.9964419007301331
0.9973049163818359
0.9972636699676514
0.9957566857337952
0.9952345490455627
0.9952439665794373
0.9890555143356323
0.9908281564712524
0.9893445372581482
0.9831411838531494
0.9947840571403503
0.9847345352172852
0.9878883957862854
0.9925163388252258
0.9921697974205017
0.9747762680053711
0.9780772924423218
0.9266651272773743
0.943444550037384
0.8893904685974121
0.9809440970420837
0.9662320017814636
0.9737233519554138
0.9803690314292908
0.9965142607688904
0.9838592410087585
0.991104006767273
0.9876708984375
0.9799990653991699
0.9910585284233093
0.9843219518661499
0.9860548377037048
0.9918686151504517
0.9924701452255249
0.9774742722511292
0.9761595726013184
0.8888502717018127
0.9297606945037842
0.8661595582962036
0.7400000691413879
0.589654266834259
0.831425666809082
0.4806336760520935
0.38679876923561096
0.4506359398365021
0.4166628420352936
0.6906456351280212
0.7809144258499146
0.5442748069763184
0.7118176817893982
0.8003890514373779
0.5833632349967957
0.8464115262031555
0.9472925662994385
0.8249413967132568
0.7954224348068237
0.7192843556404114
0.7662829160690308
0.7577887773513794
0.6923767328262329
0.6353158950805664
0.8760972023010254
0.5918826460838318
0.7789335250854492
0.8932207822799683
0.93454909324646
0.6898067593574524
0.6728993654251099
0.9094574451446533
0.8449323177337646
0.805652916431427
0.8670477271080017
0.859163761138916
0.8633354306221008
0.7464627623558044
0.8369067311286926
0.7343481779098511
0.9047746062278748
0.9414424300193787
0.6683290004730225
0.803636908531189
0.5534125566482544
0.5511494874954224
0.644194483757019
0.7992639541625977
0.8663135766983032
0.5595490336418152
0.8735344409942627
0.8417983651161194
0.8913407325744629
0.9216182231903076
0.9503371715545654
0.9495869874954224
0.9012710452079773
0.9389635324478149
0.9001472592353821
0.8929011225700378
0.8866536617279053
0.893582820892334
0.852286696434021
0.8670101761817932
0.946773886680603
0.9358944296836853
0.7782732844352722
0.7093334794044495
0.8577793836593628
0.8442190289497375
0.7227675318717957
0.42124268412590027
0.8446600437164307
0.6247441172599792
0.9497932195663452
0.7225246429443359
0.9259965419769287
0.8859498500823975
0.9367527961730957
0.9018324017524719
0.8750344514846802
0.9689691066741943
0.8818005919456482
0.9657675623893738
0.795831024646759
0.9684979319572449
0.9447522163391113
0.9197735786437988
0.9389030933380127
0.8826457858085632
0.761921226978302
0.4856899678707123
0.5035352110862732
0.46913233399391174
0.3796358108520508
0.25113508105278015
0.5473141074180603
0.6922866106033325
0.8065313100814819
0.8741502165794373
0.8464151620864868
0.9373838901519775
0.973811149597168
0.9598309993743896
0.9722593426704407
0.9870779514312744
0.9881784319877625
0.9872326850891113
0.9690456986427307
0.9668137431144714
0.9724659323692322
0.9791345596313477
0.9852418303489685
0.9811104536056519
0.9642144441604614
0.9496214985847473
0.9625517725944519
0.9612798094749451
0.9730011820793152
0.9559125900268555
0.9560438394546509
0.9704862833023071
0.9671286344528198
0.9742893576622009
0.9772801399230957
0.9740512371063232
0.9704767465591431
0.9814531803131104
0.9814380407333374
0.9819617867469788
0.9870899319648743
0.9826325178146362
0.985262393951416
0.9823771715164185
0.9781202673912048
0.9800158143043518
0.9784550070762634
0.9821950793266296
0.9763630628585815
0.9633391499519348
0.9743115305900574
0.9804996848106384
0.9753095507621765
0.9713608026504517
0.9717987775802612
0.9726094603538513
0.9692584276199341
0.9671371579170227
0.9691447615623474
0.9669920802116394
0.9818934202194214
0.9999305009841919
0.9999294281005859
0.9998878240585327
0.9998679161071777
0.9998140931129456
0.9997544884681702
0.9997628331184387
0.9998303651809692
0.9997727274894714
0.9998210072517395
0.9998067021369934
0.9998207688331604
0.9998207688331604
0.9998143315315247
0.999761164188385
0.9997473359107971
0.9996926784515381
0.9997643828392029
0.999685525894165
0.9997237324714661
0.9995918869972229
0.9997017979621887
0.9996932744979858
0.9996302127838135
0.9997319579124451
0.9996685981750488
0.9993414282798767
0.9994996786117554
0.9995823502540588
0.9995834231376648
0.9996252059936523
0.9993265867233276
0.9993664622306824
0.9995136260986328
0.9994680285453796
0.9995319843292236
0.9994483590126038
0.9994418025016785
0.9993496537208557
0.999138355255127
0.9988312125205994
0.9987782835960388
0.999152660369873
0.9991369843482971
0.9991697072982788
0.9989321827888489
0.9985026121139526
0.9984672665596008
0.9986963868141174
0.9982208609580994
0.9985156655311584
0.9980837106704712
0.9979946613311768
0.9965102076530457
0.9955803751945496
0.9964224696159363
0.9958117008209229
0.9958349466323853
0.9943488240242004
0.9948044419288635
0.9933921694755554
0.99318528175354
0.9918549060821533
0.9915308952331543
0.993144154548645
0.9935321807861328
0.9939159750938416
0.9942523837089539
0.9939431548118591
0.9934840798377991
0.9944735169410706
0.994428277015686
0.9945710301399231
0.994196891784668
0.9928056597709656
0.9931133389472961
0.9932630658149719
0.9933000802993774
0.9941815733909607
0.9937412142753601
0.9937676191329956
0.9939961433410645
0.9925580024719238
0.9933591485023499
0.9919468760490417
0.990864098072052
0.9924259185791016
0.9913849830627441
0.9901504516601562
0.990882396697998
0.9915026426315308
0.9893178343772888
0.98678058385849
0.990337610244751
0.9891063570976257
0.9875072240829468
0.9891982674598694
0.9887231588363647
0.9878453612327576
0.9921829104423523
0.9907764792442322
0.9947975873947144
0.9924300312995911
0.9945584535598755
0.995141863822937
0.995111882686615
0.9955370426177979
0.9952109456062317
0.9944663643836975
0.9941309094429016
0.9952874183654785
0.9950265288352966
0.9933238625526428
0.9960112571716309
0.9977599382400513
0.9960656762123108
0.9978241920471191
0.9968816041946411
0.9973310232162476
0.995280921459198
0.9937276840209961
0.991768479347229
0.9933400750160217
0.9894793629646301
0.9938442707061768
0.9926672577857971
0.9948258996009827
0.9958673715591431
0.9964784979820251
0.9948117733001709
0.9967175126075745
0.9940460920333862
0.9914741516113281
0.9901286959648132
0.9872385263442993
0.9799785017967224
0.9727487564086914
0.971438467502594
0.9770870804786682
0.9818597435951233
0.9901359677314758
0.9951972365379333
0.9922770261764526
0.9926062822341919
0.991726279258728
0.9908698201179504
0.9908571839332581
0.9899113774299622
0.9879647493362427
0.9874561429023743
0.9736647009849548
0.9740250706672668
0.9681614637374878
0.9730709195137024
0.9848757386207581
0.9712653160095215
0.9776665568351746
0.9799172282218933
0.9780278205871582
0.9814102649688721
0.9830777049064636
0.9858842492103577
0.9820091724395752
0.9873215556144714
0.9861766695976257
0.9827456474304199
0.9839561581611633
0.9717883467674255
0.956404983997345
0.9619683027267456
0.9610674381256104
0.9605761766433716
0.9312201738357544
0.9700677990913391
0.9610841870307922
0.9638776779174805
0.9766898155212402
0.9716036319732666
0.9668436050415039
0.9736692905426025
0.9618903398513794
0.9681468605995178
0.9794158935546875
0.9296931028366089
0.9585332870483398
0.9375200867652893
0.9311244487762451
0.9420028328895569
0.9530743956565857
0.9503822922706604
0.9366444945335388
0.9683527946472168
0.9459818005561829
0.9533393979072571
0.9409226775169373
0.836591362953186
0.9291440844535828
0.8875716328620911
0.8002967238426208
0.8647174835205078
0.9998975992202759
0.9998687505722046
0.9998724460601807
0.9998512268066406
0.9998272061347961
0.9997743964195251
0.9998065829277039
0.99952232837677
0.9991118311882019
0.9982197880744934
0.9973044395446777
0.9974774718284607
0.9974979758262634
0.9966957569122314
0.9968031644821167
0.9973875880241394
0.996733546257019
0.9960108995437622
0.9950217008590698
0.9925025701522827
0.9928142428398132
0.9908580183982849
0.992658793926239
0.9921557903289795
0.991710901260376
0.9903509020805359
0.9913488030433655
0.9900199174880981
0.9879790544509888
0.9883167147636414
0.9889103174209595
0.9907128214836121
0.9800379276275635
0.9738015532493591
0.980291485786438
0.9627108573913574
0.943855345249176
0.9527097940444946
0.9488261342048645
0.9591241478919983
0.9564729332923889
0.9570583701133728
0.9665150046348572
0.9507338404655457
0.9627434611320496
0.9541510343551636
0.9565855860710144
0.9641753435134888
0.9560413360595703
0.947810709476471
0.9454860091209412
0.912700355052948
0.9227859973907471
0.8653474450111389
0.8599553108215332
0.9221788048744202
0.9280182123184204
0.9374870657920837
0.9607681632041931
0.9649590253829956
0.9278567433357239
0.9628936052322388
0.9425321817398071
0.9184419512748718
0.9043716788291931
0.9129852652549744
0.9381279945373535
0.8499958515167236
0.7672543525695801
0.9621981382369995
0.9509562849998474
0.9536821246147156
0.9718983173370361
0.9741989374160767
0.9473438858985901
0.9702122211456299
0.9691976308822632
0.8710381984710693
0.9110515117645264
0.9462220072746277
0.9425415992736816
0.939586877822876
0.8770608305931091
0.9295369386672974
0.9209563136100769
0.8987727165222168
0.9493007659912109
0.9442686438560486
0.9410361647605896
0.9305679202079773
0.9278577566146851
0.9038105010986328
0.8723630309104919
0.8767285346984863
0.9134670495986938
0.9146994352340698
0.9021261930465698
0.8716648817062378
0.9597307443618774
0.9655870795249939
0.9642143845558167
0.9656556248664856
0.9694074988365173
0.9664974212646484
0.9761249423027039
0.9832795858383179
0.9842014908790588
0.9846668243408203
0.9843909740447998
0.981315553188324
0.9802321195602417
0.9908716082572937
0.9860532283782959
0.9813791513442993
0.9893419742584229
0.9722483158111572
0.9879648685455322
0.9801344275474548
0.9872065782546997
0.9479826092720032
0.9839749932289124
0.9860624670982361
0.9828187823295593
0.9854361414909363
0.9856715798377991
0.9829722046852112
0.9810422658920288
0.9832200407981873
0.9800033569335938
0.9661734700202942
0.9765804409980774
0.9763595461845398
0.9757294058799744
0.9781960248947144
0.9835575819015503
0.9802738428115845
0.9772276282310486
0.9793197512626648
0.9774013757705688
0.9631844162940979
0.9660460948944092
0.9753639698028564
0.9766756892204285
0.9765822291374207
0.9767041206359863
0.9737999439239502
0.982499361038208
0.9830843806266785
0.9856473207473755
0.9866402745246887
0.9837994575500488
0.975081205368042
0.9793116450309753
0.971558690071106
0.971056342124939
0.9824073314666748
0.9795518517494202
0.9850634336471558
0.9853575825691223
0.9893472194671631
0.9916832447052002
0.98753821849823
0.9795247912406921
0.9731459021568298
0.9660788178443909
0.9800241589546204
0.9837154746055603
0.9889301657676697
0.9890397787094116
0.9897871017456055
0.9849510192871094
0.9858529567718506
0.9898590445518494
0.98665851354599
0.9799532890319824
0.9805780649185181
0.9855303764343262
0.9818196296691895
0.9842376112937927
0.9703480005264282
0.9701244831085205
0.9724625945091248
0.9687213897705078
0.9817826151847839
0.9765992760658264
0.9810876846313477
0.9791845083236694
0.9833088517189026
0.9814726114273071
0.9809839725494385
0.9848282933235168
0.98271644115448
0.98593670129776
0.9864858388900757
0.9898259043693542
0.9904863238334656
0.98996502161026
0.9894870519638062
0.9867754578590393
0.9854665994644165
0.999880313873291
0.999858021736145
0.9998478889465332
0.9998564720153809
0.9998088479042053
0.9998557567596436
0.9998446702957153
0.9998582601547241
0.9997859597206116
0.9997343420982361
0.9997686743736267
0.9997509121894836
0.9997448325157166
0.9997244477272034
0.9997496008872986
0.9996517896652222
0.9997299313545227
0.9995173215866089
0.9994151592254639
0.999285876750946
0.9991466999053955
0.9993253946304321
0.9992049336433411
0.9993574023246765
0.9992126226425171
0.9989247918128967
0.9991692304611206
0.9991629123687744
0.998786985874176
0.998129665851593
0.9979547262191772
0.9982506632804871
0.9975214600563049
0.9977260231971741
0.998854398727417
0.9987409710884094
0.9979270696640015
0.9978809952735901
0.9984045624732971
0.9983240962028503
0.9978158473968506
0.996950626373291
0.996977686882019
0.9963770508766174
0.9979696869850159
0.9987524747848511
0.9982293248176575
0.9952160120010376
0.9956585168838501
0.9955541491508484
0.9935990571975708
0.9932431578636169
0.9921501874923706
0.987287163734436
0.9924863576889038
0.9903901815414429
0.9859541058540344
0.9858549237251282
0.9839208126068115
0.9882646799087524
0.9928179979324341
0.9921348094940186
0.9904419183731079
0.9894814491271973
0.9897702932357788
0.9947035908699036
0.9956085085868835
0.9971238970756531
0.9981110095977783
0.9955191612243652
0.995341420173645
0.9948515295982361
0.9944283962249756
0.9942659735679626
0.9939782619476318
0.9924024343490601
0.9934080839157104
0.9920178651809692
0.994929313659668
0.995542585849762
0.9938070178031921
0.9923614263534546
0.994699239730835
0.9919310212135315
0.9902691841125488
0.9870169758796692
0.9864833950996399
0.986430287361145
0.9828710556030273
0.9827295541763306
0.9878538846969604
0.98573237657547
0.9884689450263977
0.9891263842582703
0.9882721304893494
0.9845913648605347
0.9832678437232971
0.9882006645202637
0.9866166114807129
0.9910426139831543
0.9908477067947388
0.9814093112945557
0.9779943823814392
0.9882732033729553
0.981336772441864
0.9872868657112122
0.980868935585022
0.9800702929496765
0.9806531667709351
0.9792205095291138
0.9885616302490234
0.9883479475975037
0.9897528886795044
0.987646222114563
0.9911227226257324
0.9787689447402954
0.9827844500541687
0.9859580397605896
0.9793624877929688
0.9868974685668945
0.989315390586853
