285.77,26.23,127.63,439.69
280.79308410644535,21.910205078125045,132.36191,439.5288
280.57734008789066,25.93751831054692,131.67853,436.07806
281.32025238037113,25.167269897460983,130.98042,437.58255
281.17279907226566,25.164065551757858,130.03632,436.94955
280.22380157470707,24.73250122070317,131.00584,437.78888
279.04557128906254,25.40462036132817,132.08887,436.63617
278.19303222656254,25.417590332031295,132.12988,436.45752
279.2227868652344,24.875231933593795,131.18646,436.1632
278.68019195556644,25.369784545898483,131.81084,435.90005
278.7235955810547,25.299014282226608,131.65933,435.4432
278.4687585449219,24.666415405273483,132.383,435.68265
277.90544219970707,24.58180541992192,132.54149,437.1093
276.94528289794926,24.064028930664108,132.65456,436.9863
277.0987786865235,26.789218139648483,132.44595,434.21793
277.74418731689457,25.769274902343795,131.6538,435.63403
277.3061151123047,24.08912963867192,131.8245,436.94916
277.03038879394535,26.272250366210983,131.08163,435.31888
277.32528778076176,25.154025268554733,129.76967,435.4727
277.757592163086,24.252413940429733,130.06436,437.77908
277.79306121826176,26.388781738281295,129.03029,434.30933
277.12275024414066,23.84645385742192,130.06403,436.41656
278.331753692627,26.972033691406295,127.89504,434.9657
276.90936370849613,24.931246948242233,129.08955,435.43375
275.98300262451176,24.429873657226608,130.4485,435.58237
275.22538085937504,26.365222167968795,130.29993,433.27136
275.0498056030274,25.798159790039108,130.13203,433.1898
275.3574533081055,27.248934936523483,130.09328,433.1393
274.542145690918,25.239138793945358,130.64638,433.94577
273.7747583007813,26.434008789062545,130.89001,433.32996
273.19291015625004,27.101870727539108,132.43457,432.1544
271.9340447998047,26.09596557617192,132.89224,432.4521
273.8852395629883,27.20314331054692,131.75938,431.6397
270.98590942382816,23.927340698242233,133.47394,435.70193
271.76629730224613,26.89070434570317,133.39424,431.82355
271.7617730712891,24.87074584960942,134.33737,433.69537
270.10186859130863,26.893527221679733,135.2065,432.19705
268.93270965576176,27.456118774414108,137.77809,432.33237
269.0858392333985,24.500216674804733,137.1774,434.30765
268.41623016357426,28.362246704101608,137.5436,431.44724
268.4682931518555,26.23353881835942,137.79555,434.29596
267.9191522216797,27.75288696289067,138.75235,432.5833
267.5744943237305,23.81331176757817,138.42567,435.27606
268.30902191162113,27.41170043945317,138.67024,432.44867
267.50892730712894,25.382479858398483,138.12236,434.28702
267.22299285888676,28.838626098632858,139.00038,431.25717
267.66940399169926,25.391909790039108,138.855,434.7993
266.9112405395508,28.681216430664108,137.80663,432.27365
266.51200958251957,26.293215942382858,139.0714,433.38693
266.85636230468754,29.751437377929733,137.53589,431.21024
266.979271850586,27.386233520507858,137.89566,432.28207
267.0460061645508,28.00520629882817,136.61522,431.75092
265.6651162719727,28.289294433593795,138.0164,431.70496
266.3191918945313,25.776431274414108,137.27551,433.29892
266.2303018188477,29.469348144531295,137.49297,430.26257
264.3885354614258,28.10444946289067,138.47997,431.02863
265.20509429931644,28.148730468750045,137.9085,432.50134
263.8825540161133,27.331454467773483,136.8098,433.95914
263.9851922607422,27.37086791992192,137.66983,433.1214
264.0125588989258,28.933535766601608,138.22081,432.84262
262.5809869384766,27.25062866210942,137.55295,436.20453
263.0298623657227,26.633578491210983,136.19475,435.3727
262.46300598144535,26.321154785156295,136.62778,436.0736
263.2340859985352,25.621752929687545,136.65202,436.74622
261.84742828369144,26.875338745117233,136.9334,435.4733
262.0080117797852,25.868746948242233,136.41484,436.6913
262.86750122070316,27.47664184570317,135.34686,435.00885
261.877350769043,27.456881713867233,135.29347,434.8876
262.0780877685547,25.820361328125045,135.0364,436.13757
261.4316415405274,27.183718872070358,135.22298,434.11154
262.2591333007813,27.46150512695317,134.97095,434.1573
261.828278503418,26.766909790039108,134.20009,435.035
262.1719064331055,26.365588378906295,133.73366,435.23218
262.7011346435547,27.13411254882817,132.94241,434.1501
262.7708520507813,24.917880249023483,134.46545,436.57535
263.8000497436524,27.117053222656295,133.69002,435.23804
263.327172241211,24.965625000000045,134.3483,436.537
265.050072631836,25.956225585937545,131.82864,434.60828
265.720856628418,26.594393920898483,133.90724,434.71695
264.2989587402344,27.76240844726567,134.2868,432.49396
266.3929986572266,23.098422241210983,132.15549,436.03372
267.40431304931644,25.803332519531295,132.28813,434.54102
268.62761016845707,24.914660644531295,130.54759,434.15454
268.12918945312504,26.679476928710983,131.57153,433.93265
267.847565612793,23.73506469726567,131.36293,434.9743
268.19203277587894,27.642794799804733,130.64665,431.2543
270.475609741211,25.955630493164108,130.4307,433.431
270.42394348144535,28.27412719726567,130.32224,430.8686
271.38961883544926,27.738772583007858,129.053,431.39767
272.00138946533207,28.786669921875045,130.22289,430.8507
275.1093301391602,30.819613647460983,127.51567,429.75186
273.35926910400394,27.888400268554733,129.89775,431.8118
275.0989770507813,28.884753417968795,129.35498,438.15857
272.2080926513672,35.75636596679692,134.17166,436.54193
275.35580535888676,41.59157104492192,133.77126,426.30438
274.4145364379883,38.70849914550786,135.28685,434.58224
274.03514953613285,43.65907592773442,136.35239,430.6584
274.7053231811524,44.26167602539067,137.96089,425.48676
275.69278808593754,41.745043945312545,139.82642,433.33472
273.481224975586,45.74133605957036,142.07266,426.3016
275.58612915039066,41.46962280273442,144.01959,427.80414
276.89103790283207,38.736437988281295,144.35143,428.0216
276.1282815551758,34.43649597167973,146.67711,427.9164
275.75709625244144,31.308261108398483,151.61601,431.454
278.53561492919926,29.912631225585983,149.68593,430.82144
277.4565515136719,30.071078491210983,152.57465,430.53445
281.4930276489258,27.668612670898483,149.39635,430.92862
284.76911254882816,26.50239868164067,146.89386,430.55853
289.9825677490235,24.273852539062545,144.10599,434.66113
291.40228363037113,24.787203979492233,143.96382,433.49197
294.54913421630863,23.37349243164067,142.08931,439.29913
295.3408746337891,26.946093750000045,142.60886,432.94202
298.7305993652344,28.76863403320317,140.60907,434.9035
304.0076760864258,32.68902893066411,134.06969,430.17575
306.378441772461,33.46663208007817,134.66373,431.93927
308.54667755126957,38.52054138183598,137.90941,430.9799
310.1029901123047,42.90628356933598,135.68692,424.24966
316.4555520629883,44.17682189941411,133.43651,424.5201
317.8148965454102,43.43460388183598,134.15251,426.88272
318.74889465332035,41.545336914062545,139.09518,428.84827
321.3280038452149,39.08490295410161,140.53304,431.99106
320.78817840576176,37.53412170410161,143.39943,433.72995
318.7045449829102,37.26582641601567,150.132,431.61725
316.1330422973633,34.274462890625045,156.92955,430.1621
314.6349725341797,36.165637207031295,161.7128,425.1366
317.7423181152344,35.83967895507817,163.67914,421.02655
316.03045745849613,36.22156066894536,166.09944,420.97372
310.2210015869141,31.784579467773483,175.44113,425.20633
300.29281707763676,31.976062011718795,185.74257,431.33984
304.0559091186524,35.777453613281295,184.84688,428.09387
289.08636566162113,39.09533996582036,197.54463,429.87155
284.3298196411133,48.202685546875045,208.75633,425.68433
289.26661773681644,52.41055603027348,209.3698,425.2067
293.5572061157227,57.95010681152348,209.8687,422.88138
293.60733886718754,60.666979980468795,213.76233,422.89893
297.94618316650394,62.956713867187545,212.84221,418.0719
305.669587097168,62.32406921386723,208.38893,420.76248
313.229645690918,65.93361206054692,205.05983,415.77496
322.01715179443363,62.056750488281295,194.15913,419.1244
321.50314422607426,61.22375793457036,195.9181,419.08664
326.1053247070313,56.443225097656295,192.83008,424.10352
327.7810830688477,58.06842346191411,188.82475,421.81528
329.63200469970707,53.994982910156295,184.90807,430.26965
330.55663391113285,49.10452575683598,185.91916,431.40213
333.6983728027344,44.19116516113286,183.1806,434.9846
335.28327270507816,43.15756530761723,183.11127,434.89566
335.7113809204102,40.43959350585942,183.32658,435.22174
335.3892678833008,33.71223754882817,184.21275,440.36993
338.7207879638672,32.954394531250045,183.7974,441.0304
342.8046731567383,33.50343627929692,182.36046,440.12958
339.97785278320316,32.04342956542973,183.39362,439.715
340.88439270019535,31.546755981445358,186.48203,437.2064
345.70607086181644,29.78267211914067,179.21281,439.25934
348.24811645507816,26.181887817382858,182.46027,447.13876
348.8184899902344,26.522982788085983,179.82587,444.0613
348.1492547607422,25.819216918945358,180.50552,446.7325
346.9279565429688,28.708499145507858,179.58899,440.01572
350.4525384521485,31.574938964843795,174.37393,436.82092
359.96847625732426,38.52284545898442,166.6316,428.7845
365.1675805664063,40.217944335937545,160.82507,427.3966
365.6793450927735,43.47149963378911,160.82132,424.65
365.70684906005863,43.547045898437545,159.80574,423.64893
366.8510598754883,45.11526794433598,160.77074,421.00955
364.7707147216797,45.69507141113286,162.66519,420.97983
365.7497872924805,49.59521789550786,164.17213,413.44064
365.6282281494141,45.614611816406295,165.16074,416.28418
363.2999353027344,45.89068908691411,165.44208,413.92905
358.824616394043,40.44711608886723,169.6697,417.5696
361.7733010864258,41.90358276367192,169.53587,410.6402
362.35885711669926,37.02017517089848,165.88564,412.6586
361.0717858886719,36.57576293945317,169.29987,409.55182
351.98651214599613,34.18294067382817,177.03914,407.86224
346.3099603271485,33.02499694824223,179.84464,406.09415
346.79863067626957,28.38154907226567,179.09032,410.47308
349.5968103027344,31.522738647460983,172.52045,405.78604
350.94083496093754,33.60934753417973,168.80115,405.66312
353.5562829589844,36.17422790527348,165.81549,404.90298
358.58038421630863,38.66096801757817,159.15962,400.35846
365.71981903076176,43.225634765625045,152.08473,397.42725
363.2459497070313,52.01100463867192,151.8186,389.9284
367.7366571044922,55.42994995117192,145.96011,389.3011
365.183258972168,56.23353881835942,147.76369,388.8349
370.4744958496094,62.73012084960942,143.69025,381.7204
375.32733245849613,64.85046691894536,142.88887,379.25595
375.1446389770508,64.67604370117192,142.86266,379.89325
375.9094247436524,67.36273498535161,142.20088,375.85568
379.02584930419926,67.53102416992192,141.36293,374.50287
379.46100708007816,61.36130065917973,140.59467,378.6201
373.2180184936524,63.15774841308598,147.14522,374.69345
373.15031524658207,64.00317687988286,141.85704,372.81693
374.6254968261719,64.6171752929688,140.17145,369.33417
370.09162231445316,66.98700256347661,141.90283,366.91983
367.80072875976566,65.61629028320317,142.4892,365.44873
363.69744964599613,65.47966308593755,145.04982,364.30927
361.4354028320313,66.88989562988286,141.81036,355.9587
356.10072418212894,62.06056518554692,141.79063,358.6469
355.9728021240235,67.05482788085942,140.93845,353.72375
359.5349206542969,69.41119689941411,138.26465,350.16397
365.967064819336,77.7735473632813,138.49509,345.82672
372.7515191650391,63.968188476562545,130.63644,361.90063
355.54764648437504,59.00610656738286,136.71844,364.55637
359.146393737793,56.64252014160161,136.50099,369.65445
367.62101074218754,58.05722351074223,129.31299,365.7227
360.7464608764649,53.38067932128911,131.67116,377.72318
283.10405059814457,26.904284667968795,180.62236,435.99133
261.7000283813477,10.462084960937545,213.89342,462.43274
265.20389648437504,10.094821166992233,226.05951,463.35464
266.6428002929688,13.027743530273483,229.5351,460.46036
275.1428308105469,14.906954956054733,224.69495,460.89578
277.05980773925785,13.887179565429733,224.38138,463.65286
284.1097955322266,13.16438598632817,216.39761,464.78607
291.60284515380863,12.332492065429733,212.39052,461.03043
300.30313964843754,11.046145629882858,203.21075,456.9515
294.59455200195316,2.754275512695358,195.95398,473.05637
294.15302368164066,4.627841186523483,184.2893,467.0408
292.4356546020508,12.960131835937545,176.05534,461.56897
289.29645629882816,-4.236996459960892,168.75647,479.70078
289.46989532470707,3.150698852539108,162.8914,476.86887
287.9267663574219,-7.0761840820312045,156.29724,480
279.0163125610352,-0.9947021484374545,158.95592,476.36743
272.8460244750977,-4.372341918945267,161.44139,479.36758
265.49718566894535,0.4111816406250455,172.05203,471.96082
255.15648742675785,4.749728393554733,181.0452,470.13992
248.097321472168,7.5829040527344205,187.00887,467.74188
244.40527435302738,9.131884765625045,187.86867,463.41943
240.1181192016602,11.38521118164067,185.22581,462.8703
233.93975921630863,-0.787197875976517,183.29579,478.38467
221.7611856079102,8.385012817382858,188.11229,466.65353
214.78522583007816,10.097094726562545,189.31946,465.66638
201.02569671630863,-0.268521118164017,195.86415,477.3965
189.69924255371097,13.917208862304733,202.4083,456.84854
181.54708953857426,12.81941528320317,203.0478,462.5063
168.74710937500004,15.19679565429692,209.5617,461.4804
153.10789581298832,9.673266601562545,220.84734,463.31677
140.85077758789066,2.935427856445358,229.14355,468.03244
126.30489440917972,2.265597534179733,234.6307,469.39944
123.0952462768555,-2.164974975585892,235.5843,475.72885
122.92414184570316,-2.9252746582030795,248.0653,471.7376
127.30956359863285,-9.395809936523392,251.29788,476.54074
119.06977172851566,-8.057797241210892,263.9491,474.2391
142.8534707641602,-6.858792114257767,247.70384,473.89395
141.1250772094727,-8.537792968749955,250.24449,479.40564
189.78563018798832,-2.1594055175780795,218.94817,474.4095
216.56379028320316,-0.770687866210892,204.15417,471.80453
228.81170745849613,4.5587341308594205,208.27284,467.32416
243.25267883300785,9.147341918945358,210.13174,462.81174
258.9978341674805,4.9643737792969205,207.34212,474.47565
261.93439575195316,2.051974487304733,220.5448,476.423
280.3326272583008,6.051974487304733,224.69035,475.44058
300.7138299560547,1.2591125488281705,224.43637,477.75238
316.25074859619144,1.2013427734375455,228.38902,480
334.5061044311524,1.6935913085937955,233.34975,477.88074
340.102318725586,2.0140563964844205,240.26657,477.0268
362.061058959961,-0.8720825195312045,237.13571,477.94067
374.4598397827149,-3.312252807617142,245.50331,479.9631
384.06012817382816,-0.715573120117142,243.14954,479.41074
386.72084136962894,6.648959350585983,221.37596,461.03543
416.6446160888672,7.006320190429733,213.91916,462.31277
432.50367828369144,9.968249511718795,192.87352,461.48584
452.30058380126957,-0.18348388671870453,181.35197,476.48047
464.15699859619144,0.6293518066406705,161.33165,477.8653
226.79174896240238,69.80974121093755,110.18758,316.52417
239.3263024902344,95.82411499023442,104.054565,298.95422
245.36351104736332,99.50111694335942,106.84923,296.60162
252.10930343627933,99.27556152343755,109.183205,298.46185
257.65951629638676,100.20578308105473,112.61873,299.39053
266.32365890502933,100.93959350585942,112.350746,297.77844
273.2825021362305,102.36987609863286,111.78993,298.80252
279.3949822998047,104.45257873535161,110.68271,298.63803
284.38584609985355,106.8536254882813,112.062065,298.6234
289.7853555297852,109.96268005371098,113.67638,298.41147
302.103482208252,112.04677124023442,109.238,296.5243
306.672215423584,114.16029663085942,113.89338,297.40747
316.3349809265137,112.55403442382817,114.653725,299.11365
323.98200317382816,113.16194458007817,116.587585,299.05054
331.523461303711,111.03932495117192,119.428314,301.7978
337.141022644043,109.96976013183598,122.84645,304.3453
344.56726547241215,109.90048522949223,123.71723,303.5582
350.3025674438477,111.24067993164067,122.508286,301.57037
355.37958618164066,107.9688598632813,121.780334,303.9879
360.4926309204102,106.35628051757817,121.00951,302.7754
364.4593743896485,104.06357116699223,119.51181,301.4739
371.7083177185059,104.18657226562505,117.07911,298.74487
379.51041122436527,101.63698120117192,114.602425,299.04614
382.72234054565433,102.38507385253911,110.9329,300.4576
380.77600570678715,101.5251342773438,110.26008,301.93903
381.06870742797855,102.60841674804692,110.909355,301.56958
383.93875976562504,100.94610900878911,108.72015,304.45615
383.46389480590824,103.55432434082036,109.24886,301.85562
383.0906419372559,107.7537719726563,109.33808,299.68256
386.4529885864258,106.86476440429692,107.06761,299.4834
389.67072387695316,109.91549987792973,106.21008,298.62094
390.0673150634766,110.43085021972661,108.23825,298.27628
392.22056289672855,114.38623352050786,107.081474,297.08322
394.70694442749027,116.65483398437505,109.035835,296.56744
393.2022904968262,118.1049682617188,109.00425,295.51947
395.1115350341797,117.04773254394536,109.25131,295.24716
392.352807006836,116.71066589355473,111.02762,294.52945
394.5381517028809,115.12428588867192,111.128914,293.1773
393.864769897461,112.68014831542973,110.686615,295.07584
393.14004226684574,110.8207885742188,114.61434,293.7735
391.7592973327637,110.13200683593755,116.14616,292.6834
390.59163375854496,106.9630004882813,118.099464,293.7658
388.6991815185547,104.4203979492188,120.81052,294.08783
387.59927078247074,103.4072143554688,121.75503,293.6402
388.3123788452149,102.0783569335938,120.440506,293.63385
388.7298669433594,101.74676818847661,119.91974,292.28214
389.7896241760254,105.3220092773438,118.60638,288.58667
390.2129029846192,110.81605834960942,117.00103,285.14246
389.17351242065433,108.45093078613286,118.406044,291.24197
391.7722062683106,113.31564636230473,113.20713,288.67758
388.6113710021973,117.07243652343755,116.3532,284.47644
388.862889251709,121.55278320312505,115.62324,280.43542
389.1976518249512,124.60620422363286,112.095924,281.7496
388.85980316162113,123.0043823242188,110.169205,283.47247
389.4919290161133,122.06239624023442,110.58397,285.02075
389.30452438354496,125.12520141601567,110.2172,280.58057
394.1871461486817,123.40423889160161,106.62591,282.1613
389.9054078674317,123.44401855468755,109.14544,282.69
395.16852661132816,121.7708618164063,106.934265,280.22144
394.017243347168,120.38022155761723,109.05861,283.01492
393.93328567504886,119.77746887207036,107.88833,282.10434
394.7787828063965,119.90195007324223,108.11219,278.83206
395.36329742431644,119.56807250976567,108.15996,279.03107
395.7190827941895,115.69824523925786,106.087364,282.81638
394.05547042846683,119.23532409667973,107.584816,279.60715
395.660252532959,119.59591979980473,106.10163,280.3522
394.6508874511719,120.93994445800786,106.19495,280.4487
392.80773254394535,123.87372131347661,107.006195,278.1647
391.96226211547855,124.71759338378911,106.712395,279.73532
390.228970489502,127.07068176269536,109.043236,276.65213
388.2816590881348,126.44024963378911,109.49828,279.202
386.79424758911136,128.08491821289067,110.578575,277.99768
384.77554031372074,129.32451171875005,111.349266,275.8966
384.0404252624512,128.80910034179692,111.08427,276.8562
381.35894866943363,128.03621215820317,112.81093,274.81744
382.09097000122074,128.30690307617192,111.28512,272.58807
377.2940911865235,127.18426818847661,115.85629,271.61575
379.0329103088379,126.16040344238286,112.91729,268.29086
380.9608583068848,125.83288879394536,110.49639,267.20358
379.634373626709,120.97897644042973,110.5359,268.42044
383.2837228393555,117.7739135742188,106.99031,269.39783
385.6520852661133,118.30536193847661,102.63005,267.68173
387.41286941528324,116.86525268554692,100.49032,267.54065
391.89233871459965,116.04579467773442,95.150215,265.70502
393.53543945312504,114.75270385742192,93.16193,268.0421
391.88549133300785,115.00870056152348,92.4404,267.53232
394.399926147461,111.23938293457036,90.76083,268.41953
390.0046128845215,117.8055297851563,93.8711,264.15002
390.83873840332035,117.03126831054692,92.62155,263.622
392.9088906860352,116.83163757324223,91.00102,265.85123
394.89950653076176,117.42767639160161,89.04634,264.12405
393.3001336669922,118.61928100585942,92.83865,264.95776
393.6641282653809,119.46742553710942,93.68098,263.41083
393.69458480834965,117.9140502929688,94.66761,263.7226
393.18516250610355,116.32854003906255,95.79839,264.46057
393.78642745971683,116.77835388183598,96.26408,262.8066
395.10614868164066,115.82586975097661,96.51898,261.12405
391.8644342041016,115.08345336914067,100.97659,259.09735
391.60503097534183,113.91804809570317,100.58085,258.59882
390.6947145080567,109.56770629882817,103.50237,261.00726
393.4159593200684,109.87152404785161,102.72535,257.2241
392.59171005249027,108.90925903320317,103.14564,256.5703
390.9329728698731,106.24289245605473,104.102516,257.37436
389.8809136962891,108.07069702148442,103.68686,251.82849
388.5692224121094,106.11625213623051,104.620056,254.56752
387.6701097106934,107.7504760742188,105.43427,252.92255
387.5463838195801,108.25121612548833,104.3464,252.29674
390.9021882629395,108.27168579101567,101.354515,251.07959
390.23728652954105,106.61992950439458,99.29516,254.8372
394.78134246826176,109.87231750488286,95.22969,251.88248
394.55581375122074,108.90443725585942,94.80813,256.36945
397.918423614502,108.40053100585942,92.73275,255.59088
397.26792617797855,106.97503967285161,92.83196,260.49075
395.7366265869141,109.99572296142583,93.99405,255.40642
395.7705049133301,110.64998168945317,92.63424,253.45648
395.67698379516605,107.88003845214848,94.32409,258.6298
396.0770806884766,108.27643127441411,94.13144,256.76395
394.59191223144535,108.83599395751958,94.757416,254.53758
397.6809815979004,107.61295623779301,92.737785,253.99953
398.0971803283692,106.49049682617192,91.96697,251.56451
398.5735711669922,106.12684173583989,91.69406,255.95668
398.75510879516605,106.79947204589848,92.089836,255.75565
398.5323609924317,105.09488220214848,92.44164,255.0621
396.7339944458008,103.52444763183598,94.064255,255.74167
395.0874566650391,109.10100860595708,96.01248,252.8933
395.64027496337894,108.2815811157227,95.6295,251.73363
394.6872186279297,109.66286010742192,98.612335,252.82697
394.626675567627,108.99953002929692,99.23556,254.1441
393.6614312744141,108.08356018066411,106.04251,256.1039
394.32281204223636,109.40216369628911,107.05331,254.65506
395.7145013427735,109.43653411865239,107.726776,254.22011
396.2674073791504,111.03351898193364,106.17779,250.30275
398.661042175293,111.53156585693364,108.333084,247.86464
407.72328277587894,111.37798614501958,100.35466,248.66643
408.59959121704105,109.57162780761723,101.642876,250.42807
411.3822450256348,108.10295410156255,97.485344,247.21051
416.080834350586,110.43300170898442,89.32724,250.09949
417.80176254272465,106.79889221191411,85.19929,258.60098
418.8059739685059,102.0762817382813,82.26002,266.93506
417.56735321044926,101.74280090332036,79.98012,285.88376
417.08916183471683,100.72702331542973,76.53898,286.1097
416.0423822021485,100.64407653808598,73.02725,282.92447
415.9531030273438,103.03940124511723,71.89551,290.27127
418.9865846252442,100.45651550292973,83.07476,322.91336
413.5859117126465,80.73347778320317,102.19959,367.3001
451.8779840087891,30.767810058593795,164.28146,439.82275
444.2825784301758,6.6254150390625455,184.48692,469.2826
434.99445434570316,3.510531616210983,184.0086,473.8163
426.80030914306644,11.03724975585942,193.89958,466.31232
428.23532196044926,8.833834838867233,186.85243,470.6133
423.87995239257816,0.8929931640625455,184.56842,476.85205
427.3895272827149,13.978701782226608,179.52962,465.66183
425.2068643188477,12.601992797851608,180.93889,469.3436
423.54052062988285,8.273348999023483,182.57578,472.61563
423.4405068969727,-0.2506835937499545,179.3272,480
422.1804971313477,1.2640258789062955,172.7459,480
420.5983895874024,0.631167602539108,167.99239,479.74826
422.7870950317383,1.8600341796875455,160.76158,480
420.20165344238285,3.4847290039062955,156.43515,475.15173
422.2641915893555,7.1656066894531705,152.06227,470.75568
423.25843902587894,13.451174926757858,144.88994,461.80283
422.4827508544922,17.891101074218795,142.95645,458.234
422.7353143310547,24.746997070312545,138.08084,452.51196
423.06181427001957,31.332141113281295,133.15074,445.58643
423.87025543212894,33.203784179687545,129.21379,445.5166
421.90426727294926,38.36548156738286,128.53908,435.81186
415.0637979125977,40.08279724121098,138.64323,434.03372
411.79230590820316,41.14601440429692,142.52875,432.4411
405.91837402343754,43.96943969726567,150.29517,430.4427
398.442894897461,41.93185729980473,156.51907,431.48624
392.1704415893555,36.46567077636723,161.24513,440.48306
387.5840158081055,34.03261108398442,165.48073,442.99506
376.7315454101563,39.92377014160161,175.84595,436.53476
370.05614562988285,35.37373657226567,185.87619,441.8636
353.373314819336,38.135058593750045,199.07767,437.3429
335.2513513183594,37.31244201660161,224.32562,438.80527
320.258080444336,46.12251586914067,236.25797,428.6811
317.66881652832035,31.473315429687545,235.98361,447.7234
309.45379730224613,40.40339965820317,240.89986,436.3897
335.00675292968754,34.95559997558598,212.14099,439.29715
306.623070678711,39.29306335449223,235.40445,436.62027
331.20746704101566,31.74714965820317,202.53351,440.0905
321.5638055419922,42.24969787597661,196.65213,433.90793
326.2147760009766,42.54855651855473,191.10873,431.19864
319.2858438110352,40.084826660156295,187.62553,437.80957
320.8319100952149,41.07272644042973,173.99165,434.37003
317.5590905761719,36.74414367675786,171.71661,441.59274
314.7710504150391,42.62543029785161,171.5234,435.77646
312.57819458007816,44.55910034179692,171.31451,436.8211
309.0016717529297,41.938647460937545,161.42093,438.0243
306.911156616211,38.80140991210942,159.07059,439.46014
306.91690917968754,35.95236511230473,148.97937,443.11417
303.631012878418,37.29831237792973,142.13966,442.6099
297.7148065185547,36.08589477539067,139.5983,444.15717
289.2070397949219,32.668078613281295,142.63971,444.87708
290.5852136230469,27.595095825195358,134.37286,449.2883
286.37481781005863,27.31819458007817,133.9051,451.66986
281.0020761108399,23.99989624023442,135.477,452.39532
268.3583764648438,24.953311157226608,143.97668,451.53122
252.87696929931644,21.539172363281295,150.95341,458.2566
242.3696832275391,15.584475708007858,161.53122,470.05295
231.7918252563477,20.755175781250045,165.52556,461.8275
244.49686523437504,18.08107299804692,146.37231,463.8814
234.38934417724613,15.065417480468795,153.39095,469.00354
244.618317565918,21.145846557617233,139.77113,462.02762
241.4306954956055,25.420275878906295,139.04787,458.43604
244.9150590515137,25.101733398437545,126.64628,455.83496
245.057038269043,32.531542968750045,123.06764,445.3224
244.73443695068363,33.835375976562545,118.708694,442.80334
244.8247842407227,28.041629028320358,115.61894,451.1025
242.35115905761722,24.96303100585942,117.8627,456.05084
231.91795059204105,23.731295776367233,124.684074,454.42313
231.7054643249512,20.31410522460942,123.70756,457.65485
228.37822433471683,16.954013061523483,121.521706,464.12527
222.18194290161136,14.207705688476608,126.37594,463.67294
222.24851699829105,20.01271362304692,122.00182,453.1917
216.1926469421387,20.43635864257817,122.42924,455.14838
210.52385040283207,20.72914428710942,124.84459,458.02728
205.53174301147465,18.275363159179733,124.94135,461.8633
202.16129394531254,19.84962768554692,123.454346,458.4433
199.11243911743168,21.779849243164108,122.57,454.79172
194.12023254394535,23.995959472656295,135.7695,452.27673
186.22819610595707,23.885989379882858,136.22923,455.83176
178.3760079956055,21.022738647460983,147.54665,459.6525
176.4773492431641,22.431765747070358,152.02487,455.2103
170.62047668457035,16.453799438476608,157.6185,460.8458
161.03373809814457,17.804751586914108,165.95714,462.9504
148.60075469970707,13.960559082031295,178.9735,463.32556
145.98082061767582,14.337756347656295,174.07921,464.89563
148.674469909668,14.939761352539108,170.61855,463.82272
148.80638977050785,21.163928222656295,173.20334,455.22205
149.43703552246097,13.721179199218795,166.39188,465.3152
147.90131469726566,6.798587036132858,161.59271,474.99277
146.51558776855472,6.985751342773483,155.75992,473.97623
144.46097656250004,7.5585510253906705,150.94507,472.57367
142.40389343261722,10.116503906250045,149.48514,467.60742
138.36554809570316,14.74147338867192,152.2221,468.01544
138.3561334228516,13.229663085937545,149.2557,465.7843
134.51789184570316,11.07301635742192,151.99176,470.18414
128.4824533081055,17.223727416992233,156.50356,468.02408
125.73364349365238,9.116946411132858,161.18733,470.60422
120.83575531005863,15.04280395507817,160.21712,466.35785
117.00116058349613,11.631655883789108,164.06795,468.52695
113.84832855224613,17.849459838867233,166.43855,464.86087
107.20963378906254,17.122439575195358,172.19067,466.70078
102.21054168701176,14.018847656250045,177.74403,463.5869
101.05102630615238,16.739077758789108,180.67122,463.7131
102.21382232666019,17.282443237304733,178.98515,458.40872
97.98946472167972,10.740176391601608,180.16226,468.92612
99.02317138671879,12.72792358398442,178.8003,470.14838
96.31964965820316,9.24855346679692,177.00934,469.30548
96.61794372558597,8.636172485351608,173.18558,473.43674
97.41010375976566,12.647799682617233,174.90656,466.85123
97.43776794433597,7.2447082519531705,170.66434,471.48468
102.0229806518555,1.055056762695358,169.61623,478.70273
109.24066253662113,4.955355834960983,163.70674,477.1525
98.08781524658207,1.0636474609375455,161.21739,480
103.12877746582035,10.101565551757858,163.63535,466.41
109.73217864990238,-1.2381713867187045,155.45515,480
106.49658294677738,3.0269958496094205,152.62825,473.83917
103.61217590332035,0.404421997070358,158.13461,476.23325
110.40998168945316,-2.094052124023392,149.76581,477.92673
111.93483825683597,0.16528625488285797,147.63345,476.02548
114.8001031494141,4.4579345703125455,145.58054,473.83118
117.58961578369144,12.267687988281295,144.42387,466.74463
117.46996398925785,18.364810180664108,142.15964,462.72873
119.23909851074222,26.83137817382817,145.64273,450.89923
118.92321105957035,13.529956054687545,145.56467,461.781
116.14778228759769,19.948489379882858,149.9434,457.82895
124.8877496337891,22.032214355468795,146.44394,454.33508
125.75878997802738,5.0810119628906705,146.96077,474.47626
126.14382263183597,23.145388793945358,151.7532,454.74887
130.33882995605472,15.000308227539108,152.7139,463.13803
129.73100372314457,17.639559936523483,150.40013,460.2659
129.27204223632816,12.66536254882817,154.9732,464.153
133.73216339111332,17.049777221679733,154.05919,460.97086
139.23097320556644,11.049288940429733,148.67412,466.2521
138.64151855468754,17.355776977539108,155.68481,456.74838
142.3861169433594,21.838854980468795,157.09479,450.85144
154.70533843994144,25.509585571289108,155.39421,451.98007
157.08563323974613,7.632144165039108,153.11641,470.27902
162.5632409667969,20.233828735351608,157.40387,451.89206
172.6563272094727,24.892489624023483,160.95366,447.82376
170.6143350219727,21.73060913085942,168.84111,456.5522
171.10550781250004,22.653140258789108,177.11633,452.8314
171.53987976074222,21.67311401367192,178.36636,453.41705
171.93753906250004,25.366519165039108,177.26697,451.84103
172.82384582519535,21.355899047851608,175.93015,454.86996
197.3665322875977,19.956546020507858,157.04008,451.85434
198.5415353393555,23.261157226562545,155.93349,452.61597
201.660798034668,38.784167480468795,155.60854,438.7876
204.38393493652347,33.83572692871098,156.1553,444.76285
213.51408477783207,28.818713378906295,155.74522,448.55127
215.0048608398438,20.874438476562545,152.58337,454.45618
229.1105279541016,15.70357055664067,146.79147,463.75385
239.02499481201176,12.209460449218795,144.68361,468.5166
248.80733581542972,14.296313476562545,142.38174,460.479
258.51566406250004,17.49708862304692,144.53821,456.7342
262.551667175293,20.519107055664108,146.25209,451.7236
264.55697723388676,9.682543945312545,144.01076,471.04602
278.4179010009766,9.26912231445317,135.17563,463.93475
276.0507592773438,-0.8024414062499545,134.84827,480
280.61044403076176,2.988864135742233,138.26772,476.43192
279.2183465576172,-4.4254882812499545,150.66263,480
284.40021606445316,-1.762142944335892,152.20099,476.11166
274.0614862060547,1.427310180664108,160.52896,478.42184
271.6754693603516,-0.8409240722655795,165.04355,479.51837
269.0841302490235,-1.640744018554642,167.93716,478.74326
263.4195565795899,0.14047546386723297,178.91682,476.39066
258.324860534668,-2.9829223632812045,184.7903,480
257.557282409668,0.07280273437504547,189.80495,476.30383
253.66310974121097,6.4963867187500455,196.3699,470.10217
247.21464630126957,10.851290893554733,214.36888,461.22977
248.27925964355472,34.53828735351567,221.80362,436.04266
247.06063171386722,-7.4290283203124545,199.24966,480
254.60374542236332,5.7596008300781705,223.0952,463.19757
254.46058746337894,-1.5242431640624545,231.06718,473.86487
249.36800476074222,8.669161987304733,227.16641,462.3323
255.0809869384766,8.736087036132858,214.88242,463.85544
259.64520355224613,13.015734863281295,205.56734,460.6067
255.53219696044926,3.1058837890625455,208.00429,473.7096
251.2889947509766,-0.382901000976517,207.84152,472.81363
246.58607574462894,0.10823364257817047,209.1259,475.26398
239.72740264892582,10.14021606445317,210.17345,467.51947
234.8126000976563,11.169955444335983,211.97876,465.4108
232.35514160156254,4.2897827148437955,206.646,470.5708
225.17636199951176,3.5019409179687955,206.04176,472.24512
216.88855072021488,0.435916137695358,205.66512,475.97336
210.3471459960938,-0.3186157226562045,205.79602,480
207.744049987793,16.11744995117192,210.39027,461.6159
212.26072784423832,16.93153686523442,206.66661,462.25848
216.68056579589847,3.465029907226608,202.14322,473.43503
216.99638458251957,23.166308593750045,202.03905,453.86853
223.15543457031254,-1.223507690429642,192.21484,476.38315
219.1613549804688,3.643466186523483,194.443,472.3394
222.4575738525391,12.557299804687545,191.69772,459.28052
227.84442993164066,-4.406002807617142,177.44977,477.56467
228.81215759277347,2.386996459960983,176.96573,474.89102
225.97251983642582,1.6794921875000455,179.38109,479.1084
218.60966583251957,0.3219787597656705,185.50047,478.43768
219.34198852539066,15.882632446289108,185.4881,463.3812
218.1740502929688,6.7404663085937955,186.13086,469.8745
219.53920837402347,-1.6785400390624545,187.73245,476.4425
227.34620758056644,13.507174682617233,184.6845,456.88882
225.8540811157227,-2.880398559570267,189.50322,476.55814
226.76603790283207,21.951159667968795,195.49242,449.6062
232.5108728027344,29.663867187500045,201.79962,445.1599
234.24660583496097,44.18100280761723,220.98465,424.5115
267.6196069335938,48.405017089843795,203.77393,425.1969
276.68741699218754,47.30026550292973,210.89587,424.06912
289.0913400268555,35.25984497070317,214.78517,435.6269
301.2754907226563,55.25325317382817,228.61743,414.7591
324.1980294799805,33.96765441894536,226.34023,436.55783
341.23949523925785,53.03171081542973,228.13754,420.55203
350.8064050292969,55.795153808593795,221.87787,421.5127
347.8422708129883,48.49286193847661,185.61888,420.19235
299.39783187866215,82.71655578613286,126.072334,351.58127
313.1240090942383,99.24129028320317,108.07243,315.95947
326.2724732971192,93.67488403320317,112.15429,324.44794
334.17985626220707,91.52400512695317,124.575424,329.6502
346.85646148681644,90.6014282226563,124.76671,330.40686
355.55669113159183,85.32191772460942,124.81168,335.07617
365.16691680908207,87.86589355468755,125.66576,335.25775
372.8688821411133,84.54318542480473,130.27153,341.8622
380.25275512695316,82.67920227050786,128.33752,343.95224
387.0705194091797,78.77023620605473,132.0859,349.65628
395.2409219360352,76.37857360839848,131.98735,352.38882
404.04776855468754,72.6850463867188,131.91382,360.06964
411.066559753418,75.66018981933598,134.23512,358.4086
424.9320306396485,71.24992675781255,131.0499,366.25726
430.8576669311524,72.64319152832036,135.25587,367.254
437.1456155395508,71.70584411621098,138.14372,372.3295
442.26114746093754,67.81238098144536,142.52057,376.61826
447.45990081787113,65.23359985351567,149.08095,387.21503
453.04257293701176,64.82234497070317,154.1628,391.45514
464.2973947143555,63.72128601074223,156.73994,393.39273
477.5481729125977,69.58955688476567,156.6024,392.00836
482.8613824462891,69.94644470214848,151.61612,391.8936
489.79342742919926,69.03126831054692,142.9233,393.24323
499.93663879394535,64.0495483398438,136.0303,402.46204
505.5230722045899,61.25619812011723,128.6537,409.73306
517.1289720153809,61.07965393066411,120.38038,406.7867
522.7542047119141,56.89161987304692,116.239655,412.71674
517.7213372802735,53.69131774902348,123.55734,416.87308
509.10248657226566,52.08169860839848,128.7998,418.73807
504.10023590087894,49.62140197753911,132.82933,422.8425
496.1453179931641,43.46315307617192,139.81058,428.36322
494.50116058349613,45.10695190429692,142.11037,428.51117
488.2139215087891,44.170886230468795,148.11856,430.00415
486.74210449218754,42.43794555664067,148.51447,431.79852
481.93903442382816,41.18957824707036,156.10352,434.29965
485.60318847656254,40.22401733398442,151.88873,434.643
479.9653405761719,37.849780273437545,154.64062,438.92896
485.86986633300785,34.546008300781295,149.26102,442.45447
485.051178894043,34.92865295410161,147.62349,443.5637
492.8520135498047,23.604769897460983,142.26193,455.18423
490.37774749755863,28.27296752929692,145.03627,450.04852
497.6629724121094,29.16456909179692,139.23364,449.41864
501.85985656738285,27.94435424804692,133.9042,454.15826
507.3600701904297,28.810534667968795,130.57309,452.54395
513.797085723877,26.824511718750045,125.972496,452.09827
520.9601525878907,26.756472778320358,119.19653,450.27194
524.7206811523438,21.862338256835983,118.05194,461.16714
528.3714952087403,18.684252929687545,113.90974,462.8125
533.7637719726563,20.158999633789108,107.43439,465.18405
540.7784242248536,19.772158813476608,99.46441,465.72055
547.88875289917,18.730593872070358,93.045876,462.8807
547.7284097290039,22.992831420898483,94.02208,455.28323
551.7296533203125,46.57471008300786,89.40399,426.7601
556.8285684204102,52.20202941894536,82.69493,421.8586
556.2880639648438,58.72206420898442,84.74866,412.91974
559.2987336730957,50.69903869628911,81.77285,415.02457
558.6552857971192,56.28979797363286,79.317924,407.85263
567.879246673584,68.16559143066411,72.68641,400.9996
585.3699922180176,63.89308471679692,63.49819,403.88843
559.8185090637207,82.08236999511723,88.78127,400.246
562.8820199584961,80.61824340820317,104.0193,413.3178
483.919888458252,2.030062866210983,116.64248,407.4191
449.54618927001957,18.351199340820358,129.17503,391.31296
433.39282699584965,7.626376342773483,123.0077,380.75693
445.05671020507816,4.9442626953125455,121.00696,377.9436
454.6955880737305,2.661837768554733,135.95601,384.03275
421.5784997558594,0.8106567382812955,132.02704,379.90918
445.2436723327637,-5.150112915039017,101.961586,375.44693
456.1923608398438,5.3450500488281705,117.67627,380.8166
475.01366516113285,5.521334838867233,156.38376,377.15256
472.531647644043,-3.2719238281249545,144.704,403.5556
454.5450524902344,-3.302853393554642,151.20905,411.17496
446.0578927612305,-4.201718139648392,162.0447,394.81754
418.56232543945316,-5.338742065429642,146.43292,391.99527
426.53981109619144,-8.055783081054642,151.0938,390.36795
409.2981271362305,-6.473171997070267,168.0193,377.69223
415.8661126708985,-7.149716186523392,166.00162,380.70584
393.93634124755863,0.8860656738281705,161.72078,398.55237
401.3138436889649,-6.358303833007767,165.02425,379.20798
397.00546356201176,-7.1748779296874545,155.14369,377.25092
388.792389831543,-7.1261718749999545,157.78737,373.2315
356.64081665039066,6.7750427246094205,156.44263,356.50854
380.05563446044926,-3.832791137695267,144.29256,362.8221
392.4454583740235,-10.344143676757767,141.29135,371.89413
375.5214852905274,-12.070980834960892,147.53914,357.3976
364.9849938964844,-3.3445251464843295,132.80005,377.9796
381.84589477539066,-5.264218139648392,143.32361,378.1628
349.71136566162113,-5.8834655761718295,117.783035,350.35754
358.6595086669922,4.5955078125000455,131.90012,359.86633
367.4934167480469,-0.584927368164017,128.0296,367.22183
366.9334802246094,-3.2831848144530795,138.7951,379.0229
374.88383575439457,-3.9243896484374545,135.15135,395.76685
385.19093414306644,-0.316921997070267,150.20732,384.4844
382.5753182983399,-10.23850708007808,169.2884,395.46686
374.97255035400394,-9.430935668945267,158.21794,403.01114
356.80709930419926,-2.962826538085892,164.89162,390.01755
362.86100860595707,-9.91251831054683,154.95811,409.4041
348.2623834228516,-6.738400268554642,157.75656,407.15073
354.33819671630863,-11.961132812499955,150.79317,402.3888
344.70802398681644,-10.000134277343705,157.62175,406.8817
337.2317971801758,-9.604275512695267,159.64745,403.43863
336.5244149780274,-11.66209106445308,152.96516,399.93256
331.06556793212894,-12.25565795898433,165.27312,405.3896
320.2071160888672,-5.0866516113280795,153.35623,385.30353
323.8109216308594,-11.504650878906205,154.21442,395.01135
316.418969116211,-14.069790649414017,156.17337,385.902
306.5752725219727,-8.00040893554683,158.76396,392.02203
312.7204217529297,-13.284359741210892,148.08304,385.01047
307.6606225585938,-8.076535034179642,154.36377,389.18466
296.13871093750004,-14.926266479492142,154.75232,391.97726
297.24250122070316,-14.163845825195267,154.69415,393.4136
294.19921203613285,-14.47709350585933,157.53622,387.133
287.93658538818363,-13.669628906249955,152.10237,408.53003
289.09181304931644,-15.477322387695267,150.07195,393.33585
280.88498016357426,-13.333035278320267,152.70705,394.43924
274.7342538452149,-8.150891113281205,155.63411,396.8474
275.1735620117188,-10.407711791992142,151.50769,392.46774
262.31466766357426,-13.68699340820308,152.06557,407.67072
261.4621591186524,-10.140408325195267,152.33467,402.35355
248.6868447875977,-10.81815795898433,155.74016,400.04193
246.04471679687504,-11.497433471679642,153.67627,408.76633
233.99794097900394,-9.139172363281205,159.88335,402.59106
235.29156585693363,-12.440182495117142,155.8376,400.25082
221.78863616943363,-5.345639038085892,164.51717,401.02817
215.57038208007816,-8.696118164062455,154.357,404.99023
219.14302917480472,-11.083676147460892,151.97098,396.1295
212.6577691650391,-8.379940795898392,155.5521,398.04758
196.87045379638676,-9.288357543945267,162.08876,400.76712
187.06379028320316,-12.05265502929683,155.66412,402.23358
166.9662866210938,-0.642056274414017,160.92615,399.66983
122.93975921630863,-7.564907836914017,198.84883,405.51224
150.05207153320316,-8.667126464843705,175.52972,401.04932
159.0358209228516,-10.057873535156205,163.36887,400.95715
161.17044921875004,-7.8747680664062045,162.34961,400.29907
151.8657998657227,-10.16190795898433,166.80766,393.4571
154.03714843750004,-8.44431762695308,159.21985,402.11884
142.52687927246097,-10.46702270507808,166.20193,396.57965
127.80817504882816,-13.722164916992142,168.79999,410.16635
123.75673004150394,-9.272351074218705,167.50554,402.74414
114.652253112793,-11.317501831054642,169.83656,402.4924
114.80799957275394,-10.059780883789017,164.42143,403.0934
113.59083648681644,-11.008435058593705,159.3632,411.74854
107.01310821533207,-13.466809082031205,161.46214,410.38757
89.36647125244144,-11.58750610351558,168.34184,409.53864
74.29198547363285,-12.45603637695308,177.02524,412.25092
76.11602874755863,-13.409603881835892,166.14668,411.3586
79.46360107421879,-11.21116333007808,162.54663,400.5971
27.781166992187536,-7.324185180664017,181.7987,404.31827
26.924897155761755,-12.19682006835933,189.00856,403.11273
-2.433753051757776,-10.676327514648392,190.6188,405.59042
0.46879669189456763,5.431735229492233,193.01768,400.00137
2.8363504028320676,3.283023071289108,174.64537,413.23605
-5.105986633300745,-4.296322631835892,174.86562,427.04257
1.7335595703125364,-5.4334838867187045,172.83337,421.3064
-0.5134344482421511,-11.172146606445267,169.40305,431.0209
-4.403227844238245,-12.52183227539058,169.99257,423.3022
-4.171240844726526,-11.697811889648392,170.22086,434.87558
1.4527902221680051,-15.14298706054683,158.2942,435.40436
-0.22924713134761987,-13.30344848632808,154.2469,424.37238
-4.217490234374964,-12.449429321289017,145.67566,431.09903
1.4054193115234739,-9.54935913085933,132.0214,419.72504
-4.850440063476526,-1.239498901367142,136.65372,419.93198
3.2026528930664426,-0.08451538085932953,123.39775,426.68756
-5.038462677001917,-4.3412292480468295,114.90098,417.38666
0.19752975463870825,-0.4528625488280795,117.52726,410.86285
6.768452606201208,16.103991699218795,107.8964,403.6765
0.3244905090332395,22.017199707031295,97.181786,400.49005
-7.51287750244137,33.85798950195317,95.54689,384.72192
-6.577239074706995,26.12556762695317,82.682144,387.79376
-12.909102478027307,8.492160034179733,74.84105,394.37454
-15.369193115234339,18.467868041992233,74.354614,384.8339
-14.731814422607385,44.304125976562545,77.12295,375.00977
-30.587527313232385,45.73482055664067,76.24905,388.5235
-26.234515228271448,53.136767578125045,77.616936,387.33423
-38.59482101440426,82.24298400878911,96.563805,398.9515
-32.70578292846676,67.76080627441411,124.72146,393.33554
-10.984664001464807,53.316577148437545,100.985275,426.10083
232.10143371582035,60.80356140136723,278.5931,420.7388
386.91466613769535,8.242251586914108,241.51242,468.47617
386.60660644531254,9.149096679687545,221.71631,463.47607
361.9404077148438,17.941043090820358,213.06738,451.33395
396.80299468994144,19.940982055664108,185.73503,448.49667
364.63961883544926,23.826159667968795,186.68422,446.5592
358.1326684570313,40.82733459472661,183.18115,421.45114
344.78476043701176,41.48007507324223,167.51747,431.0292
317.24713226318363,55.50162048339848,155.56062,412.57816
304.6280145263672,50.366137695312545,155.22794,421.77075
293.63419433593754,51.29542846679692,153.0011,421.06976
287.32309051513676,48.846057128906295,144.19704,419.14294
276.4915322875977,51.59433288574223,141.15776,414.595
258.0682916259766,51.23195190429692,144.72983,419.98663
241.78268524169926,54.30279846191411,142.84877,412.52414
227.26060577392582,51.96046752929692,138.85704,412.97858
213.05707641601566,49.87019653320317,139.96771,418.78534
194.53050323486332,47.830798339843795,145.7805,421.78345
174.51043792724613,48.83331604003911,151.13985,421.7529
153.6163415527344,47.87013549804692,161.25421,430.6684
142.53192993164066,51.623156738281295,161.7475,420.64636
129.40175720214847,46.00732727050786,162.16837,429.0842
116.61633392333988,44.42190856933598,162.20992,428.32022
104.07624145507816,40.66243286132817,161.87653,433.8615
93.54068847656254,41.465441894531295,159.02808,435.62964
82.87374969482426,37.67938537597661,158.20107,444.22873
69.56805511474613,32.50027770996098,158.4853,450.4197
56.313088378906286,28.577090454101608,159.60632,456.07162
40.807534179687536,22.01503295898442,161.46863,460.84528
30.11925598144535,16.296939086914108,157.28098,463.13474
13.34118743896488,19.87599487304692,155.50081,450.44855
0.10283752441409888,28.431185913085983,153.8392,449.72684
-2.898230590820276,21.722903442382858,144.5441,459.66928
-2.1208715820312136,12.525134277343795,127.97974,468.8485
-6.129744567871057,6.9850646972656705,117.1198,477.35162
-10.524722137451135,0.9887573242187955,100.79244,479.08545
-16.02197937011715,-1.831356811523392,83.27829,477.69748
-20.272707977294885,5.779452514648483,83.29684,457.82632
-35.297698059081995,30.35029907226567,81.786026,437.03583
-34.081564941406214,39.92337341308598,108.34497,417.31827
232.5098657226563,42.91994018554692,212.24768,436.58295
381.12580200195316,-0.4293334960937045,209.76971,466.1958
371.99801727294926,-3.8177917480468295,205.2516,471.9206
362.5473947143555,-2.996945190429642,205.77126,472.24374
358.3674630737305,-3.3221557617187045,200.79189,473.39148
354.8638467407227,-4.205960083007767,195.48503,472.81998
348.9518365478516,-6.7347534179687045,196.7009,480
337.05150695800785,2.999911499023483,202.2131,467.07608
326.43045898437504,-2.958096313476517,193.31506,473.1243
315.2412423706055,-2.4488342285155795,203.94716,476.13263
302.4552774047852,-5.415707397460892,205.42009,471.30795
291.793724975586,-4.669766235351517,210.01761,475.257
285.5868005371094,-6.520718383789017,210.6778,472.71146
280.22782989501957,-0.9137390136718295,199.00584,469.83002
277.42360015869144,-7.030606079101517,196.66606,478.09293
275.0028619384766,-6.346005249023392,190.12228,474.2982
274.30008789062504,-7.530117797851517,178.42407,474.6907
270.7553567504883,-4.688900756835892,179.33995,476.27487
267.3168954467774,-5.097195434570267,177.47554,477.1934
268.77851196289066,-5.555905151367142,180.09198,474.7855
277.6596459960938,-8.498348999023392,179.32104,477.91953
282.76300903320316,-7.1812255859374545,178.47455,474.828
288.80572601318363,-7.9961975097655795,179.11543,476.89948
299.9039315795899,-5.370724487304642,180.38667,477.61984
293.8636026000977,-10.057812499999955,193.17131,480
307.6232919311524,-7.7259643554687045,200.32088,480
309.90362640380863,-5.7850769042968295,197.73006,478.88202
314.46327301025394,-3.3906066894530795,213.55583,478.56915
321.73639770507816,-3.9856079101562045,225.2951,480
327.3698815917969,1.048373413085983,230.06183,475.36014
338.7043313598633,2.2285949707031705,232.31004,469.39984
347.1222467041016,-1.0065124511718295,238.11362,474.41144
356.94083496093754,-1.5557373046874545,237.76965,473.59692
366.14735504150394,-1.6605651855468295,245.8947,471.73822
366.10192199707035,-5.9128234863280795,240.28012,478.82513
382.00280090332035,-4.7598083496093295,232.94467,477.36908
383.6374063110352,-1.256985473632767,219.11528,478.43997
396.4187020874024,-1.582485961914017,216.35823,474.73904
402.5446099853516,1.3768493652344205,203.03647,472.57794
413.9394845581055,-1.388760375976517,203.9319,468.7233
425.42118927001957,3.0601684570312955,197.90843,468.88892
435.92816253662113,-1.5700500488280795,187.35799,474.81512
450.7197351074219,-5.732479858398392,173.95392,478.11203
459.9459771728516,-6.9166992187499545,170.57065,480
470.36280914306644,-3.7186401367187045,162.75237,475.76233
484.5726174926758,1.399295043945358,147.12987,476.96298
488.43109222412113,-0.9755371093749545,143.30513,480
498.81317993164066,1.0446655273437955,134.70526,480
498.62921997070316,1.1616699218750455,135.3161,480
505.6195306396485,2.4118530273437955,131.24173,480
512.0322351074219,3.0011474609375455,127.93463,475.1902
527.001488647461,-0.5361755371093295,114.7399,477.628
524.9326486206055,1.6382629394531705,117.78871,472.1065
482.49364562988285,-0.740597534179642,157.12033,473.6743
526.9023446655274,1.7085449218750455,111.09749,480
532.5982446289063,6.390231323242233,118.71033,469.9236
539.9486207580567,6.3649169921875455,110.41888,473.21692
549.5836419677735,11.31947631835942,95.81595,465.46918
561.2605561828614,56.056384277343795,89.89901,420.93335
560.4638185119629,63.01901550292973,93.38598,415.72287
552.5205545043946,113.30255432128911,91.850266,363.53152
558.2079553222657,133.04082031250005,85.47119,345.33112
564.5504655456543,131.27583618164067,80.44334,345.1678
567.5321626281739,139.06022949218755,80.9067,339.86462
568.3129357910157,159.3554565429688,81.273926,318.41425
569.5597467041016,113.09186096191411,73.76529,358.32053
568.4090203857422,112.2018920898438,74.88577,362.48022
569.5393495178223,137.12619323730473,72.96624,337.85312
567.8842095947266,167.24187011718755,72.64877,304.70068
568.9171380615235,188.30964965820317,66.30557,284.22522
575.3121003723145,186.43791503906255,60.019676,288.7459
571.760350189209,179.23959655761723,68.64582,298.6536
563.002407989502,205.27841491699223,71.968834,279.93552
564.7691430664063,223.30307312011723,81.46057,269.21933
535.1352319335938,224.58911437988286,97.450195,264.57675
543.4214334106446,226.84517211914067,87.67241,267.37738
529.3150758361817,173.8419830322266,104.23931,313.42325
521.2190866088868,146.64470214843755,105.071976,332.82513
514.8372163391114,152.51101989746098,111.596275,339.18222
508.439061126709,140.05202026367192,118.87,350.38464
493.50669570922855,153.79733581542973,127.579765,327.26816
519.7703294372559,141.7217895507813,107.611885,360.65887
556.3750161743164,132.5335113525391,91.67125,357.2628
559.8764390563965,105.22998352050786,88.26978,381.76962
555.7052583312989,101.54838867187505,99.40438,388.2647
525.0203065490723,85.80743713378911,115.28277,396.0201
541.0000848388672,87.03555603027348,106.160736,396.85312
537.3660974121094,99.78596801757817,106.10217,382.23566
532.2750177001953,102.49959106445317,105.83377,378.32257
543.9644403076172,77.42732543945317,100.55466,407.92413
544.8597077941895,99.20814819335942,98.33907,382.33594
556.9543771362305,83.35559387207036,91.653885,395.26035
562.9871606445313,70.48141784667973,84.30127,407.54013
561.6670960998536,76.25482482910161,83.9248,403.40646
557.9829644775391,54.11897583007817,84.01547,427.47412
556.0130586242676,61.63119812011723,86.92074,415.30362
554.3909616088868,36.83096618652348,92.55824,441.16483
553.3990640258789,25.361911010742233,94.74516,448.43118
554.5067109680176,18.501452636718795,95.4443,458.96558
557.4357347106934,10.172366333007858,93.61506,477.1107
558.5582398986817,14.893801879882858,93.38616,478.70175
554.6722039794922,11.614306640625045,98.4252,480
553.3842706298828,6.382601928710983,94.638885,479.09378
554.2367143249512,3.116580200195358,91.61735,478.20322
550.2984017944336,5.8335144042969205,96.57918,476.25494
547.4871797180176,4.731906127929733,105.37289,479.19046
535.6463594055176,-1.5273559570312045,107.65121,480
536.9815187072754,2.1236145019531705,112.16119,479.0677
527.3136262512207,-0.033001708984329525,116.422264,476.66327
526.7710275268555,-0.14265136718745453,120.69325,480
522.3721170043946,-7.402676391601517,121.589584,479.2122
515.8078393554688,-5.1573608398437045,126.60437,480
513.6620950317383,-4.3700073242187045,130.14244,476.05786
506.224633178711,-4.4810913085937045,130.06277,480
496.56322570800785,-5.0947387695312045,141.7424,480
494.29823394775394,-8.797253417968705,137.79143,480
483.83849426269535,-7.6788452148437045,149.22433,480
483.15304656982426,-9.194348144531205,150.27846,480
471.8556909179688,-8.247692871093705,160.26587,480
462.8822564697266,-11.095166015624955,170.42807,480
458.7794732666016,-5.4715698242187045,171.42123,477.03418
455.38017364501957,-6.458279418945267,177.03526,475.26614
450.33985992431644,-8.279537963867142,181.7133,475.89767
443.6970758056641,-9.692456054687455,185.90952,480
442.2682427978516,-9.034374999999955,188.60056,480
435.8039331054688,-5.1234863281249545,196.69458,477.33606
438.9378442382813,-8.222851562499955,193.67834,480
434.0723428344727,-5.4178588867187045,199.38506,480
445.3474969482422,-7.3893554687499545,187.93582,480
448.00206848144535,-9.887951660156205,186.82431,480
437.1018609619141,-10.018322753906205,195.36496,480
447.4481210327149,-10.452709960937455,187.43025,480
452.07350250244144,-9.189709472656205,183.57793,480
450.72892089843754,-10.639721679687455,185.97913,480
446.96434875488285,-8.722302246093705,190.12912,480
442.8578118896485,-8.566174316406205,192.75223,480
433.3533563232422,-8.651318359374955,196.65811,480
430.7276162719727,-9.764782714843705,206.42302,476.40747
418.0014657592774,-9.957653808593705,212.84273,480
413.88541503906254,-9.520275878906205,220.92053,478.594
405.960961303711,-4.723599243164017,223.56985,475.77725
396.72274871826176,-6.9679077148437045,226.79604,477.46912
391.1465386962891,-5.721951293945267,232.06393,473.6237
388.37885375976566,-7.6363647460937045,222.65704,475.40283
379.8047418212891,-5.5528686523437045,215.01242,473.30957
372.45929046630863,-9.080456542968705,211.38252,480
367.63090606689457,-8.504116821289017,207.00743,474.7947
363.96835418701176,-7.2327697753905795,201.63295,475.61493
363.47116180419926,-8.963070678710892,193.04872,474.06454
357.6750268554688,-8.019665527343705,189.30798,475.7069
351.71556945800785,-4.9018066406249545,185.91476,469.64978
346.2925805664063,-4.861477661132767,192.55566,470.82706
341.00555511474613,-9.032101440429642,191.28511,475.7916
343.13492675781254,-5.1459167480468295,186.36401,475.40363
338.760163269043,-4.3036010742187045,198.35341,472.44263
339.81491180419926,-4.8427246093749545,194.78615,477.82288
343.6033715820313,-6.222561645507767,188.41748,477.1995
347.3355264282227,-4.131069946289017,179.51591,476.8544
350.2750482177735,-3.624417114257767,176.45023,476.61514
347.71603485107426,-1.6679809570312045,172.50575,480
341.43981262207035,-3.0925415039062045,176.11374,480
334.6351861572266,-1.7294433593749545,174.19211,474.2987
326.911530456543,-6.557034301757767,176.5431,479.10538
318.15081878662113,-5.1464965820312045,179.69368,478.47693
317.379548034668,-5.681942749023392,177.95973,476.52145
306.0102548217774,-5.7134521484374545,176.72444,480
301.4732751464844,-2.4393737792968295,181.31757,476.17035
290.61396118164066,-3.0145996093749545,190.23492,474.3302
286.9621896362305,-2.5233276367187045,194.33388,477.01392
273.35405059814457,-2.0999877929687045,209.30003,474.67407
272.3819207763672,-2.5383117675780795,211.98306,472.11603
262.61280914306644,-5.6500366210937045,205.58904,476.06543
257.30158325195316,-3.127774047851517,204.0362,478.2499
252.90182586669926,0.6085998535156705,197.24928,469.07623
253.02919860839847,-0.6081665039062045,187.18253,471.83008
246.23336883544926,5.1348144531250455,187.3694,470.4369
246.29054351806644,3.344363403320358,184.48979,471.18735
240.70524688720707,0.934603881835983,185.12962,473.0425
240.7734689331055,4.7117187500000455,186.41847,473.21863
234.39439483642582,2.796847534179733,193.37755,476.91776
225.32784362792972,4.503237915039108,200.36624,472.46896
225.6594018554688,1.924441528320358,204.05518,473.60507
233.25225921630863,1.0768005371094205,201.39339,471.99994
245.84217926025394,26.764651489257858,200.30815,443.80637
257.54377075195316,15.532763671875045,197.72504,454.57556
252.8585290527344,19.90004272460942,207.48053,455.92853
263.5798883056641,25.24843139648442,204.13681,445.7016
268.36818023681644,23.20534057617192,208.13579,450.898
276.8503427124024,24.042895507812545,210.33333,448.62183
281.2372064208985,12.99458618164067,209.01321,459.71686
286.4967889404297,3.5829650878906705,213.53531,472.89276
289.33354278564457,1.643374633789108,215.73033,472.4758
292.2685556030274,-2.8985107421874545,219.60896,475.42773
297.0377053833008,-0.6474426269530795,222.6361,472.51093
305.226830444336,-8.470471191406205,221.91934,480
317.9992761230469,-6.6820800781249545,215.58087,480
323.0871362304688,-7.3881958007812045,219.12573,480
329.0304193115235,-9.947338867187455,216.4827,480
346.785912475586,-11.050244140624955,207.25076,480
350.3291558837891,-6.5041625976562045,206.64487,480
355.61557098388676,-8.569104003906205,210.6526,480
372.2171640014649,-4.1995361328124545,202.63399,480
384.05790802001957,-2.1832397460937045,199.6085,478.2434
397.9276895141602,0.526095581054733,198.39397,475.66336
414.23141571044926,2.103366088867233,193.1078,474.3654
421.89088531494144,6.112704467773483,200.627,468.74588
431.1606530761719,12.93037719726567,206.08685,463.17377
446.65180297851566,12.374377441406295,188.8825,462.07043
457.4675607299805,18.834536743164108,177.8379,457.13864
478.63907714843754,13.408450317382858,157.8855,459.94992
486.371491394043,10.472537231445358,148.90553,468.4775
493.7471704101563,11.26594848632817,146.5946,461.6452
496.5810632324219,4.127749633789108,143.47845,468.74057
503.637230834961,12.41920776367192,131.53848,462.22723
514.0556382751465,4.022555541992233,126.58131,470.5673
527.7361764526368,3.229434204101608,112.05617,471.44748
534.0227250671387,2.549349975585983,108.00553,469.79324
537.3713006591797,0.267916870117233,103.41885,468.94278
538.6155404663086,-0.4787719726562045,105.24275,477.50085
540.3540963745118,0.11175842285160797,105.45216,474.8198
536.9195489501953,8.725756835937545,107.02365,461.85632
548.1038941955567,7.176791381835983,95.161064,471.32388
547.0239533996582,1.1751892089844205,94.76833,474.62006
548.5477723693848,5.705783081054733,98.71496,468.93948
533.58894821167,8.835635375976608,104.72111,461.12155
532.0342912292481,4.7060119628906705,112.07505,469.06183
516.0364846801758,7.545657348632858,122.98436,465.1368
508.20138641357426,2.831637573242233,128.49977,472.94778
501.9014749145508,6.331027221679733,134.62242,468.78738
492.3030633544922,8.070910644531295,137.28629,470.55347
476.7092141723633,3.258578491210983,154.3225,478.63235
471.2909707641602,0.20785827636723297,163.25224,476.91727
462.5168237304688,-1.0334594726562045,173.37598,480
454.57525726318363,1.065249633789108,179.47029,476.99326
439.34562011718754,-3.8092773437499545,194.6305,477.2047
428.51258941650394,-4.2008178710937045,202.73064,480
418.5614785766602,-7.1897094726562045,212.68462,480
411.53729339599613,-8.064953613281205,215.48616,480
403.4375543212891,-4.140286254882767,222.83542,477.16214
399.9223489379883,-2.9391601562499545,220.4105,475.10962
396.11508270263676,1.0684082031250455,218.47328,469.6831
389.4717111206055,1.395327758789108,213.1144,474.20053
374.01515289306644,3.7066833496094205,213.7802,466.97223
363.8208856201172,21.70942993164067,207.84158,450.43207
352.1203240966797,24.14088745117192,203.44266,448.90155
344.9534768676758,27.736514282226608,196.64696,443.99887
336.648217163086,46.78720397949223,191.1619,422.02957
334.89816375732426,45.81592102050786,177.93886,427.978
338.28985687255863,49.53848571777348,170.30354,425.23087
347.57672973632816,61.63110656738286,164.16827,410.89792
346.57848449707035,55.905505371093795,161.49435,419.10144
353.28488250732426,61.61665649414067,155.60292,412.4168
353.4820184326172,52.85858459472661,152.80093,419.97885
351.44188781738285,50.95590515136723,155.10873,423.33316
355.19440551757816,44.07208557128911,153.51678,431.9814
354.4768838500977,31.945849609375045,154.66753,447.15833
352.37432952880863,26.861361694335983,158.22151,448.42996
349.1668710327149,10.78969116210942,165.13155,466.18695
345.98109527587894,5.3885070800781705,169.69865,466.4422
345.065827331543,1.222293090820358,172.20656,469.07907
341.13104339599613,0.313357543945358,176.52107,467.6539
339.47540374755863,-2.718045043945267,180.32295,470.75784
336.6059121704102,-0.6512878417968295,184.11137,468.43573
336.33258148193363,-0.491879272460892,183.5439,469.96933
339.019684753418,-1.049191284179642,180.71681,471.6389
341.3219537353516,0.907931518554733,179.8082,470.2383
343.85985656738285,-3.4863403320312045,192.0853,475.19678
352.5309915161133,1.9824096679687955,187.50877,470.43433
356.2872323608399,6.098971557617233,190.59615,471.99417
359.6676873779297,26.896975708007858,196.1735,446.3641
366.9026193237305,30.141970825195358,199.07668,443.8403
374.0605477905274,38.11738891601567,198.50325,438.74005
381.47198577880863,49.29396362304692,198.02608,427.6939
386.3147744750977,48.660937500000045,201.09978,429.49487
388.73881622314457,49.51095886230473,199.1074,423.76724
393.3841409301758,46.50839538574223,205.49632,427.73416
396.0192956542969,43.472399902343795,203.59442,433.58752
400.75992675781254,41.236926269531295,212.04907,431.71777
406.649682006836,37.161730957031295,207.74625,440.94446
410.6903924560547,25.940097045898483,207.8754,446.14456
418.062767944336,12.529895019531295,206.24808,462.0371
425.03209777832035,1.7119018554687955,199.90768,471.04358
427.5773248291016,1.2497131347656705,200.60483,476.01044
429.8181924438477,3.6344482421875455,196.36687,472.65466
430.25312133789066,0.059741210937545475,205.4068,473.79285
431.7489022827149,4.535678100585983,198.51363,470.75455
442.7009057617188,3.550662231445358,192.72119,470.81467
441.90351196289066,11.047579956054733,193.42035,465.26773
456.0551614379883,3.810671997070358,181.6339,468.86887
466.021637878418,5.9091064453125455,171.85316,471.5846
475.3029107666016,1.3312561035156705,161.03464,476.5113
479.6507196044922,6.0920898437500455,152.13443,474.0724
488.8491296386719,2.4904968261719205,142.30414,478.6297
497.26442047119144,8.369189453125045,136.09184,476.13586
509.4339379882813,11.281344604492233,128.4956,470.2205
520.1757211303711,14.122836303710983,119.0638,475.09476
523.2254342651368,17.455249023437545,115.02077,470.3806
534.0972413635254,16.661837768554733,108.349785,469.0729
544.3310021972657,20.17250366210942,99.69098,462.2082
552.1233377075196,12.48860473632817,100.37669,468.29926
554.4602746582032,11.22413940429692,92.504456,469.39874
552.8055429077149,21.277011108398483,93.48811,456.3865
562.7861642456055,20.864474487304733,89.519424,459.28018
241.03612609863285,-1.7483032226562045,176.06686,480
246.5657281494141,-4.4535034179687045,182.78854,480
262.9582376098633,-5.3017700195312045,186.48753,480
274.50927062988285,-5.906124877929642,197.46396,478.33615
290.3896340942383,-2.2111938476562045,196.77464,474.08374
297.698395690918,-7.0448425292968295,193.57338,477.59442
309.57631011962894,-1.8326843261718295,195.69353,473.2751
320.5222177124024,-3.6198547363280795,197.7032,471.06146
327.8374566650391,-4.5149658203124545,195.20285,475.1101
332.54491516113285,-11.681591796874955,208.8226,480
340.98759552001957,-7.4910400390624545,222.06578,477.50928
346.73895355224613,-4.6106994628905795,225.81038,473.9533
349.4675378417969,-4.7483947753905795,219.97552,476.06744
358.58488555908207,-5.050106811523392,211.10802,474.0178
369.359154663086,-1.717465209960892,216.86172,473.91537
374.7338723754883,-8.77671508789058,235.26927,478.0064
376.1647805786133,-3.463284301757767,236.21178,471.10977
389.94113250732426,-4.000973510742142,224.9186,472.8093
407.5685586547852,-7.6816528320312045,215.41753,480
416.0435418701172,-11.957104492187455,211.14542,480
417.1989602661133,-6.2658203124999545,212.8452,478.12854
432.9862832641602,-5.1160400390624545,193.25395,480
439.24696441650394,-6.5730102539062045,177.73857,480
453.42463012695316,-5.9949462890624545,169.06451,480
452.9287194824219,0.353945922851608,165.60944,478.10324
467.12223144531254,-6.8229492187499545,160.91858,480
471.28275390625004,-6.0128906249999545,161.25269,480
477.6584786987305,-4.569882202148392,158.20192,478.98264
483.72836395263676,-5.7302368164062045,151.04408,480
508.44469543457035,-5.4870117187499545,131.86813,480
495.83061309814457,3.1823303222656705,134.79991,465.24835
484.2536248779297,4.374148559570358,141.28079,462.26205
535.3869790649414,-8.257763671874955,115.51189,474.51013
524.0841302490235,-4.165615844726517,116.77774,471.08255
548.7918023681641,-0.17884521484370453,97.21933,480
561.0030946350098,1.504855346679733,87.332634,469.36905
507.8712052917481,23.193576049804733,114.409584,403.96353
555.725811920166,28.56154174804692,87.632256,431.23114
555.9215058898926,38.26132507324223,86.27743,418.6807
554.869610748291,42.47272033691411,88.05828,414.02408
553.1535920715332,57.18159790039067,87.863304,399.48535
553.3577813720703,48.83813781738286,86.27762,402.24265
551.6179933166504,52.91231079101567,87.60119,393.06372
551.2570008850098,57.86905212402348,85.27032,387.3461
549.1737603759766,46.31343383789067,88.43277,398.6457
552.2702760314942,49.543750000000045,87.460625,393.40674
558.0401048278809,50.98347778320317,80.86848,391.05414
558.990143737793,50.49405212402348,81.02925,389.37833
560.9728936767578,48.79487915039067,77.68204,390.25354
564.5069360351563,51.480334472656295,74.57349,389.35846
563.2778825378418,53.74006958007817,76.80631,392.0987
565.0312432861328,57.369677734375045,76.37894,386.92072
561.2763642883301,64.26126403808598,73.17477,383.9305
566.5884103393555,66.13041992187505,73.86641,385.753
565.7415666198731,70.27711791992192,74.296486,377.56555
563.5392236328125,76.67131347656255,76.21112,382.70514
561.7906007385254,81.0375854492188,78.90435,388.21173
566.1258020019532,97.30949707031255,74.74701,364.80182
560.1894845581055,90.2856323242188,80.04237,377.1167
558.7278108215332,98.49176330566411,81.85061,374.3925
558.2555398559571,104.96875305175786,81.86406,363.68033
555.5156716918946,96.80697937011723,82.544846,372.19992
554.9681367492676,98.58980102539067,84.64895,367.49744
553.3640870666504,92.37268371582036,84.79717,361.4758
553.121922454834,90.6465942382813,84.55573,362.59265
556.7889871215821,92.1638061523438,78.46007,357.0631
562.6795816040039,84.86818237304692,71.65819,349.19092
572.7576379394532,83.76076049804692,70.52203,333.55536
570.0824250793457,80.86184997558598,72.610374,335.76932
565.9087915039063,69.69278259277348,77.59296,315.3398
571.5746430969239,60.09472961425786,70.76357,316.81808
549.593285522461,73.90671081542973,86.31149,302.09702
494.79121871948246,40.43756408691411,115.272316,337.49747
458.497223815918,16.909976196289108,139.10323,355.1893
456.79303833007816,10.786547851562545,141.40009,361.9975
461.32159515380863,26.694430541992233,146.15968,351.47495
475.063256225586,19.470095825195358,140.99564,359.78702
437.450707397461,41.68750305175786,177.01859,345.57413
461.70599456787113,21.046664428710983,155.37581,361.23917
483.7133645629883,41.00978393554692,132.07323,349.65912
480.65422149658207,43.98225708007817,130.40898,343.1654
481.40685363769535,44.74716491699223,130.30289,348.80453
499.7560472106934,32.33459777832036,113.99714,358.4623
480.9993905639649,29.83369750976567,135.86977,354.7713
489.513695678711,30.70302124023442,124.12894,357.5144
499.22220703125004,30.443225097656295,119.770996,351.08466
470.642243347168,18.936572265625045,143.24403,363.77844
497.0577363586426,16.826785278320358,124.65865,370.56546
501.8094720458985,22.528308105468795,124.64017,378.9389
499.5539559936524,16.29274291992192,126.45198,360.29242
491.59613891601566,24.034350585937545,131.69873,358.4262
484.8528604125977,25.822390747070358,130.56609,349.1395
498.5590600585938,19.75453491210942,129.57123,359.1944
492.6276864624024,10.830050659179733,131.63295,359.98227
494.97197052001957,15.31294555664067,125.81999,347.86804
504.3952645874024,21.180102539062545,112.760025,350.81732
506.8193444824219,21.51686401367192,112.07306,345.95355
498.24898239135746,22.820681762695358,119.90287,350.3467
467.97745605468754,28.532473754882858,133.59113,342.3912
491.9247789001465,14.527560424804733,126.02595,355.72104
476.83612915039066,34.67305297851567,136.85132,354.51953
486.42079254150394,25.93300170898442,130.57597,367.33765
481.34418579101566,24.909594726562545,125.02167,356.99908
482.7681512451172,30.79695434570317,128.59537,354.07184
484.5560540771485,26.892260742187545,131.6127,365.0509
464.89299102783207,25.755801391601608,144.96806,355.67178
487.2329949951172,42.92862243652348,129.06491,352.12582
478.6068353271485,24.382296752929733,136.44406,358.42453
465.1260842895508,23.506228637695358,146.71318,361.25888
459.4847268676758,30.184603881835983,145.85704,363.928
451.81293579101566,34.66797180175786,149.36218,347.88907
558.0333947753907,62.40298767089848,87.17566,338.91403
569.7997560119629,70.41920776367192,72.54876,339.34424
575.8833093261719,73.17254943847661,66.250854,335.85226
580.1767053222657,74.1655151367188,63.657715,339.67395
578.1147927856446,71.39216918945317,66.62456,340.06018
573.3162240600586,65.82815856933598,67.72456,333.99265
582.2729215240479,79.15652770996098,58.428417,322.07858
578.8101968383789,80.07959289550786,59.835434,325.449
576.0691918945313,81.11506958007817,63.014893,326.03693
574.1287889099121,79.08467407226567,64.1919,332.46997
571.0826119995118,77.90396423339848,65.6844,336.01114
570.2791413879395,76.10467834472661,67.30392,339.3928
569.2066621398926,77.64058227539067,68.85232,340.67145
570.0983743286133,77.95007629394536,68.36699,342.1887
568.8792581176758,78.53615112304692,67.734055,340.10547
568.3627519226075,78.87297363281255,69.39744,339.42072
569.7731561279297,79.1448852539063,68.14627,339.1324
569.6885652160645,78.62179870605473,69.388695,338.45895
567.6504602050782,76.0012084960938,71.89685,336.46667
562.942536315918,72.47110290527348,75.583755,338.93173
565.666356048584,71.53616638183598,71.804756,333.95303
562.7288827514649,67.91549987792973,74.82472,334.75577
565.0350923156739,67.19133300781255,75.559166,335.4334
560.2028588867188,64.75908203125005,79.25629,335.02618
561.0346650695801,61.84566040039067,79.59298,335.93298
561.1428880310059,60.826892089843795,78.679146,332.22778
558.2366494750977,58.87764282226567,82.55736,333.0489
557.7375955200196,52.63679809570317,82.69432,339.58978
563.3663453674317,51.73434753417973,77.90807,340.13083
563.6667909240723,54.04474182128911,76.65136,334.67313
565.209740600586,55.16763610839848,73.83334,332.9883
565.6246614074707,55.92660827636723,71.901695,333.08072
570.5171594238282,57.969653320312545,67.75928,331.6042
569.4666680908203,57.734606933593795,69.81271,329.8202
568.9637918090821,58.76544494628911,70.87633,329.5925
567.7488717651368,57.46205444335942,72.08003,331.24158
568.446614227295,60.56564636230473,71.12937,335.86972
565.5007333374024,61.036059570312545,72.49263,337.63727
568.4320458984375,63.629504394531295,69.56311,338.41058
567.8697976684571,63.732165527343795,71.54295,340.247
564.7308206176758,64.8691284179688,73.004196,343.00452
569.6173944091797,70.22856445312505,68.47391,339.38452
568.094017944336,73.83059997558598,70.891266,340.217
572.0659379577637,74.11516113281255,68.64243,337.00256
570.4821366882325,73.61523742675786,69.29868,337.73904
573.2934503173828,76.18339843750005,66.4382,336.3067
575.2305955505371,74.71951599121098,64.76679,336.73923
574.5696382141114,72.24521179199223,65.80746,339.80478
576.5337800598145,72.33198852539067,64.52029,336.21838
577.3132123565674,68.71994323730473,60.67883,342.8306
575.3035897827149,68.63605041503911,63.918472,344.9338
575.3460359191895,69.14047546386723,64.05111,344.57938
578.9677381134034,71.57989807128911,61.57925,344.9598
579.1360559082032,74.09262390136723,61.03296,347.17264
579.0229177093506,79.33209533691411,60.790913,346.26578
578.4377221679688,83.79323120117192,61.814148,346.4109
578.2195710754395,86.18445129394536,64.05654,349.91074
579.6083173370362,97.39822692871098,60.37524,344.55093
580.0855607604981,107.5705444335938,60.550697,340.94403
580.9305886840821,116.2944213867188,59.974716,334.9803
582.429913482666,118.74574584960942,56.381035,335.0188
577.8642472839356,120.66430969238286,59.843056,332.483
577.4302644348145,124.76848144531255,60.909447,327.66437
576.722680053711,116.48184509277348,63.356293,332.5837
571.8579568481446,104.68564147949223,68.847946,342.37772
568.6365632629395,113.1533081054688,74.45052,329.50177
566.3570680236817,103.0906860351563,74.07696,338.81775
566.1769494628907,100.79085083007817,74.9436,336.89453
565.9327897644043,93.52954406738286,76.04191,341.45285
563.8886308288575,99.78723449707036,76.30955,334.553
561.7432794189453,106.66682739257817,78.562164,324.02893
563.3852700805664,106.59050292968755,75.05827,327.82013
566.3458413696289,104.36601562500005,75.00377,331.33704
567.0927514648438,105.31915588378911,72.815125,330.26852
568.1070222473145,104.2718383789063,71.78628,334.18353
567.8882264709473,103.30447692871098,72.197075,338.31277
567.9163140869141,100.48611755371098,73.81937,342.93582
567.2580308532715,107.08754272460942,74.77387,338.3756
567.5432443237305,108.09840698242192,73.76936,342.70624
561.2525987243653,107.32788391113286,78.92524,352.60855
556.2461404418946,89.91766662597661,83.718,367.11276
554.7728814697266,89.19653625488286,84.17667,369.46402
553.1894960021973,82.36726684570317,89.05218,377.75598
547.127781829834,81.00079650878911,91.13587,379.0035
544.0710458374024,77.11482543945317,94.79103,383.65887
537.2530183410645,81.4863159179688,97.99691,381.2901
531.364655456543,75.66092224121098,104.17787,384.28494
525.5715951538086,77.77066345214848,107.467606,381.92038
513.5557489013672,76.56022949218755,118.53641,384.51086
505.77421661376957,75.24133605957036,127.96428,382.23636
498.42494293212894,71.73573608398442,134.72789,385.11926
490.22089477539066,71.29873962402348,137.02539,384.254
484.82672210693363,68.80368347167973,136.1913,384.34958
479.4203958129883,70.31145019531255,135.6959,383.74127
472.670922241211,65.07112426757817,137.01694,387.21973
467.31881805419926,68.01005859375005,135.05269,384.19562
459.4596795654297,70.06143493652348,134.88303,381.6036
450.2832116699219,71.42329711914067,135.48804,380.64673
442.31536956787113,71.4703247070313,134.2624,378.7685
432.29242797851566,72.41006774902348,134.0531,376.75064
421.97950836181644,73.02009887695317,135.00462,377.74268
414.54316040039066,76.87869567871098,135.63544,373.02762
406.29972167968754,75.80078430175786,136.28955,375.8815
398.9922418212891,77.08859558105473,136.41013,374.0009
391.5800637817383,77.9532348632813,135.49797,369.6129
384.31732269287113,80.1363403320313,135.56117,369.3108
377.86833282470707,76.01344604492192,134.27092,370.0074
369.4513940429688,72.99811096191411,131.90338,371.60403
363.3998651123047,76.93193359375005,130.82083,367.0354
362.3875588989258,70.0009643554688,128.58696,374.04028
365.5718316650391,67.73335571289067,128.6672,374.2342
364.6307916259766,63.56805725097661,128.54453,378.4011
365.79103179931644,64.65100402832036,128.6248,376.8657
364.57616516113285,61.50702209472661,129.91287,379.2892
365.31340118408207,58.891040039062545,129.12572,381.6858
365.6959237670899,57.778735351562545,129.64876,382.25446
366.4707879638672,54.90242309570317,131.47525,383.7088
369.13324829101566,55.919665527343795,129.54462,382.73865
369.33658691406254,58.611010742187545,128.83905,379.98932
369.97924133300785,56.20196838378911,129.78397,382.77866
370.011986694336,53.12747497558598,130.19223,386.91666
369.4532556152344,54.33325500488286,130.47046,385.20224
369.9492196655274,54.582568359375045,129.53615,385.3329
372.440339050293,57.61342163085942,128.65303,382.7226
371.20465179443363,54.854724121093795,130.58601,386.4502
374.4418954467774,56.82812805175786,129.49068,385.55197
375.58856292724613,52.807116699218795,128.58125,391.21124
379.954613647461,55.80948181152348,130.58401,390.3358
389.1918954467774,56.832080078125045,129.92476,390.11102
393.74638458251957,54.67093200683598,131.265,393.9194
402.2437982177735,50.05124206542973,131.33292,399.0732
404.01354309082035,51.56796569824223,136.46384,396.39804
412.15656372070316,46.39306945800786,136.9339,404.53067
420.9966134643555,47.99930114746098,138.47011,401.7147
428.92306610107426,46.08017272949223,143.4341,403.0731
438.94720550537113,40.14102478027348,144.0848,411.65207
446.4099893188477,44.235949707031295,148.33415,408.61578
458.0442895507813,38.813342285156295,149.02124,416.3349
471.1784448242188,40.56245727539067,151.59741,416.52515
474.69042297363285,35.926684570312545,160.3259,423.4737
482.73436828613285,38.030932617187545,154.89902,422.31866
484.62298675537113,38.08345336914067,152.11104,424.29224
490.582184753418,32.745471191406295,146.29555,431.61554
495.56993957519535,33.827075195312545,139.30331,431.03778
501.01689239501957,32.78149719238286,135.44102,436.07742
507.83037277221683,28.354861450195358,127.99595,441.67105
510.0328340148926,34.73523254394536,125.738365,436.4274
522.4945764160157,26.213809204101608,113.366394,446.23563
526.4493188476563,28.350695800781295,110.192505,443.40472
531.3695268249512,25.500857543945358,106.403114,447.52188
533.361107788086,26.280184936523483,102.31265,444.48264
537.961091003418,26.216220092773483,98.34633,447.80527
538.7791909790039,25.351412963867233,99.37834,448.96603
542.6417893981934,26.288119506835983,92.86506,447.06027
538.2398080444336,25.632128906250045,98.105545,447.00116
546.9574746704102,25.967684936523483,93.78679,451.10446
548.4001397705078,23.579165649414108,89.69345,453.87137
549.384301147461,24.42201538085942,88.10501,451.4347
551.4319047546387,20.397921752929733,86.11112,451.3917
556.0112580871582,18.879458618164108,83.19692,454.51065
556.3100938415528,16.913989257812545,81.03736,455.22333
558.2973756408692,14.75856323242192,81.125175,457.63293
557.9098100280762,12.049182128906295,80.243324,460.0125
558.78230758667,13.158618164062545,79.07511,458.68353
552.2011155700684,6.1786071777344205,84.46613,466.08044
550.5188722229004,9.20448608398442,89.63494,465.00293
543.7127236938477,10.749255371093795,96.988205,460.6176
538.2555169677735,8.795703125000045,99.94229,462.77948
537.7156762695313,6.3820678710937955,100.33545,466.89874
533.3012094116211,6.503970336914108,105.872635,466.7388
525.5676393127442,7.326602172851608,109.76568,465.3074
517.6735429382325,6.040835571289108,118.337685,465.21573
503.26337524414066,4.467745971679733,130.1109,466.1721
487.14859863281254,6.580783081054733,146.76526,463.82602
472.5734643554688,5.3503906250000455,159.36548,458.64655
448.13363739013676,-1.148922729492142,181.85292,463.65274
423.66755004882816,1.787783813476608,205.34003,462.00638
408.005394897461,-1.249813842773392,225.08487,468.69913
393.9603128051758,3.5993530273437955,236.48851,463.4698
380.6263208007813,2.074740600585983,242.47632,461.56393
346.8416986083985,5.5501586914062955,255.6326,460.75275
327.3805474853516,0.09653015136723297,282.7004,475.38376
342.66327758789066,-2.6497619628905795,263.63568,475.49402
308.9863366699219,-3.2142150878905795,294.502,480
352.31073852539066,13.602893066406295,245.86615,459.85272
448.0848016357422,9.684313964843795,166.41092,463.07892
447.9531259155274,10.64363403320317,155.4681,458.0675
434.2981958007813,12.62819213867192,162.84485,464.589
411.4241036987305,18.46370239257817,175.70619,456.8158
388.06642242431644,26.37550659179692,187.67278,452.67468
378.288727722168,33.469165039062545,190.3467,441.90424
377.724877319336,34.15492553710942,184.58438,442.1067
370.73798461914066,34.07742614746098,188.07916,438.1699
364.97570129394535,35.02011413574223,189.26071,443.41574
363.50614257812504,32.470446777343795,190.58752,439.2
353.8473901367188,27.321414184570358,192.67224,449.47867
352.63470550537113,23.124743652343795,189.84517,452.6136
346.0278405761719,23.154086303710983,189.86993,452.08725
343.80885406494144,19.20350952148442,186.82353,454.2213
339.21493621826176,14.404544067382858,184.83412,463.05582
330.69303985595707,8.82826538085942,187.33995,472.39062
323.5506372070313,8.004061889648483,185.05591,467.52756
307.60040374755863,7.836093139648483,186.83699,468.63193
297.16161437988285,8.17091674804692,180.74094,466.76855
285.5807962036133,10.058230590820358,177.2617,463.6669
271.7430047607422,11.79555053710942,174.91116,461.33704
258.2086419677735,10.820605468750045,173.35489,461.5539
245.065583190918,10.49782104492192,170.33498,459.78174
229.3453149414063,10.300906372070358,171.21863,460.19766
213.4961022949219,12.78102416992192,170.87152,458.42188
198.9885034179688,11.771655273437545,169.65991,460.28302
185.55529113769535,11.983813476562545,169.88474,461.57672
175.0389947509766,10.89931030273442,168.41818,459.05652
165.33384796142582,9.727206420898483,168.69286,463.84116
155.4712915039063,7.337680053710983,167.04822,467.36337
144.68507476806644,4.492098999023483,167.86992,469.97653
132.28625579833988,5.816683959960983,168.04341,470.2081
126.28098388671879,5.7462036132812955,171.00012,466.45746
125.69918151855472,5.4687377929687955,172.44315,472.17267
121.95556732177738,1.675296020507858,173.2729,473.94046
117.63268371582035,0.793734741210983,176.99423,473.2258
113.36567779541019,-1.326657104492142,179.50908,474.6088
108.22196289062504,-1.199856567382767,181.37744,474.9659
104.26278778076176,-1.5832946777343295,184.80556,480
100.63826843261722,2.0177185058594205,186.54666,474.43127
98.08844848632816,3.647738647460983,184.90704,475.33945
97.81262298583988,-3.5372131347655795,183.57967,480
96.73348327636722,0.3260681152344205,181.9136,473.29517
96.76403900146488,-1.0036132812499545,180.25887,478.0843
95.72419830322269,0.962069702148483,179.70488,474.3962
96.07589050292972,-2.6580322265624545,177.25638,479.89716
97.95612426757816,-0.809658813476517,176.05048,476.89706
99.08868499755863,-2.8287780761718295,172.42757,477.31836
100.76798339843754,-2.635678100585892,169.17761,473.95523
101.43687530517582,0.709414672851608,167.85814,471.36893
101.30906768798832,2.1124145507812955,168.2069,470.28094
103.2346734619141,3.6993286132812955,165.43246,469.89142
103.485993347168,7.8340332031250455,163.13466,466.09222
99.80629058837894,10.639010620117233,163.88676,462.08237
102.77549835205082,16.153506469726608,161.42308,456.7886
99.94368835449222,15.35725708007817,164.43484,457.20752
99.53881927490238,14.38728637695317,164.54597,459.0315
98.82289978027347,12.256259155273483,165.78006,462.17014
98.55188842773441,6.341586303710983,168.59625,467.98203
100.1999826049805,4.202578735351608,173.8207,469.83438
109.31233306884769,0.9423706054687955,170.34221,468.78253
116.04550262451176,3.459811401367233,170.33327,467.5101
124.6936349487305,2.0773498535156705,165.14076,470.4176
128.5435342407227,0.617251586914108,165.45439,471.30655
132.09434600830082,-1.913723754882767,164.67003,476.62338
134.6971215820313,0.9172546386719205,165.31091,473.58447
137.87025543212894,-1.5667236328124545,166.17241,475.93536
140.39992614746097,0.999514770507858,165.3422,472.58707
142.24662872314457,-1.301419067382767,167.08482,475.4194
145.78353973388676,1.0207397460937955,169.7289,474.3692
151.0637750244141,-2.1975524902343295,170.46042,475.48315
157.39412780761722,-1.002316284179642,172.5701,477.12186
164.57614227294926,1.0469543457031705,172.0392,469.8047
172.9248818969727,2.981570434570358,172.51384,470.67545
180.78194519042972,0.4749938964844205,171.85818,472.66724
188.98667999267582,2.706729125976608,170.76976,473.67606
197.40002532958988,1.2621032714844205,170.998,473.35742
205.53147979736332,4.3643981933594205,172.8441,473.22314
211.6448068237305,5.589663696289108,172.69057,470.65628
217.5190515136719,4.940585327148483,173.41559,469.51193
225.0369424438477,3.2864868164062955,173.71062,468.49835
234.5915841674805,1.878695678710983,172.02834,471.541
241.13671966552738,1.722354125976608,171.61055,472.24246
249.8747338867188,1.9103576660156705,170.80151,470.24963
257.94430633544926,2.642977905273483,170.23878,469.27524
265.0860833740235,4.5935852050781705,171.01016,466.45862
274.0495385742188,4.644595336914108,169.17444,467.12088
282.622582397461,4.5377380371094205,168.64236,469.08215
290.2963952636719,4.8915893554687955,169.87299,470.85822
299.81021972656254,4.851718139648483,167.00452,467.31894
304.2300653076172,6.067416381835983,169.20267,469.07956
311.6304025268555,5.696871948242233,171.2372,469.34982
310.4123315429688,5.6231567382812955,177.04907,469.2575
304.63555999755863,4.673068237304733,179.45491,471.16135
305.3779153442383,3.0809204101562955,176.60387,471.372
306.2932977294922,4.188845825195358,175.83255,469.48892
307.1044931030274,1.986972045898483,176.87422,470.1628
308.15172668457035,3.5679199218750455,173.73984,468.18378
307.06049438476566,1.8284790039062955,175.24188,475.34955
307.9063348388672,3.6761047363281705,175.77945,471.1902
307.5910272216797,1.428897094726608,176.61136,472.26407
308.5162896728516,3.248782348632858,176.25009,470.1984
307.20184417724613,4.8075744628906705,176.76509,467.91455
308.3738870239258,1.193179321289108,176.23167,472.2006
308.49469848632816,2.928897094726608,177.44122,470.1608
307.26761718750004,2.6744567871094205,179.19238,469.97998
306.95037933349613,1.4733459472656705,178.97383,472.12378
305.4544763183594,2.419894409179733,181.5484,470.70004
304.46925445556644,2.028048706054733,183.36638,471.03012
304.46916290283207,1.0231201171875455,183.13365,473.6363
304.031517944336,3.578677368164108,183.53482,471.9877
306.7929696655274,2.302157592773483,182.59956,470.12082
309.34760375976566,2.2184326171875455,179.96198,471.30792
308.51603027343754,3.2500793457031705,180.52283,471.22314
310.80450531005863,4.913668823242233,176.63533,470.90878
309.87059875488285,1.4008361816406705,179.61581,474.07642
308.8170175170899,2.6597778320312955,180.12984,473.13214
310.3497171020508,3.422244262695358,178.92625,472.49808
309.2132196044922,3.4804565429687955,180.50662,471.4792
308.5083779907227,2.885562133789108,182.8189,472.75284
308.154450378418,2.156527709960983,185.2289,471.90036
309.10466094970707,1.4395629882812955,181.60655,473.0075
309.4805459594727,1.383914184570358,184.33098,473.2144
309.15522094726566,6.848452758789108,182.36041,469.03445
307.20600219726566,0.479525756835983,186.48395,471.81918
306.3530282592774,4.739047241210983,186.17195,470.87326
304.63185211181644,2.5271179199219205,186.75237,472.08435
303.7922906494141,2.1805603027344205,187.52805,471.8849
303.8758172607422,3.5457031250000455,189.09476,470.37067
304.6708001708985,5.366976928710983,186.44412,470.1644
304.34061523437504,3.279574584960983,188.58667,472.58786
305.3069619750977,0.635531616210983,186.17607,475.50253
304.6263208007813,5.721102905273483,186.94775,469.27426
305.35814758300785,3.727542114257858,186.62582,471.2217
305.73465820312504,2.188632202148483,184.0935,471.88156
305.82726379394535,1.595889282226608,182.85654,474.7642
306.12127777099613,1.851657104492233,182.47664,472.26572
305.6465921020508,1.8423034667969205,182.2512,473.9131
304.918122253418,2.009524536132858,182.40517,471.48
306.175805053711,0.810244750976608,180.49026,473.88028
307.1496209716797,0.9227478027344205,179.09354,473.7744
306.8877267456055,1.9682189941406705,179.12196,472.58557
308.23815246582035,3.160403442382858,177.66269,471.5574
309.06427856445316,4.6124755859375455,176.32928,469.89948
309.057152709961,1.299685668945358,176.86404,472.3622
308.25153442382816,2.869845581054733,177.28131,470.92722
308.36007781982426,4.837893676757858,176.56837,469.8411
307.1251763916016,1.875643920898483,176.85507,473.7385
305.99576660156254,3.6352111816406705,178.40479,471.66882
305.63861938476566,3.646548461914108,177.68219,471.18204
305.3470468139649,2.5614807128906705,177.82942,471.46863
305.8164910888672,2.747042846679733,177.46353,471.78793
304.41912933349613,3.281619262695358,178.42854,471.82022
305.25419708251957,3.5205261230469205,177.86363,471.75317
306.2687844848633,4.192874145507858,177.75291,471.19327
307.164704284668,4.194400024414108,174.94655,473.79105
307.2319421386719,1.5591003417969205,175.29181,476.37146
306.74283691406254,3.1405212402344205,176.1825,473.46606
307.67081542968754,2.4104797363281705,174.9591,475.56396
307.90631958007816,4.028292846679733,174.71173,474.02817
308.2096185302735,2.219241333007858,174.89835,475.9429
305.758942565918,3.6751892089844205,177.58693,474.76025
304.88654418945316,3.506198120117233,177.92194,471.22897
