157.82,0.0,156.85000000000002,480.0
152.25846588134766,-1.820404052734375,158.74663,473.49945
150.78560363769532,1.0330047607421875,158.57907,468.7244
148.49134552001954,2.5805816650390625,159.3673,468.3137
146.15783416748047,1.777130126953125,159.6349,467.53375
144.91905700683594,2.675628662109375,160.0928,465.62836
142.85370361328125,4.0241851806640625,160.83789,467.76913
140.38112365722657,0.7845306396484375,161.0444,470.8179
138.7349368286133,3.2063446044921875,161.5128,467.5884
136.80311309814454,3.4525604248046875,161.77745,466.9766
134.0045443725586,3.3754425048828125,162.64326,466.75632
132.22664367675782,4.49566650390625,164.47116,465.34644
130.89796173095704,4.7013702392578125,164.3701,465.97018
129.39838134765625,2.9312744140625,163.05945,468.46582
129.35472595214844,3.8103179931640625,165.39944,467.27097
127.5188265991211,3.9900360107421875,166.23982,467.225
127.24345123291016,4.139068603515625,166.59148,464.4854
125.08102142333985,3.732269287109375,164.98323,464.94904
123.50737487792969,4.9244232177734375,164.2272,461.8571
123.0694857788086,3.8694915771484375,164.86787,463.21646
121.791875,3.1800384521484375,161.91443,463.75967
120.96385681152344,3.5490570068359375,164.45157,466.36282
122.16203033447266,3.6715240478515625,163.23125,463.35654
120.23150360107422,3.8925933837890625,166.71266,463.74582
120.55582916259766,3.501251220703125,162.82011,462.60785
120.10636627197266,4.6668853759765625,166.44475,464.853
119.58681213378907,5.0975799560546875,163.91147,461.84708
118.23204528808594,3.1146087646484375,162.50699,461.3738
118.53252899169922,3.9889373779296875,164.70924,464.03885
117.10355102539063,5.88525390625,159.10272,459.47534
114.12995635986329,4.165283203125,157.59935,463.7987
118.36421691894532,4.178070068359375,155.44443,465.0943
113.09103118896485,3.9843292236328125,147.95601,465.54245
117.28329956054688,4.189605712890625,145.91888,461.8598
116.10651885986329,4.61895751953125,142.83763,461.89587
115.0825244140625,5.754547119140625,140.56946,460.8338
115.87559234619141,5.9503173828125,140.34636,462.58643
114.39822875976563,3.7510833740234375,138.67877,463.88467
115.74979888916016,6.2452392578125,137.47868,459.2672
117.31232940673829,5.64349365234375,137.53734,464.0702
114.40660583496094,4.1321868896484375,136.49905,463.85794
117.07343017578125,3.47723388671875,135.98547,465.36035
115.66025268554688,4.3816986083984375,135.68585,462.48074
116.90642272949219,3.6410980224609375,137.53848,466.36978
115.98655426025391,4.9639892578125,139.36565,463.3745
114.48737060546875,4.49200439453125,140.21082,463.27368
114.55325805664063,7.8110809326171875,140.112,459.9706
117.74567138671875,5.2736358642578125,140.37073,463.02573
117.96120178222657,5.821990966796875,143.0444,461.13947
118.87509643554688,5.916046142578125,138.78143,460.37616
119.17158996582032,4.5824127197265625,141.6052,465.60336
119.11130249023438,5.5761260986328125,138.10748,463.83408
121.39336120605469,5.6361083984375,138.54617,461.20447
116.73848449707032,5.0257720947265625,138.36911,464.0858
119.19506561279297,3.4335479736328125,139.28395,463.56625
121.7029086303711,6.0962066650390625,137.60371,463.2723
116.94882690429688,5.062591552734375,138.01105,462.47504
118.70419799804688,3.1405487060546875,139.2862,465.5485
121.30875122070313,4.6347503662109375,135.9704,462.13004
121.89157592773438,3.476531982421875,134.81317,466.4261
121.300908203125,4.0730133056640625,134.58215,462.3054
119.48444854736329,6.92242431640625,136.69566,462.04956
120.89877807617188,8.279205322265625,135.04657,458.8205
122.11739074707032,4.6015472412109375,135.22458,466.12076
120.9505892944336,6.9661865234375,135.0666,460.1443
121.93204223632813,6.495941162109375,135.02032,463.1938
121.34988891601563,6.7979888916015625,133.78802,458.97128
122.47273742675782,7.2673492431640625,135.34836,458.81223
121.73603546142579,6.3834686279296875,134.5338,461.16678
123.07555114746094,4.5357666015625,134.5037,464.15698
122.30250274658204,3.2107696533203125,137.83702,465.73984
124.20879089355469,2.6309967041015625,138.24576,461.8862
120.48309814453125,4.1924591064453125,141.11145,463.03183
120.4519091796875,2.7923583984375,139.62549,462.33118
120.4238330078125,-0.9331207275390625,139.5802,470.09073
120.57265197753907,0.4030303955078125,139.874,465.81418
120.88203155517579,-1.574005126953125,138.30406,470.46368
120.84379302978516,-1.86962890625,140.43925,465.83215
119.36288177490235,0.019622802734375,140.18794,464.69537
122.00043975830079,-0.515350341796875,144.28514,466.18964
122.71262084960938,-2.14886474609375,141.99701,464.95142
124.11238586425782,-3.27239990234375,141.22324,469.78687
124.57594024658204,-0.137847900390625,139.26451,467.57452
127.01212799072266,1.1476593017578125,139.02495,465.3519
126.98479187011719,5.1691131591796875,138.24356,464.34695
128.78556549072266,5.5554656982421875,137.22478,461.22012
129.1676303100586,6.5308685302734375,133.77986,461.4064
130.45737182617188,9.012985229492188,133.52008,458.87088
130.3542529296875,6.5425872802734375,133.3385,462.73758
129.8278628540039,6.917633056640625,136.55351,462.60626
129.7382098388672,9.000900268554688,137.35257,458.3361
130.16422760009766,7.9342803955078125,139.66081,461.83774
126.22416412353516,9.703460693359375,143.67644,458.75262
129.28793060302735,8.587295532226562,142.94173,460.07053
126.11970245361329,7.923919677734375,147.17723,460.62616
129.61691772460938,7.2403411865234375,142.35858,458.65274
127.86857330322266,8.346038818359375,147.3145,458.18744
124.53782379150391,9.677383422851562,150.51677,459.13828
127.13150512695313,8.07861328125,147.51825,460.15564
126.90169250488282,7.4804840087890625,150.32712,458.83688
126.64091979980469,6.987091064453125,149.02286,463.13202
124.12575256347657,7.547149658203125,152.5886,461.9959
122.92564880371094,6.6241607666015625,156.26712,465.3917
121.47143280029297,7.951995849609375,158.28004,460.91644
120.17365753173829,8.478515625,161.25816,458.09705
120.02778350830079,10.915847778320312,160.70128,458.23788
121.25932037353516,11.6171875,160.58159,454.02917
118.97887908935547,15.781723022460938,160.39723,450.07413
123.32451354980469,12.709426879882812,157.75858,454.12582
123.81639587402344,17.084991455078125,159.87833,456.12506
123.34055053710938,39.04948425292969,161.19257,431.33438
122.05892669677735,38.0594482421875,161.01888,433.17273
122.65928375244141,37.617523193359375,160.52556,433.3266
120.52998077392579,40.59930419921875,162.96507,429.17358
119.191533203125,37.682891845703125,161.65356,433.1131
116.50755035400391,38.8935546875,166.49931,432.5664
114.45607482910157,33.635284423828125,167.53354,436.43414
111.73668395996094,26.636428833007812,169.42422,444.7302
109.15651428222657,20.349441528320312,173.15756,443.81808
107.2819873046875,12.380691528320312,172.79565,447.44553
105.04627716064454,7.2216644287109375,174.41576,448.329
105.12691986083985,3.735382080078125,172.0135,444.15277
105.12873565673829,6.075439453125,168.58275,441.3993
104.44606506347657,2.8352508544921875,166.85751,439.9136
102.53398620605469,5.19091796875,170.11636,436.78638
102.02798950195313,7.0197601318359375,170.84528,434.59354
104.91963684082032,2.5192413330078125,164.4437,436.41647
105.39670288085938,4.9623260498046875,170.59991,440.9678
107.58156311035157,6.9510650634765625,163.86386,438.89743
110.0193148803711,4.0908203125,165.57112,444.04675
110.2772494506836,2.48345947265625,166.56233,452.3545
112.86372100830079,4.5193023681640625,158.30113,452.98923
114.18859588623047,4.223480224609375,163.27211,455.69403
116.57763397216797,9.62518310546875,162.00294,452.46814
118.30494415283204,15.230819702148438,154.6151,447.51395
119.35286437988282,22.121597290039062,153.41367,445.0245
120.66613494873047,25.232864379882812,150.4264,442.98886
121.38507568359375,29.600067138671875,152.13354,441.1286
122.70621978759766,32.79827880859375,151.65031,439.16736
123.08806335449219,35.79962158203125,149.00381,436.3069
126.68723785400391,37.725341796875,145.29387,432.6128
124.06720458984375,35.63584899902344,146.83118,432.06204
123.90475189208985,32.66221618652344,146.2104,432.23282
122.4953662109375,30.612869262695312,145.30371,432.27426
122.69269287109375,28.181655883789062,144.23376,427.82578
116.96009552001954,21.49859619140625,147.18065,426.2068
112.98852264404297,11.730743408203125,152.60255,432.30865
108.75137817382813,10.870590209960938,157.88007,428.6835
106.871953125,4.7660064697265625,160.77222,431.16293
104.05346405029297,4.0268402099609375,163.49709,429.1216
100.59638702392579,1.8983612060546875,168.25035,419.20438
93.87470733642579,2.939697265625,172.86229,398.11267
93.68844329833985,-0.1919097900390625,175.86995,403.90457
94.1560336303711,-1.58734130859375,170.89034,401.91992
90.71724426269532,-7.01190185546875,173.8547,403.37524
88.15722381591797,-0.6223907470703125,175.39674,398.621
88.33885681152344,-5.772186279296875,172.95071,401.6181
86.99645721435547,-7.1847991943359375,174.41298,401.44797
81.81527435302735,-3.8223114013671875,175.84431,403.4802
77.59837066650391,-6.6767578125,176.2332,410.56482
70.57148468017579,-3.1052093505859375,179.64427,408.72495
71.25360595703125,-5.7785491943359375,173.56677,417.37143
73.57973205566407,-0.9019622802734375,167.7059,418.12326
76.58956634521485,4.517486572265625,161.03682,415.84552
77.03691589355469,12.703170776367188,155.50516,414.52542
75.18884765625,20.634841918945312,154.44861,412.70468
77.67620574951172,27.887161254882812,149.47096,410.86374
78.75299560546875,36.321990966796875,144.99536,405.7802
78.28329956054688,43.30290222167969,141.89728,401.60403
76.25639068603516,48.3880615234375,136.40923,399.10046
78.08525573730469,52.65814208984375,134.63724,397.15662
75.86818420410157,55.540496826171875,139.52097,403.72675
75.95592224121094,65.25555419921875,138.51651,403.021
80.44202911376954,73.70172119140625,135.6057,385.18127
82.06477081298829,68.73565673828125,133.04051,390.505
81.55707275390625,71.08935546875,135.34595,389.19666
79.48837768554688,67.96441650390625,133.63861,386.4651
80.27237426757813,65.15861511230469,136.68951,388.76053
79.5842333984375,62.64642333984375,132.89111,384.44946
82.61323272705079,52.21369934082031,137.12328,389.98495
82.17589294433594,48.25587463378906,134.04471,391.11923
80.44113647460938,46.996673583984375,133.31708,388.15363
77.96923553466797,41.31390380859375,132.82936,386.88922
80.2938510131836,37.35307312011719,136.75813,385.89163
79.11217987060547,32.4278564453125,137.66957,383.85913
77.45908081054688,28.647750854492188,137.70087,381.84354
73.8535433959961,24.99237060546875,134.27583,382.81616
71.92560302734375,24.617202758789062,138.38745,381.24448
71.71417724609375,21.0238037109375,137.14758,379.7229
73.0905810546875,18.514358520507812,141.80017,381.54636
61.9142123413086,19.411865234375,151.05269,381.47437
70.35701477050782,18.355453491210938,149.90683,377.16556
63.99706756591797,21.798858642578125,167.17616,374.8692
68.2158251953125,23.173660278320312,168.51111,372.91867
71.39845764160157,24.938125610351562,171.28854,372.3077
65.55489837646485,30.27423095703125,179.13118,369.1383
72.84422027587891,32.76080322265625,177.55132,371.04578
74.7672396850586,35.97706604003906,175.7126,371.5792
65.56358062744141,39.62294006347656,181.69768,373.49936
56.35316955566407,43.00486755371094,200.35715,376.6835
57.90614807128907,50.386993408203125,197.9415,373.19464
46.919690246582036,53.96266174316406,211.72594,372.90134
50.182446594238286,57.84393310546875,204.95006,370.09595
44.43047058105469,62.05241394042969,208.82217,367.53067
44.754346008300786,65.01359558105469,204.93834,367.54922
46.209660644531255,64.03782653808594,202.20483,368.4302
45.41314422607422,62.400604248046875,192.73476,368.51373
49.78519927978516,62.31062316894531,185.04716,367.2971
45.624280090332036,60.48966979980469,178.33983,365.42178
61.40820037841797,56.87384033203125,154.8976,370.56226
62.213078613281255,57.25395202636719,146.44775,367.0364
71.59705841064454,55.198944091796875,135.44066,363.8863
77.46173583984375,46.649261474609375,128.65106,369.3064
79.12928497314454,46.69508361816406,120.577805,369.52414
80.55678283691407,42.50947570800781,119.82211,371.18253
79.69363510131836,40.99652099609375,126.017586,372.91968
82.82343780517579,41.13310241699219,130.19566,370.3242
85.60080444335938,34.03990173339844,134.47821,367.85355
81.07574188232422,36.06785583496094,132.71413,369.96518
85.26249420166016,41.41090393066406,137.76671,362.68173
82.06737243652344,43.227630615234375,129.48306,363.2115
78.11697875976563,45.70463562011719,124.627075,364.57755
84.75941955566407,54.5599365234375,129.6304,354.04968
73.25994598388672,51.800506591796875,134.20198,363.8554
82.20489227294922,58.89637756347656,143.60225,361.05447
89.27940093994141,65.08653259277344,139.43181,356.2748
89.06509887695313,67.28652954101562,136.64539,358.62964
92.41206848144532,63.218505859375,141.74948,363.5434
97.23976623535157,74.73214721679688,140.8182,351.98413
113.10503875732422,82.01011657714844,128.69936,344.76608
125.6037989807129,82.83877563476562,120.42187,343.94647
132.4202395629883,79.66879272460938,118.47777,351.11438
138.40151321411133,76.86616516113281,115.04336,363.74924
143.2958155822754,76.81597900390625,120.95818,371.0619
152.67837631225586,70.09017944335938,120.61262,390.47174
159.25251113891602,79.8878173828125,125.53564,388.4165
162.43775665283204,80.45771789550781,135.9453,388.7559
170.86764251708985,69.16085815429688,145.37459,402.79797
172.049443359375,70.20991516113281,165.59167,401.6619
175.74020874023438,61.076507568359375,165.7038,409.77637
170.7786151123047,60.703033447265625,167.16592,409.92004
169.8409701538086,61.54254150390625,169.28719,404.35236
170.401494140625,54.34344482421875,172.18628,403.75018
172.5036669921875,51.41094970703125,170.36353,403.65985
169.94508087158204,48.410247802734375,169.56383,400.8723
168.7165347290039,41.9090576171875,170.96465,407.63483
170.49166595458985,38.96324157714844,168.30818,407.05685
170.02775299072266,32.74113464355469,158.08781,413.046
166.72982513427735,29.118850708007812,157.18648,417.01028
164.66841613769532,26.107421875,155.03806,418.81854
155.7677508544922,21.969497680664062,160.36807,422.99173
152.1620913696289,21.485488891601562,159.89787,425.60464
148.02996551513672,19.8046875,164.88222,428.68402
140.74093353271485,19.110183715820312,171.54463,432.4163
131.73316680908204,23.555511474609375,177.49254,429.91028
125.30072509765625,24.023696899414062,183.87195,431.11026
117.02569305419922,28.540634155273438,187.15651,430.76303
113.45456420898438,29.277450561523438,195.92438,432.43088
108.42084991455079,32.519866943359375,192.95726,429.7218
108.46148406982422,31.498092651367188,192.76723,432.74594
104.95296203613282,33.74371337890625,201.51083,433.1762
104.54371368408204,40.01683044433594,193.97972,428.6534
105.1445361328125,35.752410888671875,198.81458,431.81653
107.14861785888672,42.11128234863281,184.80641,426.71378
107.73689758300782,40.56304931640625,165.37814,427.35992
108.73087799072266,41.90730285644531,164.13188,428.98123
108.43143188476563,43.88294982910156,160.11505,426.84268
111.23302185058594,43.4013671875,152.56998,426.1784
113.70394622802735,42.69624328613281,146.49605,424.6768
114.11237823486329,41.42008972167969,139.08275,421.79807
114.78844177246094,39.95259094238281,135.01016,422.97867
118.5593310546875,38.665496826171875,130.06738,423.55347
120.30896484375,36.14097595214844,129.10767,422.51132
119.17132293701172,34.80474853515625,126.44826,416.95
118.47103225708008,35.132598876953125,127.15328,412.29126
117.42046081542969,33.3017578125,128.21109,411.06866
116.79956924438477,36.389007568359375,126.19042,405.849
115.96699249267579,33.0968017578125,130.65416,410.2248
114.59702026367188,37.07490539550781,129.49603,404.178
113.69672119140625,37.82762145996094,132.068,407.18796
112.84244262695313,38.41731262207031,136.65936,411.8649
111.49135314941407,41.8463134765625,133.30734,409.39874
117.13891326904297,43.49156188964844,132.97475,408.77744
116.60440551757813,44.54045104980469,132.17865,406.59897
117.28220092773438,47.49751281738281,131.55511,402.56802
116.18624603271485,52.05157470703125,130.7054,400.3708
115.76743423461915,54.725677490234375,127.171684,396.2716
115.26861297607422,54.206390380859375,128.9717,397.3208
117.09578048706055,59.00294494628906,126.387184,391.10135
118.74789916992188,59.93367004394531,121.05438,388.01736
117.55408966064454,60.77156066894531,125.385666,389.53116
118.94594299316407,59.44746398925781,127.4335,390.29178
120.41390716552735,59.57160949707031,132.02675,389.34256
121.47735321044922,55.98088073730469,133.13203,395.24875
120.63370239257813,54.78619384765625,132.09119,393.04816
121.80766021728516,51.54588317871094,131.65941,390.99094
118.65463363647461,50.64894104003906,124.643196,388.42532
119.58686553955079,48.377685546875,120.291794,388.24683
121.57093154907227,45.31925964355469,123.46697,387.16763
123.15290939331055,43.305633544921875,118.02921,384.85107
126.71166336059571,41.85401916503906,118.86324,383.21396
129.6612254333496,40.618438720703125,117.53791,381.16443
132.5518504333496,37.81414794921875,115.629036,380.73346
133.1879168701172,37.331024169921875,111.69864,377.2188
133.98050033569336,35.00543212890625,115.32337,379.3025
134.43108856201172,32.95310974121094,116.86586,376.7321
136.65985977172852,32.97700500488281,116.29955,375.3524
135.98191940307618,28.27313232421875,121.54014,373.3827
139.28422271728516,28.825103759765625,121.70122,371.23212
140.09351837158204,23.846038818359375,123.99852,376.3
145.14689743041993,22.592544555664062,119.10288,375.04636
145.1423617553711,25.157760620117188,116.99434,372.21762
145.12772094726563,24.004180908203125,115.45288,372.11298
145.34222137451172,22.6187744140625,113.9684,374.38092
147.33766662597657,22.785064697265625,112.957245,373.14648
149.92792617797852,22.715133666992188,113.544,373.36368
151.74675857543946,23.537246704101562,112.26809,376.78842
156.05332290649415,25.562469482421875,113.10485,373.56555
154.5236636352539,28.977859497070312,109.235886,368.98813
155.36292373657227,33.44322204589844,113.428276,368.7184
155.05709564208985,36.713226318359375,113.00923,367.75012
156.04242431640625,40.4610595703125,115.94586,365.1324
158.0618830871582,44.587188720703125,116.43673,364.4704
156.58895599365235,52.99519348144531,122.840164,359.64413
159.84247695922852,56.01783752441406,124.881645,367.4686
166.08076583862305,61.400390625,119.64274,363.65802
172.34627639770508,69.90910339355469,120.96407,359.21048
182.15008270263672,72.99845886230469,114.096634,359.39395
190.04138290405274,78.73313903808594,107.15394,357.8566
194.25887405395508,80.43545532226562,105.99264,358.48657
174.9868785095215,85.57514953613281,103.281746,360.15396
169.2555209350586,90.15324401855469,103.71437,355.73276
149.12965881347657,87.91667175292969,110.67844,359.32083
150.684754486084,89.49151611328125,104.83515,357.89777
140.70881759643555,87.58425903320312,105.80479,360.18896
134.61879837036133,88.06149291992188,105.90847,359.14142
126.7821437072754,87.160400390625,103.44982,360.36792
112.81263076782227,85.79388427734375,105.692375,364.9229
106.14631759643555,84.76998901367188,102.85508,364.0843
86.92709457397461,80.59356689453125,104.45759,367.61456
78.5328646850586,75.20574951171875,100.12123,367.70538
65.68946563720704,71.16963195800781,102.62822,366.81766
60.29872619628907,62.6593017578125,99.616486,369.5904
50.818223114013676,60.74745178222656,102.48307,371.90353
40.31581604003907,55.8875732421875,111.22537,373.56427
35.42888366699219,53.30500793457031,112.09238,372.80472
20.392136688232426,56.338226318359375,115.86906,374.87183
14.573304290771489,53.62333679199219,115.7295,380.35367
3.3820773315429733,57.993133544921875,121.04146,376.4666
0.2331210327148483,55.90071105957031,130.06569,388.71725
1.493458862304692,44.267578125,129.31784,408.99524
-11.290621643066402,43.80729675292969,123.9673,414.35928
-8.457304840087886,38.87574768066406,124.8202,421.17
54.51732360839844,4.2117919921875,168.66061,470.85388
48.73221313476563,-0.810333251953125,169.14465,474.08185
25.66952239990235,-1.03741455078125,177.40663,480
10.57510864257813,-1.65679931640625,180.1648,480
-2.5940808105468705,2.5144500732421875,185.19128,478.09232
-3.8095043945312455,4.6432037353515625,168.02228,473.1069
-6.271502380371089,0.1496124267578125,153.25145,477.23862
-1.8300961303710892,-5.1416015625,143.18419,479.5719
-2.2147549438476517,-5.6328277587890625,143.49794,476.98306
-2.1256436157226517,-4.97918701171875,140.92091,477.79248
-3.6369656372070267,-7.3724822998046875,138.1169,475.69064
-6.098734741210933,-3.4027252197265625,140.23734,469.00638
-5.4487561035156205,-3.7153167724609375,138.62415,466.5007
-3.6996487426757767,-5.672119140625,138.20198,466.78625
-5.7575329589843705,-5.3978424072265625,140.78369,462.902
-4.1041516113281205,-3.023345947265625,134.83826,458.1761
-6.362978820800777,-4.22955322265625,134.316,463.77246
-8.381029968261714,-5.91900634765625,133.51274,463.67407
-8.315890197753902,-6.4340972900390625,134.73207,462.79874
-10.094538574218745,-5.1446533203125,131.19196,472.42725
-12.197565917968745,-1.48089599609375,130.86285,474.98438
-8.80587280273437,5.9576568603515625,129.70325,466.936
-8.47939575195312,1.83343505859375,132.31018,471.5863
-5.028490905761714,13.448638916015625,131.18279,461.90314
-6.419726257324214,18.020614624023438,133.60051,461.1508
-5.576220397949214,22.110092163085938,138.80327,459.39053
-4.627138977050777,41.97264099121094,137.94563,432.95804
-2.851450805664058,39.950897216796875,141.29123,440.3023
-4.850443725585933,41.51556396484375,145.45181,437.88733
-3.7724560546874955,45.16587829589844,142.33136,434.34012
-2.6604565429687455,37.784149169921875,143.17279,442.54926
-0.564860229492183,35.736724853515625,140.03214,441.09747
-1.6959790039062455,28.584808349609375,138.63275,445.40765
-4.500376586914058,19.123977661132812,137.96213,454.76816
-2.8962429809570267,11.07952880859375,137.04195,462.6233
-3.671732788085933,3.5277099609375,137.41934,469.85217
-5.026049499511714,-1.2277374267578125,136.56914,477.1675
-4.972544555664058,3.9611358642578125,139.21506,468.39536
-7.297060852050777,4.6859283447265625,144.35994,465.40695
-6.9685620117187455,3.4085235595703125,141.44647,463.08444
-6.0320996093749955,5.471893310546875,141.34564,456.40875
-2.3943432617187455,3.9307861328125,138.26324,450.16858
-3.8928250122070267,2.2720489501953125,142.2834,450.13657
-2.2087124633789017,2.758544921875,142.90065,456.0514
-4.266299133300777,-1.9142608642578125,148.63374,465.70743
-5.557139282226558,1.2774810791015625,152.71725,464.6633
-6.9659069824218705,-4.615966796875,154.70276,473.8623
-2.745280151367183,-2.0521392822265625,152.31033,471.80118
-3.7160366821289017,0.526153564453125,158.1697,471.42975
-1.6738003540039017,-2.279327392578125,160.41078,472.10712
-5.978243713378902,-1.6361541748046875,175.19167,470.7502
-2.206438903808589,1.97344970703125,179.35936,468.83716
-3.3211010742187455,-0.542724609375,184.36884,473.19666
-3.9912136840820267,4.2453155517578125,193.75447,467.35654
0.639210815429692,8.86669921875,192.06747,464.5155
-0.37674987792968295,11.528427124023438,196.2908,462.8787
5.386586303710942,13.287155151367188,186.79001,462.92508
3.405537719726567,7.9150390625,181.24356,469.00317
11.458684082031255,6.6096343994140625,186.2763,464.65073
7.4543505859375045,3.7460784912109375,179.01361,468.58072
7.7925769042968795,0.33056640625,189.42468,471.64502
5.932049865722661,-2.13433837890625,184.29893,478.2196
14.313664550781255,-0.8080291748046875,180.39911,474.24423
7.1853381347656295,-3.01641845703125,175.72925,478.88477
8.854573364257817,-3.4117584228515625,182.61807,476.82266
10.947957153320317,-5.09765625,179.36807,480
11.322194213867192,-2.48297119140625,180.27145,477.67065
10.335194702148442,1.5650177001953125,180.8729,476.993
17.764546508789067,1.8811798095703125,177.84525,474.81723
18.355519409179692,-2.1319732666015625,179.51266,478.65128
16.501607055664067,0.8887786865234375,186.87918,476.2808
20.731495971679692,2.307403564453125,187.988,472.05658
28.429799194335942,11.88958740234375,189.46518,458.47083
27.756672973632817,-3.3971099853515625,192.51553,477.74063
30.17948638916016,2.0728607177734375,192.67992,472.5602
33.97967254638672,7.796905517578125,198.10872,465.8017
31.881474609375005,4.4741363525390625,201.38556,469.81845
35.66256439208985,1.772796630859375,196.78041,471.23737
37.25937377929688,-1.06103515625,197.47876,480
38.1726351928711,-2.6491851806640625,197.82155,478.76358
41.72997772216797,-5.933990478515625,199.81294,478.695
44.10246002197266,-5.8775634765625,205.04979,480
47.94429504394532,-6.960784912109375,201.89566,479.96027
47.426770324707036,-5.37432861328125,209.19023,480
47.639905090332036,-7.6591796875,209.73405,480
54.116467590332036,-5.131927490234375,199.28813,475.51886
55.21751129150391,-6.2895355224609375,204.60997,478.74985
56.52096282958985,-3.1015625,205.14064,478.23157
59.86691772460938,-0.0285186767578125,208.87854,473.60074
66.17009460449219,-0.74957275390625,204.44797,475.11353
71.30269348144532,0.72882080078125,207.3356,474.11914
69.494267578125,0.103729248046875,198.14056,475.08124
74.79568969726563,2.1548614501953125,216.34937,472.00217
82.48054992675782,2.4368896484375,205.47415,468.026
95.20090972900391,-1.4427337646484375,211.82957,477.4924
97.48238098144532,1.13983154296875,196.8826,465.67737
106.16930877685547,0.49871826171875,196.00447,467.22192
109.67460357666016,2.361846923828125,193.57787,468.39227
99.04863464355469,1.67144775390625,195.60922,466.734
99.60450469970704,-1.5265350341796875,199.76372,474.95236
85.72899353027344,0.1491851806640625,197.08029,474.38376
91.25221740722657,0.545745849609375,186.06924,470.89374
90.7680712890625,0.1103668212890625,191.1889,467.45444
79.99457275390625,-3.38763427734375,195.51654,469.81482
80.83114349365235,-5.8717498779296875,194.16835,474.93344
72.89001190185547,-3.39410400390625,198.62361,477.1593
67.54182159423829,-2.8910369873046875,201.14287,477.96176
63.78147613525391,-2.383697509765625,200.04918,474.87152
60.337475891113286,-4.02545166015625,205.69865,480
61.74944030761719,-2.615234375,211.51328,478.3816
62.937207336425786,-2.26953125,226.07109,478.54236
58.25399505615235,0.2881622314453125,218.01857,470.73886
57.754223937988286,-2.7513427734375,223.5988,480
53.576604003906255,0.6977386474609375,218.61212,468.0215
59.99185668945313,-3.53167724609375,218.8523,472.0404
61.06938659667969,-0.4433746337890625,213.7092,468.22635
64.15795623779297,-2.062957763671875,205.59029,474.1303
61.8382846069336,3.1513671875,211.07704,467.19714
61.358288879394536,-2.7020263671875,209.32268,469.05188
67.01892578125,-1.3994903564453125,199.53473,474.05618
61.18383514404297,-7.4662933349609375,201.74934,478.90073
58.371472473144536,-8.020721435546875,202.78862,476.9793
51.40061676025391,3.1555023193359375,199.56017,469.0983
56.865483398437505,-9.773330688476562,198.138,476.92264
42.666943664550786,-2.805450439453125,202.22905,475.96588
38.560315246582036,-2.571319580078125,210.91716,474.2094
30.297803039550786,-4.3474884033203125,213.72466,475.80106
21.23649322509766,-5.57611083984375,210.52354,480
12.73514282226563,-2.6384124755859375,225.42346,477.7407
3.4902087402343795,-3.3319091796875,217.54358,480
-3.9885205078124955,-7.4919586181640625,219.62384,479.57388
-2.969500427246089,-7.45794677734375,212.61473,480
-6.689654235839839,-6.6823272705078125,201.70836,475.91837
-5.060313110351558,-1.1128692626953125,195.52133,469.24222
-6.344431762695308,-3.366424560546875,187.97763,475.17352
-1.0896328735351517,-7.4494781494140625,191.85194,478.1525
0.37868225097656705,-7.3157958984375,192.5104,480
3.8315402221679733,-8.182220458984375,190.49922,476.4643
-2.5449246215820267,-8.66259765625,199.73189,476.47913
0.7938662719726608,-11.0828857421875,185.98094,480
1.2915927124023483,-6.13372802734375,192.21437,480
3.6730319213867233,-11.69195556640625,185.9825,480
4.059315795898442,-7.82086181640625,195.86996,480
7.533719177246098,-14.839752197265625,191.76772,479.42242
6.671887512207036,-11.639877319335938,196.79277,459.1279
5.895680541992192,-11.171356201171875,196.08969,455.1242
1.913228149414067,-11.189224243164062,200.0917,476.29068
-3.578234558105464,-2.7417755126953125,204.50151,472.2692
-4.493388061523433,-4.7054595947265625,210.75601,472.32315
-0.741404418945308,-0.9762115478515625,210.91342,473.55838
-1.5617703247070267,-4.1586761474609375,207.779,475.30002
7.6761218261718795,-1.337432861328125,197.45544,474.14252
1.8438388061523483,5.1159515380859375,196.67067,473.24942
-0.16492736816405795,-0.2840576171875,200.69064,480
-0.680704956054683,1.3695220947265625,212.22415,476.55258
2.9308520507812545,-1.74822998046875,207.38751,480
-2.3097256469726517,-1.696502685546875,213.032,479.47504
-3.085192565917964,-4.03350830078125,205.11931,480
-2.153796081542964,-8.05755615234375,204.59209,480
0.1543399047851608,-5.54815673828125,207.19151,480
1.3369418334960983,-6.447509765625,203.45802,480
0.28912841796875455,-5.29498291015625,205.50128,480
3.8074008178710983,-7.81683349609375,202.06068,480
-2.4761303710937455,-4.94927978515625,209.21234,480
1.2967654418945358,-6.0078125,197.36418,480
0.8762561035156295,-5.15313720703125,195.87036,480
-3.4530895996093705,-4.8328857421875,197.78308,480
0.3905917358398483,-5.2427978515625,189.07472,480
2.896222229003911,-5.3868408203125,185.57054,480
-1.192484741210933,-4.6370849609375,185.74478,480
-0.6342343139648392,-5.72119140625,182.04015,480
-0.0060452270507767025,-5.29595947265625,177.17537,480
-0.708689575195308,-5.826416015625,178.89291,480
-0.9499844360351517,-4.78277587890625,184.28578,480
-4.6560009765624955,-3.0394287109375,177.456,480
1.8105822753906295,-2.54949951171875,183.44409,480
2.5970812988281295,-5.7877197265625,180.88464,480
1.2356539916992233,-4.1788330078125,183.1982,480
5.323018188476567,-5.153564453125,185.21292,480
11.611104125976567,-2.7467041015625,177.01675,480
13.502003784179692,-2.20849609375,175.3386,480
17.924206848144536,-3.3802490234375,171.33366,480
12.750859375000005,-3.264404296875,178.48676,480
22.702275390625005,-0.958740234375,170.07294,480
25.21652709960938,-1.8642578125,173.15234,480
29.356221313476567,-2.5545654296875,169.83572,480
29.94051849365235,-1.3306884765625,173.60854,480
29.23337280273438,-2.42401123046875,175.71484,480
32.34527313232422,-3.10528564453125,159.52644,480
38.334416503906255,-5.2913818359375,153.0567,480
39.28651916503907,-6.27197265625,155.17459,480
45.315556640625005,-4.01025390625,147.2608,480
45.121037597656255,-4.00152587890625,152.65851,480
44.05088531494141,-3.7608642578125,158.55846,480
49.00779449462891,-5.30706787109375,171.1184,480
46.51505767822266,-1.8739013671875,171.22789,480
51.44731628417969,-4.423583984375,171.85995,480
56.37700378417969,-6.00579833984375,172.60959,480
53.64498626708985,-2.66741943359375,185.31544,480
59.792065734863286,-4.35784912109375,180.30888,480
63.142895812988286,-6.36737060546875,180.11089,480
50.26976501464844,-5.2081298828125,195.56467,480
75.72655975341797,-6.3181610107421875,178.52486,477.37082
58.62991821289063,-1.89410400390625,197.29285,480
59.31380950927735,-5.1751251220703125,196.61623,479.87198
77.10517608642579,-6.2578277587890625,184.2542,479.9147
85.32069122314454,-3.1595916748046875,182.71672,469.54855
94.33246337890625,-1.3010711669921875,175.40424,464.58835
99.5986376953125,0.998260498046875,167.13605,456.22626
103.53520690917969,2.1471405029296875,170.15268,452.57693
111.30226623535157,1.5449371337890625,165.61075,452.99435
118.29742919921875,1.9080657958984375,173.35687,454.91483
125.79127227783204,2.2429962158203125,183.15154,455.37497
125.17879211425782,1.9785308837890625,176.17386,455.68796
130.63331329345704,1.403106689453125,178.86748,459.122
134.90819274902344,1.0809326171875,178.70175,456.3943
136.89831268310547,4.48834228515625,178.01424,451.42773
141.97652160644532,4.0536346435546875,176.59451,447.95364
142.16920959472657,6.1916961669921875,179.99918,446.88297
144.30035125732422,7.1882476806640625,180.27583,448.65976
149.44103729248047,11.53863525390625,177.36494,428.44153
144.88564025878907,13.057266235351562,183.9794,428.93723
149.65018188476563,13.802536010742188,183.23083,437.7183
145.9711962890625,18.797760009765625,184.27887,424.36102
151.4527865600586,21.056564331054688,183.97023,435.36087
149.70304595947266,19.734222412109375,193.1162,439.27167
152.7960482788086,15.668731689453125,188.83937,444.58075
151.8389712524414,22.927932739257812,189.5432,433.0975
159.1357699584961,21.3831787109375,184.34401,435.42468
162.22275268554688,16.864151000976562,188.74976,442.25717
156.74115478515625,13.51239013671875,192.1286,449.89172
165.05243408203125,9.239212036132812,191.44012,451.25497
172.7620669555664,9.476837158203125,184.32945,452.22296
183.40018951416016,5.74853515625,177.45213,449.17712
189.35965454101563,12.15191650390625,173.93884,440.43164
196.23505126953125,5.001373291015625,171.18243,447.8084
214.41338836669922,8.386962890625,155.45882,442.02588
220.53322326660157,4.4207916259765625,148.92728,450.18198
229.59700500488282,7.545654296875,143.73904,446.7052
239.68333923339844,6.7709503173828125,137.71835,451.34677
244.22877990722657,5.9251708984375,137.0928,454.12964
250.20724975585938,8.92852783203125,136.08838,450.3529
253.23549377441407,10.442047119140625,137.10208,448.2868
256.5684558105469,8.043792724609375,134.54626,451.8244
256.072392578125,12.585037231445312,138.97247,449.03793
257.4309130859375,7.5326995849609375,141.55707,454.28214
259.27562438964844,14.2060546875,142.36996,448.95557
259.6623355102539,14.534957885742188,148.73021,449.5806
262.4272509765625,23.216156005859375,153.55988,443.10077
264.0172091674805,15.474533081054688,159.23824,451.20792
262.35921966552735,21.470870971679688,163.45497,445.42618
259.63625061035157,25.466888427734375,169.491,439.50458
256.5638171386719,23.09478759765625,178.40515,439.28015
261.18350708007813,25.67938232421875,175.58374,429.40515
266.63895141601563,32.141845703125,175.05249,420.50024
278.98782836914063,36.73435974121094,166.54895,419.68423
303.77352630615235,33.6488037109375,147.26357,415.68518
316.36769592285157,28.397232055664062,141.68448,424.57297
317.7887240600586,31.791244506835938,146.04799,421.85342
327.0289050292969,33.76493835449219,142.18835,415.44522
330.9798861694336,36.319366455078125,145.2903,409.49884
337.33095275878907,37.50602722167969,140.92801,405.0347
341.98807250976563,33.04209899902344,143.09644,412.99417
349.6479006958008,34.162261962890625,137.70012,414.70782
357.25832092285157,30.350982666015625,130.02249,411.2453
355.7223483276367,34.67948913574219,130.9488,410.44913
361.86308013916016,36.9852294921875,134.36363,406.9281
361.5200473022461,38.916595458984375,127.63576,400.88483
366.57896911621094,34.51702880859375,133.48056,405.66028
372.62948333740235,32.99595642089844,134.8014,406.96768
367.7432147216797,17.86871337890625,146.0582,425.5736
367.3787814331055,32.863372802734375,146.3343,402.60382
369.60204040527344,25.993759155273438,144.61057,410.53714
369.69998657226563,31.160476684570312,130.96985,395.1439
341.88591873168946,44.29682922363281,125.297264,365.6251
375.88995849609375,33.59944152832031,127.44006,392.43417
387.09426223754883,33.47503662109375,124.20199,397.7074
390.18937408447266,32.76042175292969,129.54851,409.3195
390.1876155090332,10.53887939453125,127.94924,439.4237
393.45924865722645,8.681716918945312,139.6207,438.09482
385.17938720703114,11.765243530273438,126.50281,436.99258
392.49899780273427,35.41357421875,128.95074,415.77393
405.51796447753895,12.1707763671875,150.0505,439.84338
373.61837493896473,16.52703857421875,142.5616,431.53564
392.0397006225585,29.589004516601562,189.43562,437.42
315.9640933227538,36.71458435058594,155.22746,378.34622
259.0225726318358,56.56507873535156,101.046906,322.85043
261.55366622924794,97.35769653320312,87.51981,272.3288
264.4934550476073,106.53007507324219,88.54209,258.62198
265.0536929321288,105.38751220703125,87.9196,263.33624
264.1544886779784,94.71017456054688,87.333305,271.56665
264.9090052795409,78.24639892578125,92.75567,294.7732
259.0788508605956,70.78787231445312,87.963585,314.7138
267.609646911621,87.44134521484375,81.744156,317.82983
264.1458255004882,69.98374938964844,110.049484,371.20523
258.4938555908202,54.13523864746094,150.13907,400.81583
280.8276263427733,13.025497436523438,252.14767,462.29166
270.73862182617177,-1.1622772216796875,270.88147,472.3242
261.1364031982421,-8.675537109375,269.05515,477.02307
256.81911193847645,-6.7449951171875,260.44058,479.02808
258.14880096435536,-4.155792236328125,245.88814,475.16876
248.0009585571288,-6.88946533203125,232.59532,480
247.93282806396473,0.12750244140625,227.27174,475.9131
234.3217822265624,3.1433868408203125,225.73578,472.68527
209.0169726562499,-6.002166748046875,220.0379,479.22516
207.1934405517577,-3.64617919921875,210.31924,473.27942
202.6075488281249,1.2451019287109375,205.42743,473.55484
193.38956176757802,14.277496337890625,204.7522,461.04742
193.15350830078114,10.358642578125,196.40656,459.62622
209.4442950439452,18.445419311523438,168.49368,444.52164
451.117100830078,24.736831665039062,144.67883,429.7169
458.2664309692382,32.75108337402344,135.75346,419.73392
453.16947662353505,28.806121826171875,143.26097,427.12018
454.14210998535145,28.129425048828125,142.80118,427.55646
451.75024139404286,32.8699951171875,145.22603,421.87256
446.58481323242177,31.97564697265625,146.66565,408.82898
448.5185366821288,28.676010131835938,143.45457,414.61636
443.48539459228505,33.07624816894531,146.79906,407.19223
444.7042132568358,32.21075439453125,137.08041,402.1986
448.77101623535145,29.525039672851562,135.27493,414.67783
452.3609133911132,25.361099243164062,151.00066,436.84836
452.49247467041005,22.89959716796875,170.31407,447.92944
450.9695330810546,27.46990966796875,165.37509,443.0172
447.3070193481444,23.596206665039062,176.77422,447.66074
448.73136627197255,21.519302368164062,172.7274,450.76486
449.6045504760741,21.905441284179688,169.67879,451.4174
446.48014556884755,19.78802490234375,164.60374,449.40576
445.71315490722645,16.87030029296875,159.79593,461.74292
440.4438983154296,6.921478271484375,159.30173,465.61346
439.15023529052723,17.956451416015625,158.04457,453.0224
432.4654437255858,18.804306030273438,159.4747,448.47598
428.0247851562499,21.770111083984375,162.81451,441.79803
424.5861941528319,24.970123291015625,167.35246,443.04486
421.13727294921864,34.843780517578125,174.91595,435.7088
411.02072631835927,31.5872802734375,176.01257,440.4037
423.6844607543944,38.74713134765625,169.34709,437.7068
418.7935076904296,28.3323974609375,166.44308,447.70532
424.2490130615233,27.316543579101562,159.4188,449.64792
412.52011596679677,26.039031982421875,160.21094,448.54474
402.46872436523427,31.907928466796875,169.10144,445.73065
399.23348724365223,28.4383544921875,172.03163,447.20007
403.3766604614257,27.746139526367188,171.93388,449.94327
398.1225100708007,29.482376098632812,181.30156,448.0527
405.263455505371,49.159576416015625,178.61366,427.38092
402.22690307617177,43.958831787109375,179.65198,432.42828
399.6203433227538,46.02838134765625,179.26207,427.59875
396.12621795654286,34.96995544433594,170.16829,435.93887
391.2619448852538,33.797088623046875,157.09178,433.59357
377.1871386718749,34.204010009765625,145.71552,433.35748
368.31671630859364,43.32539367675781,139.71832,418.20908
363.04843627929677,35.112945556640625,142.94543,431.50995
353.2786456298827,30.461181640625,142.98306,439.89478
321.30997955322255,37.42298889160156,158.8745,432.42
324.894803161621,32.85749816894531,157.97011,432.94418
324.13193237304677,34.20594787597656,152.09839,434.7512
320.5224963378905,41.30522155761719,149.02905,426.54666
319.54938232421864,40.57958984375,142.74445,431.57007
317.85538970947255,46.565032958984375,144.15099,424.42743
317.44659912109364,49.80085754394531,141.10944,422.3176
319.90146362304677,46.448944091796875,137.31836,424.3824
316.8399554443358,54.64546203613281,136.52597,419.9918
314.4505435180663,39.24473571777344,143.09264,436.10782
316.3648806762694,44.27906799316406,135.23686,427.64816
315.1460314941405,50.20252990722656,135.20532,421.02524
314.4176531982421,36.503631591796875,137.0057,434.39532
314.0707293701171,38.821075439453125,138.85104,426.46002
308.5589419555663,41.39469909667969,146.45995,429.18362
303.8517657470702,45.14068603515625,140.80801,424.0874
303.5491763305663,33.25543212890625,141.79527,429.84998
299.48910247802723,35.57936096191406,136.12318,416.99008
293.2803851318358,34.609344482421875,136.36008,421.3316
289.2329608154296,31.94976806640625,135.43784,425.63953
287.7714244079589,31.790298461914062,127.15119,418.02097
220.07990753173817,10.585586547851562,151.00633,450.52585
0.4097872924803596,-7.835418701171875,200.62703,478.73407
-0.9233425903321404,-8.9742431640625,198.88521,480
-0.6973828125001091,-7.828125,190.64557,480
0.6286898803709846,-6.406982421875,187.55605,479.89648
-0.07159698486339039,-6.96551513671875,187.77681,480
-3.961199645996203,-6.92840576171875,188.39928,480
-7.321604614257922,-7.2274169921875,194.06332,480
-9.454386596679797,-6.335693359375,193.72952,480
-17.12395751953136,-6.700439453125,182.49701,480
-16.09148681640636,-4.9891357421875,156.56415,480
-19.074572448730578,-2.798828125,149.6685,480
-26.79236114501964,-2.337646484375,134.71797,480
-24.17218292236339,-0.0469970703125,128.02974,480
-25.805113677978625,5.99139404296875,120.67695,474.5033
198.37711059570302,37.23199462890625,139.98096,408.10767
196.3763018798827,41.31373596191406,137.07596,405.40195
185.16229736328114,39.83210754394531,141.28302,407.47433
170.07870971679677,34.24815368652344,147.02136,413.03482
164.74539672851552,34.425079345703125,146.06067,412.3404
164.2762271118163,35.957427978515625,143.34923,410.013
162.08129608154286,34.58937072753906,136.9692,412.40585
157.42289459228505,38.509307861328125,136.46251,406.13263
153.78262054443348,37.74951171875,138.57826,408.599
146.95143615722645,38.1094970703125,137.54898,406.99988
149.70042907714833,41.30755615234375,135.97421,410.38074
142.60651123046864,46.39942932128906,131.18329,403.9952
139.17203247070302,44.772369384765625,133.75793,403.50323
131.12751495361317,44.2108154296875,130.79143,400.1261
133.7994967651366,45.94102478027344,130.32661,402.6664
141.44135009765614,48.7423095703125,119.85919,401.4203
132.52689468383778,49.04466247558594,126.15917,398.35123
125.62930023193348,47.83369445800781,128.61415,400.22067
140.9762126159667,44.70851135253906,116.42448,410.9863
386.38219940185536,42.34181213378906,162.05232,392.53726
392.31925689697255,43.30131530761719,159.16307,389.04538
391.2363177490233,45.30322265625,154.66183,384.38654
392.4604998779296,42.41618347167969,148.4,388.87143
390.73288452148427,43.967041015625,142.8623,388.84125
387.43529998779286,42.30244445800781,135.51375,389.63126
386.7119189453124,40.11146545410156,129.6955,387.02396
386.53646194457997,45.3701171875,127.63845,379.8172
387.218045349121,42.18528747558594,116.74025,379.22177
379.4341860961913,38.67433166503906,113.81975,384.71725
374.27088272094716,35.44691467285156,117.6654,389.4597
371.5427371215819,30.005294799804688,121.941086,397.18924
367.8852359008788,30.442535400390625,125.46715,392.61163
362.34267150878895,31.124008178710938,130.94589,389.40445
357.6420794677733,29.367279052734375,138.10074,389.00177
355.5149966430663,29.597564697265625,142.01555,385.79034
353.664578552246,28.769927978515625,142.71126,382.57086
349.4162417602538,22.669204711914062,147.03362,387.90085
343.2642642211913,26.37213134765625,153.64983,383.75684
336.89845764160145,24.048812866210938,156.11838,387.85294
330.6621676635741,22.581192016601562,151.83632,390.12302
326.4636279296874,18.940078735351562,147.0564,391.65915
320.0111209106444,22.964279174804688,146.35374,388.70474
311.7240496826171,21.017501831054688,139.20743,390.14102
312.1696368408202,26.4532470703125,130.86398,387.8302
312.04404174804677,22.9237060546875,131.0534,394.47742
308.5829669189452,28.23040771484375,135.13205,390.26245
309.2176791381835,26.857452392578125,137.1103,391.07404
305.3880206298827,31.586898803710938,137.23764,387.6404
300.8197756958007,32.757781982421875,140.25572,386.00006
303.22926818847645,32.8697509765625,137.9896,383.6333
296.0240985107421,30.00128173828125,134.27579,382.6195
287.2733203124999,29.264053344726562,131.64386,389.5139
276.8714495849608,32.64454650878906,130.45059,382.07895
265.4581881713866,27.043869018554688,130.77632,389.00333
255.73795043945302,30.035079956054688,130.82776,384.02725
248.61500274658192,30.184402465820312,129.65892,382.179
236.6236277770995,32.9781494140625,127.63856,386.4599
224.33167373657216,35.1007080078125,127.130424,381.72235
210.67230712890614,35.56549072265625,126.21057,384.99347
194.40094482421864,37.00242614746094,124.45587,385.79092
181.21178924560536,37.06170654296875,120.52022,385.11896
168.85620986938466,33.274078369140625,118.57543,390.95776
154.2596141052245,37.851837158203125,118.37043,388.27142
144.77980911254872,34.68553161621094,117.95638,389.64188
129.79515563964833,35.24720764160156,118.89902,390.52048
117.55384170532216,37.61668395996094,118.09557,386.5084
105.90762054443348,37.05963134765625,119.55379,388.87714
91.66799652099598,39.484466552734375,120.284134,389.29034
80.9539729309081,40.932708740234375,121.805504,390.50098
66.30585205078114,39.3406982421875,125.94501,397.61426
50.664029235839735,41.91033935546875,125.76314,395.5105
38.18251144409169,39.89599609375,123.638954,397.77563
22.959622497558485,39.068023681640625,124.98952,399.44208
8.697098846435438,39.087310791015625,125.081764,402.43768
-0.9517010498047966,40.40110778808594,123.36838,401.67313
-2.5587910461426873,43.52317810058594,113.190346,397.2316
-1.6003636169434685,40.00163269042969,101.00634,394.5858
-4.455183868408312,38.76727294921875,94.09995,393.31213
-7.352850799560656,43.09913635253906,83.546104,382.01755
-8.39446533203136,39.96197509765625,78.23395,379.55237
-14.612101440429797,43.54689025878906,68.55087,359.34427
-16.292080764770617,54.323028564453125,62.365482,330.7436
-32.01137924194336,69.7010498046875,64.02276,310.12482
214.54948043823242,101.79220581054688,92.99564,283.7625
205.2921142578125,103.813720703125,93.03784,279.5244
197.61317825317383,102.43025207519531,96.02126,281.0925
189.5891342163086,102.91586303710938,96.03511,279.7525
185.8057098388672,101.81605529785156,99.9642,282.14938
179.55634689331055,101.2265625,101.41459,284.097
172.91668701171875,103.90594482421875,101.33276,282.08728
167.13433837890625,101.33976745605469,102.70233,286.3536
159.7230224609375,101.85182189941406,102.90259,285.07748
152.55630111694336,99.43785095214844,103.12415,288.3561
145.70310592651367,100.83074951171875,102.63908,287.00983
140.65171813964844,99.86904907226562,104.644806,283.7489
138.19538116455078,98.09942626953125,102.29454,287.26
133.43275451660156,97.21012878417969,100.52341,284.86398
130.53229141235352,94.29762268066406,99.375175,286.80203
124.19487380981445,94.59315490722656,97.95565,285.71115
118.62458419799805,90.47236633300781,93.96055,290.10245
110.79079055786133,87.51509094238281,93.80776,292.8314
102.4537239074707,85.49940490722656,93.03066,294.37936
97.26612091064453,84.31777954101562,91.66502,295.4723
92.47471618652344,82.20230102539062,88.39224,298.43567
81.69379806518555,83.12242126464844,91.42185,300.7217
72.28874969482422,81.37315368652344,95.61,304.887
59.67410659790039,82.281005859375,100.655754,306.32593
47.31061935424805,84.28981018066406,103.21995,301.71658
35.895652770996094,82.78559875488281,109.72542,302.3674
17.419525146484375,84.60842895507812,121.82013,304.08667
6.742923736572266,84.73526000976562,123.38622,307.8592
1.739898681640625,84.54673767089844,116.56769,305.69308
-1.1474342346191406,83.5909423828125,107.72346,306.06787
-3.0094680786132812,80.172607421875,104.13313,314.28308
-2.1734542846679688,77.52592468261719,91.6953,314.4424
-3.695636749267578,75.81083679199219,78.84873,318.62045
-5.700286865234375,71.56439208984375,73.32416,324.3109
-8.682510375976562,70.70611572265625,67.636566,327.4281
-8.135360717773438,59.87776184082031,59.81595,336.3267
-7.766923904418945,58.955596923828125,57.457798,338.49072
-9.988485336303711,56.82029724121094,55.195477,341.83987
-9.661243438720703,52.90362548828125,52.228188,348.6787
-10.207019805908203,53.000030517578125,54.54917,348.5844
-7.223608016967773,55.54779052734375,56.942394,348.648
-10.823324203491211,56.40596008300781,61.970257,347.02225
-5.198019027709961,57.348297119140625,61.284893,346.23993
-9.126827239990234,56.27679443359375,65.37121,349.70105
-7.388481140136719,57.48866271972656,66.94005,344.59042
-7.980945587158203,56.88824462890625,69.77201,344.12195
-4.621295928955078,62.040802001953125,78.31101,338.96155
-6.081451416015625,62.325286865234375,89.19641,339.67737
-6.953632354736328,69.60801696777344,100.94486,333.53244
1.363983154296875,71.49888610839844,107.23834,330.07327
9.87203598022461,66.15145874023438,110.32331,331.2135
21.36156463623047,71.932861328125,112.06587,325.59332
29.651390075683594,62.69610595703125,113.75014,318.32245
36.5775260925293,47.86790466308594,117.12772,329.8558
44.08796310424805,54.02680969238281,113.78953,327.9294
49.798343658447266,55.93025207519531,117.30755,322.9296
56.67142868041992,54.37373352050781,117.1616,329.58157
59.520164489746094,57.20635986328125,115.64699,323.17786
65.67337799072266,57.1561279296875,115.075,316.71027
69.93507766723633,54.4002685546875,115.71194,321.9884
78.88479995727539,59.76066589355469,115.710625,318.86215
86.491943359375,63.794586181640625,115.50403,312.0459
98.83233642578125,65.8255615234375,110.6449,314.95966
112.74538803100586,71.71772766113281,105.69666,308.61636
122.87284088134766,78.65435791015625,108.0479,315.85858
135.86265182495117,99.00543212890625,102.65324,300.47925
149.91399383544922,102.31501770019531,96.00917,293.24295
158.93980026245117,103.644287109375,95.04386,296.57452
168.7394142150879,108.35517883300781,93.781,288.30698
183.1205825805664,97.5380859375,88.97185,297.2945
190.30878067016602,91.71165466308594,84.8662,286.51273
187.44935607910156,69.83059692382812,87.83493,293.23553
195.26736450195312,66.23312377929688,84.26581,297.0313
195.20522689819336,68.14707946777344,88.703804,288.23892
198.9592514038086,55.48194885253906,89.6664,293.0604
197.87866592407227,50.99537658691406,97.00317,296.36667
198.03722763061523,53.47669982910156,104.404915,287.96274
202.1522331237793,50.68257141113281,110.14854,290.44382
206.4897918701172,51.25177001953125,115.53183,294.36572
210.3079719543457,53.55232238769531,115.72274,293.90256
211.2005958557129,56.42442321777344,118.24035,297.46054
214.54206466674805,62.49375915527344,112.598366,305.2314
212.60424041748047,77.59939575195312,111.06282,317.7262
213.61630249023438,110.23538208007812,117.97522,287.71918
213.17766952514648,110.90171813964844,112.17921,290.8466
213.0487518310547,115.93904113769531,112.58005,294.70236
214.32732772827148,121.98568725585938,107.60993,287.42084
216.1923713684082,123.49850463867188,108.733055,293.77112
217.3192253112793,126.36445617675781,107.18009,290.91464
219.1025276184082,123.22471618652344,109.75704,287.27194
233.15598678588867,120.73513793945312,93.6298,291.83978
236.19906616210938,112.93682861328125,93.38342,289.33484
242.35349655151367,102.98735046386719,88.90684,293.416
241.83480834960938,94.55401611328125,92.756714,294.9088
243.90842819213867,83.73493957519531,92.439,291.49075
250.86507034301758,74.1141357421875,88.69222,293.21924
259.15367889404297,63.00410461425781,86.429276,295.86722
261.25955963134766,52.16741943359375,84.53227,304.50397
267.50207901000977,46.1827392578125,81.54864,303.00067
272.61330795288086,42.607330322265625,79.98292,302.3352
277.99419021606445,39.30088806152344,79.280174,303.06137
280.0529441833496,38.01898193359375,79.99952,304.71954
279.790584564209,38.37736511230469,81.596016,306.85214
282.5311737060547,39.258636474609375,83.58426,311.0965
283.4884147644043,44.694305419921875,90.354225,313.10925
286.6031188964844,49.31236267089844,97.35791,316.1982
286.25234603881836,56.689178466796875,103.91975,314.9431
286.6871795654297,65.897705078125,107.912994,315.7287
286.2650718688965,74.58270263671875,109.27552,317.91132
287.68163681030273,85.2725830078125,112.11555,316.43732
289.2090530395508,94.94850158691406,113.08745,310.5676
289.89289474487305,100.30290222167969,112.608986,307.5806
289.62942123413086,107.42868041992188,114.388435,303.54303
291.61516189575195,110.62605285644531,113.99044,303.19144
290.38701248168945,112.00303649902344,117.20168,304.30875
291.01383209228516,109.55508422851562,118.98735,306.51587
291.5604248046875,104.32167053222656,113.93341,305.01376
295.63365936279297,99.91082763671875,114.747574,303.94183
298.5034980773926,95.04345703125,112.90902,305.24243
302.80798721313477,84.80558776855469,108.55004,307.88107
315.8169822692871,79.01771545410156,104.35932,309.8351
315.69570541381836,74.11134338378906,104.261604,302.84122
326.73980712890625,61.78623962402344,99.60028,313.9219
332.4724311828613,62.49336242675781,97.21645,299.73105
340.24087142944336,58.03254699707031,92.39045,303.97794
347.2714042663574,57.93536376953125,90.158424,301.61536
350.2704963684082,58.07801818847656,89.251854,304.65134
353.0575866699219,60.373291015625,96.66638,305.89606
355.6682777404785,61.051116943359375,96.593376,312.5569
360.5477180480957,62.16767883300781,96.81728,316.6777
362.33523178100586,66.4571533203125,99.51447,318.5606
359.1510581970215,71.81916809082031,104.052986,321.40714
362.926513671875,75.30850219726562,110.10217,321.2489
366.49721908569336,86.44923400878906,110.41779,313.455
369.50955963134766,90.62760925292969,113.09648,313.13553
369.48726654052734,95.5902099609375,118.97261,313.53455
367.22828674316406,101.02578735351562,121.312836,313.06927
366.97646713256836,106.91778564453125,120.73127,311.64056
371.31398010253906,102.06260681152344,116.57761,315.85025
377.21024322509766,95.62481689453125,116.40575,333.45013
241.32274627685547,36.87818908691406,169.26369,435.14548
240.85834503173828,27.260421752929688,179.80675,444.29373
244.44652557373047,21.73095703125,172.933,455.29553
247.1385955810547,18.593826293945312,180.53568,453.55527
250.45872497558594,17.875518798828125,179.51407,454.22418
253.22769927978516,15.087417602539062,174.18486,457.19858
263.13201904296875,10.39373779296875,178.30957,458.21423
254.89703369140625,15.647811889648438,194.60767,462.93228
268.8489761352539,21.177459716796875,190.56303,455.8946
277.18328857421875,15.195388793945312,179.09338,457.47397
279.2218780517578,14.143325805664062,172.64365,455.7396
299.52867126464844,19.195419311523438,157.40396,452.67715
316.38443756103516,14.530227661132812,140.79692,453.4647
330.1821746826172,21.224655151367188,130.55154,448.98953
322.7768783569336,23.40972900390625,132.06221,442.07373
29.054351806640625,22.561050415039062,161.86218,426.09348
26.298553466796875,30.26910400390625,157.25708,421.9215
31.473411560058594,32.97157287597656,149.8799,419.598
32.94957733154297,32.25614929199219,154.86128,424.97684
30.68250274658203,35.43647766113281,160.1668,425.00803
38.39546203613281,30.196319580078125,156.51309,427.7625
36.29341125488281,29.878631591796875,161.91446,428.94
40.87090301513672,22.088302612304688,163.02095,434.15005
36.561180114746094,16.736465454101562,165.97304,436.145
41.38182067871094,16.84063720703125,165.12338,434.29932
48.9464111328125,14.875762939453125,161.33954,434.82367
35.131805419921875,14.427749633789062,161.47754,435.05783
29.333580017089844,12.297348022460938,159.7571,436.9268
13.078079223632812,10.751190185546875,163.03946,440.305
11.716964721679688,8.777069091796875,160.44626,445.69147
8.505035400390625,7.38800048828125,155.02136,449.97656
12.872207641601562,5.6408233642578125,150.33414,455.75436
11.363090515136719,4.865325927734375,137.14034,441.42365
13.500389099121094,2.1115570068359375,135.78029,433.79556
19.506690979003906,0.8614349365234375,129.36632,438.0214
22.143707275390625,-0.32196044921875,130.02893,437.12524
17.276824951171875,-1.5017547607421875,135.66919,438.2811
12.179168701171875,0.72039794921875,144.12366,438.87927
13.936500549316406,0.0040435791015625,144.00084,442.28574
11.612091064453125,-2.7143402099609375,142.24023,449.35275
7.070243835449219,-1.9378814697265625,149.2806,451.08206
2.9832687377929688,-5.2949981689453125,146.68428,459.064
1.245025634765625,-5.019927978515625,135.87329,460.03363
-4.271156311035156,-9.0814208984375,138.53249,467.19495
-11.196537017822266,-6.27801513671875,126.66755,470.73486
-14.103622436523438,2.117767333984375,125.219635,464.4107
-17.217281341552734,2.9831390380859375,114.97808,467.6603
-18.868629455566406,8.008514404296875,114.99904,457.68915
-17.704559326171875,13.421356201171875,117.33667,452.28693
-18.19537353515625,11.090744018554688,119.57501,454.97855
-30.24701690673828,16.9366455078125,110.534744,449.86536
-22.233203887939453,15.887115478515625,105.07145,449.85663
-18.98723602294922,19.30126953125,109.72685,442.6388
-30.204513549804688,18.412582397460938,104.44473,443.1613
70.61564636230469,2.2991180419921875,170.89572,474.3201
40.73149871826172,4.512359619140625,160.5644,467.5042
55.53624725341797,-3.37872314453125,165.37288,480
43.54045867919922,-1.550628662109375,171.6263,476.5268
31.667015075683594,-4.0500030517578125,169.1996,477.00577
19.86358642578125,-8.177093505859375,167.31757,479.51105
12.632972717285156,-5.3305816650390625,166.29723,472.89957
8.465415954589844,-9.582122802734375,160.76112,474.13446
3.6110000610351562,-5.5745697021484375,159.30357,470.37936
1.26025390625,-7.9650115966796875,155.37384,472.8337
2.2308502197265625,-8.192596435546875,149.845,476.3061
-1.0419464111328125,-6.181365966796875,141.18234,469.3626
0.48545074462890625,-9.734237670898438,133.83873,474.36533
-0.014362335205078125,-9.890823364257812,125.491066,477.538
-5.318515777587891,0.6520538330078125,117.90931,463.94125
-10.060684204101562,1.756134033203125,114.913666,459.46783
-15.130241394042969,3.3524322509765625,106.38664,455.2607
-20.447792053222656,20.332565307617188,100.60634,433.26797
-14.481807708740234,28.920944213867188,83.340385,419.79752
-18.232730865478516,37.40116882324219,76.49549,413.309
-11.751209259033203,36.593505859375,73.42875,409.7943
-9.637928009033203,41.918182373046875,78.314064,403.24908
-11.411006927490234,48.40260314941406,77.027214,391.67514
-11.738914489746094,54.75738525390625,70.40752,387.37268
-12.199012756347656,55.43394470214844,68.59004,392.7388
-11.104484558105469,53.03108215332031,71.282455,395.2137
-17.43946075439453,55.09661865234375,68.33919,393.49194
-29.809051513671875,51.376068115234375,84.1861,396.9496
270.5117950439453,51.66014099121094,140.02902,377.74808
274.21385192871094,46.025238037109375,119.686676,369.05304
289.28945541381836,44.36627197265625,122.20124,370.84314
299.0168647766113,50.6837158203125,119.64895,367.07745
304.6681442260742,45.57643127441406,118.48854,366.7814
314.14229583740234,44.95829772949219,113.85445,367.44882
320.2251625061035,46.69525146484375,117.209404,365.0661
324.38842391967773,46.19783020019531,114.5171,363.5007
331.1083564758301,45.60020446777344,116.13314,364.5317
333.41202545166016,43.33387756347656,118.11174,369.92313
335.4520797729492,47.096466064453125,120.35329,369.69525
340.7155113220215,43.78034973144531,122.56837,378.91556
340.109619140625,42.08183288574219,130.24579,384.28836
337.63809967041016,39.334930419921875,130.93004,387.82593
345.17017364501953,47.03132629394531,131.25249,382.54727
351.56053161621094,49.293914794921875,131.53989,380.80475
353.14654541015625,49.185211181640625,138.00946,383.1681
354.6918640136719,51.41386413574219,140.75586,382.87973
357.8917922973633,48.54548645019531,141.31474,388.251
355.36629486083984,51.330291748046875,142.19887,388.18652
360.90660858154297,49.66107177734375,140.07698,391.34552
363.2597885131836,49.41119384765625,137.82863,393.19427
364.9407424926758,49.58979797363281,136.98259,393.49393
369.6871337890625,47.60780334472656,134.14081,394.6857
372.80023193359375,46.591705322265625,130.14435,395.38574
376.0873336791992,46.53831481933594,128.78487,395.4481
376.2831039428711,41.73081970214844,129.76796,398.44308
381.4355049133301,42.3187255859375,122.97793,396.404
382.58057403564453,40.57110595703125,123.0612,398.11957
383.04134368896484,39.214111328125,124.17714,398.867
387.6297264099121,39.90260314941406,120.22999,399.84854
386.6798400878906,39.699615478515625,125.4834,403.0913
396.56101989746094,37.2862548828125,117.89169,405.16705
397.9966163635254,38.31587219238281,119.23473,406.52017
396.61052322387695,37.002685546875,115.771324,410.75067
394.77108001708984,37.410980224609375,112.10878,410.6217
389.56551361083984,37.88275146484375,115.593155,407.5412
386.41797637939453,39.141357421875,117.68767,406.33466
387.2196617126465,36.33595275878906,121.03681,410.38773
384.1464080810547,35.340850830078125,125.86813,409.46655
377.32665252685547,35.09147644042969,132.91304,407.95688
375.4151382446289,33.59773254394531,144.48851,405.59232
371.22254180908203,34.276336669921875,154.99236,406.8816
369.7211608886719,38.372772216796875,160.24707,404.3014
367.33174896240234,32.90643310546875,163.2931,410.45245
364.7180480957031,36.35221862792969,163.64429,403.90536
363.0753479003906,36.610382080078125,164.73425,406.04285
356.48812103271484,37.745849609375,166.53773,404.60907
346.9524459838867,33.83164978027344,171.14204,407.9492
343.82249450683594,34.33137512207031,176.47214,405.45755
2.982513427734375,-0.611602783203125,179.98709,480
-5.0948333740234375,4.55609130859375,173.3692,478.62042
-3.3430252075195312,3.264495849609375,179.21068,480
-9.331642150878906,-2.477752685546875,185.7542,480
-0.814849853515625,2.546844482421875,191.26785,480
-6.533912658691406,3.977020263671875,200.14873,480
-8.259391784667969,6.108245849609375,216.06697,480
-3.984344482421875,6.217742919921875,223.88443,476.79785
-8.279029846191406,0.95611572265625,236.51006,477.4842
-6.587409973144531,0.0961761474609375,244.16917,479.5698
0.4886932373046875,3.489166259765625,235.12427,480
2.0221633911132812,1.729766845703125,235.68379,480
6.948829650878906,2.718353271484375,235.05116,480
10.431625366210938,2.115631103515625,236.37366,480
14.279167175292969,10.40142822265625,238.58275,478.06708
6.882331848144531,-0.238677978515625,242.28572,480
5.0013427734375,0.451507568359375,253.66977,480
10.514511108398438,-1.114044189453125,261.6178,480
310.8547668457031,31.398818969726562,187.79459,424.36087
321.1449737548828,34.76707458496094,175.75775,416.9398
318.2422790527344,35.94911193847656,175.51859,410.0186
315.5517349243164,36.41447448730469,174.08766,406.21188
308.348876953125,37.078582763671875,169.80173,402.2456
304.83506774902344,36.06770324707031,166.55798,404.98843
303.58626556396484,38.55601501464844,161.62065,404.89816
296.8071975708008,38.40644836425781,161.52681,409.5303
288.6615295410156,36.09913635253906,162.35013,411.71085
283.63890075683594,38.0025634765625,155.69653,410.51263
288.5042037963867,32.3074951171875,146.58434,414.3078
294.5457763671875,31.004074096679688,137.94357,415.78696
277.1887893676758,33.11747741699219,148.25008,416.70322
249.24119567871094,28.22808837890625,160.82605,431.01703
127.1471939086914,11.2296142578125,217.03041,460.47284
85.66887664794922,2.81317138671875,250.58678,472.9588
97.52008056640625,-0.5480499267578125,265.8209,478.92404
97.32269287109375,-2.246124267578125,263.775,480
98.06222534179688,-1.999969482421875,279.94168,480
105.70256042480469,-0.387786865234375,274.93433,476.51025
98.4610595703125,-4.3604583740234375,289.26816,475.92093
106.9083251953125,-1.678619384765625,286.37277,469.5161
104.4130859375,-2.5658111572265625,290.6097,473.03244
106.11846923828125,4.9847869873046875,291.8198,463.47946
108.59262084960938,1.9669647216796875,291.8229,467.42734
117.373046875,-0.9865875244140625,289.17233,473.81845
127.05513000488281,4.63128662109375,294.23834,469.00104
150.14051818847656,3.9384307861328125,290.37006,468.16592
157.06179809570312,4.1651611328125,299.34244,468.28876
163.84381103515625,-0.6385040283203125,296.44846,474.4608
171.8125,5.5725250244140625,299.81223,468.19144
197.4912567138672,1.149658203125,293.61963,471.32208
215.6630859375,-4.5501556396484375,281.50363,476.28214
223.17283630371094,1.3232879638671875,270.3562,470.4133
249.28244018554688,2.0550994873046875,261.18094,467.7485
262.20021057128906,3.3909454345703125,269.57477,468.29898
275.1697235107422,3.2001190185546875,263.38477,464.6124
285.58648681640625,-0.3258209228515625,267.47922,468.83676
300.5185089111328,-5.2010650634765625,259.03522,471.93564
305.75755310058594,-4.4309844970703125,273.3883,471.58517
321.55494689941406,-3.4015655517578125,242.80536,473.34177
337.422607421875,-2.7106475830078125,247.93796,467.7607
345.6182327270508,-4.956085205078125,250.19392,477.70142
355.31534576416016,-5.6555023193359375,254.50624,475.8782
370.9861602783203,-7.398406982421875,253.64142,480
370.9658889770508,-5.6507720947265625,248.80855,474.07126
383.1674346923828,-5.8671417236328125,238.18,477.86118
373.2164001464844,-2.0154876708984375,253.91006,468.1475
370.74717712402344,2.005157470703125,244.82446,470.00232
360.9372024536133,12.234909057617188,202.14558,447.86984
345.85840225219727,37.474822998046875,126.84176,383.43738
352.6426200866699,47.48272705078125,113.91407,374.38055
347.41003799438477,54.39501953125,111.89205,371.37305
343.3371238708496,50.70574951171875,119.99436,375.55072
336.2682647705078,44.83482360839844,129.82489,391.39572
338.43601989746094,44.6240234375,129.79712,378.4027
332.99497985839844,51.198638916015625,137.5456,365.864
328.00626373291016,47.5189208984375,137.96834,367.63867
326.3337936401367,50.83204650878906,134.52531,365.4125
323.68414306640625,40.376068115234375,134.89615,375.43823
319.71925354003906,45.111419677734375,134.5039,368.60748
325.5550308227539,46.11824035644531,128.66798,371.31503
322.1201171875,47.87956237792969,133.77975,369.3594
324.6513214111328,51.602020263671875,131.10187,367.84216
324.22120666503906,47.53611755371094,130.14166,368.56656
327.399600982666,46.2764892578125,125.40713,374.5984
333.0978889465332,48.90098571777344,123.63665,368.80588
332.2632293701172,47.8031005859375,123.942444,369.47278
324.5161933898926,50.342437744140625,125.392265,368.35028
325.7838897705078,51.71388244628906,122.23041,360.6331
318.36865997314453,53.33848571777344,125.901566,360.45273
316.37773513793945,50.58697509765625,124.96984,359.38416
313.5701713562012,53.29515075683594,123.48023,357.09592
306.61974334716797,53.2098388671875,124.601364,353.588
302.62855529785156,55.046966552734375,128.22565,350.6507
301.40797424316406,58.27598571777344,124.22107,347.5109
294.409366607666,57.18852233886719,123.77175,350.92758
291.15429306030273,58.29576110839844,122.63413,349.4744
286.11756134033203,57.57731628417969,124.40987,347.83408
276.2636260986328,57.72163391113281,126.06079,353.43192
272.08419036865234,59.86656188964844,125.49748,348.74527
265.5731658935547,60.13343811035156,125.140076,350.7357
253.34019470214844,61.062713623046875,130.06787,346.35297
249.00520706176758,59.36418151855469,125.12743,347.66336
242.47220611572266,60.51048278808594,123.560196,343.40714
237.48252868652344,60.81068420410156,121.58014,340.13278
237.0813865661621,62.99296569824219,118.72782,338.91452
-2.3144912719726562,4.010650634765625,91.70613,474.28552
-14.929435729980469,19.063064575195312,101.67699,459.74393
-17.302200317382812,13.04241943359375,103.67239,465.52008
-15.072994232177734,11.430892944335938,111.09142,468.46213
-15.681987762451172,20.869003295898438,124.73824,454.24387
-11.490592956542969,15.99755859375,132.26768,457.67804
-15.539566040039062,8.552566528320312,141.14542,472.88943
-13.942024230957031,42.45222473144531,141.10548,436.82462
-14.876853942871094,42.59812927246094,141.57292,439.26633
-12.068008422851562,57.62477111816406,138.43118,422.47745
-10.608627319335938,73.43824768066406,132.89694,403.99576
-6.863838195800781,35.28926086425781,128.79213,439.2748
-11.557586669921875,20.254104614257812,128.6623,454.0038
-14.92905044555664,7.7024078369140625,121.06086,466.93033
-15.262031555175781,1.6349945068359375,126.157974,475.95383
-19.512893676757812,3.32366943359375,141.3649,473.2719
-13.051300048828125,2.0121307373046875,134.27875,471.15475
-13.102836608886719,-0.903717041015625,132.7932,473.95984
-13.088630676269531,10.417465209960938,136.77211,459.2203
153.0477752685547,71.48080444335938,132.03226,324.943
146.41121673583984,73.90568542480469,133.20284,321.7554
139.6381072998047,73.07933044433594,130.93008,323.76797
144.80794525146484,71.86155700683594,122.23476,322.70804
145.05947875976562,76.55299377441406,128.14337,318.5261
154.74608993530273,74.54191589355469,121.03266,318.4208
158.30873107910156,74.10342407226562,119.79288,319.08563
162.03388214111328,73.93525695800781,119.20506,317.82803
167.18096542358398,76.65653991699219,122.53199,316.642
172.07603454589844,75.16969299316406,116.280975,319.10458
177.72859954833984,87.39878845214844,114.36549,318.21945
188.7127342224121,93.17257690429688,112.17823,310.9007
192.57075119018555,90.34925842285156,108.39811,312.23843
197.5079689025879,92.0421142578125,107.312614,311.9594
200.31339645385742,82.9420166015625,112.97373,322.0287
201.86365509033203,81.03268432617188,115.681076,329.87823
207.635498046875,92.7833251953125,113.727905,321.2215
213.09014511108398,89.12335205078125,109.917244,317.99725
213.7434959411621,81.94210815429688,112.60114,326.03186
214.95873641967773,81.63320922851562,109.977974,323.2121
215.35350036621094,75.66380310058594,110.716705,322.28085
217.49624633789062,76.61048889160156,108.05884,320.31265
216.73692321777344,67.55657958984375,109.95151,323.1374
219.1413116455078,67.37896728515625,108.622284,319.9616
223.32452011108398,64.812744140625,106.62025,322.94043
220.6371726989746,59.42503356933594,109.3158,326.61398
223.94661712646484,62.65986633300781,105.86305,323.96194
230.38140106201172,57.87310791015625,102.89888,332.7591
231.18755340576172,55.63446044921875,101.821976,337.30078
238.63618087768555,67.41458129882812,101.80833,342.69202
233.2789421081543,64.85879516601562,108.30314,350.40857
233.12668991088867,65.33782958984375,108.96824,356.10925
227.0093994140625,68.84298706054688,113.81427,359.6682
225.53847885131836,71.40364074707031,122.252815,373.96323
218.85562133789062,44.10142517089844,124.26526,396.10318
203.1951675415039,46.84568786621094,132.85558,393.58707
228.9264373779297,31.149215698242188,121.07297,402.93204
204.26492309570312,43.04191589355469,132.9284,398.99905
61.78746032714844,2.6042938232421875,183.21097,472.824
71.54363250732422,5.0269775390625,175.85133,464.9834
77.03167724609375,4.2795257568359375,171.45557,468.76773
80.77848815917969,7.0351409912109375,172.96402,465.48428
91.10297393798828,6.58917236328125,185.03404,460.1654
96.81735229492188,5.8566741943359375,174.89093,464.3367
89.42282104492188,4.9924774169921875,184.44073,465.61673
95.70369720458984,10.273651123046875,193.35164,453.2464
103.0670166015625,9.958999633789062,187.0315,454.34177
104.23692321777344,5.8035430908203125,184.02444,464.06735
135.92124938964844,17.958511352539062,180.24649,442.2905
123.12811279296875,0.2895050048828125,165.7677,465.35788
126.93415069580078,5.9719085693359375,177.223,458.41922
138.63208770751953,5.773590087890625,193.36131,455.45074
135.212890625,1.221771240234375,154.51978,469.88177
137.64087677001953,-2.09674072265625,165.17223,475.92578
149.09413146972656,2.0120697021484375,178.0715,466.45584
152.7780303955078,5.3800811767578125,183.91452,465.82358
148.2637710571289,6.634368896484375,174.57524,464.43024
158.6397933959961,7.3030548095703125,160.85103,461.90085
198.09123992919922,22.397567749023438,174.19838,440.04312
161.67998504638672,11.095611572265625,163.2516,459.8421
171.1588897705078,9.945953369140625,177.61215,460.8388
165.7440643310547,14.267486572265625,179.30911,456.8598
178.48748779296875,15.529098510742188,167.22058,452.1973
178.2737045288086,16.527435302734375,170.48897,453.24823
185.40235137939453,15.560226440429688,166.45824,450.0513
182.4050521850586,15.9415283203125,160.4012,447.04492
195.60761260986328,21.063766479492188,154.74022,424.94424
200.13790130615234,18.364898681640625,155.91975,428.12042
206.11768341064453,21.3118896484375,145.74657,415.2921
213.4603500366211,21.086715698242188,134.44368,417.75967
218.01348114013672,20.4677734375,134.23964,421.83813
217.6500015258789,16.850479125976562,129.47441,425.9056
227.62784576416016,16.540298461914062,136.95695,424.77194
223.90448760986328,16.936920166015625,139.56969,424.8985
220.09371185302734,17.613555908203125,139.80061,423.2271
229.15219116210938,15.4749755859375,145.65228,415.7533
227.73160552978516,11.15673828125,159.53325,431.62195
229.4863739013672,14.730239868164062,162.1774,422.3701
229.86209869384766,10.373367309570312,159.56523,428.45065
241.23848724365234,21.896270751953125,160.95369,419.35834
244.12567901611328,31.76751708984375,153.01805,414.86658
240.59243774414062,30.6668701171875,159.50983,424.8136
249.57803344726562,34.0048828125,163.84857,421.3098
257.9712448120117,39.29692077636719,157.27016,417.49356
259.6577606201172,40.90196228027344,154.98099,418.02396
258.5181655883789,41.609283447265625,151.94121,418.16547
258.4797897338867,41.755218505859375,154.40504,416.648
255.36107635498047,43.25126647949219,153.84962,415.22293
264.47753143310547,42.87199401855469,162.1692,414.5148
266.6707763671875,40.85105895996094,173.9187,419.20023
271.9462661743164,38.58024597167969,162.49431,410.07388
280.00516510009766,37.3541259765625,166.55766,410.99927
284.11224365234375,33.57923889160156,158.8628,403.73007
300.35667419433594,32.63163757324219,150.22757,402.62955
316.3982162475586,28.612899780273438,146.503,402.29422
320.85640716552734,23.893264770507812,136.2707,405.702
334.6593322753906,19.405532836914062,132.53046,410.93967
363.35131454467773,16.156906127929688,125.46534,420.6398
349.5519485473633,20.104934692382812,123.83006,412.75046
356.60436248779297,23.465988159179688,124.40065,411.54068
353.39889907836914,21.3758544921875,125.40728,411.7799
361.61421966552734,22.101699829101562,125.04207,410.2137
364.1277313232422,25.962432861328125,123.33743,406.7088
364.24954986572266,32.479248046875,130.06499,404.71313
366.0383605957031,24.401397705078125,131.1596,410.8708
383.53878021240234,18.504776000976562,129.9803,414.73898
374.15110778808594,30.49920654296875,132.44986,402.94385
371.2118606567383,35.52410888671875,133.81834,400.64172
396.0250930786133,26.34033203125,132.18846,407.11877
380.4668273925781,36.208099365234375,130.17072,395.49847
376.3584289550781,38.0594482421875,133.25043,391.21045
384.3933410644531,38.94743347167969,134.96527,382.57596
383.39137268066406,43.122161865234375,132.70615,379.15765
389.1412239074707,35.34126281738281,126.994835,377.3267
399.07264709472656,31.861358642578125,124.41281,380.1949
406.6412239074707,41.31632995605469,114.01931,364.55197
409.99313735961914,37.95164489746094,121.927055,373.00668
411.0945816040039,31.367218017578125,119.382,374.17102
418.4678611755371,41.17256164550781,122.91462,369.41592
420.1752586364746,31.551712036132812,122.186714,378.53366
420.480770111084,35.853240966796875,127.74268,378.12433
423.57987213134766,38.58265686035156,132.93095,373.1088
429.8182601928711,40.57341003417969,132.4692,364.71445
431.44742584228516,32.978515625,131.35728,370.83795
433.9077911376953,33.80000305175781,132.95389,385.79916
437.1734085083008,29.763351440429688,136.56157,393.76553
437.7064895629883,35.50352478027344,149.77605,408.0226
439.7570495605469,31.458541870117188,154.41724,415.60696
441.9793930053711,43.27972412109375,150.95448,407.2627
451.4761734008789,39.70001220703125,152.93382,421.00952
446.2821960449219,46.26994323730469,161.28809,419.67606
446.58624267578125,38.57051086425781,164.47137,424.34836
461.2762222290039,49.06547546386719,158.83958,413.90823
459.3809280395508,50.92340087890625,162.08965,410.5254
478.7289810180664,42.806793212890625,144.84117,416.35712
486.4734878540039,20.275772094726562,141.20653,446.3889
479.82935333251953,11.574295043945312,146.02739,440.4211
470.0049858093262,11.533859252929688,127.531105,433.10294
460.7065658569336,26.897354125976562,125.79884,416.20187
475.82586669921875,9.411376953125,142.6225,453.18518
476.77439880371094,-0.407867431640625,159.6395,474.09137
455.72269439697266,2.7091217041015625,170.223,466.19345
452.34010314941406,2.363250732421875,181.7449,469.1021
446.1666030883789,3.632904052734375,188.92735,467.9688
437.1358642578125,2.569427490234375,191.37262,467.31427
428.93336486816406,3.44134521484375,192.60233,467.90686
422.5648193359375,2.5616912841796875,195.64874,466.59695
407.7481155395508,-0.4310760498046875,197.11967,472.3608
405.80904388427734,-3.7685546875,186.16298,468.86438
397.7746887207031,-4.20281982421875,179.41052,468.80725
391.0748748779297,-7.9547576904296875,173.35788,471.2336
380.23729705810547,-3.575103759765625,169.47054,459.73236
372.8649444580078,1.4473114013671875,171.24258,457.90958
360.5517578125,2.9503631591796875,164.07306,458.74185
345.8171920776367,-0.028717041015625,149.68538,466.73053
330.29532623291016,-6.7413787841796875,148.02415,476.67563
322.3604736328125,-2.164337158203125,144.31635,472.97955
308.4401626586914,0.0574493408203125,151.81444,470.5627
288.4718322753906,5.1497344970703125,159.25916,468.17978
272.08228302001953,10.997589111328125,158.43193,463.0495
258.01405334472656,10.287185668945312,157.65396,463.09506
247.97379302978516,11.667999267578125,158.8502,463.2873
237.16677856445312,16.079940795898438,156.19836,457.89822
223.0879364013672,22.76959228515625,159.76266,452.1183
206.43114471435547,26.003555297851562,166.3044,448.70468
196.51617431640625,31.412826538085938,162.60187,439.83292
179.70800018310547,31.221450805664062,169.72334,437.8773
162.96530151367188,23.211563110351562,166.05261,439.48276
147.45037841796875,24.218231201171875,163.47736,433.45856
131.62311553955078,20.237518310546875,160.35295,429.98883
107.69058990478516,18.429290771484375,151.07957,427.99713
89.36944580078125,13.8231201171875,160.63812,439.12878
76.28266906738281,11.086563110351562,150.77115,436.9399
62.61106872558594,17.128372192382812,149.15451,442.18637
41.60138702392578,13.766143798828125,157.23528,450.5799
27.914825439453125,15.303298950195312,154.80664,452.2103
7.629081726074219,9.732635498046875,154.02254,464.0711
-0.35112762451171875,5.723602294921875,145.17033,473.5987
-0.43549346923828125,6.835906982421875,130.79988,473.74774
-6.590118408203125,6.743682861328125,128.5658,470.24286
-11.145809173583984,5.7295989990234375,117.555595,471.96915
-15.064472198486328,5.3174285888671875,105.52,465.3168
-28.277854919433594,18.858978271484375,109.01866,445.01044
-18.18410873413086,20.763748168945312,114.68542,434.4763
-20.565391540527344,10.949752807617188,99.87486,443.7405
-25.487552642822266,32.26924133300781,109.2403,410.68893
-24.18627166748047,35.608306884765625,100.73399,401.9947
-30.30113983154297,17.010787963867188,90.594406,422.7991
-18.90627670288086,29.744171142578125,98.67724,404.92444
-28.02791976928711,26.441314697265625,86.99328,412.85852
-27.673145294189453,36.631256103515625,93.7172,385.17163
92.01950454711914,24.5390625,113.66979,375.25842
289.1508255004883,-0.819854736328125,206.03935,455.56445
292.0519561767578,-7.4374542236328125,199.68863,453.34506
285.3161392211914,-6.622467041015625,177.33958,454.14673
270.0547866821289,-6.80908203125,164.61546,456.05194
255.9554672241211,-0.6765899658203125,154.47182,454.645
248.49725341796875,-5.141998291015625,154.06866,463.10498
236.4712905883789,-0.91546630859375,159.2241,463.38824
221.91899871826172,-6.9461517333984375,167.57942,472.41336
210.24689483642578,1.92626953125,171.91814,471.7381
202.6530532836914,4.143402099609375,173.26024,474.6361
191.61138153076172,-0.629425048828125,179.17879,477.62744
184.82131958007812,12.136154174804688,181.52905,465.49936
168.31407165527344,26.36419677734375,191.57114,456.18964
166.21131896972656,44.27186584472656,189.07999,433.43423
156.06438446044922,35.094268798828125,194.43208,442.25134
144.6390380859375,47.41477966308594,197.52948,430.5538
169.83627319335938,29.449066162109375,180.4823,447.9745
155.89956665039062,38.081329345703125,195.20496,439.78638
152.37235260009766,22.958938598632812,195.05833,451.0801
161.06166076660156,20.861724853515625,182.94864,443.52893
170.48812103271484,23.102432250976562,169.13588,429.72574
176.6634063720703,14.69189453125,160.51956,434.5146
172.38123321533203,7.1894989013671875,146.42131,434.6285
161.84474182128906,9.73541259765625,151.6597,420.14166
-26.56757354736328,12.615936279296875,83.66756,390.63904
-21.568340301513672,5.1194000244140625,72.536644,398.97842
-21.725257873535156,3.7657928466796875,73.364456,397.29398
-24.866352081298828,6.0149688720703125,73.4708,400.433
-33.301307678222656,5.8830413818359375,78.22218,400.72226
-29.20029067993164,8.469207763671875,70.34449,400.21106
-27.159164428710938,11.172439575195312,67.544464,401.9786
-28.89020538330078,21.6561279296875,66.983536,393.46893
-25.22900390625,20.16796875,72.36914,394.10504
-20.81203842163086,22.461151123046875,65.84295,395.91504
-19.710304260253906,24.849380493164062,67.96828,398.17545
-18.272167205810547,32.55635070800781,73.59853,389.96982
-17.058292388916016,30.478134155273438,73.381294,388.6827
-19.05377197265625,30.645355224609375,76.45874,391.26068
-20.686092376708984,30.255508422851562,72.77294,389.9106
-18.90460968017578,29.6865234375,69.22218,389.49896
-19.110515594482422,39.764434814453125,72.95156,392.52246
-15.301803588867188,42.671539306640625,84.997894,384.43823
-17.71160888671875,45.63923645019531,88.21802,382.18954
-14.63022232055664,39.278411865234375,85.27674,385.13623
-20.433216094970703,33.657470703125,98.581764,388.53705
-15.289390563964844,38.92594909667969,86.99919,385.26968
-14.745250701904297,40.52842712402344,88.59182,382.16025
-9.263015747070312,31.713821411132812,93.09396,388.12833
-10.573165893554688,32.29487609863281,99.39078,385.7311
-8.603607177734375,24.35369873046875,100.9137,386.03204
-5.072795867919922,16.353225708007812,107.08254,396.76126
-3.9671096801757812,15.036895751953125,110.06142,396.42377
1.7683753967285156,13.884933471679688,113.10314,391.98666
4.050048828125,13.729217529296875,115.72339,395.35455
2.326732635498047,15.664703369140625,119.972206,387.6546
12.649765014648438,17.119491577148438,132.29721,390.23862
18.789833068847656,15.837844848632812,147.27843,389.6514
29.856163024902344,16.325698852539062,136.91371,388.36844
44.23271179199219,17.335861206054688,167.34811,398.01706
108.97308349609375,18.454254150390625,196.09943,414.5575
79.63196563720703,11.405929565429688,231.08049,428.06528
84.98139190673828,18.152923583984375,221.2354,422.8385
107.63269805908203,17.556671142578125,233.76555,428.3048
113.6750717163086,20.894058227539062,222.90883,427.9965
114.90214538574219,28.300079345703125,217.48288,422.05103
114.97500610351562,31.882308959960938,223.31299,421.42392
122.40969848632812,36.48966979980469,215.84851,422.09018
131.37216186523438,34.69129943847656,206.94067,433.3882
133.39302825927734,36.670989990234375,198.15016,433.3546
134.27269744873047,37.56657409667969,193.5544,433.5377
138.0926971435547,38.41880798339844,191.21188,430.97763
143.0434341430664,37.30950927734375,189.86192,435.30682
144.71260833740234,31.375595092773438,190.00124,439.72885
150.68062591552734,28.722427368164062,191.94313,442.34744
150.84103393554688,27.4090576171875,194.49695,442.24103
147.06732940673828,21.864395141601562,196.80376,448.05167
142.09021759033203,22.68035888671875,199.04155,445.60638
145.77487182617188,15.348968505859375,195.65234,455.94714
141.0234832763672,6.5103759765625,196.68723,463.86053
142.70903778076172,7.0758209228515625,190.0428,462.52933
145.05218505859375,4.9547576904296875,181.81757,467.00742
137.18179321289062,10.849319458007812,179.58606,465.11844
129.75209045410156,8.974090576171875,171.25455,464.28247
131.44081115722656,5.6035308837890625,157.2399,469.4711
122.87738800048828,3.870208740234375,155.04485,468.31982
110.83497619628906,5.836669921875,153.97318,465.99103
93.51972198486328,1.1103668212890625,163.09258,470.52335
77.3443832397461,12.852035522460938,170.66005,461.21677
60.28135681152344,23.035003662109375,185.66013,452.54285
31.79638671875,32.21197509765625,204.24457,443.07623
15.611640930175781,29.539825439453125,212.61113,441.59326
2.27044677734375,58.24195861816406,215.97015,413.6027
1.4141159057617188,36.099090576171875,192.98787,436.03906
-6.259010314941406,30.057327270507812,203.30898,444.87405
-6.654716491699219,36.630615234375,194.61577,438.85297
0.5658493041992188,39.376953125,173.58553,435.8885
7.888450622558594,40.73652648925781,167.5464,435.76382
4.467529296875,40.90948486328125,162.88556,434.7973
11.146636962890625,42.535919189453125,138.97107,428.9226
38.07286834716797,38.711090087890625,144.62532,431.07617
33.323081970214844,31.206787109375,145.4568,434.3781
29.665481567382812,24.748764038085938,146.60806,442.5776
25.138565063476562,22.840011596679688,150.29764,441.85568
24.57337188720703,16.710861206054688,152.13445,449.1971
20.841957092285156,11.346649169921875,138.51659,456.32764
19.51978302001953,10.454864501953125,147.63078,454.32678
17.92481231689453,10.318710327148438,136.17876,457.0129
15.825042724609375,11.978866577148438,138.45605,460.14658
16.684219360351562,14.875244140625,128.67801,457.42145
16.395965576171875,13.067657470703125,140.1565,461.23694
8.600021362304688,16.662033081054688,134.94382,460.23288
10.488639831542969,17.742706298828125,141.17366,458.1725
7.839332580566406,16.109344482421875,140.21385,458.55847
5.835426330566406,14.35162353515625,148.57982,460.66058
8.579254150390625,14.36175537109375,147.64758,460.19122
5.0487060546875,17.50006103515625,147.42194,454.95624
7.70269775390625,15.108673095703125,150.38495,456.79858
2.0651473999023438,12.7296142578125,155.41603,459.27277
1.235931396484375,12.046615600585938,155.16406,462.52573
2.288330078125,9.001876831054688,156.77277,466.00204
-3.08331298828125,5.9204864501953125,167.37726,467.85135
3.3043670654296875,3.51300048828125,162.59006,472.56195
2.9174270629882812,-0.5897979736328125,171.00334,477.6279
0.24747467041015625,-1.9423065185546875,179.58324,479.1082
1.7356796264648438,-3.989349365234375,181.08705,480
7.063758850097656,-4.040435791015625,183.05382,480
6.856636047363281,-4.015472412109375,194.72514,480
13.792823791503906,-2.807647705078125,199.7495,480
11.644264221191406,-3.417144775390625,205.84093,480
11.683059692382812,-2.759002685546875,210.00943,480
8.085472106933594,-3.5846099853515625,215.30983,479.55807
9.895401000976562,-3.885528564453125,210.59988,480
13.078163146972656,-2.770538330078125,204.6179,480
13.618873596191406,-1.497955322265625,204.30992,480
13.846405029296875,-3.870269775390625,203.22876,480
14.263710021972656,-6.259796142578125,197.489,480
14.894256591796875,-6.274078369140625,202.36255,480
15.478660583496094,-5.644195556640625,198.73207,480
12.668228149414062,-3.514678955078125,198.69962,480
17.572006225585938,-10.954193115234375,199.93954,480
21.469802856445312,-0.541290283203125,197.66922,480
23.027130126953125,-5.450164794921875,192.5133,480
24.572471618652344,-6.254852294921875,192.53358,480
28.669158935546875,-7.756988525390625,193.79346,480
36.50355529785156,-4.75042724609375,193.06876,475.91852
47.61360168457031,-0.97454833984375,184.60977,474.36603
51.054771423339844,3.663848876953125,182.84413,471.72437
46.7855224609375,2.805511474609375,179.37372,459.83472
45.20061492919922,-5.058441162109375,186.43001,480
29.078125,-2.222320556640625,203.52386,480
33.57435607910156,-2.831512451171875,210.03983,480
36.90443420410156,-2.459197998046875,206.59293,480
43.0361328125,-2.977020263671875,201.88507,480
40.154747009277344,-1.810272216796875,206.66273,480
40.612892150878906,-3.547698974609375,201.38622,480
40.74798583984375,-3.831939697265625,202.61371,480
39.433448791503906,-1.8083343505859375,200.18797,477.99942
38.512046813964844,-2.281402587890625,201.5945,479.54358
40.74432373046875,0.6185302734375,185.38434,477.84418
47.824668884277344,11.798873901367188,184.46327,465.9946
36.24665069580078,-0.5402374267578125,186.91045,476.03745
43.37214660644531,21.351699829101562,185.47525,451.72964
21.735374450683594,41.85443115234375,184.90504,435.98798
19.663162231445312,72.60302734375,177.91983,400.41693
224.14766693115234,39.72557067871094,156.36171,378.7584
221.0208511352539,46.477142333984375,163.92589,374.36096
226.56997680664062,39.50758361816406,165.72253,375.6951
224.09010314941406,32.83233642578125,169.7792,383.0307
217.60000610351562,31.677291870117188,172.27002,386.4172
213.7357940673828,35.2130126953125,169.77444,391.55243
211.36163330078125,36.086273193359375,174.65668,393.09302
208.95411682128906,41.06022644042969,171.60745,385.5804
209.47106170654297,39.005950927734375,176.43611,389.34583
210.8493194580078,40.524749755859375,173.44925,384.0962
211.61187744140625,41.652435302734375,170.00201,389.05945
218.40049743652344,46.41949462890625,161.05063,384.45758
221.7304916381836,47.25665283203125,153.92213,383.1181
215.65028381347656,49.836273193359375,149.87613,381.80566
216.7320556640625,49.233673095703125,144.59406,390.1687
210.9698944091797,44.06205749511719,142.25986,392.16342
190.97257232666016,45.985443115234375,150.76585,403.04504
210.1385955810547,35.78099060058594,142.25156,413.37863
110.74712371826172,43.44416809082031,196.97939,421.49918
61.972511291503906,8.521820068359375,216.70708,470.6339
67.58609771728516,4.5696563720703125,214.60149,465.94534
74.05166625976562,4.3014373779296875,231.81781,461.54916
97.72891998291016,8.520919799804688,232.26591,455.81003
90.59396362304688,3.8014678955078125,219.96136,465.51956
100.36023712158203,8.301803588867188,229.90623,460.09677
127.68621063232422,18.661239624023438,223.4197,447.03
138.7439422607422,60.55183410644531,225.13516,410.4766
124.8056640625,115.8883056640625,259.32617,356.5335
140.86000061035156,35.54402160644531,251.58005,439.55374
142.2676544189453,12.668411254882812,259.6804,462.05374
153.2909164428711,4.33453369140625,243.11555,465.0833
156.8441162109375,12.77142333984375,252.4801,458.0075
162.9465560913086,5.5218963623046875,246.6772,468.44443
175.24808502197266,5.56072998046875,236.08,468.04828
171.8680877685547,-0.0799407958984375,244.64737,473.11075
188.17791748046875,6.6529998779296875,235.11877,466.6252
217.37490844726562,3.37152099609375,216.06671,469.7807
261.1241760253906,-1.0005035400390625,184.97711,470.85336
166.0055389404297,40.45738220214844,150.569,405.2585
175.36532592773438,48.167877197265625,130.78046,389.80225
168.64393615722656,51.24470520019531,137.33005,392.25394
169.76826095581055,49.20686340332031,127.75303,381.28006
167.64453125,39.90802001953125,133.90125,387.70905
171.7674560546875,37.63946533203125,136.09192,383.91705
166.2222137451172,32.83818054199219,140.79153,389.61093
169.53816986083984,29.679397583007812,141.78084,392.4827
167.51433563232422,26.058639526367188,142.27577,397.32895
166.80797576904297,28.097183227539062,141.912,400.96768
168.38609313964844,28.502822875976562,142.94717,395.0441
167.2377700805664,28.943389892578125,145.59477,398.4878
168.04273986816406,29.977645874023438,144.14243,402.1284
168.67669677734375,34.67979431152344,143.23364,398.61325
169.6863021850586,38.952728271484375,141.46663,403.81567
169.6789093017578,42.73358154296875,144.5975,407.08368
174.47032928466797,43.399322509765625,138.2593,401.36914
168.98749542236328,44.098846435546875,142.69066,396.9375
166.16778564453125,39.796875,145.44092,401.25055
165.77300262451172,39.49305725097656,144.81569,402.8909
172.3177947998047,37.987548828125,142.73355,401.8847
178.77365112304688,35.6846923828125,141.62848,401.18927
173.3558578491211,31.807022094726562,144.34236,409.61343
-5.673789978027344,-3.655059814453125,172.11443,480
-22.149032592773438,-7.050750732421875,139.64462,480
-0.7083053588867188,-2.684967041015625,188.85545,480
-11.329940795898438,-5.389617919921875,176.14731,480
1.9413223266601562,-2.539703369140625,177.19572,480
14.416656494140625,-2.520416259765625,191.92462,480
21.21308135986328,-2.771575927734375,197.80052,480
47.412315368652344,-7.934234619140625,187.98482,478.78845
63.12571716308594,-4.4066009521484375,208.60501,478.50516
81.29442596435547,-4.7931060791015625,213.14052,475.96945
98.20985412597656,-4.6209564208984375,229.45883,476.56473
110.66620635986328,-5.671234130859375,218.58397,480
121.78614807128906,-3.2847747802734375,214.87912,473.00735
115.29928588867188,-4.9100341796875,223.05536,471.92255
117.41390991210938,1.077392578125,234.02191,469.44366
121.95490264892578,0.5052337646484375,238.34715,468.90915
143.04817962646484,3.885772705078125,222.58138,464.9746
169.12615203857422,6.6435699462890625,206.32655,462.8256
176.31008911132812,7.991546630859375,198.68744,462.23352
189.62893676757812,14.665481567382812,184.54413,453.83084
191.99046325683594,3.72509765625,178.40799,465.5777
210.30364990234375,17.449981689453125,163.29431,448.96033
208.43279266357422,18.020401000976562,161.11708,456.07498
201.14300537109375,14.59051513671875,166.22705,464.24738
210.82599639892578,11.303329467773438,162.76097,458.99802
213.7078857421875,11.035263061523438,173.75916,462.4183
214.73857879638672,13.490249633789062,183.27211,455.23746
222.86487579345703,16.841476440429688,184.7617,448.08762
230.35752868652344,15.57305908203125,188.04337,457.27875
240.91963958740234,11.805740356445312,186.55342,455.05838
221.84219360351562,8.118118286132812,188.54877,452.8837
213.9280014038086,15.135406494140625,182.37056,441.59595
220.3583221435547,10.598190307617188,208.7056,447.468
228.22289276123047,27.293685913085938,234.46815,434.06027
216.60646057128906,15.7587890625,264.69052,447.46198
225.0980224609375,4.5212554931640625,281.10144,464.68692
224.2474822998047,5.5762786865234375,271.96487,464.94028
220.34678649902344,10.126327514648438,270.21597,454.5958
224.79596710205078,12.008895874023438,246.96617,451.7269
294.99525451660156,2.9954986572265625,222.1948,469.15933
316.6598815917969,9.823776245117188,195.56232,459.21237
327.2971496582031,7.95806884765625,183.3017,460.01996
330.8438262939453,7.156097412109375,181.58408,462.19775
335.2765579223633,9.742279052734375,164.81859,450.27185
354.19065856933594,3.9638519287109375,166.86856,469.26657
360.8740539550781,9.781112670898438,157.38666,458.858
372.89078521728516,4.186737060546875,153.9163,463.0597
389.6734390258789,5.450225830078125,154.4749,461.07483
403.013916015625,12.040557861328125,155.92627,454.88184
410.63936614990234,14.678939819335938,161.00215,456.26352
424.08514404296875,5.5240325927734375,169.57007,472.06918
431.7415237426758,10.163238525390625,162.56017,463.4364
444.5570526123047,7.6614532470703125,163.34293,468.73465
459.3455123901367,8.010162353515625,159.0973,470.7771
466.9332504272461,5.892364501953125,158.38948,473.8888
465.6255798339844,3.44281005859375,151.36212,468.46832
468.3463134765625,6.6317291259765625,147.63794,470.68863
466.61346435546875,7.8037872314453125,154.06836,469.18814
463.4960479736328,7.4529571533203125,156.12741,466.14615
464.65401458740234,6.5443878173828125,156.69795,467.6951
465.6669387817383,5.2263336181640625,155.38927,471.61124
466.0557403564453,3.1480712890625,158.78818,474.898
466.8435287475586,3.920257568359375,154.05843,474.32825
460.86009216308594,4.08221435546875,163.64554,473.82916
459.12166595458984,4.9618988037109375,172.69075,475.8784
451.22106170654297,5.05096435546875,183.50258,474.47028
451.96754455566406,10.183135986328125,181.25046,474.1996
447.39795684814453,5.6148529052734375,185.53514,478.96127
444.0761032104492,6.6239471435546875,187.58864,476.37924
454.98529052734375,8.861236572265625,176.85303,474.76636
459.0058898925781,5.7105255126953125,172.3747,475.0624
465.0401840209961,9.12628173828125,166.3503,475.02252
469.82906341552734,7.1299285888671875,165.2707,477.56833
474.3794174194336,8.012374877929688,162.04793,474.926
481.51495361328125,7.424041748046875,153.14929,478.3805
485.6329574584961,13.199447631835938,153.79488,472.25876
486.12157440185547,9.116256713867188,146.0403,472.32065
484.6197814941406,8.489227294921875,147.32404,473.21643
491.13861083984375,8.294296264648438,138.97461,473.78024
491.3643035888672,8.513641357421875,140.87686,470.41553
492.94439697265625,12.37158203125,141.36108,467.97125
495.4045639038086,9.709915161132812,136.98506,473.0225
492.26158905029297,9.759765625,138.05385,473.1845
495.9589309692383,9.250534057617188,137.2932,472.7186
495.77691650390625,8.871383666992188,137.96887,472.19357
495.0812683105469,7.8489227294921875,137.72772,471.42673
494.2812194824219,8.205047607421875,137.38617,470.87622
492.5213165283203,8.291580200195312,141.89108,469.88138
491.53372955322266,8.669464111328125,139.26299,470.30444
