241.87,20.8,172.52999999999997,444.43
241.2395913696289,16.650314941406236,169.31645,445.16968
241.1907861328125,17.713547363281236,170.95569,442.39868
241.53318572998046,18.352570190429674,171.8412,440.58365
243.1776788330078,17.8871466064453,171.92892,442.33298
245.53982330322265,16.250839843749986,170.19609,443.6615
248.10890747070312,17.74841369628905,170.44391,442.42245
250.79981781005858,17.19459594726561,168.43599,442.81378
253.66798950195312,17.39216674804686,166.89813,441.97467
255.10475708007812,19.58740295410155,165.83905,440.71066
257.526357421875,16.475739135742174,165.23218,445.76663
257.8184182739258,20.2844854736328,163.78246,441.28354
256.9495751953125,17.234161987304674,166.00012,445.39212
258.7478921508789,19.58491577148436,164.47588,441.74078
259.59837127685546,18.449082031249986,163.97963,444.29248
259.8454949951172,18.06642211914061,162.72525,442.85577
260.647451171875,19.6720587158203,162.57007,442.3845
260.9061410522461,19.795929565429674,162.16951,442.61783
260.0822961425781,19.97749389648436,163.06683,440.50494
259.0636956787109,19.64050354003905,162.11856,441.3835
259.32085205078124,19.09040893554686,162.6294,441.79608
259.2779290771484,17.989655151367174,162.10367,442.0983
258.3525369262695,18.45153869628905,165.12376,441.45358
258.8965432739258,18.14392150878905,164.4088,442.0671
259.7677972412109,18.809311523437486,162.61575,439.7356
261.2373712158203,16.88465942382811,161.31259,443.096
261.85901428222655,18.374054565429674,160.49326,442.64163
260.00230194091796,17.5342413330078,162.89137,442.95773
259.9978387451172,16.747360839843736,164.20743,443.03174
260.8502862548828,22.04638732910155,164.20786,439.5754
262.1893518066406,20.6672979736328,163.94183,441.19125
263.50330139160155,17.8678594970703,162.58127,443.73874
265.15833068847655,19.03956665039061,160.46347,442.815
263.69314361572265,18.47546447753905,163.33269,443.67685
263.53494049072265,17.183518066406236,162.80156,443.51184
263.5702035522461,19.652268066406236,165.28438,442.3977
264.42959381103515,18.48548950195311,164.30302,441.086
262.3703820800781,18.53553833007811,166.73846,443.77057
264.62800384521483,20.725388183593736,166.41109,437.89026
264.32776428222655,17.83595336914061,165.76071,442.49872
263.9307229614258,19.171433105468736,166.28856,440.0094
260.9334466552734,20.7195440673828,169.7869,440.73666
260.26253295898437,19.11500610351561,169.08319,442.13104
260.68765045166015,22.1000372314453,166.6934,437.89816
258.7228753662109,19.993195190429674,166.75601,439.01077
255.44827819824218,19.89527954101561,166.39359,437.60187
254.86663604736327,19.17028869628905,166.4962,439.97385
252.05057312011718,19.94075073242186,171.20401,436.96368
253.82227874755858,19.7765509033203,171.51619,437.54294
253.58173919677733,22.0285040283203,176.21016,435.8232
254.69953704833983,23.27095092773436,181.67256,435.0937
254.73430419921874,23.574326171874986,187.13403,434.8728
250.39690185546874,23.570297851562486,196.6427,434.5879
253.89873291015624,22.502655639648424,191.35193,434.3019
252.2332437133789,24.246811523437486,198.2426,432.12024
253.65852142333983,24.53828491210936,196.97969,433.55817
252.99638916015624,26.092331542968736,200.06165,432.03857
247.76853729248046,27.120102539062486,201.77577,430.8307
245.85962463378905,25.84993041992186,201.97433,434.06012
242.88384033203124,28.41577209472655,202.48303,432.13693
242.88896728515624,26.868500366210924,205.84119,435.2466
237.5954263305664,26.10145629882811,204.59196,434.8935
233.52200866699218,25.26106323242186,208.45193,436.66034
226.64456726074218,22.696137084960924,208.90811,439.0812
231.4153268432617,27.3552862548828,201.8213,435.35312
225.36126495361327,24.11195434570311,203.23253,440.19586
230.28291870117187,22.722458496093736,195.2143,437.2157
226.30222869873046,23.357941284179674,190.84242,436.07974
225.88709808349608,21.8192755126953,185.43636,436.95468
225.25231719970702,19.495392456054674,178.54527,439.5054
221.98875213623046,19.9796759033203,176.52626,443.7003
230.35790802001952,28.303757324218736,166.37169,432.44836
229.9560220336914,25.442047729492174,162.11089,435.57193
230.19370056152343,23.853928222656236,159.16641,448.11816
231.7255532836914,49.343659057617174,156.93755,425.16312
235.20191741943358,46.42982543945311,155.72859,424.33063
232.94933868408202,49.017670288085924,160.00389,423.92764
233.0437448120117,51.08760131835936,154.53859,420.79865
235.17276550292968,49.23254455566405,153.88834,423.07797
231.73962951660155,52.367478027343736,154.61227,419.6278
227.87129760742187,44.422882690429674,156.56549,420.30692
230.6166665649414,43.02807678222655,157.3123,416.9553
226.50034881591796,44.542999877929674,162.4894,413.37222
223.34268737792968,39.50605834960936,166.25589,412.07758
226.26927734375,43.409088745117174,169.90845,403.16617
224.72607971191405,40.16090454101561,174.64389,407.91876
223.32009674072265,25.9550177001953,181.56853,417.6185
219.91827178955077,52.00744689941405,185.78465,397.9991
213.09434295654296,42.057602539062486,195.88918,404.73535
215.70574737548827,50.81068481445311,197.79344,396.17474
215.63425994873046,50.6213995361328,200.2654,397.3403
214.6697671508789,51.517807617187486,202.23674,396.80017
217.04389739990233,50.789658203124986,199.11922,404.9054
217.1928155517578,40.899948730468736,197.05746,417.48657
222.51904846191405,43.438156738281236,188.37851,418.04785
214.65842987060546,54.09809936523436,194.21303,405.79547
221.4149606323242,49.671845092773424,186.94496,415.1686
225.60581756591796,52.80915893554686,182.54372,414.6917
225.1307275390625,61.600067749023424,186.23218,406.3964
224.6480615234375,80.86386169433592,186.2832,388.49246
226.88701416015624,78.81234802246092,182.31311,389.27066
230.36824584960937,88.61570800781249,181.49518,380.60828
235.60874725341796,93.44746459960936,178.8351,374.0468
246.25123382568358,91.80772460937499,170.52559,376.52637
253.93481994628905,100.95858825683592,164.45883,367.29666
262.6417138671875,98.71316589355467,155.48376,368.97537
263.414426574707,103.83703674316405,150.62474,360.87546
265.2475259399414,111.15293945312499,150.76445,353.2505
270.2909371948242,102.6394659423828,146.01009,364.57596
271.18018127441405,103.20619262695311,144.76266,364.8604
274.3820169067383,111.4391485595703,145.45177,357.94028
278.1473138427734,118.77293457031249,145.3422,355.3529
279.73872924804687,125.03587402343749,146.5274,351.09802
278.949826965332,147.6277471923828,149.49144,328.63846
287.51892639160155,158.73288024902342,142.82242,317.22952
288.096311340332,172.5595861816406,144.66246,303.40326
283.5543878173828,182.15669311523436,150.40134,296.0345
282.93919921875,185.01492370605467,151.80072,291.92758
277.2639367675781,191.33992065429686,158.46216,287.15088
273.2062127685547,193.0250402832031,165.24857,284.37646
274.43665100097655,197.33987487792967,166.1088,276.39713
272.3196160888672,199.4897619628906,169.97543,274.65283
270.78657318115233,202.52639831542967,173.80568,271.64615
279.707265625,202.91677917480467,168.6933,269.83975
286.59129119873046,203.5146643066406,162.59315,271.67676
296.370237121582,204.31240905761717,153.96684,271.25052
301.95317626953124,203.89944519042967,150.0307,270.144
309.33706451416015,205.80412353515624,143.22844,270.06628
315.1654946899414,204.3981787109375,136.83043,270.82574
316.5743615722656,201.7153479003906,135.38147,271.67584
320.9325845336914,200.65017761230467,132.56987,274.18503
320.9908578491211,194.86044372558592,133.43202,278.04556
323.89521575927733,197.00976623535155,132.13808,273.99606
326.18179107666015,189.5950323486328,131.46953,275.2457
324.25437713623046,184.17074645996092,132.27174,282.2615
327.17976165771483,183.84797729492186,130.15584,277.52118
325.67000366210937,178.332138671875,131.91913,282.9453
318.53396392822265,173.9538427734375,137.30132,283.90735
323.7466409301758,128.16561950683592,130.9705,327.4567
321.69106842041015,171.820419921875,130.23186,276.6978
322.9279763793945,168.7308203125,131.55858,278.6922
319.4741342163086,165.7050634765625,129.93208,275.75842
320.83535552978515,163.01382507324217,128.20695,280.1473
318.81670166015624,160.63491882324217,130.51917,282.1451
315.42110229492187,164.88053955078124,129.41876,276.5481
315.68730712890624,160.38105834960936,128.05762,279.9712
310.7367074584961,150.39946044921874,125.80971,288.78967
312.78843475341796,152.05685485839842,122.60683,290.27603
303.0172593688965,129.8584143066406,126.15681,318.66333
226.07539154052733,10.451828613281236,165.67195,457.35333
182.19096923828124,-1.7585900878906386,227.5083,474.50232
177.79993225097655,0.04199279785154886,230.24179,472.5259
183.5917184448242,1.8745886230468614,221.90443,470.94373
191.72012878417968,-1.3337091064453261,211.9036,472.5106
199.175283203125,0.19070495605467386,197.69775,472.92136
199.50030303955077,2.0132910156249864,194.1721,474.76886
200.18218017578124,2.999786987304674,189.0664,472.9504
198.2660348510742,4.945755615234361,189.18459,473.02722
187.85337615966796,0.0008245849609238576,196.36281,477.21628
181.58981872558593,4.734055175781236,190.19632,471.09894
187.85837341308593,3.1756140136718614,188.50943,477.12183
194.98376251220702,3.468353881835924,192.6162,472.86118
176.95583129882812,5.300217285156236,198.41522,474.53033
153.83564544677733,11.127930297851549,254.88423,468.95523
146.05591369628905,8.936524047851549,256.64023,473.9639
137.77863861083983,2.6783300781249864,217.19795,474.77167
116.37318206787108,2.2177282714843614,229.63863,480
106.54953552246093,2.141571655273424,230.22366,479.25546
88.28133178710937,1.2627569580077989,246.47821,477.33023
74.34534240722655,5.752442016601549,280.1389,475.40494
62.5318048095703,3.024506225585924,288.0482,470.96896
44.98229003906249,10.294022216796861,313.7954,469.91333
51.51384521484374,2.792328491210924,309.312,469.1909
45.86231018066405,20.11697448730456,313.04233,453.1445
36.49844909667968,17.101578369140498,309.63602,456.6466
32.77300048828124,18.920303955077998,324.51526,453.58557
63.05396057128905,25.52871765136706,300.7357,448.69894
142.26743103027343,4.021835937499873,229.99954,470.73395
154.35120178222655,0.49771179199206017,216.35007,469.80588
161.59305358886718,9.558472290038935,217.32266,464.3206
170.20197845458983,18.684799804687373,239.17659,452.09015
187.30566955566405,18.682678833007685,297.06345,459.6935
187.39711547851562,21.872086181640498,352.48077,460.99023
211.7377374267578,14.97482360839831,375.75766,465.32285
231.05022216796874,9.963196411132685,376.6682,469.70462
253.714833984375,7.381409301757685,356.5636,474.194
283.5715539550781,8.840759887695185,321.39032,467.56668
292.80339599609374,18.21444763183581,326.78015,455.97653
319.40862060546874,4.490189208984248,313.8943,472.6714
312.89807678222655,3.1703649902342477,295.28964,465.80542
328.30200744628905,4.897217407226435,281.05356,469.00967
39.28349853515624,40.352432861328,203.031,350.0813
57.505269775390616,38.82992614746081,187.36737,351.3436
52.41826416015624,26.55423034667956,186.32507,355.4913
43.976766357421866,20.050705566406123,193.8338,372.5916
49.30077148437499,27.569138183593623,194.29175,371.02936
47.654195556640616,24.87393249511706,191.21893,361.64377
55.57620788574218,25.322189941406123,185.52676,367.61908
61.70023132324218,33.28501953124987,175.01443,362.1834
64.47999359130858,39.84249938964831,175.55537,359.7042
66.87447143554687,45.50241149902331,170.83063,361.5117
82.01933837890624,54.93631042480456,158.25659,358.96054
96.92168212890624,60.9477697753905,147.58423,358.95508
108.84105468749999,65.81481994628894,141.39612,357.73947
115.85699249267577,73.32806457519519,138.73888,351.452
124.03453613281249,79.51493896484362,139.97644,354.70862
125.07435394287108,91.95529235839831,138.18867,348.47763
127.94595123291015,89.44073547363269,137.85124,345.0414
135.59609008789062,85.42082275390612,131.86517,345.20062
134.2821710205078,86.76919616699206,138.62527,336.29434
144.60867095947265,80.11956848144519,138.0753,337.74075
157.4410836791992,75.16867126464831,135.04066,340.95303
170.16023803710937,77.80954040527331,130.25397,334.37827
182.4047296142578,68.55209411621081,131.09866,338.97385
193.03250671386718,58.98310913085925,125.86191,346.26007
204.02929473876952,54.85380615234362,124.98802,342.14532
210.80543685913085,48.96067871093737,125.443245,343.938
210.8994577026367,45.312561645507685,129.09694,345.21152
214.59183288574218,41.06660522460925,129.95499,344.60614
218.1331460571289,38.150635375976435,134.3195,346.25247
220.71904541015624,34.55159057617175,132.3789,347.3156
231.38449645996093,32.11186279296862,127.390045,346.56384
231.37894607543944,31.418045654296748,121.55105,346.9251
236.55495620727538,34.970093383788935,119.4992,342.59695
239.85421157836913,32.07229675292956,116.421074,349.0529
242.06047225952148,35.65078796386706,116.50056,348.87704
246.35136962890624,35.469544067382685,117.59839,350.4667
249.12607360839843,38.32559265136706,122.27487,348.36136
250.9858071899414,40.10757507324206,127.28233,349.73978
252.57415557861327,43.44058288574206,128.55339,347.33945
253.20514083862304,45.04402221679675,126.8162,347.4478
256.3882272338867,51.24679626464831,130.13039,345.08438
259.19774795532226,56.30033935546862,127.66796,343.69043
261.3054406738281,59.684631958007685,128.67877,342.91953
262.34149337768554,62.81863464355456,127.088295,341.29587
264.7292459106445,70.14360107421862,126.79729,335.92487
267.09516693115233,69.88597167968737,122.22987,336.357
270.17131591796874,71.97477783203112,121.97302,334.87854
270.43092514038085,72.95732177734362,121.79682,331.6902
275.14004302978515,69.37309326171862,119.34184,334.70667
279.13353515625,69.25164855957019,116.18579,333.1342
282.95594955444335,64.54049743652331,110.64185,334.74423
285.4114739990234,63.95455993652331,104.68118,334.49612
289.7832467651367,66.89607299804675,106.33601,330.20258
292.39051986694335,67.68823303222644,110.2013,330.86508
294.4198587036133,68.73477233886706,102.476364,325.07443
299.0093858337402,69.82444824218737,102.54334,323.69977
299.3419549560547,65.89460815429675,102.7186,328.3709
299.9908769226074,68.77690185546862,107.86338,326.94574
302.64684463500976,68.13324035644519,109.45287,328.94064
308.6832063293457,67.15222229003894,110.0328,332.1633
311.69746185302733,68.23083557128894,118.59389,333.282
310.77222229003905,66.7592932128905,118.53104,337.53772
315.0945146179199,74.13609374999987,114.104836,331.26697
320.75789810180663,76.73165954589831,112.9699,330.52267
320.2148301696777,81.40303100585925,114.31867,326.49347
322.8193948364258,79.79766906738269,113.92491,330.79178
328.4297425842285,84.68193115234362,115.14971,328.3639
335.5420472717285,84.20710815429675,108.806816,328.5993
342.5188539123535,86.94224609374987,109.53704,326.5481
341.807664642334,88.67985595703112,114.23261,323.53455
344.4467790222168,88.13366760253894,121.098854,323.6766
348.4567315673828,86.77145446777331,126.527435,324.89542
354.1846139526367,84.79330505371081,130.33247,325.3586
353.4802682495117,79.93782104492175,142.01436,331.64575
350.60371185302733,81.43145812988269,154.39589,326.39566
343.10688568115233,85.74395812988269,168.8979,322.496
334.4552972412109,86.25756896972644,187.17764,319.9976
322.6492059326172,79.21977294921862,205.75974,325.54907
325.32475830078124,79.09933532714831,210.50348,326.86612
327.2926614379883,81.28939880371081,217.82695,326.93094
325.9451272583008,78.63047851562487,226.22209,332.52673
320.29868865966796,89.53411926269519,236.90413,325.6528
321.49629760742187,95.28666748046862,240.19397,323.2943
330.88496948242187,85.15373291015612,231.56885,339.11328
329.8898904418945,90.21835388183581,234.44633,338.80264
328.6956689453125,96.766739501953,237.7403,337.14105
338.7994134521484,96.33676208496081,228.00754,341.58987
344.2301614379883,98.28132690429675,222.14824,341.63007
356.8974816894531,106.93229736328112,206.96558,334.54382
368.9069268798828,110.85968078613269,193.19022,329.55136
372.9433343505859,109.61154235839831,185.80478,329.37723
384.79609466552733,103.96194519042956,167.66212,335.73587
396.30640197753905,96.19987548828112,146.80136,344.8924
402.211057434082,94.14216674804675,136.7075,345.4297
416.8465821838379,85.97847045898425,122.36187,350.5639
424.2724740600586,86.81596435546862,133.60384,352.4651
430.48113037109374,74.87728942871081,136.32349,356.2509
443.0400750732422,54.59150756835925,146.77823,383.73523
457.2827127075195,26.317307128906123,151.40038,419.7812
469.6303689575195,24.676254882812373,155.74828,427.95697
469.9996697998047,15.921280517577998,164.17227,449.41675
466.0515802001953,9.509781494140498,167.37411,459.3181
452.9651010131836,20.593323364257685,175.50386,442.15506
459.59766174316405,11.965714111327998,180.5256,458.55542
449.5812890625,3.8319860839842477,184.57007,464.97473
445.13506103515624,5.650147094726435,190.28918,459.12955
442.7848565673828,13.169479980468623,185.0466,453.66656
438.8836038208008,3.1025244140623727,193.10094,466.68903
440.43940521240233,8.551148071288935,195.11812,467.36465
440.2666223144531,0.7172552490233102,195.34271,472.9127
445.65232635498046,3.1782690429686227,190.35915,476.79376
440.24815155029296,0.11193908691393517,190.37062,478.75552
438.171376953125,6.224182739257685,194.94019,471.23477
433.9918420410156,5.802445068359248,202.20819,470.69775
426.14568115234374,10.528931274413935,208.77234,467.97977
415.6621072387695,13.353378906249873,216.99022,460.72247
405.36240936279296,23.372864379882685,231.71095,452.58414
412.8904473876953,16.049942626952998,216.96371,457.0133
411.9212091064453,11.42251647949206,205.62827,463.24655
411.71999908447265,21.30056823730456,212.89885,454.53867
399.7115609741211,12.236038818359248,225.44283,458.11743
397.8451516723633,12.708084716796748,221.92638,449.6162
414.35996795654296,24.60598815917956,186.7278,431.17587
499.8926217651367,37.71127380371081,134.26015,401.38644
541.9704148864746,50.84053100585925,101.06403,376.6289
563.9986779785156,56.58610595703112,81.162476,366.6303
565.5226571655273,55.689942016601435,81.44777,366.455
569.2965562438965,57.42794860839831,76.95759,368.70572
571.7467782592773,59.11494506835925,75.528336,362.26715
562.0618951416016,61.03584350585925,77.88425,372.10095
569.210870513916,63.53654541015612,70.85473,359.12488
571.0771920776367,63.600037231445185,76.34761,368.1381
579.1528108215332,64.19792236328112,69.90487,364.87506
567.3067567443848,67.85919250488269,74.829216,362.12125
571.9794900512695,67.19000305175769,74.787704,367.2228
576.8942315673828,68.76602233886706,68.891815,363.70712
571.5649201965332,62.48857177734362,77.47976,378.18604
561.9891679382324,62.015747680663935,83.88297,374.0452
572.0188424682617,66.18478454589831,77.80092,370.6721
564.8767755126953,58.819275512695185,79.88626,379.75186
556.7222955322266,56.83065856933581,86.889496,381.6708
550.3928010559082,51.515747680663935,92.25588,389.4894
543.557794342041,49.57026733398425,98.52001,394.09253
534.6362626647949,48.46080078124987,103.7324,390.36743
528.8442208862305,51.11979736328112,109.13808,392.67126
520.8429315185547,52.882446899413935,116.90726,388.5806
508.94313217163085,55.213379516601435,124.41004,383.85733
501.9489877319336,56.82884277343737,128.19801,378.82037
492.0562188720703,56.420548095703,124.41849,374.65613
484.3792054748535,61.189331665038935,123.17632,370.4946
475.5412690734863,62.3110510253905,123.00997,371.758
468.50728393554687,66.90701354980456,120.949585,366.99985
462.1300408935547,69.08544982910144,117.353485,367.8389
453.1439797973633,70.93864501953112,115.14195,366.51813
443.9088800048828,73.85717834472644,113.36746,365.16452
436.35281158447265,74.06509460449206,108.77605,364.0942
426.99750686645507,75.34492553710925,107.99593,356.43024
421.45537353515624,73.81402648925769,104.75708,360.31326
414.2030274963379,73.84555114746081,102.853935,359.81186
406.17489791870116,71.95294250488269,100.506386,360.98398
397.9304864501953,72.56623901367175,100.24582,358.7163
391.2118699645996,71.98173583984362,98.75318,357.67065
383.83963943481444,73.2209631347655,96.740074,355.6374
373.57254959106444,72.295548095703,100.68838,356.50153
366.658380279541,72.249649658203,102.38958,354.46887
355.07871795654296,73.43017639160144,107.85921,348.0175
345.26672912597655,74.01571716308581,111.31424,346.21103
341.152463684082,77.36544860839831,111.81334,342.29813
334.78658081054687,81.610245361328,115.55896,338.42987
328.947557220459,83.91018737792956,117.64295,336.83957
332.9561441040039,82.85820068359362,123.74626,342.27032
338.32210708618163,87.17477478027331,124.32586,334.04758
339.89204193115233,88.10696472167956,128.88234,335.13632
343.9539468383789,89.58393920898425,126.82683,330.5854
346.52774978637694,89.96943725585925,127.65249,330.71143
346.12690521240233,90.01791442871081,131.61562,327.79672
347.1958673095703,92.954971923828,133.44687,320.55762
345.8251321411133,86.95864929199206,134.49101,325.63187
345.3464105224609,88.37703002929675,133.02188,321.34772
350.02236724853515,85.3005529785155,128.7401,323.50934
349.0991761779785,87.13830627441394,127.79919,319.5483
350.7688768005371,87.406876220703,126.24464,317.87335
348.2612397766113,88.03866638183581,127.78939,317.5546
347.9164025878906,90.63101257324206,129.23596,313.67618
349.86872268676757,93.61071838378894,127.33376,309.81583
352.59443069458007,98.974259033203,124.854454,304.61652
358.10831619262694,103.95489562988269,120.31954,301.01663
362.80162979125976,111.44059814453112,116.97228,293.95563
362.30001998901366,115.99958862304675,120.42307,293.06122
362.3160722351074,116.80621398925769,122.06895,291.83273
362.8742044067383,129.45864929199206,124.23381,279.35208
365.11064697265624,129.1172796630858,123.014465,281.46146
365.29067779541015,136.02410949707019,124.639084,276.32578
366.31744552612304,142.29734863281237,125.774574,268.20093
372.1228158569336,146.63777221679675,124.819595,264.78516
374.59166885375976,154.77649749755847,125.2467,255.86238
382.4632318115234,160.177384033203,120.16409,246.453
387.81728912353515,163.00708831787097,118.748825,243.30885
392.67512298583983,166.46089233398425,117.58162,234.86578
395.782102355957,167.07173217773425,117.62608,232.15802
396.30072952270507,166.39732421874987,117.92721,232.63489
397.2356088256836,167.23747314453112,117.797806,231.74573
396.1253335571289,172.6832205200194,119.67534,226.2379
395.2849710083008,175.42781127929675,122.88609,225.53735
394.7885491943359,176.6604925537108,122.19931,224.2092
394.54379440307616,178.10654510498034,124.33787,226.22401
392.14490295410155,186.31794799804675,127.75766,225.42004
393.8089463806152,184.9300238037108,127.91657,222.75394
393.2222039794922,188.73275054931628,130.2648,222.00359
390.1015374755859,191.20467437744128,134.74344,224.67552
389.9730813598633,195.10481323242175,135.94426,222.55951
388.2774865722656,198.69865478515612,138.47406,219.52509
391.0658319091797,200.08931793212878,137.64279,224.61626
391.9050500488281,202.09810699462878,139.98517,221.63042
391.8186166381836,200.08303894042956,138.60225,222.00693
393.16950775146483,197.81856597900378,134.38081,225.03899
397.93611694335937,180.9508444213866,131.69427,242.74306
376.3399026489258,55.35183776855456,154.17918,365.38205
305.6497552490234,12.702332153320185,222.41714,425.95468
285.2394769287109,8.45462097167956,250.29788,455.36685
299.4944055175781,10.01931823730456,244.18805,459.7609
316.55528045654296,10.729111328124873,238.42555,459.9286
320.3136193847656,15.47891296386706,248.50787,454.4456
327.65078521728515,16.252823486327998,248.24553,456.70575
337.0707147216797,14.626328124999873,241.71866,459.7384
341.6851937866211,15.383774414062373,241.40327,459.93628
347.70274139404296,9.116043701171748,236.52516,467.4118
353.2536370849609,19.161865844726435,229.07571,454.93588
356.51284576416015,20.62789978027331,225.02751,455.36978
362.5956246948242,21.122788085937373,211.27357,455.6869
363.1566751098633,22.585281982421748,205.74876,455.44635
365.43689514160155,21.728928222656123,190.9299,454.94385
371.19216705322265,15.688843383788935,181.18633,461.1362
372.38574768066405,24.286362304687373,179.38718,453.2096
374.45642639160155,28.754746093749873,176.32004,451.54163
371.3604104614258,32.049210205078,193.28563,444.7221
368.5754144287109,37.07901062011706,199.20963,441.17886
375.97282958984374,33.406494750976435,200.25293,442.0151
383.52568603515624,24.08621276855456,206.16248,444.21414
388.1143014526367,23.304077758788935,208.9568,445.0405
411.57005859375,23.584580078124873,196.05469,448.1349
428.3900354003906,20.561524047851435,196.22406,450.77768
448.2431619262695,21.56887878417956,186.36522,452.03482
479.91120697021483,24.46908630371081,155.84578,450.44437
496.4619271850586,27.008972778320185,142.84871,444.1539
502.10488677978515,27.43978942871081,137.62212,452.2775
400.635732421875,124.96173156738269,129.18915,338.47897
384.1727044677734,174.53111328124987,122.42764,280.06012
388.1861665344238,199.37767089843737,115.42007,244.6875
386.779962310791,198.3938146972655,116.84124,248.14825
386.92251373291015,193.83218444824206,111.307236,243.97464
388.13458419799804,190.58293975830065,113.368385,242.74583
386.77324462890624,187.14959777832019,113.29468,243.017
384.0598580932617,180.76001800537097,109.38893,243.70412
385.1053330993652,176.80776275634753,107.06727,243.10063
385.4843423461914,171.73969329833972,108.68199,242.03993
384.7659661865234,171.21250213623034,107.50308,237.35701
383.2737367248535,167.1431814575194,107.31542,238.80077
384.90950561523437,168.65166534423815,109.663574,235.00816
383.3535020446777,166.78084625244128,109.70893,238.0493
383.041551361084,167.26227630615222,110.05091,234.96718
379.94134689331054,168.40557922363269,112.37595,238.58426
378.04759765625,166.38718475341784,113.118225,241.1858
377.04596115112304,168.67404998779284,113.36503,241.19197
373.78888107299804,170.35871948242175,115.98551,240.93591
371.4998338317871,170.63921417236315,116.97645,241.91441
367.8845079040527,179.50624908447253,117.676765,234.87468
362.2601106262207,187.27932037353503,120.31716,227.94048
358.8709275817871,190.101456298828,118.41328,227.74426
353.84250045776366,196.11822570800769,118.30149,221.30472
350.8278024291992,198.23027099609362,117.82124,220.52179
346.51833892822265,202.59025634765612,117.19115,215.91943
340.8493096923828,202.3580709838866,117.77371,215.18929
336.361448059082,207.21266998291003,115.6768,209.82256
333.47501541137694,206.1367117309569,113.45443,208.0125
329.5993859863281,206.81671203613269,113.215515,203.07413
325.70604873657226,208.28088439941394,111.455986,199.17319
320.61887908935546,207.9961096191405,110.29994,198.57141
315.0253656005859,207.59853424072253,109.14255,196.93071
309.81758666992187,207.73952545166003,108.2995,195.78856
305.01317764282226,205.69126190185534,106.37969,193.68556
298.61269927978515,205.65921081542956,105.11479,195.20047
290.05401779174804,204.79351104736315,106.21006,197.29582
282.28473068237304,197.49865783691394,105.64182,202.83682
274.2148568725586,197.58020080566394,105.86421,203.3234
265.93190170288085,194.94110931396472,106.29267,203.15187
258.5342805480957,188.92302001953112,105.970116,207.86426
250.57570053100585,187.26402343749987,107.38331,211.75348
241.70536209106444,181.06266845703112,111.46206,216.0445
232.09794021606444,175.55481781005847,117.932335,223.97792
220.66004730224608,171.46746887207019,125.90462,229.48715
209.77692962646483,167.13050140380847,134.98512,233.66658
199.89641357421874,165.64695800781237,142.97644,235.39606
190.8908135986328,162.08339752197253,148.449,239.31364
180.45923400878905,159.85518707275378,154.20651,241.61937
168.8412530517578,156.88689483642565,160.28665,244.03606
160.01053405761718,158.33396972656237,169.11862,241.88214
150.1604669189453,157.7773138427733,173.86044,240.98685
142.1341226196289,157.3998724365233,176.83342,240.82712
133.892568359375,157.63444580078112,179.84943,241.56671
124.87126708984374,159.78033508300769,181.8689,240.35306
122.92808319091796,163.52967132568347,178.55537,236.65742
130.4792916870117,166.31480468749987,172.53926,234.95673
132.98616577148437,169.40052093505847,169.69342,233.18721
133.10780120849608,172.13113464355456,168.17213,231.46689
135.1249215698242,178.307266845703,164.40944,225.63611
132.17783905029296,179.37081207275378,165.67097,226.0001
129.28077484130858,185.2289739990233,167.1349,221.17636
125.05882049560546,182.82166351318347,169.32063,223.9889
120.1968438720703,183.77656616210925,171.0574,223.16028
118.55147338867187,181.966690673828,169.24054,223.71344
115.54241729736327,179.8302923583983,167.62846,225.79941
114.25362182617187,175.594620361328,164.37341,228.43811
110.66332794189452,170.69409240722644,160.72581,232.25644
106.30136657714843,166.6470648193358,156.66196,233.77902
107.12033630371093,160.03166259765612,150.99136,238.19952
104.94225860595702,152.99978698730456,149.37663,242.12778
103.71035552978515,145.35459197998034,149.43199,245.08693
97.8376138305664,139.2576071166991,154.62212,250.38008
90.24242950439452,134.25024475097644,159.44133,255.20718
89.52178741455077,127.54275573730456,156.98454,258.11557
79.74099517822265,124.87365783691394,164.95152,261.89236
78.34767700195312,125.50979675292956,167.29529,259.44925
80.77261138916015,126.31492675781237,164.73088,259.85052
74.15174652099608,125.46505798339831,171.40633,261.8389
75.21758056640624,130.87134613037097,168.44214,253.24452
70.4367120361328,131.54942382812487,170.38638,256.98016
68.46012664794921,135.16925872802722,171.5317,253.04701
68.87102294921874,136.858780517578,168.37335,253.60193
58.9738214111328,142.3934713745116,172.69846,253.73317
56.88254333496093,147.17179931640612,170.33554,247.33606
53.86674285888671,145.082901611328,169.26851,252.03992
48.6581475830078,143.57369293212878,170.34384,253.85216
42.75665069580077,142.82397521972644,173.80247,255.07352
42.291028747558585,137.73442138671862,169.40706,262.99
42.424764404296866,135.91252197265612,166.18054,261.39185
41.030957946777335,133.58500732421862,165.79713,261.69342
42.60479522705077,132.11395324707019,161.41411,267.25394
43.83233428955077,128.726212158203,158.62694,269.25684
39.99334503173827,124.68911804199206,158.40123,274.3826
38.369764099121085,122.59776367187487,153.86641,282.56665
39.86206604003905,114.89411987304675,150.65573,287.76526
36.55028320312499,112.415421142578,151.27258,293.08386
37.925733337402335,107.82162536621081,150.29726,298.6993
47.04460693359374,110.956680908203,149.8753,300.2525
49.92930389404296,107.3740393066405,150.64528,303.7777
56.44842315673827,107.85687316894519,151.15178,301.75174
72.34961486816405,107.53642333984362,142.34335,301.8567
86.98546386718749,105.740372314453,134.42224,303.09363
97.64983154296874,102.10965026855456,131.69092,305.0361
103.89597869873046,101.307266845703,134.12215,303.68683
109.29507232666015,94.05163635253894,134.74168,309.01584
121.84372497558593,87.82725585937487,130.10318,313.81805
131.03468872070312,79.37687744140612,129.81403,324.2447
138.1046807861328,80.66549743652331,131.09647,317.6912
150.62171722412108,76.51010192871081,128.13582,319.82205
166.18820358276366,77.22540344238269,123.94767,318.32028
179.42732025146483,76.55793823242175,122.86769,319.52777
193.43288589477538,75.439591064453,121.16045,322.85358
204.05134368896483,74.873673095703,116.83186,322.38715
213.40208221435546,69.62559570312487,115.23738,327.95856
220.36654067993163,78.7009436035155,118.67632,319.16406
232.16726089477538,72.96565307617175,117.88842,324.73187
239.9623696899414,70.83786071777331,115.98924,328.25998
253.64932037353515,78.816300048828,117.25224,321.88257
266.511033782959,72.89254821777331,114.08521,327.1271
274.69689346313476,73.88269104003894,117.71288,325.3865
287.61527420043944,65.22488464355456,114.331566,332.1379
299.0609567260742,65.59042419433581,115.97377,335.8151
307.3821923828125,67.99630798339831,119.60742,333.67776
314.4792039489746,69.30476440429675,121.01533,329.37384
322.8276956176758,72.73259033203112,129.61327,329.3623
331.9295785522461,70.39529479980456,132.84157,334.71976
338.9940545654297,66.81048645019519,132.97891,336.869
346.0611779785156,65.75346435546862,128.6081,339.9278
336.45852447509765,60.614075317382685,128.05016,346.88535
343.19804931640624,47.64962829589831,144.133,360.9235
345.9824769592285,58.819092407226435,126.07757,344.67728
351.38411499023437,50.88229431152331,131.99243,363.17477
353.8533380126953,43.75076354980456,138.04544,372.80124
355.1632745361328,44.86229003906237,133.49197,371.87262
357.9785363769531,45.075623168945185,147.34418,374.07834
363.1757562255859,44.063599243163935,177.66226,387.07468
369.85525299072265,47.82847656249987,189.11821,400.34302
372.3969934082031,48.68425048828112,259.79633,420.2329
361.8906457519531,55.8449865722655,271.003,419.00873
368.4125726318359,57.49479736328112,261.51602,416.7035
360.43236328125,46.53263916015612,259.1361,427.04883
349.3918206787109,45.24641479492175,238.88248,426.92816
352.45915771484374,25.34225524902331,215.63916,448.96268
356.8077142333984,20.531433715820185,192.69595,453.24582
357.94299865722655,9.837814941406123,178.00327,460.7334
357.8945062255859,9.04739440917956,173.90323,463.2172
349.4345376586914,5.539124145507685,175.06096,469.9614
335.32363677978515,5.540909423827998,184.71562,473.6878
307.8656900024414,11.668335571288935,205.29619,467.44113
302.1962335205078,6.957398071288935,210.42978,470.0533
270.6191842651367,11.37667907714831,235.67665,465.1254
255.5840509033203,8.786636962890498,246.99399,465.82648
250.64125610351562,11.727402343749873,238.5722,463.09338
246.54268432617187,12.090210571288935,235.44879,460.18918
238.15081573486327,9.123108520507685,241.69005,461.44968
229.4562203979492,14.65475524902331,244.78139,460.58963
219.68745971679687,12.900253906249873,242.05023,461.95093
208.4700143432617,9.115372314452998,245.64125,465.5799
201.16857696533202,3.003662719726435,248.68858,471.41977
200.37531829833983,10.33248962402331,237.2729,459.63797
225.2435968017578,31.999588623046748,223.29208,429.05267
276.3385446166992,51.534805908203,170.36281,394.0628
324.05940032958983,61.9453283691405,123.88301,348.2802
320.63634658813476,75.79351867675769,115.68462,326.1428
310.96229721069335,70.96398986816394,114.298775,334.09506
302.4658563232422,79.45123352050769,114.93222,323.89572
294.45813537597655,83.30467285156237,118.30502,317.04688
285.5854928588867,75.25959838867175,125.11165,325.56537
275.2133767700195,78.08396972656237,129.48741,320.46637
265.06367279052733,81.80673278808581,134.41707,314.98465
257.696164855957,77.36613525390612,141.09343,317.95514
253.80689025878905,76.470596923828,128.50589,319.7226
250.93530822753905,73.40380920410144,128.79282,319.8508
245.19354034423827,73.66311706542956,131.75047,320.59067
242.97241760253905,69.7465979003905,129.89822,322.90985
236.91781784057616,71.94368041992175,127.759315,322.1186
227.47976470947265,68.89790405273425,131.6198,329.2141
218.56216217041015,60.844299926757685,131.26622,339.17673
204.87830902099608,75.80670227050769,131.40675,328.87704
193.04046417236327,74.45515502929675,132.91637,331.90863
184.01208282470702,78.72099365234362,129.10844,335.7328
169.24767852783202,83.50454772949206,130.32219,334.54648
159.2772882080078,82.38911499023425,126.9169,338.74432
144.08655334472655,87.92446960449206,128.50223,334.2087
132.22278381347655,85.351456298828,128.44046,340.9068
124.42495895385741,86.84024108886706,127.26566,342.34006
122.44156433105468,86.17721618652331,123.94522,346.3372
127.33995223999023,87.05204833984362,122.38172,344.8369
128.55006958007812,82.12422241210925,121.80963,349.54028
133.06097579956054,88.39541687011706,116.57609,341.05374
131.64814163208007,86.42379821777331,115.46029,344.29532
127.19439865112304,87.35058654785144,119.426,343.19547
116.5735757446289,85.06562866210925,128.24724,341.21313
114.67193389892577,84.96257080078112,132.43968,337.9759
105.0292642211914,76.82052673339831,142.61613,343.3351
104.96145416259765,80.00895751953112,146.3579,339.88934
99.97005249023437,80.07894958496081,157.24677,337.45645
101.94006134033202,78.76657165527331,166.59917,335.11716
106.06080413818358,77.95834411621081,174.20918,333.5165
107.41441894531249,75.91314758300769,179.54199,329.855
111.13042999267577,70.29316772460925,179.16441,334.83325
119.65920043945312,70.34428466796862,169.86981,335.5783
131.52137542724608,68.18647827148425,157.90596,338.2303
141.94875885009765,60.97163452148425,150.69945,351.35315
148.29690338134765,61.25181640624987,142.11888,349.32092
154.17905975341796,59.39692749023425,136.60616,353.16235
159.2317330932617,62.400040283203,131.72572,350.8626
165.688955078125,64.69891418457019,124.98285,347.1528
163.30921340942382,68.58091796874987,127.38833,344.22424
162.57612396240233,72.92228759765612,135.37886,340.951
163.7560708618164,74.5673986816405,151.38622,343.69177
171.10069061279296,77.27690185546862,161.03926,342.3191
176.22175384521483,76.32220520019519,169.50807,343.08566
179.77586151123046,79.68077148437487,180.61848,337.21405
178.85413146972655,77.95356811523425,192.61514,336.86523
182.43154693603515,75.59269775390612,202.13463,338.7188
177.25969482421874,72.2500158691405,215.58661,340.27698
173.36397338867187,69.40414489746081,228.68042,340.63376
175.85194946289062,65.65123046874987,238.61328,344.2602
172.24861694335937,61.77449096679675,249.82397,345.84473
173.3964288330078,57.401993408203,253.7764,345.02283
177.47522521972655,60.173462524413935,259.76028,343.31754
172.1865899658203,59.15409912109362,273.28824,343.69952
170.64055419921874,51.54159606933581,273.8189,349.77585
163.87688232421874,51.2068029785155,290.201,349.6797
157.24538208007812,49.53855957031237,296.68884,350.07574
158.805654296875,45.35859741210925,299.8803,353.8495
144.59473205566405,47.18769897460925,314.00613,352.0736
159.89343811035155,45.753845825195185,293.90298,355.7023
160.88374877929687,47.759415283203,300.9856,351.99756
159.67224670410155,47.66023315429675,309.95645,355.67163
176.89938903808593,46.76313842773425,297.11533,355.1333
209.50307250976562,47.39946044921862,267.71985,358.12433
180.5181329345703,49.71296752929675,307.569,362.79468
214.49915100097655,54.63723815917956,270.4269,354.0167
253.92455078125,53.65696777343737,238.42743,361.747
195.52754760742187,54.902466430663935,300.41406,368.12332
249.71245361328124,59.064514770507685,250.50714,360.20682
224.79408813476562,57.3755041503905,270.19702,370.58728
255.2787301635742,60.33586181640612,240.49117,367.95758
245.11578155517577,55.96183837890612,249.72673,369.6729
259.71829010009765,63.625000610351435,234.68675,362.86124
257.99731994628905,61.00370849609362,229.62698,363.74115
264.33238006591796,60.9333654785155,215.51802,361.57788
262.2443826293945,61.18205322265612,211.43425,362.21527
266.7797525024414,61.3901525878905,203.22984,367.05957
278.1113946533203,56.87419189453112,186.94278,369.30194
283.448362121582,59.17788757324206,173.65874,370.44296
291.36394287109374,61.39024414062487,161.11945,370.04156
304.0741174316406,63.24632324218737,141.9945,372.19904
309.5188653564453,68.96296752929675,128.70486,368.28406
316.95676971435546,74.64460815429675,121.95747,364.974
321.700486907959,76.65007080078112,115.65534,363.90247
314.7724397277832,74.6159826660155,119.05898,366.9715
319.36445022583007,76.33833374023425,115.550316,368.43683
321.8356378173828,72.96748413085925,111.54416,373.4157
329.4512155151367,73.28959716796862,115.19026,367.80115
334.30050827026366,75.70846618652331,118.032936,362.00076
323.70390869140624,69.85778869628894,138.85883,364.58023
230.431142578125,30.368042602538935,223.28046,434.92178
187.2562921142578,2.4124609374998727,268.46817,469.23114
211.23968292236327,-2.806273803711065,246.55486,469.72415
228.47564483642577,-4.768004760742315,227.34514,475.9966
239.26515747070312,-7.167006835937627,222.97083,478.39398
244.13635040283202,-0.7289575195313773,233.43083,470.5412
244.2525079345703,-2.4883874511720023,243.41287,474.60217
252.37002349853515,-2.7265161132813773,242.74278,475.90363
258.1884439086914,-4.196227416992315,241.02635,477.93387
271.2767083740234,-3.804869995117315,233.01144,478.07254
281.54114318847655,1.5298315429686227,255.00601,473.06683
284.2530267333984,-1.3523706054688773,281.4321,479.84943
278.0425012207031,-1.9309533691407523,310.4193,480
278.4412286376953,-0.36700378417981483,325.8704,477.51663
285.0470178222656,7.033066406249873,326.015,474.69476
291.0946405029297,3.96817077636706,336.28806,472.52512
279.566396484375,9.52908386230456,347.1468,466.7274
297.0132043457031,12.968506469726435,326.06165,460.72305
310.1139886474609,7.919022216796748,315.55258,474.54797
288.8829248046875,-1.3779138183595023,338.1142,475.6526
295.4238488769531,11.823853149413935,339.8739,465.10086
322.15869689941405,3.9310156249998727,316.23123,477.08734
311.9850823974609,8.76638854980456,270.83188,445.80893
291.0515344238281,0.7671209716795602,218.31555,441.38046
214.29759002685546,8.393570556640498,152.93416,403.5255
240.73289276123046,25.466232910156123,129.38606,388.05927
239.44843460083007,51.16069091796862,127.4363,368.4157
244.6497247314453,50.728088989257685,122.316986,369.06058
224.5171334838867,51.804871215820185,137.30403,373.04636
216.18548370361327,56.99128784179675,148.33324,368.07062
216.87071014404296,48.930420532226435,149.4308,379.36917
212.79663635253905,59.49270690917956,151.44626,371.11398
196.1168115234375,47.512589111328,167.7547,385.77478
191.47209716796874,63.823135986328,169.43146,371.958
203.49207092285155,45.04301513671862,156.40115,389.3228
221.0718209838867,69.75244201660144,139.97115,365.6448
255.99114776611327,61.15336669921862,112.330734,372.50177
272.9309861755371,62.142578735351435,100.96821,368.77243
281.0413911437988,67.81718505859362,115.52352,365.4464
280.633176574707,64.08822692871081,152.99956,369.53702
285.30442596435546,67.86497558593737,176.33199,364.85046
290.58308959960937,68.64521850585925,192.91675,361.59674
296.3566262817383,65.24104370117175,208.35698,362.36884
305.33293701171874,62.046524658203,215.43195,366.67218
314.1448648071289,59.172852172851435,212.68578,370.10214
325.9539697265625,58.15835632324206,214.72614,372.33987
336.0516107177734,56.24191345214831,209.32162,377.39297
345.1803338623047,62.407715454101435,207.2463,370.82407
329.46211029052733,62.358292236328,231.92506,373.11908
310.4730889892578,59.16142333984362,251.55069,379.41602
304.6384942626953,65.24676574707019,257.19693,372.95517
317.82832885742187,59.871704711913935,233.66223,379.81516
318.12136627197265,54.31175292968737,216.56163,389.57532
335.3203103637695,52.592041625976435,210.73833,390.25388
346.7626092529297,47.523560180663935,217.13437,394.01352
381.2871682739258,40.819885864257685,204.74638,399.45334
421.962278137207,40.052384033203,180.14848,402.07086
444.46475006103515,36.48977722167956,174.78343,408.83597
459.9951379394531,30.372696533202998,169.52551,420.3814
478.9548471069336,19.82070983886706,155.3456,431.90555
490.6291940307617,21.197800292968623,144.44917,425.39954
501.58779693603515,23.31533874511706,135.95384,420.83987
506.8051545715332,17.177307739257685,126.01522,431.8441
513.0864465332031,14.117737426757685,122.82959,436.0062
520.1112649536133,10.180176391601435,117.49687,441.75156
527.3652131652832,7.26113952636706,112.955284,447.16373
518.9466340637207,11.588730468749873,121.48861,449.01318
516.3683145141601,13.226639404296748,125.813095,446.73517
504.6985223388672,13.419876708984248,136.71323,445.21527
505.9746453857422,11.14437927246081,131.36166,451.33328
502.3992135620117,9.85031188964831,133.46724,451.6304
475.55566955566405,6.808670654296748,160.03946,458.07684
466.8137109375,5.80746520996081,173.00446,462.3422
447.58101440429687,8.424729003906123,192.10767,458.5487
442.0665490722656,4.671677246093623,196.91406,466.734
432.028928527832,5.56497253417956,205.50993,468.12088
436.7780206298828,3.1528784179686227,200.19644,471.53992
441.0640542602539,3.949890747070185,196.59996,465.55588
428.940305480957,5.813645019531123,209.14507,464.5442
428.90405822753905,1.6215063476561227,205.7891,465.563
424.04707885742187,1.0198065185545602,211.06958,467.21915
415.26619506835937,-3.0685571289063773,218.10645,475.89014
410.07427001953124,-2.35354553222669,225.94684,476.0496
387.13521362304687,-2.5248559570313773,250.58484,480
370.0910852050781,-1.6980737304688773,268.9259,480
340.48921752929687,-1.7398828125001273,291.9038,480
322.2040765380859,0.5689855957029977,314.42075,477.5374
301.61418701171874,-0.46729980468762733,333.16876,480
300.5868127441406,0.8651586914061227,333.67102,480
297.4224755859375,2.2783056640623727,332.08197,480
320.74146057128905,3.2839819335936227,304.05667,480
329.5123498535156,-2.5943750000001273,281.52368,480
352.0629022216797,-1.7114556884766898,242.64523,475.07986
368.4863717651367,-0.7459405517579398,208.59322,470.44754
372.60989166259765,-2.04214416503919,191.23814,477.2742
364.897825012207,-3.8555749511720023,185.63359,475.54694
360.43535400390624,-2.74563537597669,187.86664,471.01895
357.17024017333983,-2.2713769531251273,201.39479,470.42065
353.0461099243164,-1.5620568847657523,205.93651,469.68512
349.43578125,-0.6538232421876273,210.78192,470.44482
344.1966455078125,-0.5662835693360648,211.29791,472.07687
344.59961486816405,-2.10659729003919,203.9119,474.21243
359.943479309082,3.224854125976435,193.45561,472.68356
348.0056741333008,-2.03134094238294,240.26274,474.76883
345.2130258178711,-0.8171075439454398,230.00734,474.46304
344.9372003173828,1.6016241455076852,229.48062,470.64902
361.5882318115234,1.3697515869139352,242.32541,473.88364
362.53516174316405,-3.22695861816419,244.42044,476.28763
364.2330453491211,-1.2632135009766898,237.3218,474.12735
375.65987182617187,3.2350317382811227,227.84644,470.16736
375.7462747192383,0.28176940917956017,239.13432,478.3234
379.31916595458983,1.1005255126951852,239.05531,473.11618
380.35030151367187,3.89566101074206,226.302,466.5353
389.82556701660155,4.31674255371081,206.37271,468.21487
388.4696481323242,2.088562622070185,207.79573,469.3795
363.80742431640624,-0.29658447265637733,239.30145,472.7213
346.99272705078124,-1.5325311279298148,267.1573,472.17172
331.32451416015624,-5.442031250000127,301.0484,480
327.0425775146484,1.7077947998045602,304.18564,473.08914
322.6289422607422,6.536560668945185,305.62204,474.91183
323.0176904296875,3.2326513671873727,306.54205,480
341.9172570800781,3.5929113769529977,285.89893,472.43964
340.0206964111328,2.8535314941404977,292.1127,478.38116
364.20276428222655,-2.3870996093751273,276.8184,480
206.81912780761718,2.3658911132811227,418.5483,480
171.50159240722655,8.832810058593623,405.9882,470.69885
169.46219421386718,48.877075805663935,358.8735,429.75375
329.55681396484374,70.21389831542956,260.987,409.66873
256.0462091064453,25.95144714355456,288.47794,441.7952
381.7747933959961,-0.9109643554688773,235.75368,480
334.96953369140624,-6.191237792968877,284.38043,480
185.51991821289062,-8.217055664062627,425.7804,480
280.9269006347656,-5.167006835937627,345.50708,480
458.65168548583983,-0.45008789062512733,191.20802,472.93872
516.9723527526855,5.601807250976435,127.87968,462.869
523.8734414672851,-0.7038415527345023,117.74608,470.53595
521.1042687988281,5.02621520996081,127.83508,471.9114
513.2695443725586,2.106873168945185,133.80788,479.9846
511.3239190673828,5.880112304687373,144.85904,480
505.9753549194336,6.552857055663935,139.48744,476.1013
520.002057800293,3.2796484374998727,135.0212,480
524.2233560180664,-1.6107934570313773,129.04625,480
519.0097024536133,-3.6543725585938773,135.30132,480
513.1777932739258,-1.6476586914063773,132.80595,480
511.26079345703124,-1.6597589111329398,133.06195,478.95242
505.3734338378906,1.3214270019529977,136.22327,473.4472
501.2659356689453,-0.23852478027356483,141.72318,477.2723
492.3015496826172,-0.5981591796876273,146.4736,480
480.6644647216797,0.9366308593748727,157.95981,480
468.3266351318359,-0.9633935546876273,168.16403,480
464.45235229492187,0.35214294433581017,175.6488,478.8616
454.90295959472655,0.25314392089831017,179.66837,476.6934
448.02904296875,-3.6838525390626273,189.22101,477.62292
441.85759521484374,-4.892226562500127,193.09479,477.86707
411.5997674560547,-5.698256835937627,224.85654,480
381.10276580810546,-6.267806396484502,255.18709,479.5528
355.8006799316406,-4.443740234375127,276.411,480
340.1691796875,-2.5046533203126273,291.14032,480
328.9946649169922,0.31269897460924767,300.811,472.5019
315.03105712890624,-0.5451654052735648,317.1529,471.22348
307.0015008544922,-2.84756408691419,313.91257,478.0851
305.5740869140625,0.9172369384764352,306.53705,477.45883
299.7019403076172,0.5523840332029977,301.97653,474.1502
297.8031976318359,0.02507080078112267,294.49692,473.6328
298.96790100097655,1.9972845458983102,286.81107,476.48648
310.8600518798828,-2.083190307617315,272.2731,471.83847
320.09912658691405,-1.8103784179688773,263.47708,475.8899
325.5366571044922,-2.8463281250001273,255.93002,473.22913
329.18044830322265,-2.082335815429815,255.05333,476.6052
329.5498712158203,-1.7591088867188773,258.65396,473.9906
331.3097589111328,-3.05783020019544,262.1824,475.4684
328.77123046875,-5.821303710937627,265.14276,480
329.05168701171874,-2.3551477050782523,268.13104,473.7713
325.5412805175781,-4.105590209961065,276.32996,476.32724
321.6687982177734,-3.025328979492315,283.81113,477.25522
316.20000244140624,-8.203261718750127,283.06427,480
320.4981591796875,-3.90774475097669,277.0678,478.60477
316.56380249023437,-1.4943994140626273,273.78662,477.2456
315.9916741943359,-0.5263055419923148,266.8541,476.4089
316.4087884521484,-1.3751062011720023,258.63388,475.75226
310.6236779785156,-1.9061120605470023,258.69824,473.38678
307.20879150390624,-3.5880273437501273,252.19379,474.65735
304.2008950805664,1.3277136230467477,250.70103,470.35114
300.52639556884765,3.3532263183592477,246.27916,469.4737
296.4779489135742,-5.490889892578252,233.05086,479.39813
288.3435952758789,2.0232397460936227,225.63194,467.80115
284.59123779296874,-4.772582397461065,215.69073,478.6473
281.9847161865234,-2.72506652832044,203.49521,479.7665
277.6357629394531,-6.243834838867315,192.39246,479.6899
268.6967141723633,-6.954421386718877,186.86125,478.47717
263.91963745117187,-6.419860229492315,192.5824,479.8441
254.538076171875,-6.706496582031377,200.09662,480
251.92712951660155,-4.196730957031377,199.16568,480
248.7634942626953,-5.397750244140752,198.97574,475.42743
240.45727325439452,-5.228103027343877,200.33647,479.1062
236.7939889526367,-1.4426416015626273,196.98128,480
232.0362985229492,-1.1092675781251273,189.29414,480
231.57173706054687,-1.8961785888673148,181.44348,478.91635
229.3787515258789,-0.08070312500012733,176.90831,478.1095
221.86203552246093,0.6163183593748727,183.89584,480
225.46159912109374,-0.5835717773438773,180.67719,480
229.79721618652343,-1.5062402343751273,173.8995,480
227.91679931640624,-0.15815673828137733,171.77081,480
223.37444091796874,0.8011785888670602,173.20856,475.36722
222.2843453979492,1.3632666015623727,168.33492,474.94763
219.58936096191405,-0.26429687500012733,168.88431,480
226.58675170898437,-4.156997070312627,161.84924,480
223.99331451416015,2.2078100585936227,165.765,472.28943
217.15756774902343,-3.3700097656251273,175.56345,480
211.3465478515625,-1.3524621582032523,186.74188,477.44733
205.75527740478515,-1.4087365722657523,199.68236,474.75555
201.26707244873046,-4.374373779297002,209.91939,477.70184
191.41055847167968,-5.393966064453252,228.87363,472.7442
176.87127471923827,0.6489721679686227,246.93413,471.0193
164.62068725585937,-0.41337524414075233,259.9225,470.4389
164.81775451660155,-1.7003167724610648,257.28287,470.49448
172.99871612548827,0.6989904785154977,253.43925,472.37775
179.8119790649414,4.628800048827998,245.48326,465.54645
193.1095407104492,6.865921630859248,234.38387,465.8144
201.63055206298827,11.095291748046748,223.56145,463.9134
204.80739379882812,13.567444458007685,217.39978,460.14218
210.06738830566405,13.127030029296748,213.49649,466.10248
212.91087890625,11.65622009277331,208.79071,465.2305
213.56823516845702,7.14413513183581,208.29558,472.53995
215.2820718383789,5.533493652343623,207.06554,474.78162
216.51695037841796,2.623474731445185,204.07564,477.04526
217.60229278564452,0.29335083007799767,203.0429,475.81195
221.0308740234375,0.10121215820299767,195.84442,476.50372
226.39038635253905,-1.4928582763673148,186.91507,477.13693
235.61531616210937,-0.9395135498048148,176.51477,478.4924
246.04507232666015,-2.2889550781251273,167.92625,480
251.1961572265625,-3.897582397461065,164.84308,479.65366
255.96578002929687,-1.1098168945313773,161.97986,480
261.58008361816405,-1.6370996093751273,159.51492,480
266.58511138916015,0.28053344726549767,155.74962,479.4898
267.2297494506836,2.656983032226435,156.24342,477.3591
270.82404876708983,5.739853515624873,154.8268,469.31445
271.5055902099609,10.513916625976435,158.87424,466.70175
273.4222772216797,16.847839965820185,169.55087,462.79135
276.51360107421874,18.381119384765498,171.09442,455.40814
278.4367044067383,21.415573730468623,182.16374,452.4784
281.66789794921874,22.27145446777331,183.9295,452.29544
286.1089074707031,28.483566894531123,191.53699,449.29688
287.0452630615234,29.718948974609248,188.72519,448.90216
289.65400482177733,32.84016479492175,175.55421,446.46283
292.2027337646484,32.78640808105456,182.03134,444.1747
290.0279748535156,32.19627441406237,178.73047,444.40588
291.0830667114258,29.31283630371081,177.26213,447.2161
292.92951751708983,26.728195800781123,176.42702,449.6438
293.06333709716796,19.91104187011706,179.72871,454.81107
292.7797830200195,23.383972778320185,175.13164,449.20566
294.4620034790039,25.430191650390498,172.44884,448.79303
299.18162322998046,20.118729248046748,170.31587,455.30768
305.38425994873046,19.83053649902331,167.1379,454.72855
315.3147637939453,21.469986572265498,162.19388,449.63605
323.1537454223633,23.87112487792956,158.61565,451.64822
330.7046029663086,24.128845825195185,155.17653,454.7418
332.3383462524414,28.372864379882685,155.64915,447.4515
334.4793603515625,26.655319824218623,159.13776,451.49585
337.2174661254883,34.14675964355456,159.93462,442.4086
341.28428436279296,38.90818847656237,156.45149,436.92163
343.13142181396483,39.40768493652331,155.74086,436.2205
343.7677590942383,36.62460388183581,160.41313,438.0269
340.52510620117187,29.017838134765498,161.11145,440.4771
330.5707147216797,21.201401367187373,163.811,447.85364
322.8739984130859,16.026199951171748,162.15317,452.2182
311.4152276611328,13.55416931152331,160.93655,455.31766
299.9238412475586,12.414932861327998,162.44911,455.6839
287.2960412597656,12.113648071288935,162.7378,454.26328
270.55046630859374,10.073242797851435,164.99774,465.0914
263.3111779785156,25.94900573730456,164.45288,452.82254
260.14278198242187,40.17289794921862,160.33252,435.19604
256.58006072998046,24.17672790527331,162.3918,450.50504
247.39771820068358,26.345963134765498,168.83803,451.61688
240.46252990722655,29.86166442871081,164.51736,444.2598
235.7398355102539,20.88674987792956,163.76268,453.38834
233.05325103759765,20.482666625976435,161.6184,451.8033
228.6096627807617,12.581253662109248,159.47932,456.2204
228.60583282470702,9.84970153808581,147.99138,457.616
225.29518676757812,6.873459472656123,150.6344,458.71973
230.38501525878905,6.875565185546748,139.69241,457.54266
230.05457855224608,8.670364990234248,135.57301,460.398
233.21709991455077,7.52584899902331,127.06328,459.032
232.40834594726562,10.766647949218623,122.24878,458.5835
229.92063690185546,14.075729980468623,120.77937,458.0918
226.67082382202148,17.819199218749873,121.300606,456.64368
219.7947671508789,14.800675048827998,125.53697,458.2857
208.17091156005858,14.651123657226435,137.52345,461.73532
203.7185952758789,17.684021606445185,141.9829,460.64413
198.16139007568358,20.346329345702998,154.96437,459.48126
193.88247467041015,20.839493408202998,172.33165,454.64166
181.25776458740233,22.111817016601435,176.32704,456.1877
169.9460885620117,20.390122070312373,188.61641,456.07202
156.9654214477539,18.092270507812373,187.94896,456.8296
142.9367349243164,23.01236022949206,185.63475,453.27298
138.1899850463867,20.930069580077998,188.49812,453.99774
132.01173950195312,13.745651855468623,185.34412,462.59814
118.98383880615233,14.128281249999873,186.93141,462.93494
107.85487152099608,11.122818603515498,191.63551,464.02838
93.04353881835937,9.102524414062373,194.53967,469.42444
87.8891275024414,8.406601562499873,193.86522,470.71155
84.43999267578124,9.09451354980456,188.03973,471.61734
85.37705780029296,3.5000769042967477,189.1202,477.6668
83.88908172607421,6.149536743163935,196.97139,474.53342
87.91133666992187,8.138382568359248,201.51697,471.26154
98.53134704589843,7.11489929199206,189.0278,472.85867
103.88398529052733,8.74820007324206,183.45595,469.86795
103.99095703124999,7.568100585937373,182.6789,469.3789
99.0984552001953,9.866318359374873,179.94193,466.1494
92.86775756835937,10.436661376952998,178.08203,460.81818
90.42362762451171,13.106812133788935,186.05965,463.94528
77.87706542968749,8.378769531249873,203.26007,470.88
74.41338134765624,8.778381958007685,201.13715,468.1639
70.3803384399414,7.436081542968623,213.11314,470.78186
67.10918975830077,9.77914489746081,215.21257,467.39285
55.00285125732421,7.945908203124873,234.09529,473.00244
52.24839569091796,10.450501098632685,238.13777,469.5776
51.844312438964835,12.51120056152331,245.22841,469.24722
53.00308776855468,11.768433227538935,258.92868,456.4387
18.147893676757803,0.24739135742174767,294.30142,473.6374
25.149907836914053,3.452698364257685,292.9833,469.28098
60.6100518798828,-1.9362329101563773,262.7034,469.01782
77.17709899902343,-4.250747070312627,253.23325,472.14087
87.42487884521483,-1.6725762939454398,240.64943,470.77444
132.21128631591796,5.05661071777331,199.8437,468.9915
146.26641632080077,5.595352783202998,185.1563,466.1501
148.91279388427733,4.49289001464831,195.91982,468.98428
158.1966989135742,4.188889160156123,223.29536,467.98083
171.06818939208983,1.9050146484373727,234.0165,480
182.87412811279296,2.525513305663935,248.85506,479.32224
195.8768975830078,4.94735778808581,269.14957,464.67654
214.98064208984374,13.678162231445185,272.388,439.88168
211.91333557128905,16.611771240234248,289.51187,429.94073
194.59062744140624,25.43557800292956,303.8167,426.1863
186.65714050292968,25.404663696288935,316.49875,427.06442
89.40503479003905,5.541855468749873,380.97708,469.6775
68.2798516845703,6.187515869140498,381.52286,472.6375
78.39591003417968,9.90945495605456,392.0388,474.3665
94.63480163574218,9.556580200195185,358.00266,468.44943
58.94592834472655,1.0811621093748727,368.62234,480
47.63432861328124,0.0012670898436226707,359.97235,480
54.046163330078116,-1.4856103515626273,375.46948,480
64.97008300781249,-2.3794702148438773,377.32672,480
81.0766046142578,0.7723394775389352,376.09378,479.78
114.59035278320312,-2.3326867675782523,353.1223,478.6275
144.18031860351562,2.03927673339831,327.896,474.77786
183.2514093017578,1.3529516601561227,298.1332,473.5592
218.09744812011718,-1.9380029296876273,273.20346,479.53296
232.97300506591796,17.892319335937373,248.425,456.71362
247.08888031005858,11.93417419433581,246.49574,461.67313
233.13907409667968,15.087937011718623,210.04953,452.65857
242.8770654296875,20.94247497558581,208.96552,447.14505
232.99550415039062,25.585312499999873,180.927,440.50415
249.2642266845703,32.658325805663935,162.32156,436.46994
263.6456048583984,17.294205322265498,160.23239,447.5594
253.12519622802733,21.648392333984248,176.84694,441.85468
254.87878204345702,19.395645751952998,181.31242,450.97174
260.1061456298828,32.78410400390612,187.62625,442.4474
262.56841064453124,39.03697265624987,190.2497,437.38647
275.1057794189453,38.25425781249987,182.74344,438.53357
285.9796044921875,52.46395935058581,179.75824,420.41995
294.73896575927733,50.63443054199206,184.40163,428.80057
307.17033935546874,54.741211547851435,177.32611,421.11252
317.6741159057617,55.697144165038935,167.43843,420.16928
324.3153207397461,56.80720581054675,157.56337,416.0053
323.02686096191405,58.37937988281237,160.75699,418.87744
332.99480224609374,59.29521240234362,157.48932,415.75513
334.480703125,55.07986511230456,158.18134,423.14322
331.76726318359374,47.8254553222655,168.12604,427.45746
323.1478860473633,42.336426391601435,197.58012,432.58456
320.01436401367187,33.16996826171862,230.70544,437.16064
306.95064331054687,29.27755798339831,277.62122,447.93094
292.07076049804687,21.457947387695185,305.01843,457.96738
286.77107788085937,22.256821289062373,325.6079,456.20996
272.36214233398437,14.300247802734248,348.65015,462.74835
273.61748291015624,13.34915222167956,355.09515,461.7211
266.6069543457031,10.785355224609248,359.24036,463.49603
270.4994561767578,3.474304809570185,352.82486,473.05942
269.5937249755859,-1.0817102050782523,358.07956,472.91388
280.9014031982422,0.24256958007799767,348.28293,471.51398
273.1118524169922,-6.718856201172002,353.2949,473.57538
270.3237054443359,-4.091567382812627,358.848,473.24854
259.1358850097656,-4.224685058593877,366.44617,471.792
280.22954345703124,0.8299261474608102,348.9942,468.33658
262.37126708984374,-6.107955322265752,359.5395,479.23053
279.9385125732422,-4.114638671875127,347.9918,475.14075
296.7289178466797,0.5925451660154977,331.66586,470.16266
334.9424035644531,-4.555556640625127,290.18726,480
332.41545654296874,-2.4743188476563773,280.54462,480
334.2154901123047,2.48837341308581,286.40988,479.66202
340.80957580566405,2.23135437011706,278.03372,476.43423
336.13176513671874,7.144241943359248,264.2403,470.77826
337.37886596679687,15.498917236327998,279.8164,459.73663
332.36035705566405,22.328232421874873,282.29593,456.39514
323.5100762939453,19.775772705077998,278.83438,454.97467
322.8567864990234,24.957398071288935,247.6926,454.91354
328.53486419677733,26.994949951171748,231.06007,456.91888
322.61516357421874,23.148255004882685,217.52277,453.7651
316.0413949584961,24.61355651855456,210.84047,451.1066
313.86306549072265,31.683472290038935,196.00047,439.85178
310.5326898193359,33.7827307128905,203.30551,432.29608
304.6643197631836,36.44712890624987,208.11049,441.56433
290.5785577392578,31.519852294921748,194.25174,447.3957
292.7662484741211,25.578995361327998,185.80836,451.48615
290.88210845947265,20.636856689452998,178.86143,453.74713
279.3023049926758,20.762314453124873,187.41911,454.39246
269.45149780273437,29.37539733886706,194.25061,447.16544
245.20999694824218,34.363419189453,215.91245,445.63873
227.95984436035155,33.16593994140612,229.12283,440.64246
220.14966369628905,40.221817626953,235.41348,436.7901
212.28980041503905,47.48794616699206,246.6918,426.73026
206.88342834472655,60.31465209960925,247.16592,415.28278
196.77471710205077,68.69842590332019,246.80779,410.48813
191.42646575927733,80.26609863281237,241.45961,400.29395
186.3573434448242,92.6303869628905,242.31624,391.27472
180.06167388916015,100.40214599609362,243.00633,384.05774
180.34353424072265,113.82524169921862,225.27135,372.5791
171.94683624267577,121.47964538574206,230.34734,367.95316
161.247548828125,134.64492858886706,225.02179,350.4341
148.80125213623046,143.14677490234362,231.29805,341.04614
143.57669616699218,147.32212890624987,221.18576,334.2655
121.98842407226562,155.41064514160144,231.36133,326.03964
108.7180841064453,159.97168029785144,237.82547,317.55173
102.94888092041015,165.57148803710925,236.58568,312.8587
94.25095153808593,172.86627258300769,236.43832,308.16574
87.81784606933593,178.99534667968737,229.96933,303.1985
79.54051757812499,185.9484564208983,227.43463,298.4694
74.42909027099608,190.80566467285144,223.73695,294.2673
60.106649169921866,203.19622863769519,227.46716,282.42795
52.5014321899414,206.16697753906237,224.08488,276.64917
39.06609893798827,210.91265930175769,229.92766,274.54434
22.130140075683585,222.1313635253905,238.74483,262.25397
9.398137817382803,225.6012884521483,241.32309,256.314
4.652707824707022,228.1703802490233,238.25102,260.37546
-1.2079946899414153,231.10704101562487,247.06685,256.81982
-3.313326110839853,233.74527038574206,231.35301,254.11124
6.462896118164053,226.76715148925769,225.23026,255.26773
7.021810302734366,224.67415679931628,248.49097,253.6245
8.184942016601553,223.35749114990222,262.45212,254.20522
1.3339593505859284,223.13053955078112,252.9235,257.3216
10.674962768554678,212.18785156249987,250.4401,261.56256
-0.3354589843750091,227.60854400634753,257.82928,248.8878
-2.349466552734384,236.1257711791991,256.26685,238.36653
5.889150390624991,218.33062805175769,242.57373,266.15347
17.84794403076171,188.92536987304675,242.77467,290.73676
25.13591552734374,171.82127441406237,256.3125,300.78052
23.40770507812499,160.30305541992175,260.9121,312.33392
32.34081054687499,140.5082708740233,268.32544,336.60538
23.21005798339843,157.23440612792956,248.02933,318.7233
31.214681396484366,141.87591613769519,258.06927,340.98557
37.81690002441405,133.23374999999987,276.97653,342.69006
47.926107177734366,139.00230468749987,277.09222,341.0929
60.7690103149414,137.88296569824206,247.1668,343.12308
66.06986785888671,136.74523986816394,251.04128,346.0743
78.95734954833983,139.233780517578,250.42061,344.86823
98.07094360351562,139.92430175781237,266.14337,339.162
114.24193359374999,152.35716308593737,253.60559,327.22278
126.39490295410155,156.49897827148425,257.4774,324.08502
139.57504821777343,158.37368835449206,249.69315,322.97464
147.25266052246093,157.84515441894519,233.7355,322.34543
156.2451608276367,154.57888854980456,231.15761,322.82254
165.51424194335937,150.9273382568358,222.82428,329.98904
166.92024780273437,129.97448791503894,224.37054,348.2391
175.24600769042968,127.76565612792956,220.09378,348.0369
178.33025146484374,101.76452697753894,228.34656,376.10007
177.21056915283202,88.88127197265612,231.76683,390.0492
193.29245544433593,73.83664001464831,248.35245,408.95352
194.63319183349608,58.18522705078112,252.82478,419.0962
207.03824401855468,40.10482849121081,257.51334,438.40982
216.4850289916992,28.866943969726435,234.51662,448.87473
239.31833435058593,27.379624023437373,227.77847,451.5841
251.7053887939453,19.324326171874873,242.68625,456.19287
255.10457397460937,27.80728210449206,234.15216,448.24075
270.08598876953124,17.108719482421748,239.4436,459.52118
274.1867883300781,24.895554199218623,234.1684,461.36157
301.23677612304687,38.35722412109362,266.35748,439.3473
311.75313354492187,18.48989929199206,293.07355,458.506
321.36702514648437,19.899765624999873,303.0666,465.35437
326.1557824707031,10.730347290038935,283.93768,467.7761
319.93843627929687,11.204346313476435,302.19427,465.5012
315.3475549316406,7.422791137695185,306.07037,475.35397
317.2529046630859,5.31265319824206,293.10794,476.75174
323.0857598876953,3.700440063476435,300.55307,470.56833
322.357900390625,0.8962713623045602,305.8202,476.89432
328.8062646484375,4.454178466796748,300.98242,472.84943
329.91060424804687,-2.08047424316419,302.3725,479.37637
334.264150390625,6.061234130859248,295.62744,471.12518
336.8080499267578,1.8334509277342477,291.6743,478.01044
346.2553155517578,2.21249450683581,282.1191,477.48282
351.5119378662109,0.43986572265612267,277.07327,476.88904
357.16931701660155,0.35179199218737267,270.79684,474.60754
366.56734252929687,-2.1590417480470023,259.4942,478.2437
380.9051644897461,4.618790283202998,245.06917,469.77997
392.8883950805664,5.57431091308581,235.07317,469.4296
400.2179544067383,3.1307836914061227,229.80907,476.4264
412.0288064575195,7.831360473632685,223.34117,470.2568
420.59885955810546,8.89633239746081,211.17311,473.68265
434.04009033203124,12.143494262695185,197.51392,468.18845
441.61499572753905,13.63351501464831,193.46786,470.45413
455.2852990722656,11.943863525390498,177.85919,470.57587
472.51262451171874,13.369522705077998,162.92249,463.3095
483.49702239990233,12.952881469726435,155.69698,462.0825
491.8377435302734,12.279831542968623,149.52286,461.65698
493.04182983398437,16.010849609374873,146.00287,457.26196
500.75093627929687,16.383972778320185,136.88751,453.42368
497.8976724243164,15.74826110839831,136.09758,456.67215
499.8565881347656,17.954117431640498,132.95477,455.78094
502.61616302490233,14.861878051757685,132.51485,455.03928
497.43388916015624,16.864304199218623,141.71387,454.65564
495.9783685302734,12.67977966308581,144.012,463.30167
514.2418115234375,7.623657836913935,128.85986,466.9697
498.266721496582,1.7843328857420602,145.14207,474.21365
500.7936380004883,6.23465026855456,143.84386,469.77982
477.3263070678711,4.255493774413935,159.2364,466.7208
450.0325830078125,6.68649353027331,186.19153,467.902
433.3852975463867,4.969254150390498,206.4811,469.81647
402.4509027099609,3.72738708496081,233.76553,449.27444
369.4405267333984,8.671677246093623,265.07645,462.79614
349.46875549316405,19.182633056640498,282.90964,451.34015
330.2157647705078,15.468186035156123,306.44382,454.3955
312.1410577392578,20.198074951171748,324.946,445.38422
303.7999475097656,8.563645019531123,336.2541,458.88123
274.6353204345703,25.02597106933581,359.31418,445.56046
267.6939447021484,15.558518066406123,369.1116,456.97107
245.20963073730468,22.04696716308581,376.4656,447.756
242.37158752441405,13.34457458496081,364.77048,455.06314
230.78310180664062,11.612259521484248,367.9262,465.935
246.9976708984375,12.151795043945185,338.5863,460.90878
201.36014343261718,14.393448486327998,335.32535,458.5572
199.41016174316405,15.172928466796748,337.16037,458.8443
157.72946716308593,12.836777343749873,350.2205,465.35767
145.077626953125,9.15066589355456,322.04663,468.92813
120.90645385742187,15.12857116699206,306.1032,460.60416
130.61348510742187,-0.8675836181641898,318.0816,477.03885
93.38722778320312,7.497086181640498,294.69794,476.56793
305.9035394287109,10.420288696288935,240.71085,463.78452
315.3302972412109,16.159775390624873,203.82498,459.5797
281.8683831787109,18.177734985351435,216.251,456.9576
268.27873779296874,18.231796874999873,217.27258,458.13843
267.6119744873047,23.867478027343623,205.74356,455.28845
268.6993310546875,20.077759399413935,196.90344,456.76425
277.32031799316405,21.954086914062373,176.99155,457.17078
278.81072021484374,21.322937622070185,167.45667,452.73373
273.3010842895508,21.493088378906123,161.11961,448.5979
263.25169921875,20.77365173339831,163.34741,449.27225
253.45588470458983,21.450272216796748,163.6379,447.581
244.21855712890624,19.89321960449206,163.79956,448.39517
234.50319458007812,18.112778320312373,162.59576,452.5603
223.9341943359375,16.84323181152331,162.97021,450.01114
214.82976318359374,16.198959960937373,164.79626,452.28076
210.40242553710937,15.497391357421748,161.79706,456.56378
214.69592834472655,14.74081481933581,161.59213,455.32925
221.69285369873046,13.156784667968623,162.17506,455.43665
215.4961602783203,13.024704589843623,171.24423,458.74268
207.73205352783202,16.281128540038935,181.51964,457.1672
200.57759643554687,14.011780395507685,189.00385,458.08774
193.11356140136718,13.871109619140498,208.13956,455.60638
185.94505859375,12.728516235351435,235.64221,457.7717
192.15945983886718,12.83602966308581,265.15555,457.7117
197.5447900390625,13.455994262695185,288.9547,459.97104
201.30586791992187,13.15976013183581,305.7032,466.4921
213.92006469726562,16.87759460449206,300.5125,461.59732
234.85945678710937,14.46603454589831,281.49347,460.5181
255.9981134033203,16.719467773437373,265.1899,460.6172
260.38689208984374,16.982727661132685,263.54504,458.41
256.90071655273437,18.410645141601435,265.1286,457.35678
265.35381103515624,16.236755981445185,252.51306,457.384
268.90412689208983,20.358948364257685,243.63326,453.6346
259.72256256103515,23.17135681152331,249.54301,452.4612
257.35454345703124,17.81997741699206,254.78198,458.3295
256.0139520263672,16.47940124511706,265.481,458.93704
250.74162841796874,21.16952575683581,281.4624,455.95718
263.22380615234374,19.652847900390498,279.72925,455.12994
265.7986199951172,19.102738037109248,275.32706,456.75592
269.0369012451172,21.712875976562373,281.8206,453.8479
307.3210885620117,23.625855102538935,249.49635,443.80722
299.2588250732422,20.490128173827998,260.35672,453.35797
344.66689849853515,25.159897460937373,215.2614,443.64
367.5051171875,23.87307800292956,191.74988,442.012
386.9678094482422,22.356934204101435,171.95035,443.67734
413.92793060302733,21.645630493163935,165.1103,444.19418
432.32356811523437,19.399963989257685,158.96674,445.436
438.0146463012695,20.58505310058581,164.74828,439.77725
441.1825082397461,18.745133056640498,167.28206,442.0667
446.77399993896483,18.954834594726435,171.9045,441.96262
454.1207635498047,22.723740234374873,170.6995,438.94495
463.2189157104492,26.55838073730456,168.13087,436.93607
459.36906982421874,28.028931274413935,173.26904,439.82138
456.45815826416015,32.45869506835925,176.3101,439.2542
451.59358764648437,37.125244750976435,179.82343,435.9382
453.94966674804687,39.0605627441405,177.54205,436.73212
461.99353576660155,42.37779296874987,170.14145,433.55933
465.26953674316405,46.078735961913935,165.88632,429.28354
469.2510125732422,51.1887365722655,165.69351,424.9959
471.94324279785155,51.44046081542956,161.8558,424.63663
475.6138131713867,51.3911291503905,158.76552,428.799
463.05911041259765,49.00471557617175,171.74687,432.11945
452.1957757568359,47.64811767578112,181.24857,428.6593
451.8508737182617,48.87057556152331,186.06203,426.6393
442.3563592529297,43.75155700683581,191.76993,428.31815
432.71760345458983,38.200928344726435,199.77156,430.795
420.68266845703124,30.750122680663935,213.3009,434.92343
414.2260873413086,31.32077087402331,216.89339,427.7565
409.1685922241211,29.537949218749873,220.85518,425.3944
399.97868896484374,23.26931823730456,226.11243,428.61295
381.77806640625,24.400955810546748,224.08899,421.91022
383.7223107910156,23.956741943359248,197.1684,422.64288
373.2346322631836,27.92129577636706,194.93648,415.95914
361.2232568359375,31.795578613281123,194.67346,415.5133
357.358274230957,34.87712158203112,193.02806,416.5974
355.29495025634765,36.23007263183581,189.4395,421.0458
355.16887451171874,40.71165527343737,185.47961,426.45996
365.82893920898437,44.649170532226435,171.59772,427.7485
379.3339593505859,50.150574340820185,154.90933,419.90378
392.1513803100586,54.79721130371081,136.85481,411.86172
397.86768127441405,59.027725830078,132.98654,409.93085
400.2829797363281,67.12950195312487,136.57062,397.27087
399.51887298583983,67.48997558593737,145.04903,395.47107
392.96053100585937,62.58915771484362,154.1778,393.84473
388.66162658691405,65.11094726562487,151.85165,387.9994
375.8945062255859,61.83198608398425,155.72635,386.8659
365.0917718505859,58.974487915038935,167.17862,386.3729
354.0980661010742,55.392273559570185,175.05873,388.95724
342.44336486816405,53.55674804687487,182.54282,383.30347
331.4978234863281,46.65652526855456,190.3023,384.60843
319.2366159057617,46.48860229492175,198.84169,385.75616
312.3015115356445,46.22471679687487,199.73973,383.51782
301.30149627685546,46.27194274902331,204.96596,383.91483
295.3722589111328,53.95370544433581,205.1113,381.3223
284.4056604003906,56.17985595703112,212.56793,381.48145
268.7142999267578,59.57853759765612,221.77097,383.3578
260.39677978515624,61.30134643554675,223.81323,386.3609
247.6835610961914,68.10653747558581,228.26738,382.70596
234.7011392211914,64.993546142578,229.50737,391.33685
218.954580078125,68.0078283691405,236.00854,390.24017
213.48808837890624,68.41207946777331,238.20996,394.10623
201.4177911376953,73.23140014648425,237.92697,387.59772
191.4010903930664,72.22329772949206,243.65495,388.44107
181.26753784179687,74.32348693847644,250.38934,388.59885
172.22798706054687,68.75228942871081,257.0854,395.15677
163.85323120117187,65.36969055175769,256.14496,396.176
160.49391723632812,64.1770178222655,256.77374,394.84467
153.38821960449218,65.6174475097655,255.25272,387.09882
147.11838317871093,60.14047302246081,256.533,389.32205
144.55349517822265,59.14354003906237,250.47844,391.3158
144.2873971557617,49.28056396484362,240.16884,399.72876
140.2283837890625,44.602188720703,227.76807,405.2309
133.67761016845702,46.46040405273425,219.33727,404.87994
125.99231506347655,47.01557983398425,208.73349,402.71332
118.26726318359374,44.53767456054675,194.43176,403.21967
114.63355804443358,40.61592163085925,182.04329,409.4151
100.18140197753905,40.60493530273425,170.06296,405.9792
91.37854553222655,38.501709594726435,156.56369,414.91098
86.13056732177733,41.86302246093737,150.94661,411.23682
82.86875701904296,40.79570068359362,146.82277,413.16968
80.65807891845702,41.500122680663935,149.36497,414.76047
70.59555603027343,40.15742553710925,158.4047,417.3443
61.1073892211914,41.580994262695185,164.2448,416.7739
54.79202056884765,39.92099060058581,169.45403,418.75308
59.166272888183585,40.783630981445185,171.27205,420.81747
53.80155731201171,40.223038330078,177.7903,419.71222
52.747449645996085,39.911759033203,177.91817,420.70917
52.4033868408203,35.10099853515612,179.64304,427.24133
48.71020294189452,34.09494079589831,178.71837,431.9656
45.17099548339843,57.39146484374987,186.46304,405.15698
18.31340576171874,7.371094360351435,227.10107,459.9044
25.392530212402335,20.378677978515498,232.94771,445.4295
89.70278717041015,40.23738159179675,178.67448,422.40448
107.87095428466796,39.9253088378905,161.65712,414.9677
117.29363800048827,32.21048034667956,158.75304,424.9987
112.16070343017577,28.348160400390498,166.71642,426.9295
101.09544158935546,19.128769531249873,176.11256,443.20947
29.866353759765616,5.451920166015498,240.79462,468.74066
36.95550323486327,9.06820739746081,244.36583,468.2172
68.00670410156249,2.1369482421873727,223.45642,476.11157
43.62486816406249,-1.4146112060548148,262.7445,477.84836
41.85875488281249,1.7939611816404977,283.14807,475.07587
12.382619628906241,5.501938476562373,324.1195,472.36963
34.73917175292968,-1.3811639404298148,330.5955,468.7037
87.65205932617187,3.266968383788935,297.17035,474.3795
88.19751525878905,1.1641088867186227,311.09885,472.9973
110.2899835205078,1.1422888183592477,309.34335,477.38104
187.92151428222655,-3.057372436523565,252.99448,478.29587
199.17317749023437,-0.5823052978516898,266.6812,476.1453
205.10030151367187,-1.4142755126954398,280.97638,472.43814
210.23369384765624,8.183457031249873,363.09363,472.38843
217.15529418945312,21.660706176757685,400.81818,449.31686
235.19312072753905,18.31503356933581,388.7557,454.8654
269.0506036376953,8.780594482421748,356.65097,467.23993
275.73950744628905,9.049210205077998,349.9537,462.72235
325.2538201904297,-2.8992456054688773,291.93497,474.6577
322.8821160888672,2.5840917968748727,266.32242,464.7129
274.9763391113281,15.924194946288935,187.59955,435.1583
283.43822265625,12.093384399413935,139.5907,413.4846
294.5500466918945,8.954392089843623,137.07042,408.64038
297.266965637207,10.04104675292956,135.55516,405.50748
292.1489465332031,9.036316528320185,141.65497,407.73715
292.6851022338867,12.246475830077998,143.8351,406.85272
294.4602716064453,16.78689636230456,144.28464,407.57278
294.37734771728515,24.977341308593623,147.4467,401.59424
294.60059143066405,31.341065063476435,143.21982,400.56906
294.7573220825195,39.25407470703112,143.911,396.9724
296.83296752929687,44.218872680663935,138.68658,397.441
303.363401184082,56.01699890136706,128.90672,389.3163
301.9605157470703,63.00846923828112,129.25864,385.78333
301.9413278198242,70.79428161621081,126.18288,382.05862
304.0987413024902,74.22454895019519,124.22413,379.8411
300.69698501586913,77.13601745605456,127.2644,378.2639
293.09949279785155,72.37092651367175,139.38864,379.52777
278.39378143310546,77.34642089843737,172.35585,370.81262
264.9475686645508,73.42283691406237,199.79784,369.5133
247.3598306274414,68.26109374999987,229.10503,370.8114
239.87378479003905,64.13311828613269,242.3552,372.4697
232.92144561767577,58.569641723632685,254.46715,374.64377
235.1605126953125,57.06356872558581,256.63843,371.88797
236.33594299316405,51.76095642089831,259.03012,372.8124
243.49465728759765,55.09800781249987,249.97966,379.86328
249.94968963623046,78.09570373535144,239.37709,368.40207
256.2065866088867,84.38931335449206,228.0541,358.6708
263.6720330810547,78.44371093749987,214.83768,368.91797
272.0875375366211,90.11944641113269,195.9803,355.3387
285.7143914794922,89.72554077148425,179.96707,359.08795
292.6773812866211,91.15408386230456,164.18623,358.45828
301.0902688598633,93.01101745605456,148.43712,352.73
308.5371987915039,87.51864685058581,137.45464,357.7455
318.46296096801757,88.99798645019519,127.38253,355.1688
321.334405670166,79.16253723144519,122.2326,359.11783
320.04414916992187,76.99067749023425,124.0907,359.3131
320.6241891479492,73.81738342285144,123.74861,356.5563
324.0295083618164,67.45420898437487,119.861435,359.0127
324.4387071228027,64.60624755859362,119.757454,357.56805
326.7937371826172,59.807984008788935,116.29898,360.0212
325.7526643371582,56.98550476074206,117.525536,364.0909
324.99119354248046,61.17927612304675,116.2953,354.60303
326.0382745361328,60.634338989257685,111.52438,354.6052
326.943650970459,63.21200622558581,108.71583,350.2106
328.04975296020507,66.71707214355456,105.25283,346.90463
329.4955422973633,70.70709289550769,103.20952,345.47824
327.3455560302734,76.11666931152331,105.74307,342.18143
324.1210916137695,78.914444580078,108.4818,343.66217
322.7690637207031,83.79635681152331,112.31555,342.7828
320.6440522766113,92.77755798339831,112.37313,336.8113
318.21168685913085,97.21276916503894,116.53608,336.50638
314.0855043029785,104.38081420898425,120.69396,328.64923
316.3415734863281,107.95506347656237,119.68512,324.77155
311.54197479248046,113.12529052734362,123.22615,320.45935
311.3841226196289,112.18966735839831,123.03996,318.9586
305.2386605834961,114.30700744628894,129.80574,316.05698
307.40190673828124,117.798721923828,128.23969,315.68414
301.64563537597655,116.07835449218737,134.38065,310.89093
303.24170471191405,115.74096740722644,134.13437,313.17624
304.2065789794922,116.33609069824206,136.22012,306.79947
304.1836602783203,111.0652014160155,138.29141,314.9724
303.75464416503905,110.50117553710925,144.44522,312.01813
308.0993630981445,110.87132324218737,144.6569,312.98413
309.0669534301758,110.98858703613269,146.96068,311.74442
316.17363525390624,110.80352844238269,140.28455,317.98404
320.05007720947265,107.49784912109362,135.81956,318.54456
324.59296966552733,101.44836486816394,130.75356,319.05618
329.65247131347655,96.36418212890612,125.04477,326.52106
328.82525802612304,101.20831359863269,126.662575,321.16885
330.8512322998047,105.21121276855456,122.82797,316.73953
330.39288497924804,108.38792480468737,120.525856,310.3482
330.8059747314453,110.43661560058581,117.21542,303.15915
330.611375579834,109.52058471679675,111.58564,303.9613
330.6739289855957,108.29698242187487,105.38845,301.9345
330.494676361084,107.15135253906237,101.97358,300.32916
330.7272088623047,105.43060363769519,103.370514,301.4586
329.83649993896483,102.0542150878905,105.65108,300.44196
330.4046838378906,98.08139099121081,104.6521,303.56137
330.4171235656738,94.56762756347644,105.793846,305.0732
328.27163482666015,91.53942932128894,106.56993,304.18753
327.43365646362304,87.06222595214831,110.145,309.39835
323.0753839111328,82.68389953613269,112.85989,310.34573
319.31920791625976,81.59790100097644,117.2326,312.45346
315.2923448181152,77.15306152343737,120.04157,316.6543
313.6314828491211,74.11578430175769,120.21919,318.96164
310.5779702758789,72.47724975585925,120.13829,319.8647
309.241086730957,74.47534240722644,118.08562,321.98605
308.6691987609863,73.49719299316394,115.3417,324.9816
309.7037217712402,75.67218078613269,110.93458,324.17038
304.65668655395507,75.39953674316394,111.20333,326.7545
303.85592819213866,77.16272033691394,108.89658,326.93808
306.12511611938476,77.63436950683581,106.651115,326.95914
305.16416717529296,79.355850830078,109.36549,326.2177
305.2544076538086,79.50280822753894,108.3199,327.93826
307.41658569335937,81.55754150390612,107.390564,327.1764
306.1642510986328,78.467423095703,105.16843,329.70502
307.0791032409668,74.04986633300769,103.69877,331.93094
310.1826760864258,77.27082885742175,98.639755,325.91895
310.37506271362304,74.02391113281237,93.79142,328.70013
309.7237756347656,72.11398376464831,90.41687,329.83908
309.5288636779785,71.99530090332019,86.99822,328.11844
306.1223237609863,68.13555969238269,82.39498,331.7382
302.08926177978515,68.84269775390612,83.95909,329.6402
298.0003106689453,67.791397705078,84.82486,330.88202
294.1893785095215,67.6794592285155,85.87336,332.4378
287.36062408447265,70.88630737304675,88.65202,330.255
282.5206658935547,71.81393493652331,92.056854,328.85452
279.3948533630371,72.07792724609362,99.49494,333.62885
276.24183822631835,73.03410400390612,106.27149,339.17218
273.0057962036133,75.84335388183581,113.52562,337.2476
272.4093911743164,78.13597167968737,115.34868,336.641
270.527147064209,84.578018798828,116.44123,328.05933
266.8724382019043,85.03300537109362,121.623634,327.83093
266.2170846557617,84.56338562011706,119.86525,335.46536
264.2830598449707,86.54791320800769,121.94662,342.07968
257.79741455078124,85.06588806152331,123.463745,338.2983
259.9123971557617,83.58538879394519,125.39259,339.92398
254.36305404663085,83.10427917480456,121.3357,347.22513
256.4117448425293,83.01738037109362,116.49345,343.0655
253.41629959106444,84.06913818359362,121.8135,353.84875
248.25161148071288,79.57003845214831,122.990105,352.43893
247.68122650146483,79.11303771972644,124.3456,348.3975
248.58881546020507,76.52825988769519,123.64486,349.8788
247.40210891723632,76.7544104003905,122.48263,351.30963
246.12262130737304,75.17256225585925,126.88633,360.9698
245.45178009033202,69.86865295410144,132.80711,368.9683
251.50684906005858,55.34373535156237,165.6938,401.82355
268.2579019165039,22.578125610351435,244.0678,450.44473
253.72236419677733,18.81381286621081,247.47432,454.369
259.0326821899414,8.21347106933581,223.08171,462.99374
254.61464477539062,10.874069824218623,212.17926,437.99078
241.30850006103515,12.756455078124873,217.82976,454.4886
238.18669677734374,12.071655883788935,209.97888,454.11722
231.94408966064452,12.91165222167956,206.994,459.33945
228.75054718017577,5.21926940917956,203.73924,467.0936
227.0519921875,4.246536865234248,198.93555,466.87964
216.1509912109375,3.2978369140623727,203.75012,472.36444
203.50687194824218,3.8916784667967477,214.91043,469.8341
190.53306365966796,1.2778479003904977,228.09023,471.90662
185.85719085693358,5.06350769042956,231.54646,472.57468
185.85916687011718,2.1373449707029977,229.5668,476.96765
190.68137908935546,-0.38378845214856483,222.39345,477.18118
174.90708709716796,-0.7129357910157523,235.56813,476.083
150.70305419921874,9.399216308593623,260.84253,466.19928
151.98282409667968,12.48770202636706,265.5281,461.978
138.64883209228515,11.843979492187373,248.04204,468.08002
172.3750436401367,22.560608520507685,235.70973,450.35428
112.55342651367187,23.578812255859248,261.52435,458.72607
112.72790313720702,7.77206481933581,247.27025,473.01157
185.05350280761718,24.772843017577998,213.6525,441.67212
299.85996795654296,59.36662353515612,149.72511,368.9018
304.03164459228515,54.592468872070185,156.52385,365.61288
299.65959716796874,56.824829711913935,171.8938,365.09995
302.62126708984374,56.82730163574206,181.31982,364.99258
307.7300775146484,60.25578369140612,186.26443,365.2788
288.9512384033203,57.65780700683581,209.09518,367.9943
314.73213745117187,62.58822692871081,185.36102,367.7803
314.66218353271483,58.45431579589831,187.78694,370.79898
321.5138070678711,56.71897949218737,180.0024,371.94153
324.68211151123046,60.009659423828,174.22621,370.149
323.8338525390625,59.75161804199206,173.99927,371.95145
316.9315393066406,59.43685974121081,183.03815,374.7405
323.72996307373046,59.67601074218737,177.68495,373.08655
317.59211517333983,58.894776000976435,186.28633,375.55185
321.5236795043945,58.49809326171862,183.369,373.8883
315.6096398925781,55.20234741210925,190.03802,378.7547
310.013173828125,54.86143554687487,195.00415,377.4077
314.18183685302733,51.59091247558581,190.34724,381.22488
316.6943109130859,52.98812927246081,184.7084,377.93582
317.08608795166015,53.933975830078,179.00908,378.99847
332.830442199707,55.05007995605456,155.37889,378.361
336.1449334716797,57.86857666015612,143.19278,375.39
340.4886834716797,55.01596130371081,129.89627,375.84805
344.9430368041992,57.39714111328112,121.521866,376.98633
342.75487686157226,53.24838317871081,122.479546,382.06992
342.73506713867187,54.35824645996081,121.8504,380.69754
342.8562028503418,54.327881469726435,121.70548,381.62314
343.386838684082,54.120499267578,121.477036,381.4272
343.6347634887695,53.56687988281237,121.68761,381.22272
343.10187698364257,53.136414184570185,122.34951,381.29593
339.8312966918945,52.21627868652331,126.71086,386.183
337.76528717041015,52.51535095214831,129.98051,384.93375
338.6662728881836,53.92228759765612,131.22273,381.9944
338.3424279785156,49.67326416015612,133.43317,383.4464
338.5277230834961,48.19368041992175,135.18513,382.8371
337.0218865966797,47.12226928710925,137.42911,383.19476
338.3155725097656,44.964722290038935,137.98138,382.2822
339.69444061279296,43.58401550292956,137.25856,383.79813
340.4117639160156,42.58332885742175,137.65326,386.77655
340.49744201660155,40.514221801757685,137.65329,389.06454
341.30251861572265,37.877442016601435,138.56047,388.23776
342.15340209960937,36.97737182617175,138.39862,393.30377
344.8535287475586,36.37004150390612,136.49019,393.76807
346.1036279296875,36.480606689453,137.43079,392.42828
346.288694152832,35.101502075195185,137.46251,397.1296
343.97031951904296,35.46341003417956,138.14992,394.4882
345.1694924926758,34.32296813964831,139.36522,395.92862
346.8777520751953,32.06008972167956,140.56003,399.74576
344.96440673828124,30.53781188964831,143.80444,402.01468
348.06362701416015,29.312744750976435,144.3991,401.42148
350.44060302734374,27.751328124999873,145.05225,405.72693
351.85488677978515,27.083740844726435,145.45427,406.50742
350.09426666259765,25.226486816406123,148.71,408.91284
351.3766458129883,23.109924926757685,151.05016,414.2639
351.15694213867187,22.11740173339831,153.18756,413.95267
353.1098382568359,19.616211547851435,155.07706,417.93686
352.4485299682617,18.691101684570185,157.54652,420.22385
354.73491455078124,16.573441162109248,159.6886,424.79803
356.2085931396484,16.143494262695185,159.54202,423.55685
357.2893731689453,13.428650512695185,158.8624,426.56833
357.4406106567383,12.775772705077998,160.83519,427.23285
357.8097055053711,11.433334960937373,160.97322,429.00745
359.603879699707,8.502014770507685,161.53746,435.66415
360.1831185913086,8.212723388671748,161.5942,431.35333
357.9877297973633,8.15921081542956,163.55296,438.44485
357.5136849975586,9.513901367187373,164.87581,440.50732
353.91170288085937,6.245865478515498,167.59576,440.74286
348.57478118896483,11.212357177734248,176.22212,447.5561
341.09438873291015,16.161026611327998,183.16435,437.6872
350.7123239135742,16.455383911132685,171.5259,440.74533
345.18066955566405,18.997574462890498,176.69125,444.81927
339.29553771972655,19.521072998046748,183.12387,448.93427
328.3796517944336,28.010254516601435,191.25008,441.6064
319.02820373535155,27.33920349121081,201.32712,446.0906
316.55833984375,27.651810302734248,206.9591,448.5468
264.8365380859375,15.78897155761706,253.01648,459.67667
211.63542724609374,9.178452148437373,300.4319,467.76257
239.3199365234375,-0.22528015136731483,262.62866,473.94833
234.5668389892578,-4.023757324218877,249.68503,480
273.50069213867187,-0.5503686523438773,220.6192,473.0675
279.8489663696289,0.5429846191404977,223.53069,471.0899
358.65176177978515,16.904129638671748,171.15971,452.7364
359.666135559082,13.71896423339831,165.4658,456.01468
317.319944152832,4.27682556152331,196.6107,464.83548
295.3720910644531,4.385315551757685,220.9195,459.71152
306.9364602661133,1.4086157226561227,210.50401,461.97058
294.1364495849609,3.7885900878904977,228.21695,458.35553
287.6687142944336,3.237183227538935,245.82515,463.28696
280.86963439941405,4.036438598632685,262.61984,461.004
279.62293029785155,-2.81564270019544,273.69418,474.83658
278.3732659912109,0.04606689453112267,281.70303,472.28333
284.6832025146484,2.2101904296873727,285.43887,473.19043
309.1827142333984,2.40506042480456,271.97208,472.11612
325.5625360107422,-0.6061090087891898,257.7205,473.50345
341.4699609375,2.76834167480456,249.15173,469.79288
348.4233377075195,3.271301879882685,248.63243,463.7911
351.6266458129883,-1.0637353515626273,247.3756,470.79407
355.4241845703125,-2.23281799316419,247.33057,473.0574
349.8758447265625,-7.275863037109502,252.2041,478.3509
356.4211328125,-5.691207275390752,248.776,476.55353
354.7004296875,-0.13861022949231483,262.44507,468.87863
350.8942010498047,1.4765936279295602,253.34561,467.39456
350.67021728515624,5.948807373046748,217.83862,461.51752
438.1386087036133,-3.5764001464845023,188.86961,474.25702
337.3813455200195,11.693253173827998,160.37755,456.02545
337.76537109375,8.155457153320185,158.54736,463.46494
336.4775827026367,7.213745727538935,156.15456,466.14694
334.42878509521483,9.51144470214831,160.23311,463.18924
337.5764825439453,8.70285095214831,164.09897,467.25943
334.6891076660156,6.412354125976435,172.18695,473.89902
336.16181732177733,5.521744384765498,170.11372,470.94867
330.99949432373046,7.321396484374873,174.64687,470.86047
333.4511849975586,7.143143310546748,174.77596,471.07135
331.95744873046874,7.73288024902331,176.52478,468.6154
333.4821984863281,7.046738281249873,174.62335,467.72803
328.9309289550781,4.415360107421748,176.39984,469.62933
334.5545861816406,4.253525390624873,172.89423,470.50598
330.4543588256836,3.8230444335936227,178.69624,469.14453
329.91914154052733,5.175644531249873,179.69453,469.515
322.634153137207,0.47267211914049767,201.00902,477.597
305.80306030273437,5.533768310546748,235.53363,470.50885
294.2879388427734,4.114060058593623,261.0707,472.59167
282.3414056396484,5.303101196288935,285.64603,470.91745
281.36079956054687,1.0604864501951852,287.45953,476.75668
273.4235284423828,2.6130529785154977,301.19955,469.44244
274.7811486816406,1.8934027099608102,298.5058,477.38602
270.7965295410156,-0.34486328125012733,303.9201,480
269.5996759033203,-0.6361993408204398,309.36923,474.5452
265.61760498046874,-2.3870385742188773,313.8462,480
260.15950561523437,4.528000488281123,318.04083,473.91956
260.9951379394531,-2.5373681640626273,321.7862,480
263.1432244873047,-1.3053735351563773,323.4247,480
263.27995849609374,3.9488684082029977,324.40393,472.3974
265.42671752929687,-3.1906884765626273,314.56427,480
267.93431640625,3.33486999511706,322.8982,469.71573
276.19905639648437,1.2564245605467477,313.0866,473.2475
282.8416192626953,-0.9585717773438773,294.1611,478.765
286.1425531005859,-0.9231256103516898,282.68204,479.0624
309.3081948852539,-1.9959252929688773,249.43059,477.81018
323.9919412231445,-3.43344055175794,219.72679,477.5198
325.4723489379883,-6.291365966797002,197.78795,476.2614
333.3783395385742,4.174759521484248,179.41664,466.58197
336.99748779296874,6.893250122070185,175.06348,468.13803
336.4949090576172,5.862351074218623,175.61246,469.0747
331.92121673583983,2.62747253417956,180.23921,473.88455
335.7525079345703,6.73440612792956,177.10007,467.0568
335.4019219970703,1.5477148437498727,179.21945,474.5287
335.2380349731445,3.9688269042967477,178.20372,474.38214
331.63413787841796,3.3421179199217477,180.80946,471.27728
337.10854888916015,5.065720214843623,176.27995,471.72314
330.3141076660156,1.1672521972654977,181.67926,477.89313
336.5383737182617,-3.4422753906251273,177.29091,480
335.70549560546874,-1.3008874511720023,178.2024,478.6353
335.1706521606445,-3.269530639648565,178.61949,476.88242
335.3053567504883,-2.708556518554815,180.79576,477.67673
338.88169647216796,-0.05834899902356483,175.41493,478.50363
340.27168060302733,1.0510870361326852,172.89326,474.33798
336.9042947387695,1.7578741455076852,176.0178,472.6744
337.1910836791992,3.1340490722654977,175.36183,471.82562
337.69509674072265,-1.7018426513673148,173.44768,478.0543
335.7442300415039,-2.7772973632813773,172.76299,479.80725
333.0553948974609,-5.253066406250127,178.04385,480
333.6079080200195,-0.11856018066418983,176.348,478.63528
333.04732299804687,0.16088928222643517,175.86713,474.06406
334.07781005859374,0.12944091796862267,176.93176,474.71875
330.4517724609375,1.8878179931639352,180.15857,473.582
