238.46,0.0,173.64000000000001,480.0
235.2509548950195,1.14300537109375,183.60326,469.29504
236.11319854736325,3.1304779052734375,193.7335,463.69583
238.5226605224609,0.8199920654296875,205.07608,466.28006
244.50374725341794,-0.3240814208984375,206.58388,467.92807
243.39738586425779,0.6999969482421875,216.74435,467.08133
243.8437283325195,3.0804595947265625,224.33202,463.74924
243.45662811279294,0.650726318359375,231.24403,468.00092
243.861184387207,4.1013031005859375,231.1422,466.18533
243.7698529052734,1.4505462646484375,234.767,471.87173
247.7726071166992,3.3257598876953125,228.28004,466.70346
245.14360931396482,-0.183807373046875,230.24458,468.36346
241.85297515869138,4.45123291015625,229.25835,463.32666
244.27179077148435,2.1097412109375,223.17303,466.11707
239.71025970458982,1.7595062255859375,222.93074,469.1968
241.60238006591794,2.3719329833984375,208.7035,465.09256
241.02996185302732,4.454681396484375,205.10164,464.78033
241.78063323974607,9.02325439453125,196.1186,462.95544
246.8119900512695,10.877151489257812,186.06297,460.45932
243.9559567260742,12.116226196289062,181.18092,459.2363
241.55854156494138,11.176406860351562,181.22807,458.2462
243.54882171630857,13.502532958984375,175.61983,453.73553
243.64002349853513,15.927932739257812,171.7802,452.03464
243.76283386230466,16.83795166015625,169.24295,451.68115
245.18033721923825,17.530975341796875,165.56151,447.6319
249.064309387207,20.907150268554688,162.79942,443.5696
248.4865505981445,19.579238891601562,164.77989,444.6417
250.7007611083984,21.681411743164062,165.3367,444.88718
252.27100494384763,21.189788818359375,164.88896,443.18744
255.51909759521482,18.574996948242188,160.8232,443.084
258.88123443603513,18.442474365234375,159.70793,440.52155
258.1222698974609,20.338470458984375,158.69974,438.58344
253.8185818481445,21.838699340820312,162.32408,433.04282
262.14701202392575,24.860855102539062,153.45909,426.00143
259.9560330200195,29.462051391601562,158.35924,424.24594
257.7633297729492,22.931289672851562,162.43166,431.10532
260.4880688476562,24.723419189453125,160.7135,427.4876
256.23755767822263,27.744842529296875,165.20964,426.1656
261.32247283935544,28.953323364257812,158.35194,424.45126
262.38047912597654,31.617782592773438,155.32309,419.30716
257.9414303588867,26.701385498046875,159.56093,424.90155
264.918427734375,23.769729614257812,154.13086,425.04318
263.6504605102539,21.054061889648438,153.36577,429.6542
253.73349121093747,21.733184814453125,147.53784,424.27325
259.7184765625,18.762802124023438,165.1034,439.54752
257.0605023193359,30.54168701171875,154.92288,429.93994
258.35689666748044,35.150787353515625,151.71681,421.7138
262.55755737304685,37.56596374511719,152.98627,425.08328
258.023049621582,36.124725341796875,155.12718,428.8161
283.0016339111328,14.502609252929688,179.13669,454.17435
370.93753936767575,-5.1300811767578125,245.45628,476.1979
311.84320190429685,0.2384185791015625,303.07977,471.45993
285.8886273193359,-0.9808197021484375,328.6724,469.24838
280.78163269042966,-4.66162109375,334.7089,476.70715
276.6602490234375,-4.113616943359375,338.71545,479.1618
272.56874206542966,-0.97857666015625,342.67606,471.31958
280.08506896972654,0.3961334228515625,335.895,470.05026
285.5407269287109,0.927581787109375,325.24942,469.55023
274.8537609863281,2.43499755859375,326.77606,467.9546
286.12872436523435,3.156158447265625,305.42902,464.4809
298.6453411865234,2.751007080078125,284.73917,469.33832
289.35121276855466,4.432952880859375,278.03787,462.36603
297.87169006347654,0.1633453369140625,261.67526,466.45016
294.6397412109375,2.044769287109375,247.32178,469.55597
303.260354309082,2.1096649169921875,220.59483,468.45718
302.37181213378904,2.25494384765625,213.11447,469.14294
302.35264709472654,-3.8014373779296875,204.88364,472.98605
298.7724163818359,-5.3878326416015625,203.642,471.01834
302.96837738037107,-10.588165283203125,194.8072,478.57208
304.5736630249023,-8.7369384765625,191.96577,477.62195
299.2759259033203,-5.6233367919921875,191.82028,473.89755
296.79698303222654,-5.6500701904296875,190.86984,474.0648
292.0642636108398,-4.485015869140625,192.75874,474.8305
293.6753857421875,-2.0094146728515625,190.01367,474.68008
284.62891510009763,-0.173004150390625,196.93071,467.59113
277.1117718505859,-1.8152008056640625,199.57681,470.94193
279.5763180541992,-5.6926116943359375,195.41261,471.44443
276.1392834472656,-3.2643280029296875,197.76373,472.5847
269.45003631591794,-3.8998870849609375,203.03883,471.6367
270.472138671875,-1.2468109130859375,202.37244,467.56223
274.2583782958984,-3.362152099609375,197.93668,476.31158
280.38236358642575,-3.8343963623046875,192.85228,474.75388
273.7469723510742,-0.7547149658203125,196.18898,476.72757
273.5150387573242,0.392181396484375,190.91884,470.02765
266.2832043457031,-1.4912261962890625,198.15717,469.85452
265.64837768554685,-4.457183837890625,201.17804,474.48822
262.87632873535154,-3.879638671875,204.39072,471.86194
268.3410198974609,-9.328811645507812,196.12613,479.53348
266.8495343017578,-9.96600341796875,193.9266,480
254.6998303222656,-2.6405487060546875,202.37213,475.5671
254.74261596679685,-2.7458953857421875,201.49298,476.5228
253.84131744384763,-1.698028564453125,198.77629,472.65485
249.7929699707031,-3.808441162109375,199.72162,477.26288
249.80374267578122,-5.7371826171875,196.15503,480
248.20053222656247,-1.5608673095703125,197.70496,476.13016
243.14464691162107,-2.815399169921875,200.6446,475.7658
243.57898834228513,-4.52276611328125,200.13225,480
239.2118161010742,-5.4935760498046875,205.37025,475.13412
238.4606945800781,-8.27349853515625,203.4118,480
238.02808502197263,-7.9532470703125,205.89409,480
234.28939941406247,-5.5328826904296875,209.2539,477.06833
232.3778088378906,-6.012847900390625,211.58551,475.6595
228.47522857666013,-1.1319732666015625,214.6729,472.12125
223.98967102050779,-1.066802978515625,217.46042,473.47455
225.4686291503906,-1.299285888671875,216.73431,476.03253
224.5793698120117,0.017791748046875,216.92067,470.34406
219.13599517822263,2.2937774658203125,220.65361,470.56528
221.38512542724607,1.960479736328125,218.72212,464.97528
218.74602630615232,2.9439697265625,222.82039,464.8578
219.25579193115232,2.3388824462890625,221.86653,467.82553
219.55265167236325,2.5771484375,221.37389,464.90466
218.3123791503906,4.3715972900390625,224.57977,465.70114
218.23959472656247,3.44635009765625,222.42749,466.7517
218.93941619873044,1.4837493896484375,215.60487,468.17923
215.1839611816406,4.23211669921875,211.81378,466.40308
211.0810330200195,1.687652587890625,184.95445,470.24823
209.99002960205075,5.0385589599609375,186.2595,468.16995
206.74390533447263,5.145782470703125,181.7614,466.78986
202.4474652099609,8.526947021484375,183.04654,464.4953
197.15099456787107,4.599945068359375,179.12447,470.25323
189.7044689941406,4.73883056640625,188.9466,468.83643
184.59929016113279,3.1176910400390625,190.1987,467.89145
165.37549713134763,4.8966217041015625,210.00237,469.64633
180.18251159667966,-1.1661834716796875,219.48038,468.40268
179.74966552734372,2.0971221923828125,208.16602,457.30795
173.02057006835935,-1.760498046875,216.8067,470.49854
158.900246887207,0.5522918701171875,196.18541,467.87442
161.097512512207,2.1751556396484375,201.51366,469.0546
156.40215423583982,0.1170501708984375,190.30281,472.7985
155.3110592651367,1.6535186767578125,205.20143,469.0228
149.232766418457,-0.9914398193359375,208.49242,474.90256
148.61759307861325,1.7090301513671875,204.16917,471.3372
149.93730285644529,0.3455352783203125,203.0759,472.47482
140.00218322753904,0.3265533447265625,206.44626,472.56894
138.7962887573242,-0.2215576171875,202.84206,470.39868
148.33602264404294,1.7340087890625,221.21803,467.51196
142.59325531005857,1.74981689453125,200.47786,474.73962
141.94648101806638,0.665802001953125,212.51848,469.46063
151.04708984374997,5.1133270263671875,173.27368,463.34634
163.13318756103513,0.530029296875,201.36577,466.96326
150.65503814697263,4.28643798828125,199.72234,465.33496
150.4084713745117,2.9922332763671875,180.6161,468.6907
164.6594250488281,0.3912811279296875,210.38861,463.57645
158.0943615722656,-0.2617034912109375,187.60626,469.69968
156.04152038574216,-2.5224761962890625,179.75125,469.3516
158.4294445800781,-3.10687255859375,195.08575,467.60034
159.64379241943357,-4.0312347412109375,169.498,471.60812
152.77246978759763,2.6432037353515625,188.97905,464.796
158.3374035644531,1.258544921875,179.52496,467.44495
160.62967041015622,-0.61651611328125,165.35095,471.53357
155.63652923583982,-0.5579681396484375,195.94954,474.03793
158.0956051635742,-1.816986083984375,194.33546,476.53632
154.47583892822263,-2.0007171630859375,211.40898,479.02768
167.53636291503904,-6.111724853515625,216.49496,476.8553
166.48768737792966,-3.6279144287109375,200.90823,474.7734
161.3339398193359,-3.2026519775390625,253.14005,478.50406
165.89563873291013,1.3928070068359375,207.5291,471.50943
159.41825988769529,-2.2191314697265625,211.64352,476.75735
170.02974822998044,-1.615234375,217.52602,474.55774
163.95507171630857,-5.874114990234375,218.8968,472.43182
175.345071105957,-3.8922271728515625,226.66685,478.36685
178.26668670654294,-4.7791748046875,226.66933,473.77905
181.21849182128904,-6.401641845703125,224.81161,470.5948
179.54081085205075,-0.514617919921875,235.41637,473.12238
187.7072994995117,-5.5685577392578125,220.1852,471.48453
197.08453491210935,-4.8625030517578125,215.06256,473.14212
187.95939758300779,1.3717193603515625,224.0134,465.85165
202.56143310546872,1.5369415283203125,215.13965,468.69882
192.4995358276367,-0.794677734375,214.6681,470.24695
202.47054412841794,1.264892578125,216.88393,466.0846
200.30591705322263,-4.482940673828125,214.47087,469.7303
198.62967041015622,-0.823577880859375,217.27307,469.3908
196.70018127441404,-5.7737579345703125,217.76242,470.6852
197.5085232543945,-5.969207763671875,228.67125,475.6042
206.65867736816404,-4.3739013671875,232.285,469.4579
220.43978240966794,-6.2494354248046875,227.32777,473.62192
227.80368164062497,-5.5145111083984375,230.97034,473.97018
233.87234619140622,-3.7166900634765625,235.59045,471.78726
242.53638580322263,-1.1573028564453125,236.66667,469.80948
255.23021820068357,-1.27215576171875,241.72017,471.60156
271.5927059936523,-2.6649322509765625,231.7961,469.6122
282.2410595703125,3.141510009765625,240.64807,465.98627
291.53405120849607,0.1101837158203125,244.7115,468.97812
300.06588104248044,5.327606201171875,241.52663,464.03143
310.03062561035154,6.287506103515625,243.99399,462.58038
308.71559265136716,4.5789031982421875,314.17703,465.64297
301.70070007324216,4.540985107421875,325.93948,469.05096
309.13368347167966,8.875381469726562,310.93033,467.35812
317.88917663574216,-1.274169921875,306.42935,480
310.4770977783203,1.7365875244140625,315.45065,471.48923
338.92340209960935,-1.73126220703125,296.00714,477.7926
317.1262219238281,6.0182952880859375,315.0877,467.29947
350.19297912597654,4.4217376708984375,279.9802,468.69815
358.6023876953125,-2.088470458984375,277.33215,472.81097
372.80226257324216,0.903717041015625,260.11075,471.2553
382.17809417724607,-2.8248138427734375,252.38118,475.53122
394.5480282592773,-3.34515380859375,244.16328,473.1682
414.64229705810544,-7.8244171142578125,223.40065,478.6077
430.72681549072263,-4.2960968017578125,208.91216,478.56693
423.10982635498044,-5.49298095703125,217.31569,480
438.5530255126953,-1.4698486328125,195.3984,472.6997
447.5847180175781,-7.94805908203125,183.4173,480
457.7247860717773,-9.7880859375,176.95174,480
454.68028381347654,-8.77191162109375,177.53806,480
456.140595703125,-4.2200927734375,177.67822,478.32617
455.4114315795898,-2.4666595458984375,176.71016,478.5184
456.26017120361325,0.6793975830078125,172.99693,479.28745
457.9284146118164,23.554214477539062,162.08891,451.43417
438.1361782836914,29.388641357421875,138.07268,438.95782
431.5146954345703,38.683685302734375,147.55405,426.94342
417.54547241210935,33.37074279785156,160.46893,438.51022
404.0104763793945,39.83296203613281,163.62083,387.3608
403.5412915039062,41.36109924316406,166.70361,397.80173
405.8339627075195,49.130706787109375,160.67882,376.89728
399.5991757202148,46.82865905761719,160.24214,378.1237
401.57586791992185,49.45849609375,159.51056,381.2157
400.5220959472656,50.06590270996094,157.11835,381.73392
399.2901318359375,54.31443786621094,157.07117,373.87503
400.62669494628904,58.942626953125,155.44919,374.49854
397.03551605224607,60.661376953125,156.89742,366.3296
399.9085018920898,61.495330810546875,152.70589,371.46527
401.57657745361325,58.248199462890625,148.2324,369.60663
400.02061584472654,57.43843078613281,142.14755,365.8171
398.30567291259763,55.68898010253906,131.79387,362.70248
394.61695983886716,57.40376281738281,126.08554,355.0024
387.76695373535154,60.76617431640625,123.844696,346.2179
384.60438659667966,56.26910400390625,120.681244,348.51752
366.55140808105466,55.66998291015625,139.26352,346.99634
360.15130737304685,52.02412414550781,138.73407,349.32706
369.2802975463867,51.439208984375,125.97835,348.841
339.0781567382812,54.127532958984375,151.07416,353.41162
313.8103497314453,53.45332336425781,171.12845,352.7335
303.231904296875,57.60478210449219,179.7702,352.93912
302.14840057373044,62.13920593261719,176.15767,353.64676
298.10015991210935,73.43635559082031,175.00928,343.0062
296.9910595703125,76.52523803710938,171.57965,345.2823
295.95821502685544,84.65788269042969,167.55086,339.98392
295.0140698242187,90.72314453125,162.86981,340.15552
293.1034176635742,87.19169616699219,157.61073,338.7502
292.6243374633789,89.42880249023438,148.35191,341.98077
292.66331604003904,85.34077453613281,148.54099,341.15707
294.20631530761716,87.48884582519531,139.41226,336.8738
293.66790893554685,87.37037658691406,136.19165,334.66043
292.6648419189453,85.58146667480469,134.6257,330.4869
290.1731274414062,77.55081176757812,128.77979,329.1449
289.23087432861325,79.14808654785156,129.68681,323.26004
292.2262661743164,72.2501220703125,120.19914,327.16284
293.7373822021484,71.38072204589844,117.158356,327.0659
296.3810131835937,70.97862243652344,113.498535,329.5992
296.06472518920896,72.99189758300781,109.31605,324.64755
298.2308819580078,79.01603698730469,109.09573,318.62912
298.3647358703613,81.60955810546875,109.21914,319.2124
292.84524276733396,84.21493530273438,111.99372,322.45776
286.9876034545898,84.28533935546875,116.57118,322.32373
281.732335357666,90.81466674804688,118.77654,314.09314
280.6559536743164,93.14549255371094,120.12517,312.66513
276.52893569946286,95.09452819824219,123.37762,312.22098
271.59850814819333,92.38404846191406,122.0221,311.26834
265.22229888916013,89.85285949707031,129.00896,315.83243
268.48728683471677,83.25540161132812,119.63767,330.59308
266.8656590270996,81.96806335449219,118.394966,330.3304
266.3416950988769,80.40689086914062,115.87667,327.74908
269.0033734130859,85.03288269042969,115.15982,308.82816
263.7616665649414,73.45068359375,119.072495,320.01123
261.1864025878906,78.63365173339844,120.18384,314.49533
250.75964859008786,66.23147583007812,125.572136,330.65283
251.79860427856443,66.26347351074219,127.97085,332.50345
476.5262158203125,11.503204345703125,153.75928,446.15997
468.38843658447263,6.709503173828125,159.33354,452.0916
463.8218548583984,6.1963043212890625,159.83548,453.70163
460.6039593505859,9.987503051757812,156.57852,451.84262
454.84752014160154,11.230880737304688,165.5112,454.30508
454.2499478149414,12.777191162109375,154.4428,448.2542
451.00006225585935,17.94305419921875,154.75726,441.1515
443.6863262939453,17.46221923828125,152.8381,439.59204
438.6589672851562,13.648162841796875,152.22827,440.98615
435.02093627929685,14.78369140625,147.96393,440.0099
433.72069671630857,11.399398803710938,145.60176,443.8611
430.63863494873044,16.752777099609375,143.06813,434.1319
426.57786682128904,14.90118408203125,137.45126,431.43567
425.89266326904294,14.41082763671875,130.23805,434.93994
421.46895721435544,12.816253662109375,128.13795,438.64667
417.7316143798828,17.330001831054688,129.98203,435.4739
415.21727874755857,20.306549072265625,128.31917,430.7437
406.16747406005857,21.415023803710938,136.33809,427.44742
399.4583065795898,33.37640380859375,145.13777,419.00037
389.2344525146484,26.6492919921875,152.41287,425.95227
379.95455291748044,25.764694213867188,157.54213,431.13235
364.3589642333984,31.874786376953125,166.10904,423.68073
348.66834381103513,26.909683227539062,176.86797,425.47287
315.49376037597654,25.196319580078125,201.58383,426.97296
293.9025128173828,19.454544067382812,217.05136,436.4094
289.31813171386716,19.448379516601562,211.18326,432.09445
288.87225463867185,24.454879760742188,201.45673,424.92923
291.442971496582,17.12225341796875,186.83983,432.56226
289.4185040283203,17.554718017578125,180.33286,430.95416
286.7090084838867,22.638961791992188,164.5862,423.0474
284.6555874633789,23.958114624023438,150.53703,411.64127
281.2240536499023,23.671875,134.32124,412.56177
275.28824737548825,27.63983154296875,127.54588,408.66125
264.99842193603513,23.218597412109375,131.4423,411.5738
253.3438275146484,25.090957641601562,138.56778,413.7108
241.64750793457029,22.865814208984375,147.18478,422.25482
229.61209228515622,25.950439453125,153.74841,426.2561
219.80487182617185,23.673858642578125,156.63898,417.76837
205.9298336791992,25.271499633789062,165.33046,419.1483
191.58709075927732,24.745437622070312,175.0207,415.6688
177.4305661010742,22.907318115234375,186.51662,417.59332
150.9469006347656,19.842041015625,207.76971,421.60864
138.0777828979492,14.465621948242188,214.31032,422.5939
122.1200955200195,15.864700317382812,224.27281,416.48837
113.70545318603513,12.860366821289062,225.96135,422.36362
108.94976165771482,13.14459228515625,225.07552,420.1808
111.85772064208982,12.64288330078125,203.49007,419.36597
110.68734100341794,6.1776275634765625,181.58498,422.52927
110.17646911621091,5.7688446044921875,175.02567,421.6332
104.19367340087888,2.6603851318359375,174.97893,422.10428
94.37613800048825,6.0675811767578125,182.15013,416.75363
86.28489807128904,2.7509765625,173.18698,420.71655
77.96653869628904,4.556671142578125,175.9592,412.25055
75.36161163330075,3.0860595703125,172.38939,415.6931
68.48291900634763,-2.337127685546875,167.27776,420.26544
68.4580090332031,3.235321044921875,173.97418,410.1557
281.0984814453125,57.564422607421875,134.89136,290.79388
292.9268276977539,67.43440246582031,117.837326,280.90128
298.31588104248044,74.24853515625,114.52803,276.24634
301.4903004455566,72.25169372558594,114.70098,281.41324
301.5481083679199,79.59992980957031,115.657814,275.3289
297.4215748596191,76.87300109863281,117.230644,283.64743
301.44776275634763,81.77793884277344,118.41057,284.6365
305.9448254394531,83.94264221191406,118.70868,281.7847
311.32097366333005,86.66880798339844,116.52798,282.7549
319.7505085754394,93.78726196289062,117.935326,273.7323
326.64984252929685,93.32672119140625,120.31702,273.64655
329.15705612182614,87.08097839355469,119.02628,279.21158
331.13070037841794,86.43980407714844,122.382034,279.42075
334.69084671020505,86.8011474609375,124.35323,278.42657
342.2415249633789,87.21917724609375,122.91472,276.19147
346.4276440429687,88.32542419433594,115.88965,275.62912
351.5860798645019,89.28749084472656,114.58108,277.37234
354.69607284545896,88.76861572265625,113.30335,278.30817
359.1947834777832,94.51774597167969,107.49868,272.97354
238.7491352844238,89.7100830078125,92.319725,269.18213
231.88972976684568,85.26664733886719,98.20797,280.96072
230.334386138916,72.4864501953125,103.70129,303.8073
234.9010784912109,74.9566650390625,104.002655,298.33325
232.04847839355466,78.8486328125,97.73386,297.4433
239.63588455200193,66.78616333007812,97.49233,311.97137
237.85474517822263,70.34878540039062,91.80119,308.078
236.86535385131833,71.23616027832031,96.75959,305.26645
231.67922714233396,74.005126953125,107.01704,310.672
54.932690887451145,36.029449462890625,126.336586,403.1953
53.007371215820285,37.808441162109375,121.987885,393.46143
48.88031890869138,35.73899841308594,122.56596,403.40573
53.13177993774411,43.82136535644531,121.007866,386.65518
51.99038818359372,38.47705078125,122.4314,394.66907
54.28652694702146,38.46833801269531,120.00318,389.9542
54.077046661376926,44.001617431640625,123.83358,387.2556
58.480054168701145,43.66717529296875,119.46177,389.77106
54.23159149169919,45.794342041015625,119.933,391.72668
53.427388458251926,48.489013671875,120.20907,391.9734
57.90002944946286,54.03547668457031,119.18249,380.25345
55.40075042724607,51.43821716308594,120.23189,381.23105
56.54575851440427,57.2156982421875,118.82743,374.4392
61.47952392578122,60.214874267578125,113.533936,368.9687
61.98653533935544,58.590545654296875,116.482925,373.19208
62.89928939819333,63.59161376953125,116.81861,360.24286
57.70693328857419,59.68244934082031,117.56575,367.38333
59.42803314208982,58.033050537109375,118.139725,365.20544
63.285596160888645,59.63555908203125,116.726234,361.65277
69.29086807250974,58.654937744140625,110.698784,353.6422
69.30338409423825,56.96992492675781,114.08995,354.86435
70.16034057617185,60.99476623535156,113.36401,347.13986
72.20829895019529,58.78558349609375,116.102325,350.4478
72.80525711059568,55.591888427734375,114.39889,350.39862
78.33681228637693,53.91059875488281,110.98684,349.74265
81.94724014282224,54.73631286621094,104.7954,345.96957
82.39067199707029,58.591888427734375,109.19736,341.9079
82.32045486450193,58.694732666015625,111.30831,338.21295
85.04414871215818,70.408203125,111.36703,322.0066
84.40054443359372,58.699951171875,115.641235,335.46155
83.20938995361325,60.30522155761719,114.61357,338.09927
87.97572448730466,62.53924560546875,111.91293,336.26117
87.9165928649902,62.95533752441406,114.45826,339.2098
90.83885314941404,67.08351135253906,108.53104,328.36295
94.29343917846677,68.83149719238281,105.24259,325.69443
91.23405578613279,69.24295043945312,109.675385,322.82147
292.2828610229492,91.44688415527344,100.2997,278.44748
291.5276119995117,87.44842529296875,94.43251,278.39264
299.2665379333496,89.47138977050781,91.79328,281.31857
304.9159367370605,86.40815734863281,89.702614,281.5779
313.27411010742185,84.22396850585938,86.81763,285.89258
316.26855209350583,85.83232116699219,84.019844,284.08408
319.61106613159177,81.62324523925781,87.83091,287.90714
321.8884175109863,83.35943603515625,89.20016,284.75305
326.3324406433105,82.79618835449219,88.47111,285.2623
326.48755767822263,81.25875854492188,89.544174,288.79736
325.58982971191404,78.16384887695312,91.47385,294.14032
329.2730419921875,80.23872375488281,89.43848,294.59293
328.4911129760742,77.40707397460938,94.757095,295.95038
333.9332936096191,80.306396484375,95.65264,293.15497
341.6934521484375,80.36235046386719,96.504944,294.3784
341.373448638916,80.05313110351562,95.583244,293.06146
343.90762069702146,79.1854248046875,101.58149,296.3501
336.4638035583496,82.84063720703125,102.98841,291.9666
343.3178723144531,81.07479858398438,102.882385,296.02142
345.4847309875488,84.59608459472656,105.15029,291.579
333.97422912597654,76.57371520996094,106.02536,297.8796
339.30956390380857,88.19758605957031,109.60939,288.38364
342.75414398193357,85.73712158203125,112.30574,290.3338
345.12916687011716,85.09886169433594,106.522736,291.43985
336.371926574707,82.9783935546875,118.585556,296.50415
336.5932209777832,83.8543701171875,117.71151,292.5929
344.50676467895505,84.95684814453125,112.665306,291.2163
348.1760037231445,81.9664306640625,112.994,295.61072
352.5711109924316,78.92692565917969,110.00225,297.6393
352.3325093078613,79.7386474609375,111.11184,296.68762
358.23053100585935,78.84262084960938,109.43121,301.53473
364.04576232910154,88.99942016601562,107.49484,297.99823
374.1091549682617,91.68968200683594,100.84877,303.77676
382.5435803222656,98.40847778320312,93.13623,295.91327
385.68548706054685,98.42729187011719,96.40167,299.49295
392.06012084960935,102.29974365234375,95.01276,295.55017
397.35688522338864,105.58908081054688,95.22758,293.94708
399.74355819702146,104.53733825683594,94.35407,294.29092
393.77404525756833,103.35513305664062,96.4311,296.79926
390.654755859375,91.03575134277344,103.12012,304.2335
386.9898999023437,91.31727600097656,111.77673,298.65384
367.7493794250488,85.25810241699219,125.278404,298.28238
358.5745556640625,82.78047180175781,126.65033,291.50235
330.0971234130859,72.51356506347656,127.04288,298.10654
316.69442108154294,74.22299194335938,128.06496,295.6524
306.35719421386716,72.92131042480469,130.61362,299.96585
293.8268826293945,72.91506958007812,128.47252,299.78772
293.3785412597656,74.89057922363281,125.21802,299.13266
286.20448425292966,79.80474853515625,125.67062,297.42017
279.06712463378904,79.24484252929688,124.96115,300.09418
271.3629353332519,79.00984191894531,127.49441,303.52347
259.8753216552734,84.93559265136719,129.63364,300.26852
253.6802990722656,77.42903137207031,123.95807,311.56302
247.83833816528318,83.54452514648438,124.80422,311.34106
249.17890289306638,80.10118103027344,114.265305,314.20834
229.65791824340818,82.25338745117188,120.29342,314.2921
217.05606964111325,81.26896667480469,118.681015,318.26517
216.11284759521482,81.81039428710938,113.65889,316.9214
216.87893798828122,83.30825805664062,107.43268,313.82013
208.07232406616208,82.32521057128906,107.122444,313.99008
201.01713302612302,75.99424743652344,106.620155,321.34146
186.32169464111325,67.93167114257812,110.03514,325.0782
174.28236892700193,71.16908264160156,107.363976,318.759
170.67896392822263,71.49308776855469,103.102646,317.43906
160.35396316528318,65.09823608398438,102.922386,319.07715
158.0714772033691,65.27525329589844,103.30706,324.89725
147.3181393432617,64.05140686035156,106.06532,328.1003
147.96999099731443,65.85365295410156,103.39156,324.80533
148.52357604980466,66.20652770996094,108.85013,326.14865
156.269688873291,66.49244689941406,106.17443,327.26547
155.27505233764646,68.14717102050781,109.132515,327.9551
161.96519210815427,72.99681091308594,111.45335,326.84415
154.75466659545896,74.64260864257812,116.28748,331.60126
160.3305218505859,75.80850219726562,116.8367,333.38953
151.2842686462402,83.296875,126.83759,327.0277
149.9419300842285,84.73928833007812,126.2871,331.8911
148.26028182983396,87.90213012695312,123.10529,328.57483
150.01859405517575,79.7613525390625,122.054794,333.67468
139.86580780029294,81.46261596679688,132.14644,337.06647
138.9540798950195,70.65293884277344,141.54558,347.58908
345.1972134399414,54.153717041015625,154.39293,421.41425
343.1689007568359,47.408233642578125,151.78195,425.6994
344.30724456787107,45.36566162109375,154.20009,429.7511
346.5670712280273,40.192138671875,155.43361,436.1825
352.88665893554685,40.5159912109375,153.67126,434.5553
357.1178982543945,28.937240600585938,156.90239,452.37625
363.0939495849609,31.5865478515625,154.48093,447.281
366.9995816040039,22.800186157226562,157.1428,453.20334
365.9820034790039,21.753524780273438,162.6295,457.97488
364.9676220703125,15.614425659179688,168.44122,463.77298
362.5975811767578,13.9976806640625,175.92862,466.70618
358.77472045898435,15.215682983398438,185.34924,466.36954
349.4907772827148,12.599395751953125,194.282,468.20123
340.0718090820312,10.205322265625,201.59882,468.22217
326.22718933105466,12.6214599609375,211.2761,462.948
318.2369854736328,15.619857788085938,220.15274,460.11807
313.6441357421875,17.902252197265625,223.11359,455.52618
309.5941632080078,17.20916748046875,225.32828,454.714
307.7918408203125,18.93865966796875,218.44037,459.61072
313.4818432617187,16.54022216796875,205.99225,459.71155
317.6554196166992,11.800613403320312,197.68782,465.4409
314.1182339477539,17.737060546875,185.16002,459.99133
301.29054382324216,14.239608764648438,193.75156,458.7797
272.2937023925781,11.409912109375,220.05762,462.33972
263.4213650512695,18.353759765625,217.72185,456.5526
259.45240142822263,14.605911254882812,212.86168,460.97458
237.3689205932617,12.737472534179688,228.91402,461.75735
240.9964840698242,13.082534790039062,222.81844,459.13766
252.19130065917966,14.641998291015625,208.45969,454.5595
226.83249023437497,17.329879760742188,201.92865,454.116
217.4784710693359,11.032577514648438,216.9238,460.8334
193.92493560791013,16.215850830078125,215.96739,457.6164
196.51946380615232,11.287811279296875,202.47939,461.71198
201.32933166503904,9.439102172851562,200.10013,460.63535
126.70630767822263,12.780975341796875,223.83067,460.83783
178.8559811401367,12.893646240234375,217.40828,455.32733
132.07843902587888,7.5910186767578125,252.51207,466.07407
118.06919982910154,4.7639617919921875,265.75186,468.8511
123.90565612792966,7.605194091796875,246.74033,462.71588
81.6325695800781,1.1746673583984375,312.84192,473.95303
53.13868835449216,3.1236724853515625,318.42856,466.71677
61.0653088378906,-0.5927886962890625,323.79565,473.4871
56.15170410156247,-1.0311279296875,330.7,474.1576
54.29780700683591,0.933837890625,332.1124,475.646
56.98219421386716,-1.2232666015625,317.85458,471.01917
50.37593200683591,1.094390869140625,264.2358,473.5755
60.44886138916013,-2.8786773681640625,243.36119,470.28738
61.40274169921872,-1.8099212646484375,241.01556,472.9493
44.355881958007785,-2.6493072509765625,276.52432,475.63467
21.062287597656223,-5.946563720703125,276.52533,478.60675
3.44954040527341,-0.910308837890625,258.79623,470.45197
3.330239562988254,-7.0571441650390625,252.50432,476.7344
-2.6325747680664335,-8.84320068359375,244.41957,480
0.11265686035153522,-4.3129730224609375,225.27225,476.55637
-6.477385253906277,-3.9951171875,229.65729,480
-6.1124331665039335,-7.12982177734375,223.72926,480
-9.181372375488309,-2.5618896484375,223.90425,480
-12.914625854492215,-2.006591796875,229.43777,479.49475
-5.100111694335965,-1.56884765625,218.24026,480
-6.534506530761746,-2.1605224609375,212.80534,480
5.750344543457004,-0.2783050537109375,211.1812,477.15585
36.21471527099607,1.0136260986328125,186.77504,465.30685
58.72280242919919,-3.7371978759765625,166.32344,478.76724
59.902322082519504,3.4654998779296875,161.44878,469.58987
61.49757507324216,-0.740325927734375,160.15573,474.42792
64.40408447265622,-0.33013916015625,157.70221,473.7478
64.89322784423825,0.530517578125,153.7199,468.1266
62.24932983398435,-3.401641845703125,156.56091,469.6905
63.99643066406247,-0.4235687255859375,160.94525,464.29404
53.03777435302732,-5.199493408203125,166.9203,471.36176
55.48339202880857,-2.661346435546875,172.88283,469.987
45.49746826171872,-1.7498626708984375,175.30463,472.84995
43.08477142333982,-2.4720916748046875,177.14552,473.15353
39.485818176269504,-1.590179443359375,180.44902,469.80585
36.6009533691406,-2.88018798828125,185.8711,468.17773
33.43036773681638,-2.657318115234375,183.89073,470.9876
35.33490112304685,-5.0576171875,180.7196,470.43103
32.02316406249997,-4.366058349609375,180.58783,470.5318
30.435715942382785,-5.0225372314453125,172.51224,466.39603
28.443887023925754,-3.3359527587890625,178.87383,464.5966
24.595620422363254,-3.5048065185546875,177.43657,466.5721
23.694802551269504,-1.784576416015625,168.35783,464.33234
16.14321258544919,-2.6200103759765625,174.08968,468.22476
15.974786071777316,-1.047607421875,177.19691,466.94702
14.534997253417941,-0.208343505859375,172.85762,469.89532
8.520623474121066,-4.1891326904296875,177.3738,473.6567
5.6387265014648165,-1.59942626953125,179.51796,474.26965
1.481881408691379,-3.9592742919921875,184.32884,474.2291
0.6320736694335665,-5.6861419677734375,183.25136,478.14975
0.930978088378879,-5.3662109375,185.036,480
2.5455639648437227,-4.23956298828125,186.19012,480
3.5351574707030977,-7.89739990234375,185.36157,480
4.553628234863254,-6.913330078125,181.65495,480
3.8784191894530977,-7.5855712890625,179.74036,480
2.161660461425754,-7.20697021484375,174.48247,480
2.832192687988254,-6.7703857421875,173.93718,480
-1.336600036621121,-6.355224609375,169.9857,480
-0.7424151611328398,-4.974853515625,171.78732,480
-2.94023010253909,-6.17718505859375,169.81442,480
-2.174246520996121,-4.57830810546875,168.63902,480
-5.761061401367215,-5.1787109375,160.4208,480
-5.114989013671902,-6.64263916015625,166.74829,480
-7.8234622192383085,-4.3453369140625,156.41158,480
-5.795485229492215,-6.95562744140625,157.03775,480
-7.1801211547851835,-8.27178955078125,152.76393,480
-6.034865112304715,-7.56561279296875,147.71329,480
-9.247244567871121,-7.66937255859375,140.3148,480
-11.17881652832034,-3.95684814453125,147.13144,480
-10.570120544433621,-9.37847900390625,140.46971,480
-12.428305358886746,-9.23382568359375,141.9351,480
-12.646803588867215,-8.35308837890625,140.49625,480
-13.830130310058621,-5.4892578125,141.57664,480
-14.56748840332034,-8.40203857421875,140.78525,480
-11.812880249023465,-5.39300537109375,135.5137,480
-13.462111206054715,-4.61798095703125,133.88797,480
-9.306433410644559,-4.293731689453125,127.38777,475.09625
-9.230311126709012,-4.2104034423828125,122.94732,470.9783
-11.309294433593777,0.3477020263671875,120.76776,464.48367
-9.683073730468777,5.5863037109375,122.7016,453.0974
-12.48915359497073,0.5450286865234375,115.88053,452.3444
-4.375109405517605,5.4290313720703125,112.8646,442.03537
-7.920706481933621,3.579193115234375,102.66234,443.98517
-17.568487854003934,4.2704925537109375,102.26112,451.91348
-9.63673660278323,8.4459228515625,105.057655,444.44885
-25.292940826416043,13.617843627929688,102.759346,445.4413
-14.499933929443387,8.070953369140625,104.255,450.46686
-28.645449371337918,18.0010986328125,96.469246,450.36523
-25.56333801269534,11.095626831054688,112.730804,454.74918
-23.185717315673855,40.25486755371094,102.92527,423.0524
-11.26753494262698,65.87431335449219,97.34464,397.96304
-17.80435821533206,71.96286010742188,101.41829,386.0141
-20.96727630615237,102.08349609375,95.96294,361.24908
-9.642321319580105,126.88681030273438,86.76719,336.5271
-10.352225036621121,132.71868896484375,81.3914,332.59662
-14.843249053955105,133.6222381591797,77.442116,336.24326
-11.641356201171902,130.01148986816406,80.44379,331.84384
164.8517849731445,56.04505920410156,125.96153,374.3411
161.8151409912109,50.6505126953125,124.86069,371.91595
156.86945465087888,46.27586364746094,129.3621,379.73404
153.53368499755857,34.370391845703125,127.284195,390.41095
145.63111999511716,38.35089111328125,129.07663,381.6953
132.00699737548825,44.10054016113281,136.53795,381.6285
123.91059234619138,38.08544921875,140.84715,388.6244
116.26075866699216,42.11466979980469,141.7822,384.2521
103.78144958496091,39.716064453125,143.57388,386.29138
93.48607757568357,31.921127319335938,146.6313,398.06448
78.25631072998044,35.64140319824219,150.49355,399.10648
57.74936035156247,35.44371032714844,157.9115,400.5226
41.74594238281247,33.7647705078125,161.969,410.755
21.78926208496091,33.22224426269531,166.40457,422.99496
8.153146057128879,35.23155212402344,165.28227,414.63297
-3.6218020629883085,33.533294677734375,157.33241,415.66376
-4.105620117187527,36.7481689453125,138.85815,410.37073
0.4941838073730196,34.807586669921875,120.42246,412.94745
-3.45579406738284,33.679656982421875,106.46365,414.78387
-8.663946838378934,29.487152099609375,97.16908,409.00397
-12.075224609375027,25.00482177734375,84.50183,407.92145
-18.852839202880887,18.148330688476562,78.16869,412.28714
-32.684679718017605,8.023574829101562,81.39927,422.9437
-19.09031555175784,5.763214111328125,115.2496,394.94098
-17.570273132324246,5.8867645263671875,142.91106,366.05496
-10.695318908691434,5.0361175537109375,123.725784,385.1763
-18.175673217773465,6.9326934814453125,151.97232,385.01254
-11.349867553710965,3.410552978515625,146.10806,411.16022
-8.310415954589871,-0.462158203125,184.51305,399.80835
2.917344360351535,13.017974853515625,290.7006,365.53815
53.0836193847656,14.911346435546875,410.55237,361.10175
20.99281433105466,-4.712371826171875,461.55527,376.24786
2.634629516601535,1.1149139404296875,504.45108,347.2349
5.908143310546848,-0.119415283203125,540.9546,296.1761
26.572938232421848,-15.932586669921875,493.83752,345.27618
14.502900390624973,-9.745437622070312,499.11407,358.89407
-6.149473876953152,12.84039306640625,522.7783,300.91748
14.879746704101535,-1.8553924560546875,495.14127,295.31662
20.118439941406223,-4.9317779541015625,497.33856,328.92923
12.308167724609348,4.1410980224609375,505.2483,314.76028
1.3618328857421602,17.799285888671875,487.8154,326.97235
-6.907866210937527,35.01856994628906,497.596,318.7784
-26.122893066406277,34.94157409667969,484.0976,338.47635
13.39631774902341,5.959686279296875,483.82126,350.41315
-3.3958728027344023,16.81549072265625,520.3976,330.0067
-12.696867675781277,22.489822387695312,507.85516,327.7651
-5.361464233398465,14.0361328125,509.72952,337.35547
8.77736022949216,8.876968383789062,504.12302,364.1877
-14.646025390625027,6.694366455078125,521.6403,372.8459
-19.88059875488284,-1.8321533203125,461.72275,420.33643
-96.93136474609378,-8.229263305664062,235.03827,474.58707
-37.02818176269534,6.5609130859375,107.4465,440.62048
-13.754053802490262,16.028274536132812,89.912285,418.66953
-8.687365264892605,24.080917358398438,102.59434,413.07004
-8.230841369628934,31.339462280273438,111.41054,416.02536
-8.15855285644534,33.607940673828125,118.73007,417.30798
-3.651999206542996,40.47721862792969,130.97246,406.16928
-1.7337329101562773,41.889678955078125,141.31158,404.865
4.4128353881835665,49.10151672363281,143.97682,391.89566
10.099648742675754,51.87432861328125,145.2675,384.79303
20.33888366699216,46.63841247558594,146.45724,387.79538
22.666932373046848,46.288604736328125,153.6355,385.2942
16.513154296874973,47.09149169921875,161.29022,380.60553
17.67604187011716,44.02992248535156,160.39194,383.53714
11.387612609863254,41.66374206542969,171.06425,379.75827
15.934640197753879,37.09919738769531,168.82384,377.89505
6.9760067749023165,29.723175048828125,179.41481,414.35254
12.202157287597629,24.829010009765625,166.5714,423.60266
11.643899230957004,22.530670166015625,168.67998,438.12585
23.102036743164035,17.12890625,158.23257,448.2896
24.794533996582004,18.421951293945312,159.0883,448.20804
6.1266110229491915,14.061782836914062,173.6656,460.0237
-8.63798400878909,9.52105712890625,185.4144,464.03754
-7.0978152465820585,13.077880859375,179.26595,454.1275
-3.1874758911133085,9.198333740234375,179.70003,468.22412
-10.291739196777371,11.808990478515625,166.26476,459.82153
-10.047232360839871,13.825897216796875,164.62926,458.45044
-11.293326110839871,13.492416381835938,171.61009,458.44125
-5.186094970703152,13.405059814453125,201.43652,463.4286
-10.28306457519534,18.061141967773438,213.17807,451.4985
-9.573630065917996,18.070816040039062,221.97807,454.27432
-8.244749755859402,17.401641845703125,221.53125,457.77075
-8.645842285156277,14.767852783203125,230.73993,455.5774
-16.969801635742215,28.17333984375,239.4429,444.18207
-12.507422180175809,23.247146606445312,224.43135,448.871
-12.053526611328152,18.956619262695312,217.38147,454.62064
-6.831007690429715,24.804046630859375,225.04214,446.16162
-4.587172241210965,16.999282836914062,225.89066,452.70523
20.891816406249973,28.360321044921875,241.21808,436.89294
53.68239715576169,47.37275695800781,210.32393,415.52933
99.16424682617185,50.457366943359375,190.42651,404.04517
7.41627624511716,19.293304443359375,205.80222,449.4635
1.5943310546874727,5.015655517578125,217.01532,469.19714
0.8483898925780977,0.6715545654296875,236.08252,471.29465
-0.10457489013674603,2.124114990234375,242.83183,467.96765
2.015481262207004,-3.8586273193359375,237.62663,471.975
13.29487731933591,4.531982421875,213.38266,471.04437
17.26765563964841,1.2590484619140625,236.29367,471.1962
7.781953124999973,6.0428924560546875,241.22455,465.30832
27.797578124999973,7.85455322265625,250.59503,462.64642
19.69912078857419,3.61236572265625,243.93904,464.2813
40.70022705078122,3.3010101318359375,248.36066,464.18747
45.555337219238254,5.91497802734375,241.16032,464.81476
42.05433776855466,4.297607421875,250.228,466.23065
26.34181335449216,6.7988128662109375,278.9133,465.74094
15.403184204101535,3.001739501953125,293.3101,465.17627
59.03181579589841,4.0038604736328125,265.46567,463.87332
50.42385986328122,8.218368530273438,278.27167,463.74557
32.181748657226535,2.0489959716796875,309.043,468.5239
56.7127697753906,4.7193145751953125,289.82166,468.8383
71.66084411621091,6.3185577392578125,274.60825,467.64505
95.20002868652341,29.768524169921875,257.7717,441.01013
102.10333374023435,4.3933258056640625,241.6117,461.59
119.60262420654294,1.2839813232421875,234.06233,475.29953
121.97732666015622,4.6016998291015625,230.73907,468.29703
139.94703796386716,1.4444732666015625,214.09933,462.2338
147.1603024291992,2.5353851318359375,199.05977,466.8906
149.83904388427732,4.670166015625,191.79079,462.44403
142.17492034912107,7.6582794189453125,199.81227,459.72806
119.70133331298825,5.767333984375,218.61015,462.29425
141.14533355712888,-2.240875244140625,200.79832,473.43225
130.78186920166013,0.0928497314453125,201.53233,468.1188
140.59864929199216,-2.4955291748046875,193.9515,475.5264
125.44102600097654,-2.6222381591796875,208.33023,473.7023
116.70156982421872,-1.5787811279296875,216.38556,471.4163
108.34797790527341,-3.811767578125,218.46811,477.89337
95.43092468261716,-3.55841064453125,223.8901,475.7823
86.39026763916013,-2.611114501953125,229.14464,473.59814
75.78725555419919,-4.611663818359375,241.38887,478.13196
68.92196014404294,2.688079833984375,244.91524,467.30005
62.626206665039035,8.93768310546875,250.48721,460.5385
60.56209686279294,3.0365142822265625,245.83846,469.94595
54.7135021972656,-4.5018310546875,253.927,471.99567
52.071458129882785,-12.107650756835938,258.63797,479.0789
65.18710449218747,-2.590911865234375,259.30963,476.50134
53.410447387695285,-10.383453369140625,257.75882,480
68.93037536621091,-3.544158935546875,247.9338,477.953
85.55595520019529,-6.629547119140625,224.54825,477.0194
71.76787689208982,-4.211639404296875,251.11488,480
70.24305847167966,-8.792572021484375,265.16977,480
74.21525695800779,-6.533966064453125,303.87845,480
70.22470214843747,2.7000885009765625,253.63739,466.60574
8.084824829101535,-11.473907470703125,326.15128,480
16.00178649902341,-4.7437896728515625,319.77194,472.5234
-10.447630615234402,-3.687408447265625,336.19043,480
-15.483168334960965,-4.89056396484375,336.19534,474.7597
-6.756315917968777,-8.608917236328125,342.9449,480
-11.277556152343777,-6.694610595703125,354.01117,480
-4.853651733398465,-10.360626220703125,366.2432,480
5.52400329589841,-4.35760498046875,367.2523,473.127
9.727906494140598,-2.9378662109375,363.8529,475.3228
-5.884962768554715,-7.701812744140625,379.5839,480
33.9140637207031,5.427490234375,370.2788,469.98798
79.44947937011716,-0.6251678466796875,315.37497,476.05887
71.21186950683591,4.0801849365234375,324.5544,470.68198
48.970689086914035,2.4928741455078125,335.38858,471.83426
22.826463012695285,-4.70849609375,364.36087,476.76776
72.99986389160154,3.0137481689453125,326.40054,469.5867
37.14412048339841,0.924774169921875,350.8696,472.568
88.81903198242185,3.7537078857421875,317.9862,469.22018
106.72219970703122,0.07373046875,290.5467,471.75665
130.1564953613281,1.0364227294921875,269.25916,469.12802
136.8233197021484,-1.246673583984375,268.86777,474.97498
132.15094116210935,2.80938720703125,269.95374,466.336
136.14869812011716,15.776275634765625,266.70102,458.0326
142.1455090332031,8.530227661132812,269.2981,464.87784
152.6130383300781,3.457061767578125,261.27576,464.6698
160.9102337646484,0.9813690185546875,255.85422,465.27585
154.03045776367185,-6.71112060546875,280.93396,473.8781
170.66729858398435,0.1620025634765625,261.776,471.17374
168.46974304199216,-6.124481201171875,261.91196,476.38232
183.14283874511716,0.3902435302734375,257.87607,467.32578
179.73553588867185,-3.28570556640625,252.91309,473.59393
194.43719604492185,-1.6997222900390625,253.05798,471.66293
200.69722869873044,-1.106964111328125,242.97346,469.61536
195.93449523925779,0.760772705078125,242.94754,461.70776
195.989114074707,3.2899932861328125,233.58134,463.67715
190.93904998779294,4.8637237548828125,239.32661,464.366
159.16175964355466,2.1207427978515625,262.02914,464.8754
109.68644836425779,6.4825897216796875,297.39468,463.62314
172.95370605468747,-0.8962249755859375,260.23615,471.9799
193.9575970458984,-7.0101318359375,243.61777,475.39142
181.1083996582031,-6.5538177490234375,250.21948,475.93118
183.79055908203122,-5.3817596435546875,239.91547,473.5684
174.271584777832,-4.3212432861328125,240.58916,474.39658
132.62828186035154,-4.2663726806640625,278.73123,476.99582
190.65743377685544,-5.6772003173828125,219.9084,476.6345
144.2376263427734,-5.504852294921875,256.5488,476.95557
139.42686584472654,-5.46514892578125,254.31009,473.93048
95.74252441406247,-6.3013153076171875,297.06793,475.91214
85.71244934082029,2.880218505859375,296.59317,466.7472
92.78749206542966,-4.0013885498046875,285.79587,475.59207
72.51132324218747,9.600921630859375,298.22638,466.84863
94.53363159179685,-0.65985107421875,277.85168,472.05963
93.48809936523435,3.6648406982421875,282.8396,465.8928
97.82635620117185,-0.7395477294921875,289.5807,469.57437
97.78431823730466,1.03271484375,279.92917,470.75775
104.34097412109372,1.87042236328125,272.6806,469.65607
98.91725280761716,2.0287017822265625,277.39767,467.48306
105.21028259277341,-0.634033203125,261.03403,470.35394
91.40487792968747,3.430511474609375,272.48444,467.0475
105.18997314453122,5.54132080078125,263.75983,465.3781
97.28408935546872,8.173538208007812,273.8864,465.87674
35.66603210449216,1.1821746826171875,340.94138,474.176
58.75050476074216,16.606369018554688,318.31125,454.93527
118.8205578613281,26.742401123046875,272.51416,447.14
154.61666992187497,37.18605041503906,240.98029,431.1465
168.734963684082,46.08937072753906,240.7996,419.50967
171.20645263671872,50.7779541015625,226.33258,417.3156
217.870217590332,69.72151184082031,203.81194,391.77945
227.211770324707,60.4930419921875,190.22697,386.85443
159.12011077880857,33.552215576171875,241.54848,429.5564
143.00306823730466,39.35371398925781,268.5566,424.58865
162.78537109374997,25.094406127929688,256.6585,438.30368
83.15583923339841,12.539535522460938,312.0201,464.1456
93.01690795898435,11.09332275390625,316.68726,464.41437
75.76336791992185,5.7053985595703125,316.3379,475.05325
64.40669372558591,10.983078002929688,343.671,465.0593
60.15887573242185,12.610595703125,352.09998,452.35236
57.81332519531247,16.81121826171875,351.1164,452.9162
70.84466674804685,11.712448120117188,338.0504,456.10983
26.299714355468723,13.205902099609375,389.25763,454.46826
212.70589569091794,19.547149658203125,212.44771,422.59497
240.55394866943357,22.197723388671875,183.68971,416.55225
235.45468261718747,24.618026733398438,188.74506,415.71518
247.76312377929685,32.034698486328125,181.42505,402.0974
254.75889709472654,23.83563232421875,183.25455,405.54437
266.48114135742185,25.541839599609375,175.9729,398.57837
268.23353698730466,21.529510498046875,177.61423,399.00708
280.21923187255857,16.168853759765625,166.92384,402.84668
282.9509518432617,22.054824829101562,162.40913,404.6083
280.277314453125,22.111679077148438,148.92218,402.33127
269.75607421875,20.513320922851562,149.18024,406.2272
262.6532452392578,25.051467895507812,142.7941,408.07486
258.3322994995117,24.366851806640625,142.80794,409.27295
252.50669982910154,27.68182373046875,147.87015,404.11163
242.28044250488279,31.3548583984375,162.50406,399.706
233.65099456787107,30.230743408203125,168.69814,403.19458
222.7561276245117,33.15495300292969,178.69246,399.2762
213.00772216796872,34.48753356933594,181.87091,397.36777
204.87307861328122,33.10926818847656,180.09198,399.27115
196.711770324707,36.29927062988281,181.20866,398.0281
186.71707275390622,28.200790405273438,182.97247,408.70578
181.63153198242185,29.518096923828125,179.21704,406.03003
179.86835601806638,18.280166625976562,169.411,414.31143
173.16168334960935,26.476913452148438,163.28784,410.43027
173.11386230468747,21.878707885742188,154.87103,414.31467
169.99113586425779,23.12152099609375,150.34842,416.48517
173.1039593505859,22.598251342773438,143.63144,421.95468
166.8303005981445,21.688156127929688,152.83977,427.94223
164.81785705566404,20.603668212890625,155.20609,428.55908
166.26878479003904,23.6505126953125,153.46976,426.87628
159.0182125854492,21.857833862304688,158.56905,429.80466
159.43252685546872,23.881607055664062,156.4278,426.27542
158.5248043823242,22.25653076171875,159.43257,433.07416
157.31219604492185,23.90032958984375,161.8064,430.53937
156.13961914062497,30.522628784179688,163.75848,424.07883
153.3065960693359,32.145416259765625,166.8696,425.96423
151.68217590332029,35.70487976074219,168.66507,420.25644
153.6557858276367,37.99769592285156,165.17476,417.78934
163.91767242431638,42.42988586425781,160.70543,413.96536
168.25743225097654,42.1502685546875,163.02591,412.53192
173.66971710205075,41.27082824707031,163.83745,414.37808
180.90995910644529,42.024505615234375,165.57083,407.8247
185.85233428955075,38.424652099609375,161.84319,409.85205
193.76069000244138,39.572174072265625,166.74986,409.95996
210.33187225341794,38.27288818359375,161.47005,409.82196
215.78511932373044,33.7596435546875,170.08406,414.92316
228.13550689697263,38.61009216308594,166.45445,409.6677
240.38871124267575,31.844512939453125,171.58037,418.24792
252.7409451293945,33.03575134277344,169.47697,421.90048
264.18221405029294,33.25837707519531,177.18831,418.72147
278.181741027832,20.20062255859375,171.74577,411.68353
284.63167694091794,3.56536865234375,159.52632,431.87128
288.55765655517575,2.4941558837890625,163.42326,438.74503
296.6145489501953,8.716323852539062,170.48123,425.99478
311.02162292480466,3.2662811279296875,181.0173,428.88205
313.47806671142575,6.0393524169921875,191.37444,432.5129
315.4816677856445,6.239288330078125,196.54655,428.21094
320.1958020019531,7.612274169921875,200.34644,432.469
323.6377651977539,18.389663696289062,196.75609,427.23746
328.54042175292966,23.965713500976562,195.17844,430.496
328.2611325073242,34.20140075683594,193.58186,427.47043
334.283662109375,37.60600280761719,188.40338,429.72763
331.06388214111325,44.70135498046875,188.1187,429.75458
335.1610882568359,69.28675842285156,187.44016,402.06497
346.459573059082,69.12486267089844,178.17351,403.64963
350.7067654418945,59.97959899902344,177.75957,410.9858
358.92928436279294,65.47431945800781,171.98933,407.88748
364.9780056762695,64.28326416015625,171.47649,408.274
370.3782055664062,65.04824829101562,170.90973,409.37024
376.87596252441404,61.92301940917969,174.79544,412.99252
389.8364804077148,52.80609130859375,171.91469,419.5158
385.1351559448242,45.98793029785156,184.90962,424.01016
386.4768078613281,34.11634826660156,191.78174,438.52603
383.7888653564453,24.20220947265625,200.73209,444.44586
360.636689453125,11.521194458007812,209.27716,454.00455
352.8817913818359,6.6452178955078125,206.65866,447.1094
352.77447631835935,3.8251190185546875,201.48108,446.51645
346.4965832519531,2.241729736328125,206.10315,441.239
353.35909393310544,4.9900054931640625,203.68745,436.75723
353.49998596191404,3.95941162109375,202.9877,434.52216
354.6874783325195,3.8989105224609375,203.6895,431.7385
354.65445831298825,4.4770050048828125,197.01689,431.40237
358.7792980957031,5.1240234375,187.31372,433.81903
362.32408264160154,7.147735595703125,183.48685,440.59668
356.6943142700195,10.374984741210938,183.84819,442.33456
349.44847991943357,14.999038696289062,190.82997,440.4716
38.32491424560544,1.474700927734375,151.82582,447.94653
25.446831970214816,3.2411956787109375,170.51448,458.66647
11.848550109863254,5.10040283203125,172.1074,464.8636
-2.618918151855496,10.028564453125,164.79002,460.83966
-0.633932800292996,14.246185302734375,165.47508,460.5204
-12.715201110839871,14.636383056640625,155.77544,457.589
-9.453955383300809,18.358779907226562,145.06593,458.7233
-6.839018554687527,17.621246337890625,133.33862,461.34216
-14.617792816162137,10.935379028320312,126.10125,466.3671
-14.471041412353543,17.029556274414062,113.799934,454.88382
-12.825655670166043,18.287933349609375,112.76722,455.29016
-15.76933166503909,12.662628173828125,105.91336,459.4198
-12.267279357910184,15.697921752929688,97.68623,454.5969
-17.250590057373074,7.41387939453125,96.73257,460.8222
-13.886503906250027,3.046600341796875,87.61609,458.17773
-13.023718566894559,4.61505126953125,90.12831,456.88458
-22.907221527099637,6.2293243408203125,83.94219,466.72366
-20.153334350585965,2.4065093994140625,87.62485,472.90018
-33.79773208618167,2.9881439208984375,100.99433,455.51108
220.37773254394529,14.96484375,244.00119,455.5583
208.16116455078122,9.389007568359375,238.21497,461.3058
213.2920697021484,6.0558319091796875,223.07278,460.99484
203.86890533447263,8.487167358398438,223.21062,460.5107
209.44455078124997,8.2833251953125,207.1554,459.44598
204.05641296386716,10.241165161132812,202.93375,459.6647
194.89482238769529,9.329132080078125,200.68112,463.62952
182.1183636474609,7.5921173095703125,202.24136,464.05728
180.1248791503906,9.463912963867188,196.8648,459.5223
173.03941467285154,11.585189819335938,195.08078,460.70114
176.91429260253904,9.734756469726562,184.25961,464.4529
181.48238494873044,5.5113525390625,183.31837,466.49628
180.2140667724609,10.8023681640625,187.17337,463.21576
165.01038482666013,3.7726593017578125,207.85258,468.30484
136.44844940185544,14.762802124023438,242.14088,455.85312
155.44296386718747,4.6478729248046875,226.68188,470.80087
152.6202404785156,5.570465087890625,228.34967,465.37622
128.5511715698242,11.26214599609375,255.84633,466.42877
140.05883148193357,9.921371459960938,252.5013,462.73605
136.67726257324216,11.421035766601562,254.3151,459.85696
148.6148693847656,9.894500732421875,242.85626,458.02063
145.5992443847656,0.2787322998046875,248.12433,465.30966
152.81208160400388,3.38043212890625,240.68437,471.03485
155.61338928222654,1.973388671875,239.74667,471.73492
162.69332244873044,-3.0964813232421875,232.64442,476.2073
164.92532470703122,3.7513885498046875,227.56616,467.2617
172.48053100585935,2.5980072021484375,219.5528,471.8016
172.04483917236325,5.1383514404296875,222.1046,467.23154
172.97692230224607,8.952621459960938,218.89925,463.7097
187.48592498779294,0.827789306640625,204.58351,477.78052
194.52325561523435,-3.709808349609375,193.7912,480
195.45132568359372,-2.392913818359375,192.93042,480
193.0896237182617,0.303985595703125,189.77846,473.97473
195.95411804199216,-2.15155029296875,187.95682,476.79218
195.31554534912107,-4.928955078125,194.79561,475.30402
198.9438259887695,-4.4736328125,196.23045,473.4997
214.2116940307617,-1.523101806640625,188.90163,474.28748
189.55339172363279,-1.3225250244140625,216.35104,471.80295
210.75369384765622,1.4557342529296875,198.23206,471.7872
205.35985687255857,2.1885986328125,211.87556,470.28412
220.18280151367185,1.9472198486328125,200.17645,469.35013
224.9134075927734,11.787933349609375,199.51566,459.06555
237.49095275878904,18.73797607421875,194.59836,456.56537
249.31207397460935,29.464599609375,194.29938,442.2237
247.51117828369138,21.81683349609375,217.12383,449.01935
247.5756390380859,38.86244201660156,235.92972,434.7222
253.28410461425779,35.32160949707031,259.8342,437.76163
254.89564636230466,46.97235107421875,264.62955,427.49506
259.8453686523437,34.72479248046875,263.81482,436.85382
269.754365234375,26.091598510742188,256.3678,445.5024
267.1044171142578,29.038665771484375,259.80112,440.45337
286.97667816162107,41.31108093261719,243.33894,427.50217
271.8450634765625,33.50074768066406,259.36108,434.76492
275.64190795898435,17.957366943359375,236.5993,452.22998
289.9629605102539,38.07771301269531,226.05742,432.00504
286.23732116699216,18.108642578125,226.85269,453.3034
290.95934417724607,22.961837768554688,218.96187,449.01645
305.3796856689453,15.137908935546875,203.56747,457.45874
285.52852752685544,7.6074981689453125,212.91566,461.70914
329.58377960205075,6.7515411376953125,178.0117,461.54886
333.2444393920898,4.2858734130859375,170.1772,463.47165
347.8681958007812,7.151702880859375,164.99939,465.14856
354.02840545654294,0.10015869140625,164.19923,469.47308
367.20230987548825,-0.813751220703125,161.59837,471.59998
377.5214855957031,2.1297607421875,166.04962,467.98956
383.4564450073242,4.605499267578125,168.73293,465.27014
391.7980511474609,3.014007568359375,167.05264,464.13306
392.97362640380857,2.4755096435546875,170.91634,467.46042
392.1721203613281,2.8933258056640625,180.77618,464.87064
389.4435589599609,0.4201812744140625,198.06827,469.94412
387.98870971679685,2.070037841796875,214.41412,465.23267
376.5399945068359,1.929931640625,227.97733,467.75458
379.54789093017575,4.9798583984375,228.34654,467.8238
379.25260284423825,1.96234130859375,236.93309,475.028
372.054787902832,3.02508544921875,245.15807,473.24103
375.7637493896484,1.4850311279296875,241.63101,472.6589
368.1759579467773,-0.7728729248046875,250.13423,477.90396
347.7079327392578,3.577392578125,272.63083,474.88898
365.62581756591794,7.0970001220703125,238.58998,471.43094
386.1559765625,-0.5219879150390625,221.81213,475.79916
368.86757019042966,-0.053802490234375,227.15762,474.94104
413.4461148071289,0.78240966796875,191.2658,473.35773
391.26490905761716,2.05126953125,198.5817,473.34686
424.2497570800781,5.6146087646484375,178.80597,461.41208
411.24498107910154,8.935287475585938,182.9133,459.07895
437.0387280273437,-3.910400390625,182.4596,478.96307
445.93422058105466,-1.142486572265625,180.46048,475.24634
446.96844604492185,0.758270263671875,180.47601,470.47546
453.41124084472654,-1.5105133056640625,182.54465,474.55222
453.1563046264648,-1.8171844482421875,187.68794,475.15714
449.19693878173825,-5.349700927734375,193.03514,480
447.1453411865234,-3.163909912109375,193.89224,480
455.27172210693357,-2.9601287841796875,187.3116,476.0706
459.6132061767578,-2.6409149169921875,184.4194,477.47147
462.41534545898435,-3.8623199462890625,178.21112,478.30478
469.42025115966794,-1.2385711669921875,168.4629,471.25894
466.04126861572263,-2.3910980224609375,171.63774,475.47232
478.6707241821289,-2.9249725341796875,162.24944,474.51956
479.18995788574216,-1.856719970703125,165.6016,473.5099
482.32897308349607,-4.3453826904296875,162.58357,477.96768
483.71939971923825,-5.0154571533203125,165.23839,479.811
492.38675811767575,-6.112274169921875,160.23497,480
514.4055416870117,-5.9907684326171875,145.10329,478.09586
530.0563671875,1.2445526123046875,132.10486,468.7485
189.22654846191404,37.28532409667969,158.96823,387.66745
183.6950695800781,34.295196533203125,159.48273,392.11682
177.18608215332029,35.47880554199219,166.56015,390.81064
183.40557220458982,31.159408569335938,154.55586,383.18283
187.00882080078122,3.000274658203125,158.02808,388.3427
187.01493957519529,6.37554931640625,160.73666,386.79578
184.34134033203122,2.65643310546875,164.81299,385.91443
188.05069091796872,4.55218505859375,161.62292,372.4203
198.67353179931638,3.0453948974609375,148.74004,374.80984
208.58255126953122,1.4663543701171875,142.22742,373.77945
218.166360168457,2.7263336181640625,136.85472,372.06918
225.55257537841794,2.2808837890625,139.12575,382.79968
225.88276031494138,2.4249267578125,141.71062,383.37793
234.74016693115232,6.587860107421875,135.87776,387.53925
240.41314056396482,11.525238037109375,136.00655,390.18402
250.60155609130857,19.965606689453125,132.34761,382.18488
258.13108947753904,26.9898681640625,132.2186,384.2649
265.0827114868164,36.850372314453125,132.00298,382.1667
268.49237182617185,45.44465637207031,134.41449,382.30148
272.6608898925781,48.468994140625,132.42743,380.2694
277.00933959960935,52.90068054199219,131.28192,377.02475
280.755715637207,56.52668762207031,127.74498,374.98575
283.47757843017575,60.19212341308594,128.01305,371.32156
284.8964398193359,63.184356689453125,131.03928,366.3485
289.6260464477539,65.74624633789062,127.48338,379.00708
291.06079986572263,79.52886962890625,132.84679,371.1906
291.34581115722654,83.56272888183594,129.6517,359.72183
289.7668240356445,76.34468078613281,133.60313,368.03415
4.006348876953098,6.42254638671875,153.16266,469.1172
-3.760672302246121,5.2858123779296875,164.6917,468.57388
-0.9909426879883085,2.6123809814453125,170.87917,471.34628
0.688790588378879,4.337493896484375,166.0413,468.83844
2.94392517089841,3.9778900146484375,169.30472,468.98392
4.865426330566379,2.3189697265625,171.10332,472.09375
7.8320248413085665,-1.7467193603515625,167.00435,473.62552
7.857056884765598,-1.4287872314453125,169.90118,468.83792
13.304963378906223,-2.4155731201171875,167.3457,469.27866
18.238686828613254,-5.3887786865234375,162.64769,468.11044
18.93184783935544,-8.8870849609375,162.56606,471.02295
25.55616882324216,-3.0668792724609375,158.03629,457.84006
28.97114685058591,-2.411956787109375,154.69058,452.50763
34.29357269287107,-1.66400146484375,148.51595,451.14282
41.40045288085935,-1.2978973388671875,146.06842,455.74094
47.62812927246091,-0.34881591796875,136.61026,450.80652
56.13314178466794,0.43682861328125,136.53468,456.50964
58.22322967529294,0.07208251953125,134.89491,458.2627
61.19355133056638,2.17755126953125,135.02385,456.6217
63.10096862792966,3.5795135498046875,138.95267,456.46658
68.08438995361325,3.4667510986328125,141.26183,461.26755
69.36016204833982,5.721893310546875,151.32112,455.17218
72.05147674560544,9.0289306640625,156.42482,459.6587
76.22812011718747,15.188568115234375,163.43433,454.20233
77.88383605957029,16.456100463867188,168.25314,453.99612
78.18055084228513,14.58489990234375,172.39128,448.29468
79.63131072998044,12.043563842773438,181.03822,448.9457
76.80071380615232,12.845870971679688,185.36653,450.0309
80.41629913330075,8.51568603515625,184.59459,450.28162
80.05974700927732,5.2880096435546875,185.8658,449.17557
86.52201965332029,6.5225677490234375,173.8176,443.6365
89.4238293457031,2.2439117431640625,173.96295,444.99863
88.67360046386716,4.9195404052734375,180.2443,441.72183
88.352151184082,5.8873443603515625,182.8026,430.02243
83.35272338867185,9.634078979492188,187.38739,428.0674
74.7055447387695,7.940093994140625,188.79076,429.17096
66.29163482666013,10.645401000976562,190.49394,425.57126
65.28163269042966,8.698318481445312,186.60452,436.71457
59.57948425292966,8.298309326171875,186.61246,436.8426
52.92485931396482,9.83685302734375,189.1639,436.67004
55.84466674804685,9.305252075195312,182.47345,443.06992
57.49763610839841,9.442398071289062,169.64468,441.38596
57.63357666015622,10.114593505859375,165.38123,447.82452
57.03156402587888,8.1878662109375,152.98967,454.8623
56.12622955322263,8.178268432617188,144.72246,457.6884
58.11914947509763,9.30718994140625,136.66972,458.98523
50.42092254638669,8.174652099609375,140.6266,461.0008
42.89891937255857,10.48779296875,139.73482,461.5614
31.648347167968723,8.378219604492188,142.31189,459.83145
16.716126708984348,9.619140625,146.25128,462.24805
9.90535095214841,10.621841430664062,142.90347,460.29123
1.5849926757812227,9.380889892578125,145.08264,460.42645
-3.8729006958008085,6.109527587890625,143.74562,464.3244
-5.520048828125027,5.8423309326171875,138.85938,465.2172
-8.00474426269534,0.5232696533203125,135.61343,468.44382
-16.502684326171902,9.936904907226562,148.2956,453.04684
-13.823813171386746,2.7025909423828125,137.11034,458.48642
-18.196886749267605,2.095703125,125.7891,468.64636
-23.298372955322293,5.2747802734375,124.388435,455.9491
-26.620939941406277,2.1696929931640625,123.60632,455.80722
-24.94908782958987,3.5725250244140625,119.6768,457.35532
-19.489508361816434,6.5589141845703125,113.15022,456.62448
-27.422526092529324,8.377487182617188,110.25405,453.98892
-25.615439147949246,2.58221435546875,115.50389,463.031
-23.619696350097684,3.7649078369140625,133.66902,437.29916
-39.31970474243167,4.6366424560546875,110.76057,469.05753
-34.266195983886746,13.493728637695312,126.74217,450.171
-27.068625183105496,11.384048461914062,131.4492,441.16684
-33.79720565795901,15.365875244140625,119.28051,451.97955
-28.153116912841824,10.017990112304688,122.881615,455.18533
-30.41599914550784,16.7584228515625,129.14249,445.2378
-22.934477539062527,16.795425415039062,135.57825,449.7114
-31.05686828613284,20.060455322265625,129.25467,446.67548
140.78311279296872,88.13265991210938,141.01794,373.24396
144.2573483276367,94.96240234375,144.79811,368.5652
147.99501159667966,85.79598999023438,138.13278,368.93365
148.53905609130857,86.12611389160156,144.00911,369.29837
150.84955718994138,79.36245727539062,141.06981,370.8935
159.41471221923825,74.08343505859375,137.68352,366.48273
154.14703491210935,63.8780517578125,145.82489,375.70844
-4.6951663208008085,0.2055206298828125,181.46248,466.9919
6.0524533081054415,-0.4326629638671875,189.32747,469.45956
15.953233032226535,0.3227996826171875,184.79178,467.7598
24.934563903808566,11.19134521484375,197.68922,457.99084
39.09832885742185,12.983306884765625,260.73755,461.83392
38.9052746582031,12.903030395507812,279.11267,458.70297
48.413438110351535,21.376144409179688,283.5402,448.76163
53.43153503417966,13.465469360351562,273.5455,454.16562
63.3089611816406,12.877700805664062,284.31396,453.69467
71.42379882812497,16.0418701171875,279.9881,453.8192
82.51402404785154,17.640365600585938,273.6055,452.9269
87.34552124023435,11.987762451171875,280.46448,459.3968
104.14000061035154,4.8166961669921875,267.9158,460.91556
121.83871582031247,4.1350250244140625,264.49933,464.47006
139.4137738037109,5.5301666259765625,252.30746,463.95895
142.69220092773435,-3.65167236328125,245.90527,475.06702
147.4675305175781,-4.4462890625,263.88647,474.90527
152.6129162597656,-2.7923736572265625,269.015,475.76785
160.1146252441406,-2.472320556640625,264.95276,473.01703
161.35087707519529,-5.4219207763671875,308.78873,479.80002
164.73233154296872,4.2235107421875,277.54022,468.29346
170.94761779785154,-2.6322174072265625,277.71695,477.11307
185.00743225097654,3.6887359619140625,266.2725,471.22922
198.88310363769529,9.631439208984375,250.02347,461.1408
196.22915771484372,7.506317138671875,260.04742,462.06244
194.14029052734372,5.8470611572265625,262.77228,467.63156
201.4915783691406,3.1982879638671875,269.3468,466.2653
186.45765808105466,11.59979248046875,281.92233,464.83105
192.21385314941404,-0.02734375,298.39505,473.03833
201.13144042968747,3.1624755859375,295.6629,469.07947
264.77101257324216,-4.124176025390625,242.52792,473.90387
303.2428524780273,-2.5998382568359375,215.22011,471.44138
304.8795941162109,-2.6534423828125,219.4719,472.39893
313.72862365722654,2.9225616455078125,230.73465,470.23007
326.10328033447263,-0.458343505859375,237.39745,474.22186
334.2249996948242,-4.1035308837890625,255.42671,478.4014
344.4958508300781,-3.6082916259765625,259.11694,477.06143
337.61407592773435,-5.78070068359375,268.54724,480
350.0009320068359,-3.010345458984375,263.3774,473.07672
357.8395550537109,-9.0330810546875,265.84897,480
361.82411315917966,-3.89178466796875,265.48788,477.44922
371.04461791992185,-1.8115997314453125,255.12659,471.66165
379.2960522460937,-3.349700927734375,248.3825,473.04584
395.0501034545898,-1.5599822998046875,238.83449,472.24448
408.6732952880859,-2.2448272705078125,229.24472,470.22598
418.2101300048828,-1.0088348388671875,215.95023,475.64865
436.0332501220703,3.8906707763671875,198.13455,467.7289
457.49417999267575,7.3290557861328125,178.127,465.41916
464.25899627685544,3.8888397216796875,173.50435,470.67288
479.7031796264648,6.236175537109375,157.6703,465.71185
501.44056060791013,3.2198028564453125,138.25523,470.50278
516.6449978637695,2.7190704345703125,129.94072,469.82968
537.0027668762207,2.783172607421875,114.089195,467.6286
549.1907704162597,0.769439697265625,107.31805,478.03754
560.7886097717285,13.307159423828125,121.11858,475.78107
555.9943211364746,66.468505859375,121.25269,422.6432
548.1665089416504,63.70635986328125,107.40978,409.40588
538.3494732666015,33.29736328125,105.24295,438.33795
535.3408711242676,13.306076049804688,110.044945,458.10263
533.085118560791,6.201263427734375,114.978935,462.05103
524.5839817810058,6.22698974609375,123.0409,468.20624
518.0185520935058,4.107513427734375,124.96986,468.78723
513.9400570678711,1.9246063232421875,131.59157,476.9847
502.4217007446289,-1.3202972412109375,142.16637,479.55997
486.66222503662107,-3.67584228515625,153.82814,478.22968
474.15880706787107,-4.301239013671875,166.71425,479.33252
466.5699703979492,-4.322906494140625,165.44502,476.0746
448.8326733398437,-5.02154541015625,181.43707,478.48468
435.87130859375,-7.053009033203125,195.1828,480
427.2883618164062,-4.072784423828125,200.37823,477.2495
402.8757107543945,-6.173553466796875,221.5772,480
402.2148754882812,-7.987762451171875,209.68134,477.87378
382.0840084838867,-4.10052490234375,221.76155,478.54376
372.4390881347656,-3.52276611328125,222.51074,473.25055
355.13670471191404,-3.159759521484375,237.9589,474.63562
352.34893920898435,-4.1032562255859375,238.39526,476.25137
347.9146435546875,-0.72662353515625,239.92938,471.72125
349.2441952514648,-0.42083740234375,234.8655,467.487
347.13855865478513,-4.7314605712890625,236.64622,473.47018
337.76200225830075,2.3404083251953125,238.87248,469.3599
325.09694030761716,-0.2062225341796875,226.77365,470.5342
306.8523190307617,5.481781005859375,221.93025,459.70764
281.43517425537107,4.140228271484375,226.46608,456.1963
216.27165344238279,3.0433349609375,260.99637,464.86017
198.99258544921872,-1.6796112060546875,304.6308,467.00418
193.1936047363281,3.088470458984375,301.2599,464.12195
201.9904339599609,6.705322265625,309.40805,458.5395
216.5178997802734,7.2873992919921875,314.2618,463.4316
224.7591564941406,3.2292938232421875,314.51355,471.81516
231.96099975585935,1.4896697998046875,294.06018,468.6202
233.00486877441404,-2.7652130126953125,284.99112,472.9277
232.05870178222654,-4.0497894287109375,301.66177,476.3715
228.85763671874997,-2.9076995849609375,326.07513,477.27713
237.1066906738281,-2.248077392578125,362.177,480
228.23155334472654,-1.5732879638671875,278.36148,471.76944
233.36307647705075,-0.8094940185546875,248.57426,465.42606
241.51768615722654,-1.8826446533203125,248.57108,468.75034
251.2732708740234,0.4102020263671875,247.6644,460.4979
262.0109417724609,-1.7440338134765625,241.8652,469.00754
257.19030120849607,0.224212646484375,237.7311,473.80542
256.19593933105466,-4.0843963623046875,250.7114,474.6393
249.3884289550781,0.1207275390625,260.53967,471.72308
238.49679687499997,4.375823974609375,286.3742,468.31604
235.42668273925779,-1.5753631591796875,297.90042,472.67484
226.55423095703122,0.75994873046875,316.75873,472.27997
210.40260437011716,1.4327392578125,328.88107,471.96417
187.49888732910154,2.3248291015625,309.72354,476.25238
287.58790710449216,13.242507934570312,278.56052,454.59036
206.39895751953122,7.5298919677734375,258.49274,461.96848
138.40216186523435,13.653671264648438,217.43542,457.36227
142.54815032958982,0.7401123046875,216.50575,468.98346
131.57833221435544,3.2235870361328125,203.21858,473.26358
117.771584777832,6.1592254638671875,209.5595,470.65475
107.84585693359372,4.126312255859375,218.93304,472.54565
104.19509246826169,-3.6844635009765625,208.7701,478.3115
94.09992340087888,-4.131805419921875,203.41063,474.01514
82.46769073486325,-4.881378173828125,218.93388,480
51.45266082763669,-4.1985931396484375,222.24263,476.2123
38.80044677734372,-7.1556549072265625,203.31989,475.712
19.42324188232419,-9.766082763671875,204.03645,480
3.3019039916991915,-0.896026611328125,199.1374,480
-14.95048400878909,-3.838775634765625,190.81345,480
266.1443417358398,-0.8846588134765625,225.31252,476.50095
249.7848675537109,2.8447723388671875,217.82224,466.9902
241.9580319213867,1.446136474609375,217.51753,472.32214
227.24386718749997,5.14276123046875,213.18658,465.5987
219.2265866088867,1.6268157958984375,211.08333,470.36862
206.31221893310544,-0.3954315185546875,211.91377,475.3206
196.97394683837888,2.839935302734375,204.20714,472.3385
181.27808502197263,7.8609771728515625,207.75865,472.8538
166.37386444091794,2.9659881591796875,207.5782,473.93466
155.54031494140622,5.383087158203125,202.82,471.11975
135.8632824707031,-3.183990478515625,205.4049,477.4928
122.21241119384763,-1.02081298828125,206.76,472.52448
105.71276214599607,-4.559844970703125,208.7693,473.85754
90.39601257324216,-8.979171752929688,207.4957,478.12454
73.20013549804685,-5.55859375,214.08557,478.30902
50.48764160156247,-1.1663055419921875,213.87091,474.74808
39.03406646728513,-0.5425872802734375,218.9055,473.35684
20.08350494384763,-3.7475738525390625,221.0349,473.29733
8.523537902832004,-1.5745697021484375,219.6425,472.05032
-0.5738513183594023,-4.4488677978515625,214.15332,478.3956
-6.607290954589871,-8.121002197265625,205.62914,480
-7.074148864746121,-4.400665283203125,186.18822,477.87976
-8.080069274902371,-0.1685638427734375,170.48338,477.18668
-8.952994079589871,3.9514617919921875,155.62804,471.55466
-19.085104675292996,-1.9658203125,133.70854,478.26093
-13.85752746582034,14.303939819335938,137.0538,462.6893
-6.932669372558621,9.909210205078125,136.48656,466.37512
-3.80650207519534,26.713455200195312,140.07797,452.81046
-8.074698181152371,14.580169677734375,129.74986,466.51184
-8.111059875488309,12.844696044921875,126.48335,468.60327
-9.375456542968777,15.151031494140625,124.500916,465.03308
-7.542143554687527,22.948043823242188,129.97296,456.41684
-7.131647796630887,17.09356689453125,127.69787,464.13654
-6.25315734863284,15.830581665039062,125.46066,467.81644
-9.720118255615262,34.64860534667969,121.378105,445.92575
-9.666235656738309,19.875839233398438,123.62544,464.55734
-12.759310455322293,18.64532470703125,120.68134,462.4748
-13.199450225830105,7.1649627685546875,117.54136,472.23325
-9.945299835205105,4.6106414794921875,124.28062,469.23312
-10.696867675781277,-1.3818206787109375,121.555115,473.6127
-12.075060577392605,1.6331024169921875,119.58799,468.6389
-8.380774230957059,1.305419921875,115.36397,470.03998
-11.429648132324246,2.1812896728515625,118.50188,471.31863
-8.069628448486355,4.74456787109375,116.39402,465.47015
-9.856615753173855,5.338958740234375,119.961525,467.92346
-11.85219070434573,-0.2091064453125,117.12199,467.4383
-14.81061813354495,6.762054443359375,118.173485,462.92676
-11.53690979003909,2.4706878662109375,124.70822,464.6456
-12.941992492675809,-2.4231109619140625,122.581375,469.54758
-11.073607177734402,-2.727996826171875,118.5166,467.4712
-11.302950592041043,1.5259552001953125,118.630684,469.1652
-11.737814636230496,5.7114410400390625,119.256516,466.9584
-14.584200592041043,7.365325927734375,122.01191,463.81934
-11.559241027832059,6.187835693359375,128.7978,465.11133
-1.350180358886746,9.9984130859375,132.4058,468.90765
-7.473959655761746,18.7354736328125,142.28728,466.8012
-1.7319781494140898,23.475204467773438,143.86545,454.07748
-1.2820422363281523,14.783462524414062,140.71094,463.11392
-1.7049853515625273,14.756988525390625,149.3255,462.43542
1.035287170410129,21.60247802734375,154.7257,456.29327
-1.045950622558621,16.278976440429688,160.66222,463.09848
-1.3655841064453398,4.385009765625,162.84555,472.7055
0.5075848388671602,4.4595794677734375,169.80966,470.5062
-4.173086853027371,-0.1722564697265625,179.9127,470.63425
-7.43711730957034,-0.68804931640625,193.05588,472.49762
-5.83817932128909,3.7798004150390625,198.04855,463.53055
-5.23741027832034,-0.0932159423828125,203.77426,464.39645
-2.786368103027371,-4.39190673828125,209.61864,472.7823
1.8493283081054415,-2.561614990234375,209.07906,472.69153
-0.037604064941433535,-4.7105560302734375,216.8965,473.16483
1.6703656005859102,-1.800048828125,221.63669,467.95367
2.1510861206054415,-0.4377593994140625,226.56917,466.72665
5.1476681518554415,-1.2296295166015625,229.23262,467.394
11.667207031249973,-3.5954437255859375,234.25568,471.61758
26.547845153808566,3.3748779296875,224.79408,461.82635
31.64326599121091,-1.2645416259765625,225.94894,465.18954
40.29763916015622,1.9465789794921875,221.13971,462.08737
43.03238037109372,-2.510955810546875,230.28827,474.20508
53.83131530761716,-1.333587646484375,220.64767,467.09106
57.01960876464841,0.4207916259765625,231.44614,463.60294
75.83022430419919,7.9659576416015625,218.58406,459.33182
73.67638519287107,0.1923065185546875,224.3744,464.38303
82.63883331298825,2.7486572265625,227.3206,460.15106
98.80333068847654,9.0631103515625,217.25406,456.4688
106.19474914550779,3.397735595703125,217.16129,458.7046
111.79962280273435,3.2217559814453125,222.52734,462.45755
120.89471557617185,0.23199462890625,220.62488,463.8205
130.398537902832,-4.45263671875,217.30522,469.47797
136.97746398925779,-3.731536865234375,219.69547,469.51697
145.12204101562497,-0.6347198486328125,220.97418,469.14243
148.65838745117185,-4.872802734375,223.25037,468.49286
157.371438293457,0.9951171875,224.79314,468.7132
164.6493161010742,-0.5310516357421875,222.58284,462.88394
169.76022460937497,-1.665618896484375,225.60968,471.4928
179.46489837646482,2.335113525390625,219.2505,463.443
188.48065307617185,-0.2810821533203125,220.84729,465.4963
198.43869140624997,3.2449798583984375,217.74933,465.6705
209.9946301269531,6.8252410888671875,210.59534,461.40073
219.7982189941406,5.6859588623046875,207.43494,461.5222
226.70763519287107,6.9654541015625,208.2234,464.15717
233.7052777099609,8.456314086914062,199.87045,461.3311
241.60796478271482,4.316741943359375,209.29457,466.5713
250.07689788818357,4.897918701171875,204.37611,465.16956
259.07872894287107,11.734664916992188,209.78761,458.47726
267.3505413818359,10.075775146484375,203.42722,461.09033
266.2585461425781,1.191192626953125,213.80505,466.71436
271.4242947387695,3.828582763671875,204.69206,463.89502
280.6218273925781,4.9771575927734375,203.95251,463.76547
279.94786956787107,8.588287353515625,195.36293,462.9557
291.86805847167966,3.1430816650390625,202.02036,471.07352
297.47015502929685,9.715301513671875,199.09204,461.5913
290.5797894287109,2.4927215576171875,205.3198,472.1937
285.6403134155273,9.446945190429688,200.69911,464.63876
287.1427548217773,1.3555145263671875,197.57826,467.9785
281.21570709228513,8.716934204101562,195.32298,459.38406
281.76587799072263,4.257232666015625,201.69188,471.0221
276.7753002929687,11.32830810546875,195.0169,458.8487
285.93282440185544,4.594207763671875,209.00081,467.46545
290.7675793457031,10.694900512695312,198.3728,462.7581
296.10179260253904,3.325531005859375,203.8162,471.79333
284.07264068603513,12.222412109375,201.79747,460.78375
293.08009460449216,1.945220947265625,197.25119,467.97485
293.61778381347654,10.670654296875,208.83951,461.00665
287.55550506591794,11.727737426757812,202.0876,461.72842
297.854462890625,6.7984619140625,200.10382,467.0241
298.79937866210935,12.92291259765625,206.37988,457.78473
300.1716320800781,9.79595947265625,203.20398,461.16315
296.7145474243164,13.339981079101562,206.31493,459.5629
297.7318356323242,7.071868896484375,202.67268,466.3629
279.66504791259763,8.909820556640625,209.6151,461.4867
2.0657055664062227,-11.044525146484375,202.7055,478.5315
-6.069266052246121,-6.985870361328125,194.62181,480
2.2980587768554415,-6.3209228515625,206.99641,479.41608
-3.1446597290039335,-7.8891448974609375,203.15846,478.62967
