251.2,0.0,156.10000000000002,480.0
247.30487060546875,-4.9121856689453125,157.01892,478.20535
246.86212158203125,-0.5225677490234375,157.77002,474.08127
247.33332061767578,-2.4010009765625,159.16417,476.5288
247.5049591064453,-4.099609375,157.48068,478.3993
246.9502182006836,-4.7828826904296875,157.41658,478.59384
246.71209716796875,-1.6328887939453125,158.85925,475.7305
246.33212280273438,-4.2969512939453125,158.40314,478.5839
247.3628158569336,-0.2155303955078125,157.9239,475.01505
245.9368896484375,-2.67669677734375,158.72278,475.82947
246.8556137084961,-4.3884429931640625,158.20955,478.55997
248.05623626708984,-0.56024169921875,156.52364,475.339
246.03733825683594,-2.210235595703125,157.69485,476.023
246.98798370361328,-3.0648193359375,158.786,476.95703
246.8855972290039,-4.498321533203125,157.4981,478.74762
246.16383361816406,-4.3086395263671875,158.17538,478.0295
247.25982666015625,-3.52716064453125,157.27698,476.46033
247.23193359375,-4.7987823486328125,157.5719,477.13626
246.84503936767578,-0.8082427978515625,155.81505,472.6934
246.1778106689453,-2.3091583251953125,158.3718,472.57095
246.82305908203125,-3.0513153076171875,157.94666,473.36166
246.9755859375,-3.6262969970703125,157.16687,473.5895
247.55123901367188,-3.587677001953125,157.05463,475.86786
247.08153533935547,-3.9906463623046875,156.79958,475.09262
247.47959899902344,-3.6792449951171875,155.76614,474.54684
248.07823181152344,-3.925262451171875,156.59622,475.85822
248.2844009399414,-3.9639129638671875,156.49675,475.69003
248.23308563232422,-4.54229736328125,155.97987,475.19556
248.46343994140625,-2.9761810302734375,155.92737,477.73447
247.72771453857422,-3.000579833984375,156.12233,476.04608
247.7518539428711,-3.2605133056640625,156.48811,475.18167
248.54327392578125,-3.3668212890625,156.66895,474.68823
247.781494140625,-4.2176361083984375,156.65466,474.8414
249.6516876220703,-2.0642242431640625,155.32407,476.8903
248.4242172241211,-1.4149169921875,156.32149,474.287
248.12533569335938,-2.0771484375,156.15045,474.44788
247.859130859375,-2.8512420654296875,155.88965,474.16452
246.95423126220703,-3.5246429443359375,157.23314,475.34995
247.67469787597656,-4.1591339111328125,156.6849,475.29556
246.67557525634766,-3.3421478271484375,156.98625,473.8564
246.67135620117188,-3.761810302734375,156.66791,476.3542
244.8694305419922,-4.60760498046875,158.17984,475.11157
246.98303985595703,-0.0075225830078125,156.25975,470.22452
244.91437530517578,-2.3722381591796875,156.86119,472.1506
245.41197204589844,-3.53466796875,156.32828,476.03442
243.24633026123047,-3.7719879150390625,157.36598,474.57877
244.80182647705078,-2.9065704345703125,156.90147,472.84012
241.3433380126953,-3.9235992431640625,158.47519,477.82828
241.76123046875,-1.4083404541015625,159.6128,472.58096
241.85681915283203,-2.708343505859375,158.34654,472.95514
241.75301361083984,-3.4939117431640625,159.08858,472.3306
240.5585174560547,1.72088623046875,160.60245,471.97034
240.80835723876953,1.77215576171875,160.40453,470.17676
239.93563842773438,1.4771881103515625,160.93915,470.33627
238.96117401123047,0.5634002685546875,162.589,471.47476
237.32808685302734,-1.2383880615234375,164.59016,473.9023
235.46713256835938,0.98345947265625,166.80609,469.5044
234.74374389648438,-3.8493804931640625,166.8122,477.2133
234.44317626953125,-0.084564208984375,167.26746,470.42804
233.05911254882812,0.6418609619140625,168.32306,471.22006
233.00469207763672,2.2275238037109375,169.20583,466.50906
230.7739486694336,-1.9898681640625,170.61348,473.95996
230.25759887695312,-0.400634765625,171.60248,469.70032
229.67588806152344,-0.037628173828125,171.75674,468.55365
228.0190887451172,1.128082275390625,173.84122,468.9112
226.10321807861328,1.41741943359375,175.43626,468.18494
223.94680786132812,-0.0872039794921875,177.69196,469.2009
222.6205062866211,-2.683258056640625,178.94087,472.20294
221.27982330322266,-0.4331512451171875,179.6021,469.44748
219.56517028808594,-1.009552001953125,181.63663,471.2481
217.91719818115234,-0.7912750244140625,183.44661,470.91263
216.60096740722656,-0.2068023681640625,183.08994,468.7062
216.57840728759766,-0.190185546875,182.32414,470.8838
217.54824829101562,0.4429931640625,180.43805,468.7173
218.36856079101562,-1.2375640869140625,180.5451,471.8273
219.36212158203125,-1.3786773681640625,179.12927,470.24857
220.99795532226562,-1.0869598388671875,176.98932,470.3264
221.1129913330078,-0.7235870361328125,177.82248,470.11038
221.1966552734375,-1.814178466796875,176.66345,471.5219
222.087158203125,0.211395263671875,175.42688,469.13434
224.40294647216797,-1.131561279296875,174.41554,471.3548
224.1037826538086,-3.2728271484375,174.42769,473.339
225.10533905029297,0.024810791015625,173.59193,468.40424
227.02753448486328,-3.3365478515625,171.46446,470.79138
226.5888900756836,-4.51361083984375,171.3769,474.28577
229.16162109375,-0.29229736328125,171.13013,466.8861
228.2250518798828,-2.103973388671875,171.85947,470.8863
229.07293701171875,-2.098876953125,170.44568,472.50146
230.62308502197266,-1.445281982421875,168.21098,467.84735
229.61712646484375,-1.7833404541015625,168.22742,469.44693
229.3060073852539,-0.5431671142578125,167.9257,469.76505
228.95896911621094,1.4461517333984375,169.3588,468.83377
229.72454833984375,2.8485565185546875,168.92053,466.22964
229.53861236572266,0.0261077880859375,168.77116,470.9534
228.92454528808594,2.495513916015625,169.62418,466.3255
225.84540557861328,1.234954833984375,171.31017,470.7276
227.28215789794922,2.04534912109375,170.53993,468.6488
226.04596710205078,-3.2587738037109375,172.8159,472.8491
227.31072998046875,-0.3679046630859375,173.29224,468.3104
225.30380249023438,-4.7369842529296875,176.0185,474.67282
225.23799896240234,-5.130706787109375,177.93538,474.82562
224.58984375,-4.6875457763671875,178.11755,475.63583
220.65314483642578,-5.8858489990234375,182.23302,476.17697
218.45851135253906,-4.3104095458984375,183.67502,477.2037
215.6443099975586,-8.255126953125,184.27168,480
214.43758392333984,-8.647705078125,185.26118,480
209.6239242553711,-10.4808349609375,189.35847,480
210.3294448852539,-7.386932373046875,190.31328,479.62738
204.90977478027344,-7.35321044921875,193.00943,480
206.22506713867188,-11.0880126953125,192.93634,480
201.28050231933594,-7.82086181640625,201.8732,480
202.9559326171875,-7.3304443359375,200.48486,480
196.75035858154297,-6.73785400390625,208.31422,480
198.45635986328125,-6.491729736328125,207.25964,475.14764
193.96167755126953,-0.30126953125,211.77843,473.4712
195.98052215576172,-0.6975555419921875,210.93996,471.1838
200.52286529541016,-0.95489501953125,209.00688,471.12268
196.99771881103516,1.6267242431640625,206.53337,471.353
206.03368377685547,-1.616943359375,199.10133,473.15808
207.44654083251953,-3.196533203125,194.60448,477.17932
205.69080352783203,-0.4957427978515625,195.4824,474.3572
207.63023376464844,-0.450347900390625,192.61453,473.60956
207.77503204345703,-5.0337982177734375,196.30125,477.34848
208.68619537353516,-4.3467254638671875,196.83354,475.60715
209.28974151611328,-3.78240966796875,191.75352,474.92163
213.86842346191406,-3.186370849609375,190.35776,475.67743
212.34634399414062,-1.2066802978515625,195.26324,469.50174
212.8108673095703,0.033477783203125,192.25412,472.00677
215.33226776123047,-3.6619415283203125,192.57375,475.23514
213.29571533203125,-2.6390228271484375,188.68994,474.34262
216.04632568359375,-2.3006134033203125,188.39514,475.24356
216.50450134277344,-0.678131103515625,190.6846,473.04254
217.24527740478516,-1.632171630859375,190.47478,473.6999
218.95248413085938,1.378173828125,190.02594,472.36536
216.79431915283203,0.6860504150390625,194.25462,470.9946
220.1544647216797,-2.85321044921875,193.49551,472.92432
217.19477081298828,-1.15411376953125,193.39952,474.30225
220.84117889404297,3.0816192626953125,193.75612,468.87338
220.8022232055664,0.8161163330078125,197.88835,471.99423
224.48782348632812,-1.8473968505859375,192.81879,473.53928
226.39844512939453,1.6626434326171875,194.8059,470.1476
225.42808532714844,-1.708709716796875,193.56155,472.32123
225.80760955810547,-0.5009002685546875,193.63661,474.30453
224.98194122314453,-3.9470367431640625,194.93187,476.22964
226.5601577758789,-3.2531280517578125,196.82329,472.41873
226.2847900390625,-2.9461517333984375,199.21863,474.34726
226.54802703857422,-1.3709259033203125,202.05434,471.9445
227.17353057861328,-2.6319122314453125,206.05162,473.49832
229.5271453857422,-0.7175140380859375,204.96976,471.1805
229.6408233642578,-3.9761505126953125,208.14194,472.5751
230.80035400390625,-2.8228607177734375,208.99939,472.68906
233.15938568115234,-3.4667510986328125,208.68318,471.91202
230.88159942626953,-4.839996337890625,214.0078,473.4875
233.7358169555664,-1.6257781982421875,214.27373,469.51828
235.1593475341797,-3.1397247314453125,217.5817,469.36868
235.88038635253906,-1.4876251220703125,218.05746,469.24893
237.23724365234375,-3.18505859375,218.19727,470.0951
240.81319427490234,-2.3191375732421875,219.5483,469.8492
243.8248748779297,-1.8308868408203125,216.98196,471.44547
247.1590576171875,-6.7909698486328125,217.19067,477.76492
252.7416534423828,-5.73443603515625,215.67892,476.22473
256.3440628051758,-4.731658935546875,215.83702,475.2199
260.6328353881836,-4.5105743408203125,216.36409,474.96072
263.78882598876953,-4.7270965576171875,219.4376,474.17026
269.5922393798828,-4.9094390869140625,216.93735,474.76553
271.3742446899414,-5.19415283203125,214.54802,474.17786
273.57054138183594,-3.5315399169921875,217.49905,473.64218
277.28857421875,-3.29132080078125,218.39478,474.17944
280.0214080810547,-5.0138397216796875,215.41336,477.07944
281.50880432128906,-4.6613006591796875,218.41098,477.7081
284.2029724121094,-3.99468994140625,221.74701,476.5056
286.29608154296875,-5.5073089599609375,221.43848,475.2678
285.6942596435547,-7.1929473876953125,226.97769,479.2278
286.6808395385742,-5.4050750732421875,230.21889,473.52585
289.48284912109375,-5.1717529296875,227.67896,475.54993
290.1085891723633,-4.7504425048828125,229.94212,469.86172
289.43910217285156,-3.45465087890625,230.76474,471.91602
289.5376739501953,-3.8668975830078125,230.56064,468.24258
290.1566162109375,-3.9124298095703125,228.0708,470.84158
291.7698287963867,-6.9609375,227.27748,476.03882
295.1674346923828,-3.6226806640625,223.77231,470.16138
293.3413619995117,-6.7422637939453125,224.56935,477.02652
294.04296875,-2.6539306640625,219.30627,475.73767
297.0131072998047,-2.7936553955078125,211.63773,471.67337
299.4918518066406,-6.97308349609375,209.99591,480
302.5183334350586,-4.47283935546875,204.86848,477.4839
306.31549072265625,-5.794158935546875,199.98474,476.169
309.76551055908203,-4.26043701171875,194.06041,476.3667
310.4797897338867,-5.5628814697265625,194.0879,477.60538
309.7268371582031,-7.3606109619140625,193.43549,479.58206
307.2030715942383,-3.8098602294921875,196.23546,477.71848
307.3451232910156,-5.026458740234375,196.02948,479.37103
304.7782897949219,-6.88702392578125,199.46503,480
302.90608978271484,-5.0315399169921875,200.0583,477.9388
299.9720993041992,-3.8443145751953125,198.29115,478.2084
297.14503479003906,-5.835479736328125,199.56918,479.31036
295.6371307373047,-3.5370635986328125,199.87906,479.13162
290.2491226196289,-6.4142608642578125,201.38298,476.18814
291.0478744506836,-6.2271270751953125,202.80891,479.64297
286.61022186279297,-3.5531005859375,205.19936,480
286.4937210083008,-2.8034515380859375,204.04417,477.30734
284.41648864746094,-2.78509521484375,203.59085,473.06104
283.8695831298828,-3.1475677490234375,203.56357,476.19894
284.2926788330078,-4.249237060546875,201.62936,476.45184
286.76959228515625,-5.478271484375,197.44543,478.31775
287.2722854614258,-4.3450927734375,196.63744,480
289.7286071777344,-3.22998046875,193.4444,480
290.9479675292969,-2.57623291015625,192.15533,480
293.0305938720703,-2.421142578125,189.61911,480
293.1382064819336,-4.63934326171875,192.19661,480
293.4817657470703,-6.5618133544921875,192.47275,477.447
294.3167266845703,-5.44866943359375,192.16501,480
295.96488189697266,-6.9022216796875,190.35124,480
294.1033630371094,-6.5296630859375,193.01654,480
292.8299102783203,-5.310699462890625,194.47104,477.69476
298.7014846801758,-8.702438354492188,190.4326,479.6838
300.5319290161133,-4.4168243408203125,187.87059,478.59232
306.97261810302734,-6.19158935546875,184.98701,480
309.93775939941406,-4.41455078125,184.78745,480
311.03626251220703,-6.4559326171875,186.4276,479.17065
314.9373321533203,-5.7320556640625,184.2391,480
318.4915542602539,-4.54595947265625,182.0064,480
318.59400939941406,-5.60906982421875,183.69553,480
326.70528411865234,-4.71075439453125,176.30684,478.53613
328.81104278564453,-2.141632080078125,177.08897,473.13434
327.34310150146484,0.045074462890625,179.47627,475.64874
324.5721130371094,-4.42364501953125,184.28448,480
321.3475799560547,-5.5402984619140625,186.40836,479.09793
321.96280670166016,-4.1649017333984375,187.07841,479.6948
322.67322540283203,-2.7580718994140625,183.37047,475.78812
320.30257415771484,-3.134307861328125,185.20174,476.9024
327.24573516845703,-2.754730224609375,184.16624,478.93573
325.7282257080078,-4.3084564208984375,182.30685,476.32126
325.8530502319336,-5.3408203125,190.62996,477.80762
325.829833984375,-4.5513916015625,191.71094,480
329.9394226074219,-3.9184722900390625,192.38739,477.07193
332.4350814819336,-5.379150390625,187.0533,480
334.55667877197266,-4.0246124267578125,188.74797,478.5391
335.7641372680664,-1.0111846923828125,184.28447,476.47537
340.66632080078125,-1.0023193359375,179.98291,474.86096
334.71341705322266,0.88726806640625,184.5313,475.41833
337.33179473876953,-1.090087890625,181.74986,474.41296
328.8084259033203,-0.125152587890625,188.57736,473.695
327.24224853515625,-1.1367340087890625,185.12122,472.0618
331.62256622314453,-0.07501220703125,181.83482,471.48096
330.4399719238281,1.208343505859375,182.05084,470.2166
334.49425506591797,1.313446044921875,180.92531,469.33563
329.55062103271484,-1.8728179931640625,186.8647,473.65128
330.67078399658203,-1.18536376953125,185.5377,475.6797
329.31485748291016,1.07476806640625,183.91411,471.40454
330.9388122558594,2.5329437255859375,180.27264,472.7056
331.1398696899414,2.807464599609375,178.7653,472.90643
333.92418670654297,4.033599853515625,175.9424,469.37543
331.8208236694336,-4.0477142333984375,175.39449,475.82333
344.46295166015625,0.8115081787109375,163.55591,469.3091
337.4918212890625,-2.679412841796875,167.7909,474.24615
336.2555694580078,-0.5949249267578125,169.38974,472.82718
338.363037109375,1.5445709228515625,164.12207,470.60385
338.0013885498047,1.162841796875,168.48172,466.05566
335.4954833984375,0.4803924560546875,164.8385,466.12137
342.41172790527344,0.2422943115234375,161.12027,464.36246
345.49938201904297,3.6441650390625,154.04543,460.6333
339.45450592041016,2.220306396484375,159.00627,458.97504
342.3922882080078,9.403335571289062,158.96982,448.77377
339.4905700683594,4.4377899169921875,163.8327,452.31827
342.63059997558594,8.324600219726562,161.56607,444.94296
343.64554595947266,4.72650146484375,161.19267,449.89587
340.5448226928711,5.61383056640625,165.20137,453.1931
343.2893524169922,10.370452880859375,161.71768,450.42926
345.9639434814453,3.348052978515625,159.91635,461.66876
346.2163314819336,-0.061126708984375,161.68355,466.30133
346.41161346435547,4.53424072265625,161.9745,462.7119
350.19859313964844,5.9893341064453125,159.94437,462.39023
347.2319564819336,6.1293487548828125,163.05074,462.58566
348.3262252807617,8.478424072265625,165.95485,460.01788
352.4278106689453,9.90936279296875,155.41122,458.87183
347.71993255615234,10.863388061523438,164.52583,454.83206
351.47991943359375,11.90521240234375,160.80786,452.28552
352.95609283447266,9.850814819335938,157.3554,449.27652
355.23255157470703,8.549072265625,154.41368,444.16418
352.6658935546875,5.0947723388671875,159.15906,441.37772
359.1764450073242,6.482421875,153.35243,443.10303
365.2164840698242,6.785614013671875,150.44093,427.1164
364.2194595336914,4.068939208984375,152.57414,424.04095
370.75597381591797,3.884185791015625,146.31715,423.99554
368.9669952392578,6.090606689453125,150.14035,423.67816
367.81587982177734,5.8408966064453125,148.82161,427.8618
368.3225860595703,5.862396240234375,148.82455,429.2022
364.5381774902344,4.4296875,149.85846,430.71704
367.78782653808594,5.566680908203125,146.85294,427.8946
372.1316833496094,5.5209808349609375,141.65802,424.8759
374.75426483154297,7.0568389892578125,138.99745,420.1534
367.56976318359375,5.7014923095703125,144.9176,423.6295
374.14532470703125,8.910903930664062,140.64807,420.7231
376.86890411376953,9.957626342773438,137.60338,424.95877
375.75321197509766,12.156097412109375,138.7625,428.51678
378.30953216552734,13.143814086914062,133.95882,428.3419
379.9439926147461,11.937744140625,134.00923,430.6996
378.17823028564453,12.6029052734375,134.54698,429.48462
379.3030776977539,14.932846069335938,133.45866,426.13895
369.9749984741211,10.956268310546875,142.842,429.3802
376.2579116821289,13.857986450195312,137.13286,426.6489
375.0852966308594,11.63214111328125,138.60284,428.10132
373.30064392089844,13.76177978515625,139.97769,425.6853
376.15338134765625,11.00518798828125,137.92114,424.7096
369.46002197265625,12.009262084960938,144.57422,423.48172
376.39915466308594,9.298248291015625,136.72769,416.73773
369.1849899291992,10.079360961914062,145.7986,413.35983
372.56307220458984,7.5349884033203125,145.4775,411.5228
371.3438034057617,8.008193969726562,142.33217,406.35422
368.24044036865234,6.14849853515625,150.44429,402.771
366.4796829223633,7.5783538818359375,147.36668,399.7593
367.6671371459961,5.6894073486328125,149.23482,401.92416
366.6952438354492,6.89739990234375,145.45753,401.43115
368.2519226074219,6.5169830322265625,142.08673,398.41415
371.34896087646484,7.634857177734375,137.45332,402.62372
376.4028091430664,9.18023681640625,132.41277,399.0974
370.17701721191406,7.6993865966796875,135.08115,399.59183
369.0159912109375,7.6685638427734375,137.68396,400.8268
380.3229293823242,8.248794555664062,127.1078,396.40634
374.3717498779297,7.9652862548828125,132.96426,396.82004
383.8052444458008,7.6751556396484375,125.838486,392.60928
382.1869354248047,5.9824676513671875,129.12857,398.41544
382.13873291015625,5.5710906982421875,130.01257,393.68936
388.80090713500977,5.3470458984375,124.69042,394.24414
386.8673400878906,3.7410430908203125,130.40924,392.81296
388.26563262939453,4.342193603515625,130.08092,391.065
390.1512451171875,4.1142730712890625,129.96362,389.41037
390.288330078125,2.7287139892578125,131.83728,392.7092
388.68174743652344,1.8730010986328125,133.14505,392.4753
387.6438522338867,0.6399688720703125,134.16457,394.57333
387.23541259765625,2.7230224609375,133.40381,394.88928
386.3650588989258,1.8427886962890625,137.03722,399.13205
387.7252426147461,3.4785919189453125,135.92732,393.80185
390.9735565185547,3.640838623046875,134.26382,395.44037
390.4967498779297,6.0391693115234375,134.39261,391.29153
394.9225769042969,6.850311279296875,132.76251,395.45514
394.5668487548828,9.82073974609375,132.71017,388.87366
395.2136459350586,18.262619018554688,134.02498,389.36685
400.95304107666016,18.561767578125,130.11357,391.52002
394.56724548339844,17.837310791015625,137.84647,392.65533
399.9050750732422,27.003005981445312,132.67654,380.72275
395.6866760253906,27.088394165039062,139.40613,384.68393
400.1172180175781,29.008865356445312,132.55688,379.4233
396.2251663208008,22.385406494140625,134.67827,387.17688
393.08971405029297,25.032485961914062,136.46468,381.0148
395.1830749511719,25.66259765625,130.07214,375.87885
393.6378936767578,21.65374755859375,129.98288,377.38898
394.5730209350586,16.353225708007812,128.3337,385.9398
393.68543243408203,22.085830688476562,129.93358,380.88193
391.3354187011719,22.192138671875,131.16058,384.5691
391.76593017578125,20.15185546875,129.55768,381.51935
394.1664352416992,21.927688598632812,128.14388,382.20706
386.7699890136719,27.871566772460938,132.03467,378.4506
386.95972442626953,29.523651123046875,131.87181,376.8485
393.5847511291504,29.501449584960938,125.053215,378.64706
388.5892105102539,36.8338623046875,127.10252,373.39502
391.8148727416992,32.11463928222656,122.443924,380.96902
391.0816764831543,37.144317626953125,125.46311,377.50586
389.47175216674805,35.34236145019531,127.24357,378.0701
391.4372863769531,41.52252197265625,125.27423,370.44257
386.2630157470703,36.31988525390625,129.18149,376.26935
393.7884101867676,42.172637939453125,123.95223,365.28162
389.4708709716797,40.13575744628906,127.197296,364.95688
386.95875549316406,40.1856689453125,130.64413,360.20154
386.0782775878906,32.050018310546875,134.47394,369.06274
390.5537109375,31.873748779296875,131.11707,363.0863
387.94578552246094,28.315963745117188,132.34512,362.38248
388.92066192626953,31.449050903320312,132.23991,352.1832
387.44972229003906,25.045989990234375,133.09433,353.50977
385.8970489501953,24.564483642578125,132.2698,350.82178
386.68336486816406,27.619293212890625,128.62326,347.95862
388.02475357055664,22.782241821289062,125.02404,347.8044
388.6536979675293,21.316085815429688,123.58109,354.2479
384.8675765991211,22.560867309570312,125.23915,353.27982
386.4840888977051,17.337677001953125,122.092186,363.46735
386.1470489501953,29.640487670898438,120.70743,347.5433
385.786678314209,26.673736572265625,122.31965,357.45874
391.0810012817383,33.95292663574219,117.41234,353.3519
388.6897087097168,29.667160034179688,119.5286,358.29324
391.5086860656738,40.27642822265625,119.51339,351.46265
393.25210189819336,40.746734619140625,118.7931,355.8288
395.6187553405762,48.76567077636719,118.79258,347.55948
394.281436920166,48.011474609375,118.84435,351.19086
395.79083251953125,50.84141540527344,118.702576,347.04037
399.05721282958984,52.43904113769531,115.97157,347.02548
399.94666290283203,53.38482666015625,114.86925,343.45514
397.02242279052734,54.08958435058594,118.15657,344.46536
396.6424903869629,54.86299133300781,118.28411,338.60623
400.0159378051758,52.51423645019531,115.9185,340.14633
403.31344985961914,50.334747314453125,113.08068,336.1385
401.3839530944824,46.635284423828125,115.663124,335.13855
400.7044868469238,48.135772705078125,118.31155,329.03033
400.1463966369629,47.457305908203125,118.14178,327.05267
398.9996566772461,46.4498291015625,120.29872,324.66852
402.57766342163086,49.00108337402344,119.28675,323.78488
399.3606491088867,49.204010009765625,123.20155,326.87817
401.84748458862305,51.67510986328125,121.53629,332.57617
403.45991134643555,52.454620361328125,117.71287,334.32416
407.61516189575195,54.42425537109375,114.097374,333.38007
404.1614189147949,58.11903381347656,115.5803,327.97324
399.38574600219727,57.45399475097656,117.82598,327.77744
406.3731689453125,59.136016845703125,110.36487,327.5467
402.79711151123047,59.62571716308594,113.00496,323.72348
406.0926055908203,58.93373107910156,112.01425,331.07944
409.65245819091797,58.52449035644531,108.724075,323.42264
411.3181381225586,53.713409423828125,107.247696,333.005
410.84841537475586,55.333526611328125,110.32758,330.11133
408.9931945800781,54.14851379394531,111.67871,327.85794
412.9232406616211,52.16499328613281,109.71034,331.73587
414.49385833740234,50.30220031738281,109.99141,330.69913
409.05139541625977,49.9764404296875,114.582085,332.11792
414.0335464477539,48.3643798828125,110.13884,331.75104
409.38037490844727,50.16058349609375,114.16473,333.39307
409.58538818359375,51.9283447265625,113.72278,327.5252
408.37271881103516,52.83714294433594,114.676865,331.95383
408.4474182128906,50.67073059082031,114.46997,331.07657
408.0340766906738,53.92584228515625,116.4847,329.7755
405.0652160644531,54.611419677734375,119.68994,328.65674
410.1836585998535,56.50541687011719,114.395134,322.49838
405.9068717956543,59.07038879394531,119.25602,324.3677
405.3744316101074,55.331329345703125,118.475624,325.7401
402.9436454772949,60.339019775390625,124.487526,322.29193
403.41239166259766,62.405548095703125,124.043564,318.7232
402.87776947021484,59.785186767578125,126.03615,319.22546
409.22013092041016,61.053131103515625,118.49773,315.74933
409.06230545043945,58.50489807128906,119.147606,318.12772
409.3695831298828,60.985076904296875,114.495636,309.92902
411.88043212890625,60.41392517089844,112.75842,309.93478
411.7715377807617,59.19239807128906,108.724625,310.20853
411.4007453918457,57.92620849609375,108.29977,308.7953
409.3902015686035,58.705902099609375,107.92095,309.58948
413.3358039855957,55.90715026855469,104.45907,308.60678
415.0974311828613,57.31715393066406,101.43221,307.11905
415.0083427429199,55.646270751953125,101.27012,308.651
414.4814758300781,59.506317138671875,102.47272,307.81396
413.9469451904297,60.500244140625,103.58609,310.25037
415.78893280029297,60.59208679199219,102.62984,313.38132
416.75740814208984,59.94451904296875,101.96968,314.3318
417.6055107116699,62.37786865234375,103.0015,312.28546
418.0995635986328,62.24507141113281,104.637054,312.88718
419.8584289550781,65.563232421875,103.71503,310.31848
421.3986930847168,66.49827575683594,101.59727,309.82162
417.1667900085449,67.31959533691406,108.75144,312.65714
420.1252212524414,66.99937438964844,106.04277,308.51456
420.67650985717773,65.58604431152344,107.6963,311.51938
418.24964141845703,69.67829895019531,111.09013,307.90573
419.7761344909668,65.55160522460938,112.098366,308.83075
418.7591667175293,64.87919616699219,112.82694,311.00522
417.1617660522461,56.0198974609375,115.37245,316.78674
416.18941497802734,62.33277893066406,117.091324,310.63437
415.5018501281738,58.34364318847656,118.73141,312.3688
415.8341407775879,59.69244384765625,118.978935,305.2143
417.7317237854004,62.43768310546875,119.3258,302.36902
417.48525619506836,61.087921142578125,118.43043,300.64172
417.22969818115234,62.37068176269531,120.73042,300.1002
419.5665473937988,59.685577392578125,117.576256,301.30573
420.93214416503906,61.20133972167969,115.52518,299.92905
418.07875061035156,61.240020751953125,116.15823,301.5807
423.5263442993164,59.80171203613281,110.43901,299.95053
427.6321029663086,61.47398376464844,106.596695,300.66617
428.9144172668457,58.81977844238281,105.1943,302.91458
431.04265213012695,56.66032409667969,104.03713,305.55087
433.14886474609375,56.95314025878906,102.88806,308.507
433.4021339416504,53.85198974609375,102.101494,311.1057
432.75252532958984,56.169921875,103.81764,309.27893
431.92330169677734,53.03416442871094,103.4294,310.12094
432.0050621032715,50.66795349121094,104.020454,310.90518
431.7541618347168,53.7608642578125,103.46287,304.5323
431.12624740600586,53.9114990234375,103.253426,304.39905
429.36694717407227,56.97564697265625,105.41027,298.98126
427.45269775390625,57.116058349609375,103.86914,300.07642
425.41585540771484,53.11988830566406,104.222916,305.441
425.41091537475586,56.42240905761719,103.98292,300.6191
425.0645446777344,53.088775634765625,104.93579,305.5542
424.242000579834,56.897735595703125,106.44581,296.8482
425.7733039855957,58.959320068359375,103.84768,296.7152
427.7556838989258,58.326019287109375,103.070114,295.47284
422.26672744750977,56.49580383300781,108.37664,296.33664
423.8796272277832,63.574371337890625,108.91732,291.792
424.6813850402832,64.16213989257812,110.31649,291.61414
423.17973709106445,61.32301330566406,111.42031,293.6736
424.7495918273926,63.64964294433594,109.70486,291.25302
422.7015914916992,64.47767639160156,109.12422,288.84634
424.2779197692871,64.10990905761719,111.13203,291.82706
425.4700736999512,62.91679382324219,109.77274,290.66354
428.55561447143555,59.8092041015625,107.82163,293.6939
428.51515197753906,60.58027648925781,107.363556,293.38834
426.5202865600586,63.03965759277344,105.31154,293.68057
424.6849136352539,65.15785217285156,104.0233,291.55917
423.69223403930664,71.75233459472656,102.86425,286.84775
422.5948905944824,71.47210693359375,102.98936,292.41608
419.17910385131836,75.73344421386719,103.54493,289.5331
420.9239082336426,80.39614868164062,100.38949,286.4505
418.7093620300293,84.76956176757812,100.63572,284.0221
416.9789123535156,86.0003662109375,100.88263,286.7672
415.7882308959961,86.85847473144531,102.95625,286.69424
420.44318771362305,90.86631774902344,99.004616,282.60477
421.59233474731445,90.67854309082031,98.59646,286.00705
423.9984893798828,89.67962646484375,97.88541,286.29456
426.6117973327637,87.97161865234375,96.775246,285.7915
429.1939697265625,88.36184692382812,95.25549,282.35852
429.9686584472656,85.5513916015625,93.961975,284.66003
432.48011779785156,82.61723327636719,91.06613,284.94882
435.9947929382324,80.20797729492188,84.86997,283.3405
438.0395965576172,77.08038330078125,81.87161,285.61206
441.29279708862305,75.68740844726562,77.946815,287.40808
446.53071212768555,75.63063049316406,71.14396,284.6022
446.71546173095703,74.03273010253906,70.82597,288.2667
449.5070266723633,75.13919067382812,68.67973,286.62177
451.4277229309082,77.25277709960938,65.82784,288.89252
452.9004707336426,75.8607177734375,66.387535,290.2699
452.2295570373535,80.74879455566406,66.23388,288.77597
451.5775337219238,82.86386108398438,68.58425,286.3955
452.7503242492676,86.289306640625,69.32723,284.92798
454.91978454589844,87.21238708496094,71.984955,283.49222
454.54764556884766,86.9315185546875,71.91112,282.31445
451.61921310424805,89.0784912109375,75.87083,281.22052
453.92838287353516,86.2127685546875,76.37871,279.75366
453.49996185302734,86.73017883300781,79.805374,280.25247
452.5405044555664,81.84991455078125,82.44835,280.53522
451.31838607788086,80.81138610839844,84.90064,281.06747
451.11187744140625,78.85997009277344,85.112854,283.85117
449.5035705566406,76.82037353515625,86.72217,284.46057
452.58274841308594,75.35272216796875,87.61038,284.73724
453.3790740966797,76.50160217285156,87.87381,284.1271
452.19556045532227,75.55043029785156,90.019585,286.12436
451.1646270751953,73.68962097167969,90.74521,289.5455
452.95316314697266,77.45260620117188,87.90221,286.44104
453.39548110961914,75.53897094726562,88.69268,289.27478
452.9513130187988,77.11572265625,89.00979,288.8769
454.0413818359375,77.517578125,87.11041,289.86444
452.218074798584,80.0511474609375,88.933174,290.31757
455.1860160827637,80.76734924316406,84.98063,286.90738
453.32541275024414,80.63909912109375,87.51385,291.62976
451.5287322998047,78.23040771484375,88.595,294.80182
453.5699234008789,79.39918518066406,88.5172,296.84085
456.12512969970703,80.46182250976562,86.814316,295.64984
454.10046768188477,80.10081481933594,90.10845,294.2419
457.23574447631836,80.64901733398438,86.86323,293.29956
453.6844940185547,79.48526000976562,91.80844,294.36127
452.23921966552734,78.75112915039062,94.62428,297.5669
452.89696502685547,77.15834045410156,94.89101,296.74594
452.004150390625,75.87789916992188,95.02161,299.40057
450.7985038757324,74.59332275390625,94.983864,298.98547
450.2264633178711,73.22346496582031,94.45613,302.08798
451.7098159790039,71.24783325195312,94.000656,303.6731
446.1629066467285,68.76628112792969,100.31487,305.59555
449.79814529418945,67.11079406738281,97.656944,309.0601
450.0383605957031,69.04393005371094,97.74567,305.87558
450.0689010620117,67.12129211425781,98.58272,309.31332
451.4862861633301,67.78810119628906,95.938805,311.5186
447.96721267700195,66.48483276367188,95.99215,313.68903
450.3597221374512,69.30067443847656,93.640236,310.41037
447.92334747314453,63.99871826171875,95.55205,318.32526
444.57580184936523,70.02987670898438,98.431526,312.47833
448.4416084289551,69.16548156738281,96.07729,314.4785
447.8432197570801,63.94984436035156,97.08163,317.52872
446.8767318725586,65.53672790527344,97.29591,317.45474
446.5234489440918,64.686279296875,98.316505,319.47772
446.3485565185547,63.152252197265625,98.18332,320.1114
443.4756851196289,58.81788635253906,100.925095,323.83176
444.84130477905273,59.08451843261719,98.18604,322.66043
445.96462631225586,58.29750061035156,99.92634,320.8525
444.37366485595703,55.944305419921875,101.624374,324.5697
443.2333221435547,53.50981140136719,103.26315,326.85153
439.98112869262695,52.310302734375,107.149315,326.8316
438.4360694885254,51.04632568359375,108.763664,325.87982
433.0439224243164,50.624267578125,114.989426,327.26086
428.52772521972656,50.03764343261719,120.87552,331.7665
423.6033515930176,53.32585144042969,126.1119,329.98514
416.7982635498047,55.0350341796875,132.49033,330.69446
410.3983383178711,54.51438903808594,140.87978,332.2532
410.4417495727539,56.843719482421875,140.68224,330.15015
412.9547576904297,59.8751220703125,138.52109,333.4226
413.06978607177734,59.52931213378906,139.25954,331.91354
413.81714630126953,64.08164978027344,136.50517,328.46152
414.27032470703125,61.61677551269531,135.85608,338.17276
418.4627990722656,62.71478271484375,130.23236,328.9303
422.17332458496094,55.62849426269531,127.20334,343.4271
423.4405326843262,61.355438232421875,120.81815,332.4521
421.9721260070801,49.55860900878906,124.787254,350.8917
422.18053436279297,52.675140380859375,119.04787,342.5896
420.7809295654297,48.745697021484375,119.6987,348.354
421.5966911315918,50.66908264160156,118.525246,347.1152
420.61645889282227,47.09553527832031,119.10619,347.66306
421.31109619140625,48.31256103515625,116.26074,346.76227
420.42443084716797,47.62396240234375,116.99751,349.60834
417.51583099365234,47.39314270019531,119.2491,349.02866
417.5375328063965,48.38893127441406,116.16248,349.51736
415.18830490112305,46.5079345703125,118.740944,351.97998
415.02243423461914,42.80908203125,117.99462,356.54462
412.9098129272461,44.922088623046875,118.74953,352.0017
412.92949295043945,43.158599853515625,120.18246,355.3141
409.81307220458984,40.32206726074219,122.9662,358.74997
407.70023345947266,46.76622009277344,125.153915,352.4396
410.5419273376465,43.228302001953125,122.56983,360.22894
406.0694160461426,40.976318359375,126.43954,360.235
408.9064407348633,42.279541015625,119.81908,362.75598
409.17182540893555,36.373931884765625,123.02567,366.57043
407.74835205078125,39.83512878417969,120.91278,365.29037
409.726016998291,34.96022033691406,122.10638,365.34457
412.2008819580078,38.5911865234375,120.05429,363.81036
404.8770866394043,32.959503173828125,127.47465,368.63092
404.0335578918457,33.9898681640625,126.75857,369.17426
404.0584945678711,34.53924560546875,129.81062,370.52594
402.76344299316406,32.96998596191406,130.4147,374.42105
403.2924575805664,36.3341064453125,131.07976,371.6964
401.2145690917969,40.391754150390625,133.37738,368.667
406.57433319091797,36.49053955078125,130.07344,374.4574
404.82909393310547,40.1319580078125,132.821,376.42365
400.5124740600586,37.59375,137.06111,380.56207
399.49324798583984,34.93101501464844,137.78499,381.60507
398.7056884765625,38.7279052734375,134.58777,379.50092
401.04613494873047,38.724365234375,133.16823,378.14642
401.5574493408203,42.31437683105469,134.08334,372.34872
400.79393005371094,37.94203186035156,132.45023,379.071
400.0561752319336,38.97999572753906,132.34206,372.96127
400.89441680908203,33.92988586425781,132.85796,378.29886
400.7898406982422,32.5985107421875,135.99643,376.9613
402.26991271972656,35.50840759277344,133.34799,372.6771
403.7956848144531,32.46136474609375,130.29456,375.3401
403.5979232788086,29.642425537109375,129.85683,379.47662
403.4221305847168,32.38575744628906,122.933266,378.65952
405.3744201660156,29.275634765625,122.79675,382.8554
404.2635803222656,28.927658081054688,122.83679,380.22806
407.9736747741699,25.434478759765625,124.15287,383.0578
409.68667221069336,30.958816528320312,118.73951,380.19876
408.7441101074219,28.132965087890625,123.11206,382.62964
410.9429244995117,26.729095458984375,124.22658,384.9378
411.9058723449707,31.881744384765625,121.71157,381.05402
414.41793060302734,27.844436645507812,123.57204,385.5909
415.2293395996094,27.61737060546875,122.02606,387.96643
415.92497634887695,27.576324462890625,124.00222,386.52905
420.41493225097656,26.792816162109375,121.603546,388.4616
420.82225799560547,21.926101684570312,126.41493,392.91647
422.43773651123047,21.668426513671875,128.0497,391.8272
421.8180236816406,20.25543212890625,128.17047,394.15698
421.0544891357422,16.369033813476562,134.19034,396.65378
422.79436111450195,21.056076049804688,127.949,393.3699
425.1966094970703,17.527481079101562,133.21188,397.30856
424.00653076171875,20.468643188476562,129.26257,394.0737
428.57910919189453,22.506484985351562,133.96153,395.1512
424.7751998901367,22.564361572265625,134.77773,396.48297
428.23121643066406,27.233200073242188,135.99033,396.59903
429.8438949584961,29.239578247070312,139.88118,396.4243
431.74840545654297,30.827804565429688,141.17201,395.33182
429.1281967163086,30.046966552734375,142.42622,396.7475
431.85694885253906,33.54267883300781,144.4089,397.7291
431.0459442138672,32.30621337890625,145.19095,397.49866
437.6958465576172,30.345108032226562,149.24869,399.3845
439.67354583740234,28.461151123046875,149.74275,400.49164
439.65758514404297,28.941726684570312,149.03749,401.07968
439.28321075439453,29.007400512695312,153.28734,402.85483
437.05655670166016,27.917694091796875,156.33427,402.71918
437.6841278076172,28.096267700195312,155.42728,401.88522
440.9786682128906,23.654632568359375,153.78278,409.15314
440.82493591308594,29.213272094726562,151.91556,405.29416
447.10420989990234,28.778701782226562,148.34041,409.99582
447.54969024658203,28.219741821289062,149.23814,412.47238
449.6287384033203,28.640533447265625,145.2756,413.24298
451.7684020996094,27.320343017578125,144.49408,419.41974
452.05165100097656,29.572662353515625,142.07053,414.55682
456.9097366333008,28.4234619140625,139.87804,418.45203
458.52498626708984,29.618545532226562,139.6296,418.7059
458.9842529296875,30.588424682617188,137.28796,417.57608
464.6895217895508,25.486984252929688,140.5808,424.7587
463.7644271850586,25.429214477539062,135.55305,422.4868
468.2609634399414,20.621734619140625,136.67815,425.94147
469.16184997558594,16.6343994140625,136.92117,430.6942
469.4694366455078,19.3243408203125,135.01535,427.6737
469.0794143676758,14.36553955078125,136.33018,434.0282
467.7277297973633,15.940399169921875,136.97044,431.4334
467.71590423583984,11.08905029296875,137.16438,436.9225
468.11468505859375,13.109298706054688,138.51538,435.00638
466.23072814941406,11.2711181640625,139.66354,437.27258
466.28489685058594,10.825286865234375,140.12918,437.55157
467.15057373046875,11.495681762695312,139.90845,439.2573
466.54077911376953,10.47344970703125,140.00267,440.8097
466.6900863647461,11.694961547851562,137.68062,440.29282
462.74737548828125,10.4022216796875,142.96118,440.5619
467.4081726074219,9.99566650390625,139.35309,439.33887
464.7322769165039,9.24383544921875,142.91496,443.89758
467.6650619506836,9.853607177734375,137.6119,444.9057
466.30384063720703,10.6055908203125,144.98839,440.68933
463.2337646484375,4.7230224609375,145.22571,449.66748
463.4770812988281,8.845535278320312,143.45624,448.78928
460.8552932739258,6.8685150146484375,139.51573,453.73953
461.99400329589844,2.58551025390625,147.63956,460.339
461.4349670410156,5.4872589111328125,143.8327,463.75217
459.23648834228516,3.9021759033203125,149.51677,461.65292
460.7144012451172,1.6453094482421875,146.38748,468.7471
463.8184509277344,3.8166961669921875,146.71027,462.85037
459.8611145019531,0.1378021240234375,148.96332,474.4235
456.8208465576172,1.81341552734375,152.01627,468.59363
455.9693832397461,0.4380340576171875,148.81221,473.03043
454.5583190917969,2.1181793212890625,152.56085,473.73373
454.0978012084961,1.5283050537109375,153.43782,474.3196
451.5256576538086,-0.4817047119140625,153.30598,478.76944
447.9308090209961,-1.7655181884765625,156.60396,478.08963
442.2663040161133,0.599029541015625,156.37962,474.50934
439.21527099609375,1.7932586669921875,154.45874,478.89822
437.489990234375,1.611358642578125,152.98389,476.56622
433.1034927368164,-1.607940673828125,152.42705,475.09503
429.46522521972656,3.527191162109375,154.20761,473.98627
426.5532760620117,-0.4652099609375,152.62111,472.8556
424.2214584350586,-1.5903167724609375,154.57051,479.46664
422.20426177978516,-0.5676422119140625,152.11357,477.006
419.91249084472656,-1.83929443359375,153.31955,480
418.1025695800781,1.4599609375,149.14423,473.43823
413.0670623779297,-1.329498291015625,158.22879,475.27704
410.38289642333984,0.79754638671875,157.1827,477.07898
403.98680877685547,0.6522064208984375,161.27577,473.6702
399.6792526245117,0.229034423828125,166.35463,470.08087
396.7632751464844,-2.0863800048828125,170.0683,476.65067
393.40782165527344,2.3623199462890625,170.49136,474.07175
390.8249282836914,0.2755889892578125,171.82622,471.97324
389.0823211669922,4.036163330078125,178.9025,470.16864
389.1002883911133,1.40814208984375,178.07445,470.54565
386.1133728027344,-0.0182647705078125,170.73175,470.9822
382.1735382080078,1.5234832763671875,166.60129,472.22623
376.8176498413086,2.22564697265625,166.2397,470.198
372.88648223876953,-1.1491546630859375,169.95201,473.52365
368.06922912597656,4.77520751953125,171.74619,467.6902
363.6337661743164,-0.3121185302734375,171.09538,474.16867
360.8482894897461,4.5528717041015625,171.80635,469.8347
359.84503173828125,-1.4844970703125,173.25183,473.6228
357.38258361816406,0.5369415283203125,170.35349,471.0317
358.83599853515625,0.0300750732421875,172.22827,470.9529
351.41944122314453,1.539398193359375,181.76488,470.8454
353.64708709716797,-5.096435546875,189.99806,477.583
352.5376892089844,-7.9947509765625,198.99933,480
356.1012725830078,-10.2186279296875,205.19919,480
355.99402618408203,-9.60205078125,212.12218,480
364.6855239868164,-8.355545043945312,208.96135,479.15482
372.0753860473633,-7.586395263671875,209.51707,479.79352
379.4165725708008,-2.1332855224609375,212.17662,471.73752
389.39745330810547,-4.4407958984375,209.01344,472.06384
399.87259674072266,-3.690673828125,204.17216,478.00085
408.53343200683594,3.1419219970703125,201.413,466.5621
416.36942291259766,1.9156341552734375,198.40984,468.7056
425.9105224609375,0.8517303466796875,195.05298,468.44095
430.58809661865234,0.319061279296875,192.02766,473.2906
436.32574462890625,0.74884033203125,187.42822,469.75452
440.3348083496094,1.6207122802734375,185.20074,473.08426
446.17940521240234,2.1597747802734375,184.57198,468.66653
455.44151306152344,0.6815338134765625,176.36649,471.87692
460.0925598144531,-2.121551513671875,171.70111,474.95355
468.3313674926758,-2.147064208984375,162.99998,478.08405
477.5888977050781,-0.367523193359375,151.06537,475.27496
482.66919708251953,0.728515625,145.4658,473.6233
488.39276123046875,3.15985107421875,144.31177,476.96265
485.18331146240234,3.22760009765625,147.00008,474.75867
484.89781951904297,3.083343505859375,145.91762,473.44537
499.4808349609375,4.2000885009765625,136.9945,467.78537
496.056640625,4.051300048828125,140.61255,466.26898
508.1888198852539,6.2171630859375,130.8134,465.27625
520.9043197631836,4.7397918701171875,119.821976,461.17447
492.4762649536133,6.498779296875,142.2003,471.00964
490.5640335083008,8.492156982421875,143.20518,477.12225
486.34754943847656,6.076690673828125,150.36435,479.39948
481.8127670288086,9.517471313476562,153.9471,471.10007
481.5040054321289,8.929595947265625,149.05034,470.2823
472.8814239501953,9.339813232421875,157.55588,473.62018
498.8124694824219,8.954864501953125,136.6203,475.21075
529.3385963439941,5.2079010009765625,117.6762,478.25632
527.35546875,5.2105712890625,114.52197,470.18518
526.0315551757812,8.378128051757812,116.33252,465.88474
522.1198196411133,4.069915771484375,119.85252,467.24127
524.203296661377,6.9047088623046875,123.132225,467.6879
523.3152770996094,4.7516326904296875,120.53717,467.38907
522.7541618347168,8.434600830078125,123.06931,465.34662
523.951831817627,7.7742919921875,120.68313,466.68958
529.949089050293,4.6715545654296875,116.407486,466.0756
527.3528861999512,4.9326019287109375,120.11881,467.32413
527.3469047546387,5.20587158203125,121.4755,466.71277
519.6674003601074,10.591949462890625,124.23148,460.00714
506.98949432373047,8.473922729492188,134.95143,462.04227
491.06656646728516,4.87957763671875,145.8051,469.03186
481.79429626464844,8.036026000976562,152.8511,467.74704
471.39525604248047,3.8632354736328125,160.34352,472.96127
454.0898742675781,-6.2305145263671875,174.86932,477.9116
443.5025329589844,-3.0615692138671875,173.0401,473.57236
438.0463104248047,-4.2955780029296875,167.34012,476.82065
423.95177459716797,-4.1397705078125,165.67311,474.60925
413.59119415283203,-6.14031982421875,168.10704,474.09436
396.4270935058594,-0.9363555908203125,172.25934,468.3705
386.7964630126953,-0.8348236083984375,168.58298,468.83444
378.7322235107422,1.296875,169.02444,465.63672
372.10557556152344,3.2285919189453125,163.63162,462.7114
367.3235092163086,2.542999267578125,158.58052,466.04498
353.30411529541016,0.38970947265625,158.9876,467.7943
340.5406188964844,-1.12762451171875,166.45514,467.58313
332.61275482177734,0.7155914306640625,166.17647,463.457
319.44837188720703,0.071929931640625,174.5543,468.1457
309.52140045166016,-0.55731201171875,181.83427,465.68896
298.3647003173828,-1.0931549072265625,181.7828,465.1027
290.47118377685547,-1.1421966552734375,180.54823,467.06015
279.2611770629883,-3.1351318359375,184.65172,469.48608
265.6979293823242,-6.136566162109375,195.63808,478.34894
246.9748992919922,-2.8076171875,207.12906,470.99683
239.96100616455078,-0.2831573486328125,210.65965,473.41617
221.6680450439453,1.2633514404296875,228.9039,471.45145
214.7315673828125,0.33203125,245.94897,472.5061
213.57147216796875,1.0704193115234375,239.81482,471.3455
208.08402252197266,-3.6541748046875,236.42021,477.35986
205.57569885253906,5.0994110107421875,230.35117,463.1675
203.10790252685547,-1.6735687255859375,219.49037,473.13913
195.91724395751953,1.9248046875,219.34447,469.35962
185.49248504638672,1.452178955078125,218.49672,468.61322
171.89324951171875,-2.6953277587890625,214.74329,475.36246
165.41645050048828,-3.799896240234375,204.71275,477.78546
150.88335418701172,0.535003662109375,200.73671,473.04266
144.3959503173828,-1.1652679443359375,197.02267,476.38242
137.98772430419922,-2.4566192626953125,191.86354,470.32608
130.12853240966797,-5.588470458984375,191.07533,476.3576
130.66139221191406,-6.4913330078125,185.88718,479.04944
122.16310119628906,-7.05535888671875,181.71506,480
130.934814453125,-5.54058837890625,168.78333,479.24548
122.73804473876953,-2.8868408203125,170.1826,480
99.1604995727539,-6.4600830078125,189.0236,480
114.16930389404297,-9.719070434570312,172.47414,479.73038
115.12309265136719,-5.3496856689453125,168.83951,475.82144
112.20280456542969,-8.48876953125,167.7089,480
106.85082244873047,-6.38385009765625,165.64857,480
94.36808776855469,-7.29766845703125,168.71988,480
78.63656616210938,-5.77960205078125,173.59674,480
72.15472412109375,-5.54949951171875,174.00818,480
60.242652893066406,-1.7303314208984375,184.06572,472.6024
50.53485870361328,-4.4001617431640625,196.90013,479.4567
44.01008605957031,-5.1671142578125,201.67453,480
23.302528381347656,-3.344818115234375,212.0529,478.28815
4.449470520019531,-0.79638671875,228.74986,480
4.0381317138671875,2.468963623046875,220.73001,478.20612
1.9945144653320312,-0.746673583984375,202.73485,478.33148
3.6831130981445312,-2.7288970947265625,190.19029,479.949
0.03699493408203125,-1.2754058837890625,169.32591,475.4003
-2.506500244140625,-1.850372314453125,158.29974,478.79303
4.379570007324219,-2.5614166259765625,142.65822,477.07217
-1.5473480224609375,0.166778564453125,143.46701,471.84125
-1.4104843139648438,0.1597442626953125,133.11858,475.8829
-3.4918975830078125,-0.2917022705078125,127.46829,474.38333
-3.6815032958984375,1.38677978515625,132.7999,472.4751
-2.4173965454101562,1.494232177734375,132.56575,471.24713
-2.9229965209960938,1.960601806640625,130.93376,468.7801
-4.667747497558594,0.3978729248046875,136.90349,468.5336
-8.34075927734375,5.893096923828125,125.41699,461.2636
-9.257389068603516,14.561203002929688,120.45411,454.33316
-8.624237060546875,25.737625122070312,115.89862,444.27
-12.800418853759766,49.771514892578125,109.96998,424.14166
-2.2379379272460938,42.750335693359375,126.04253,436.8897
-1.0436744689941406,40.75996398925781,126.95881,424.0411
-7.940700531005859,49.622100830078125,119.53826,424.86554
-6.821075439453125,57.81059265136719,119.735535,420.7227
-15.487289428710938,59.64337158203125,107.508026,418.4458
-11.910747528076172,70.96012878417969,100.90951,403.85562
-11.684761047363281,38.2086181640625,106.10335,438.4845
-9.26230239868164,25.179656982421875,111.48731,445.61676
-9.418903350830078,10.240081787109375,106.77512,465.4417
-2.2873153686523438,21.89984130859375,110.34459,450.5658
-9.844131469726562,4.7085418701171875,123.832245,466.79544
-6.785133361816406,28.995132446289062,137.4994,449.6251
5.6936492919921875,33.52342224121094,164.38669,437.43607
-2.0398025512695312,16.510635375976562,172.96724,460.0693
0.21836090087890625,0.408416748046875,196.65623,475.03363
-0.829132080078125,-6.0208740234375,224.63452,472.98682
18.003257751464844,-0.865692138671875,214.78163,472.2458
30.352630615234375,-4.6457366943359375,223.37585,474.75046
40.00505065917969,-4.5853271484375,225.52902,477.71594
58.619476318359375,-5.3734893798828125,240.32483,476.60233
72.4753189086914,-3.5654449462890625,231.09105,461.9999
88.73091125488281,-5.45343017578125,235.8406,480
101.089111328125,-4.0169830322265625,256.24103,475.04166
100.21393585205078,2.9472198486328125,242.70866,471.07053
98.8074951171875,-0.772216796875,261.84296,480
125.99185943603516,2.1558990478515625,223.1234,473.4891
126.31280517578125,-2.36041259765625,234.36652,480
135.4084701538086,-4.1314697265625,220.6913,480
149.61577606201172,-4.7761993408203125,211.76765,479.69656
170.45162963867188,-6.53399658203125,198.25745,480
186.69898986816406,-3.192291259765625,189.82535,474.32916
202.7093505859375,-0.9020843505859375,176.82465,468.22104
216.28228759765625,-0.0802459716796875,177.10187,466.9188
220.59976959228516,-4.0494537353515625,182.55602,472.12234
231.013427734375,-3.2276458740234375,186.48529,472.43588
232.52962493896484,0.0254058837890625,195.39064,464.91086
246.23297882080078,-1.952362060546875,193.18852,467.53754
254.37947845458984,0.4648590087890625,196.51003,466.61923
261.4271240234375,0.2775115966796875,203.492,474.63248
265.24566650390625,-1.1739654541015625,222.2221,468.73196
274.0534896850586,0.69256591796875,222.8379,466.9756
281.79361724853516,2.5312957763671875,219.42284,466.45743
292.1153335571289,-1.508026123046875,219.52391,470.35565
297.1647186279297,-0.7357025146484375,208.84836,467.58896
301.0754699707031,-0.1967926025390625,211.2511,469.6072
308.1342468261719,0.03533935546875,206.81384,468.05945
310.1123275756836,-2.84814453125,194.90822,472.3916
314.23277282714844,-4.7440948486328125,187.18942,477.26614
320.74974822998047,-0.8882293701171875,159.80574,469.2413
318.3848342895508,-3.741546630859375,168.72124,471.93158
311.60401916503906,-0.8862152099609375,175.80911,467.2462
296.35684967041016,-2.0458221435546875,191.87376,472.21994
279.2095184326172,-6.9651336669921875,208.17258,478.8198
282.06089782714844,-3.4352264404296875,211.11325,470.94406
273.3239974975586,-7.8494873046875,218.0088,480
273.4117431640625,-7.88360595703125,216.00433,480
279.49401092529297,-8.22344970703125,211.66963,477.92456
276.0945281982422,-4.15350341796875,206.45908,468.5017
267.84080505371094,-8.6849365234375,209.61752,478.51733
253.83780670166016,-5.3484954833984375,214.66197,477.53195
236.9654541015625,-1.4991607666015625,231.42511,474.17923
231.73998260498047,-4.9530029296875,230.61348,480
225.0156021118164,-1.8827362060546875,237.64134,473.55222
225.87323760986328,-3.6737518310546875,223.99712,475.34714
222.54920196533203,-7.5095977783203125,219.63579,479.86234
220.43444061279297,-7.709716796875,210.23653,480
221.24244689941406,-5.284759521484375,198.0845,475.326
213.68878173828125,-5.073638916015625,189.55853,474.9416
214.88275146484375,-2.441253662109375,198.20612,476.39557
208.18195343017578,-4.3010711669921875,185.12224,476.49265
203.52742767333984,-0.94775390625,189.87697,471.20325
195.56253814697266,-3.3526611328125,183.00548,475.25623
189.67135620117188,-3.047149658203125,188.41895,472.367
191.31153106689453,-0.0778045654296875,177.21465,463.9149
181.6190643310547,-3.347991943359375,180.67197,468.6131
182.03234100341797,-0.2091522216796875,175.94759,469.78085
170.59796905517578,-4.44580078125,179.95341,480
166.49752807617188,-2.2713470458984375,177.25085,478.264
163.03644561767578,-1.7590484619140625,173.08269,475.96878
161.5541763305664,-1.1810150146484375,160.05968,472.1987
148.90380096435547,-1.504241943359375,160.84688,470.32343
141.61383056640625,-2.632843017578125,159.32233,472.94757
131.62801361083984,-2.2648468017578125,161.15578,474.31497
119.57017517089844,1.9352569580078125,165.81113,469.5693
106.12166595458984,-0.7503814697265625,173.32362,470.21292
96.22933197021484,-1.23565673828125,190.08485,469.84448
87.94331359863281,-1.506561279296875,196.69193,470.32147
74.90198516845703,-4.2566986083984375,212.42705,471.11484
62.295623779296875,-4.7787933349609375,222.96814,474.0145
53.281349182128906,-9.450408935546875,223.48314,478.4688
48.57221221923828,-2.6201019287109375,218.62956,473.16306
47.270538330078125,-1.5038299560546875,218.49829,473.17673
39.0084228515625,-10.26739501953125,229.49371,480
30.887489318847656,-6.1469573974609375,227.24571,475.04453
17.688941955566406,-2.992401123046875,220.72728,474.89032
5.631294250488281,-10.39593505859375,225.42094,480
-0.11322021484375,-4.9373931884765625,215.66559,478.1276
-0.37957000732421875,-3.6407470703125,200.9533,471.8413
-2.2093963623046875,-6.8169403076171875,201.33731,477.744
-3.9363250732421875,-6.3082733154296875,191.07742,474.2595
-4.450843811035156,-4.197174072265625,187.16933,466.06342
-3.87286376953125,-2.3512725830078125,178.10114,467.60953
-1.15692138671875,6.5729522705078125,176.28912,461.25766
-3.7237930297851562,-3.6879730224609375,182.48854,472.29745
-4.553092956542969,4.068939208984375,187.75542,462.1347
-3.7251129150390625,2.95025634765625,192.61191,466.08655
-8.357276916503906,4.62335205078125,188.9745,464.9922
-1.9670333862304688,0.55859375,198.71843,472.57104
-4.8623504638671875,5.25531005859375,215.41812,466.4557
-0.20650482177734375,-0.7946014404296875,195.29979,474.21518
6.1537933349609375,-2.8609466552734375,195.41757,476.31125
0.5295867919921875,-6.15087890625,193.10507,480
5.729248046875,-5.827423095703125,192.49213,478.82086
5.098991394042969,-8.913360595703125,193.55562,478.51422
16.371994018554688,-11.088241577148438,185.14291,477.26987
14.595046997070312,-6.686767578125,185.37405,480
21.945594787597656,-7.7869873046875,180.51756,479.27307
23.35065460205078,-4.50714111328125,180.55144,480
24.742385864257812,-4.129150390625,179.71353,479.8191
40.80780792236328,-2.21246337890625,174.3051,477.0078
51.579254150390625,-4.1783447265625,171.34155,477.16333
63.61213684082031,-0.5514373779296875,171.3052,473.50803
76.64229583740234,2.56500244140625,167.86916,472.70312
88.70406341552734,1.959625244140625,167.10744,471.59796
99.19617462158203,-1.536773681640625,166.56377,474.47455
112.69866943359375,4.2027740478515625,164.4643,467.12204
131.35115814208984,-0.4534454345703125,159.85475,472.5779
144.3497543334961,0.5955352783203125,156.16432,474.7313
153.6829833984375,0.0842437744140625,158.89545,477.8138
169.1540298461914,0.5843505859375,154.49217,472.7163
188.5550994873047,-2.78192138671875,149.69662,475.95728
198.30594635009766,0.472686767578125,153.1345,471.6645
212.85350036621094,-2.2957000732421875,157.18503,473.2043
228.58811950683594,0.0749664306640625,149.77158,469.7491
242.86844635009766,0.5643768310546875,145.6317,467.5955
254.27904510498047,2.50592041015625,147.13045,466.16443
265.26195526123047,1.0465545654296875,152.24312,467.04153
274.0800018310547,0.70159912109375,153.31601,469.9879
279.66146087646484,1.30316162109375,157.93825,471.214
287.49723052978516,4.1061859130859375,166.99461,465.58
291.21165466308594,1.1102142333984375,180.68234,473.62015
301.5030822753906,1.8535614013671875,187.52075,469.20816
307.8513641357422,-0.598114013671875,192.74643,472.49408
317.17052459716797,-0.32147216796875,184.6501,472.70032
318.14979553222656,-0.20770263671875,182.94315,473.62695
320.0209426879883,-1.2951507568359375,181.23943,475.0604
324.1859893798828,-0.433868408203125,177.28079,471.5832
326.48931884765625,-4.37518310546875,177.6225,480
327.73585510253906,-1.072235107421875,176.48038,470.79584
329.8400421142578,-1.50909423828125,179.3483,472.4397
332.2284927368164,2.5173797607421875,184.5067,472.8776
338.61202239990234,-2.7238616943359375,185.02089,473.2108
340.86741638183594,-1.4308319091796875,190.1655,474.1301
346.7247085571289,0.136962890625,191.04124,472.4663
351.43421173095703,0.229034423828125,195.19865,476.7868
345.60872650146484,1.2666778564453125,212.30885,469.63913
356.17394256591797,-3.74835205078125,205.84639,476.22913
353.3221969604492,-0.638397216796875,214.59981,468.15875
352.70680236816406,-5.102935791015625,216.06314,477.80927
363.9705810546875,-1.77862548828125,206.10004,475.69092
365.94559478759766,-4.1105194091796875,203.68407,474.23727
373.499267578125,-6.4447174072265625,196.7619,479.04666
364.90814208984375,-3.004638671875,204.87042,471.28455
363.99000549316406,-5.1040496826171875,199.44754,475.08078
359.6580047607422,-4.5169677734375,193.16318,473.82886
353.19776153564453,-5.754425048828125,187.72319,477.3896
342.4215850830078,-3.146331787109375,185.814,473.96954
337.93701934814453,-3.0162506103515625,181.13652,473.29886
327.3405303955078,0.051849365234375,177.90848,472.56732
318.97923278808594,-2.0870208740234375,172.04123,472.18698
309.13438415527344,-1.55133056640625,169.34372,472.2245
299.1945266723633,0.03533935546875,167.74321,472.74817
290.11473846435547,-1.719268798828125,166.32088,475.50372
279.6046676635742,3.2730560302734375,169.87471,471.63577
272.64268493652344,-0.026519775390625,166.01462,477.22687
265.9619369506836,-2.6792144775390625,165.38979,476.36063
258.2164764404297,1.6459503173828125,165.42734,474.95615
248.22309112548828,0.621856689453125,171.78606,477.919
245.72129821777344,1.3274688720703125,171.405,476.0842
244.72367095947266,-1.8076019287109375,168.68126,475.2899
239.18167114257812,0.7265167236328125,164.25061,469.18356
235.29109954833984,-2.2656707763671875,162.04298,468.21042
231.42935180664062,4.2315521240234375,156.80884,453.4832
225.90416717529297,-3.3506011962890625,159.33662,459.48856
221.00704956054688,2.019012451171875,153.28918,449.19196
212.36231231689453,2.4604339599609375,151.87871,451.86453
200.41475677490234,-0.9450225830078125,151.58632,451.69522
191.76156616210938,1.418914794921875,146.83826,448.9229
181.92840576171875,1.0506591796875,147.6994,446.40344
169.99488067626953,2.535552978515625,149.42473,449.8802
157.06644439697266,-0.104034423828125,156.76988,452.59784
150.33863830566406,-0.599395751953125,164.39261,451.72723
139.20233917236328,1.4791717529296875,173.1707,447.52432
128.47889709472656,-0.217498779296875,174.16946,451.825
118.75470733642578,2.6420440673828125,171.28032,449.14658
110.7904052734375,0.6740570068359375,171.84003,453.84842
102.4210433959961,0.9701385498046875,169.70375,458.18326
91.0003433227539,2.4918060302734375,172.55138,459.32816
73.25613403320312,3.1336212158203125,177.51733,458.76144
73.21324920654297,-0.9949493408203125,171.34407,461.39053
59.80091857910156,-1.8078460693359375,175.50833,462.58517
51.808441162109375,1.4731597900390625,177.10632,462.51596
41.21784973144531,-1.8473358154296875,179.71622,464.67734
28.65570068359375,-1.97747802734375,184.06622,468.4574
18.587966918945312,-2.84149169921875,183.39029,466.20142
3.7860031127929688,-3.1458740234375,189.93245,468.6869
0.523468017578125,-3.397308349609375,182.9143,475.5645
-3.2602005004882812,-0.5106048583984375,177.57442,471.06625
-4.541618347167969,-1.60986328125,172.68669,474.24744
0.35638427734375,1.8714447021484375,163.78766,469.1962
-7.7812957763671875,-0.0500030517578125,165.42325,474.96207
-0.311676025390625,-4.00848388671875,153.5116,480
1.232666015625,0.47760009765625,142.80414,478.54907
-0.5032958984375,0.2496337890625,129.195,474.89978
-2.4936866760253906,1.4696197509765625,118.717415,468.9117
-3.234027862548828,0.4680328369140625,109.044655,473.6086
-4.013469696044922,0.98046875,118.62197,474.8993
-4.397480010986328,-2.0720062255859375,106.72813,475.2501
-6.7308807373046875,3.693634033203125,108.58377,471.0799
-6.969390869140625,3.8639373779296875,102.5365,470.31155
-8.216178894042969,3.95556640625,98.990036,468.2224
-6.346839904785156,6.0784759521484375,96.74989,460.85464
-8.162033081054688,3.5206298828125,94.80203,472.34265
-8.65665054321289,2.2339019775390625,94.62745,469.0045
-9.380378723144531,6.881195068359375,95.461624,467.97565
-10.478504180908203,4.1010284423828125,96.09196,464.6058
-11.23031997680664,5.3677215576171875,96.22596,469.86404
-4.370540618896484,6.1631622314453125,105.6242,462.95346
-3.6220016479492188,5.0672454833984375,121.32378,464.68484
-4.187774658203125,2.9177703857421875,131.29407,474.5126
-4.905509948730469,-0.6405029296875,145.5501,480
-1.2111663818359375,-0.2840576171875,153.48892,477.97583
0.81219482421875,-4.9629058837890625,163.6214,478.0934
-1.0825119018554688,-0.87322998046875,177.81047,469.3534
1.377227783203125,-2.07159423828125,184.03821,467.79578
4.74139404296875,-5.937103271484375,190.58453,472.2868
15.154151916503906,-6.9767608642578125,189.75963,472.0541
35.33167266845703,-2.0532684326171875,177.21574,460.78964
49.55022430419922,0.35723876953125,172.01802,449.1869
57.35320281982422,-0.3059844970703125,170.82979,454.12088
70.18781280517578,-0.632049560546875,167.60466,446.55756
78.1231918334961,-1.2272186279296875,167.96498,448.82773
91.2701187133789,-0.2752227783203125,164.51573,442.88138
103.03654479980469,1.199493408203125,163.20615,442.19513
113.36597442626953,2.3882293701171875,163.90434,439.12833
130.1962432861328,2.7685546875,157.75137,437.68494
137.36205291748047,2.1828765869140625,157.45015,440.2501
146.7298812866211,2.915863037109375,155.27614,440.16632
154.0048370361328,5.645782470703125,157.55838,437.00677
165.19776153564453,6.39715576171875,156.08195,435.1609
178.0289077758789,5.721221923828125,153.41747,433.13446
187.40467834472656,5.9402618408203125,151.9838,435.6119
191.75848388671875,6.626190185546875,157.73859,432.80194
208.22394561767578,6.361572265625,152.59196,432.2766
219.51742553710938,5.8241729736328125,154.2688,432.7739
232.32772064208984,5.7422027587890625,153.87221,433.67587
241.02781677246094,4.7276458740234375,158.01901,433.94986
244.3348617553711,4.339996337890625,156.70131,434.2525
238.73975372314453,1.997406005859375,158.15666,434.8864
239.05055236816406,2.5994415283203125,161.77615,432.99863
234.73461151123047,3.588134765625,167.9598,431.99133
235.38492584228516,4.5669097900390625,167.98436,432.71103
242.14906311035156,4.246795654296875,165.24576,433.29034
238.61865234375,3.775299072265625,167.70807,430.2801
242.78272247314453,2.532989501953125,166.02129,431.04437
241.80245971679688,4.017913818359375,164.83313,429.35992
252.85293579101562,3.2991180419921875,158.16174,424.13553
255.18012237548828,1.9122772216796875,150.87334,422.01663
261.04247283935547,1.981475830078125,148.25887,419.3338
260.9503707885742,-1.6872711181640625,145.85432,424.934
264.4664535522461,-2.10845947265625,143.67604,423.38953
262.47508239746094,-4.0843505859375,140.45956,421.53357
264.9976119995117,-4.490692138671875,138.19734,424.3957
263.36255645751953,-3.8306732177734375,137.52617,425.4232
261.8718490600586,-7.169647216796875,136.28102,427.32928
260.02291107177734,-5.2200164794921875,133.8694,425.9785
258.30152130126953,-2.607757568359375,133.50334,424.9698
257.93274688720703,-2.3165740966796875,130.91435,425.01743
254.36603546142578,-3.7413330078125,132.22502,426.14087
252.76473236083984,-1.8847503662109375,132.98854,424.96445
253.35826873779297,-0.6543426513671875,133.33308,421.99606
247.08912658691406,3.8056640625,137.36783,419.35535
251.13995361328125,5.5537109375,133.80634,419.3152
243.05973052978516,4.0555419921875,141.88634,421.062
248.0803451538086,4.9418487548828125,137.94594,420.84274
242.0087890625,6.6345062255859375,143.82953,421.0048
247.71556091308594,8.2857666015625,138.95432,418.7047
245.03226470947266,8.94268798828125,142.4818,417.15417
246.60671997070312,8.47540283203125,141.95886,416.1637
249.8156280517578,6.4705657958984375,139.2266,415.49393
245.47855377197266,8.786087036132812,143.29613,414.5858
244.97736358642578,5.79205322265625,145.56401,415.76953
246.21512603759766,9.087478637695312,144.38744,411.2739
246.05250549316406,10.702728271484375,144.15128,409.6695
246.4341049194336,11.562484741210938,140.03993,404.69766
245.4804458618164,16.940277099609375,139.02208,398.59283
247.16974639892578,18.391845703125,136.7299,394.69556
243.10195922851562,21.5831298828125,136.75635,392.13794
246.8200454711914,26.263336181640625,132.37633,386.68402
241.32232666015625,26.604766845703125,133.76978,388.98444
243.21971893310547,30.325363159179688,131.03908,389.76712
239.6254653930664,33.320587158203125,134.00786,388.721
244.17586517333984,35.40510559082031,131.76253,387.56284
242.39683532714844,37.0977783203125,133.4484,388.61694
246.37960815429688,38.28419494628906,131.79779,387.2164
243.79239654541016,38.67970275878906,134.20146,389.06247
245.56370544433594,40.47859191894531,133.4191,385.84433
246.82672119140625,42.08442687988281,132.79541,385.62704
245.09555053710938,42.85888671875,134.52814,383.1715
245.33013153076172,40.7762451171875,133.74953,384.34265
249.31592559814453,41.770721435546875,130.28404,384.58466
248.5087661743164,40.4521484375,131.70665,382.49622
246.42884826660156,37.18461608886719,134.51193,386.2894
248.7213897705078,36.84367370605469,129.18661,386.07602
247.86930084228516,37.33099365234375,134.17558,387.9406
249.22649383544922,39.56584167480469,130.82741,382.45627
249.78709411621094,37.50505065917969,132.67056,385.66782
249.50980377197266,35.67425537109375,135.26518,386.95795
250.60382843017578,38.359161376953125,137.85643,382.3125
246.3017349243164,34.63951110839844,139.40068,385.51474
248.82781982421875,39.92674255371094,142.42029,382.36618
247.25588989257812,40.6041259765625,143.65985,380.8908
253.74009704589844,39.74440002441406,139.88321,379.65726
248.48925018310547,41.00651550292969,144.25722,375.77707
249.8184356689453,41.124725341796875,146.2015,374.27405
249.04522705078125,41.943878173828125,141.43103,372.0724
257.0066452026367,44.60398864746094,138.14589,366.2814
258.6768264770508,40.58013916015625,133.4116,369.14874
256.90486907958984,37.304290771484375,134.21498,374.9312
257.73316192626953,39.99005126953125,131.6898,374.3275
249.25130462646484,34.49577331542969,136.32814,373.99155
265.54920196533203,36.36024475097656,122.85649,373.56595
261.93688201904297,29.973526000976562,120.73195,378.0457
261.54201889038086,35.3665771484375,120.71027,377.01807
256.18414306640625,34.82124328613281,124.932556,381.90378
258.68363189697266,37.23797607421875,124.63988,380.08368
265.4500427246094,33.89686584472656,117.60681,381.70444
262.2390670776367,39.6531982421875,119.31459,380.9579
262.61059951782227,41.852996826171875,119.67272,376.4864
255.18108367919922,41.38697814941406,126.56441,380.59036
264.5850028991699,44.05699157714844,120.50053,369.19833
260.75220489501953,43.51750183105469,122.034225,378.16666
250.70270538330078,42.05766296386719,130.12688,381.06363
248.42374420166016,45.87617492675781,130.9052,371.8597
253.24874877929688,41.55778503417969,125.91528,380.88876
244.2417221069336,44.970489501953125,133.34944,372.9018
258.4348335266113,46.55010986328125,118.75765,374.80255
254.0056610107422,43.81578063964844,121.40329,371.89066
254.72839736938477,41.14849853515625,123.56426,371.00256
248.61690521240234,42.65870666503906,131.08693,365.91653
245.40989685058594,43.9541015625,133.39487,362.50598
243.96514129638672,40.43878173828125,137.27827,364.60547
254.61976623535156,45.0806884765625,127.55191,356.88507
253.88754272460938,42.78973388671875,123.99292,356.40308
242.825439453125,41.73017883300781,135.09125,360.04715
249.14813232421875,47.291046142578125,130.11884,350.22864
254.39966201782227,44.26667785644531,119.88763,352.76138
255.96223068237305,43.66990661621094,116.4221,354.87515
253.2861328125,43.09135437011719,116.0686,356.43784
243.25112915039062,40.95903015136719,124.26306,357.38254
250.4297981262207,43.484619140625,117.47335,355.91583
248.64409637451172,44.55235290527344,115.95613,356.23343
250.12521743774414,40.852813720703125,112.21313,358.97913
248.60143280029297,43.91056823730469,112.94179,355.62595
248.79607391357422,43.845794677734375,112.880875,354.77106
249.81499862670898,40.12388610839844,109.16523,357.14133
249.84777450561523,40.91062927246094,109.70551,357.3508
243.15624237060547,38.9151611328125,114.50557,358.52618
248.64374542236328,38.483978271484375,108.931076,354.84338
237.67384719848633,35.75927734375,117.84316,357.0077
246.0860481262207,36.349853515625,110.87917,358.36676
235.76198196411133,37.99925231933594,119.86654,352.7438
245.0970573425293,37.55683898925781,109.23588,353.22604
239.4043731689453,36.266265869140625,115.49643,357.51324
241.1945571899414,39.03118896484375,113.21745,353.0973
237.10713577270508,37.857269287109375,116.63821,353.5232
234.15042114257812,38.68220520019531,119.70227,356.27225
239.88560104370117,40.21382141113281,112.65983,350.88004
231.22822189331055,42.187835693359375,122.28745,351.95367
229.81869506835938,41.04994201660156,124.44238,348.34116
225.50785064697266,39.72727966308594,128.25468,348.12332
229.0438461303711,39.614837646484375,124.10603,343.3897
222.71878814697266,39.433868408203125,130.8137,343.9027
224.6370735168457,39.233856201171875,127.733116,341.35596
224.7158660888672,39.585418701171875,128.34244,342.89832
223.411376953125,41.03620910644531,129.48041,339.6973
229.36198806762695,42.76799011230469,123.07125,335.27225
222.33749389648438,40.39216613769531,128.2378,333.00986
232.84388732910156,39.46992492675781,117.40451,328.9725
224.16216278076172,38.12672424316406,121.940994,334.8519
228.7006950378418,35.85826110839844,115.421364,329.45932
230.25687789916992,33.80937194824219,112.19981,329.845
224.20411682128906,32.44964599609375,116.22995,325.79663
225.89451599121094,29.7559814453125,113.24155,329.65955
225.6132698059082,28.866165161132812,115.22268,332.16983
224.54500198364258,25.18902587890625,113.99685,332.63116
222.2355079650879,26.00396728515625,113.27264,332.41724
215.21622467041016,19.9312744140625,120.34044,336.63586
217.22062301635742,24.679489135742188,117.39524,332.20493
211.6661605834961,27.689254760742188,118.77016,328.51846
213.3217544555664,30.252334594726562,117.08104,328.91806
208.75110244750977,28.599197387695312,117.056816,331.54507
205.51483917236328,28.498031616210938,117.1068,328.2441
205.122314453125,26.811904907226562,113.62396,330.71396
204.984375,30.517074584960938,113.255066,329.65524
206.09951400756836,37.759033203125,109.15937,321.8897
201.80834197998047,40.48014831542969,112.1664,324.17612
205.34327697753906,39.609039306640625,108.69241,325.2751
198.7331085205078,44.60063171386719,112.79483,323.007
198.28472518920898,39.63871765136719,114.24598,330.5731
195.38879013061523,50.74650573730469,115.89564,324.75113
196.6858787536621,51.852081298828125,116.05488,323.04938
200.47059631347656,51.50115966796875,112.217926,326.14703
196.65328216552734,50.28974914550781,119.47145,326.8021
197.2631492614746,50.63368225097656,119.37257,322.03152
198.1440086364746,51.340301513671875,111.34333,324.6305
198.19136428833008,54.267852783203125,112.14596,325.7802
201.88818740844727,52.53453063964844,102.79949,330.96878
199.3027687072754,54.495452880859375,97.55224,332.21924
202.85010528564453,61.451324462890625,88.44945,329.87506
198.38511657714844,55.917633056640625,90.4252,340.78143
197.0464859008789,64.62548828125,87.42131,333.97894
198.21925354003906,64.44096374511719,86.73459,337.44394
189.3818016052246,61.99241638183594,92.12318,342.71304
192.8736915588379,67.88064575195312,87.50451,337.97003
194.26179122924805,71.90435791015625,87.63096,334.84314
191.39160537719727,70.25624084472656,93.66613,337.88138
190.4859161376953,68.14886474609375,99.38663,338.6988
191.84739685058594,64.85696411132812,103.282684,342.30243
195.32270050048828,64.53474426269531,103.40196,340.16623
198.93972396850586,60.81231689453125,102.32697,342.14575
196.00593948364258,60.82707214355469,106.8027,341.176
196.2438087463379,61.15203857421875,106.79583,343.5111
194.59813690185547,59.60894775390625,108.09328,344.2574
194.0655746459961,58.6961669921875,108.25191,344.64105
188.02524185180664,52.03846740722656,113.21526,351.77866
184.3976173400879,54.93263244628906,115.03942,347.5518
192.37205505371094,53.272216796875,107.928314,348.64294
187.63110733032227,51.366729736328125,111.64922,350.78076
185.74588775634766,49.69514465332031,112.38481,352.5392
193.09982681274414,50.501220703125,105.639946,348.99573
184.2852554321289,50.49037170410156,115.50279,351.79044
188.87711334228516,47.6064453125,111.78313,351.12012
184.21289825439453,47.44401550292969,119.71098,359.98587
194.33989334106445,47.93846130371094,112.784935,356.62643
188.55912017822266,48.058990478515625,122.08501,358.4096
199.1007423400879,49.41473388671875,116.15276,353.4834
193.09905242919922,45.40020751953125,127.60164,357.95062
192.98270416259766,47.60069274902344,134.66753,362.6414
192.34561157226562,49.50331115722656,135.4242,355.14127
190.83303833007812,49.865325927734375,139.7331,362.6654
196.68160247802734,47.276397705078125,133.45576,362.69806
199.8222885131836,47.62290954589844,134.1858,362.54758
202.61743927001953,45.3314208984375,131.47343,363.78906
204.11251068115234,42.754669189453125,129.28633,366.9779
204.6552963256836,42.16850280761719,131.52034,373.16733
208.09182739257812,38.80513000488281,128.5589,375.01828
204.13593292236328,40.639068603515625,131.57573,373.41998
208.54021453857422,38.42192077636719,129.02687,377.80942
209.2340087890625,38.37115478515625,130.40088,376.74963
210.59484100341797,38.82257080078125,130.44588,377.73315
210.0119171142578,38.783843994140625,130.91074,379.31067
210.61751556396484,38.08427429199219,130.97768,380.11038
209.07605743408203,36.277923583984375,133.98051,384.6643
207.0965118408203,34.19892883300781,134.01859,387.6553
212.6798095703125,36.411468505859375,129.33368,381.65015
210.64051818847656,35.03324890136719,130.73007,382.4893
212.214111328125,34.629791259765625,129.58759,387.4278
210.06906127929688,30.510406494140625,131.05768,390.0113
214.24668502807617,31.811019897460938,126.718544,387.0862
209.1973114013672,29.588226318359375,130.88321,387.01233
207.3322296142578,27.666458129882812,133.62631,391.8571
212.9363021850586,25.182601928710938,128.80269,388.96628
219.26110458374023,23.052963256835938,123.1222,391.70676
218.95655059814453,18.190719604492188,123.4597,399.42526
214.008056640625,22.382949829101562,129.72986,394.9279
215.75080108642578,17.794540405273438,129.15599,396.09006
217.78897857666016,19.259384155273438,128.04448,397.1395
216.87744903564453,9.842926025390625,129.1638,405.62927
209.168212890625,12.234329223632812,136.31104,405.77554
194.20885467529297,10.574295043945312,148.14613,403.50552
203.39120483398438,5.190887451171875,138.85065,414.1493
195.54234313964844,8.585372924804688,148.31375,413.19272
199.8678741455078,8.379058837890625,140.39853,415.37805
191.86026763916016,7.26171875,144.6624,416.10712
177.9459686279297,8.947052001953125,157.67874,415.24023
183.47980499267578,8.358856201171875,150.12181,418.55786
182.44107818603516,11.145843505859375,149.63383,419.00354
176.49860382080078,8.012893676757812,152.17833,424.10562
193.98987579345703,12.013717651367188,134.22765,419.67123
185.07301330566406,8.937454223632812,143.53818,423.1686
191.9411849975586,9.964447021484375,135.9427,421.47363
188.86167907714844,10.261871337890625,138.88089,422.65686
189.62161254882812,6.153564453125,138.32123,428.79633
185.23311614990234,6.8622894287109375,142.03304,424.27658
180.27594757080078,3.6741180419921875,143.76964,433.11386
186.6456298828125,5.3591156005859375,137.14929,426.94724
175.21537017822266,6.880401611328125,148.33696,427.71875
186.0391616821289,7.229248046875,137.58037,427.80084
176.09703826904297,8.459716796875,144.98695,429.1136
175.9472885131836,6.201446533203125,146.10811,430.54883
180.06790924072266,7.3765411376953125,142.14177,430.38663
175.53411102294922,7.2459869384765625,146.44691,430.35233
174.96131134033203,4.07440185546875,146.02928,436.2248
171.01392364501953,6.1324920654296875,151.18846,441.19943
167.1032485961914,6.161346435546875,152.72734,437.83582
165.1384506225586,5.443359375,151.57906,444.14716
167.8289031982422,8.910934448242188,148.7211,439.99753
157.23468780517578,5.3847503662109375,157.78966,450.81027
166.51394653320312,5.6908111572265625,147.43195,445.53336
161.294677734375,6.389190673828125,149.87146,452.1183
157.3894271850586,5.04071044921875,154.31062,455.18268
153.14922332763672,4.6483154296875,156.14296,458.22186
168.03258514404297,6.0128326416015625,141.81117,457.5342
160.5053253173828,8.965316772460938,152.19443,455.57907
169.37245178222656,10.752761840820312,144.49118,455.92117
156.54785919189453,10.691726684570312,157.33958,453.3478
176.3879165649414,8.686141967773438,140.4356,456.50705
168.4495849609375,10.55596923828125,148.46179,455.2564
175.06742095947266,5.95263671875,145.83354,458.74432
162.52820587158203,6.5907745361328125,158.16588,457.03238
169.75146484375,8.1015625,151.55786,455.19806
156.97417449951172,3.8832550048828125,162.22902,459.40616
174.09244537353516,10.824798583984375,148.01286,454.64917
158.94742584228516,-1.4678497314453125,160.4954,464.66904
162.4239730834961,13.780609130859375,154.45113,452.06567
155.95943450927734,-1.24835205078125,160.26729,470.23602
156.82122802734375,7.875396728515625,156.86975,462.83142
150.91983032226562,4.2466888427734375,162.19489,469.99203
155.98623657226562,4.396759033203125,156.22089,471.16736
147.83164978027344,7.718841552734375,162.02872,463.24084
154.51812744140625,9.95355224609375,157.09229,465.83868
137.65341186523438,5.6209564208984375,172.23737,471.43405
146.36331939697266,6.441864013671875,167.86821,469.23926
155.16210174560547,5.51397705078125,162.54811,467.97235
154.9717025756836,8.222061157226562,165.90938,467.05753
164.26378631591797,10.313888549804688,161.92921,466.207
163.88169860839844,0.0841064453125,167.8599,477.46136
170.2146224975586,7.4154052734375,168.47444,464.20306
159.57493591308594,-0.974578857421875,186.05753,476.28735
178.06312561035156,6.93524169921875,172.32101,460.5373
183.83678436279297,3.8273773193359375,171.5016,469.14267
195.73824310302734,4.146514892578125,163.76021,473.16382
191.81826782226562,2.489715576171875,169.24518,472.3628
186.8431396484375,2.285003662109375,174.9386,472.96948
179.58811950683594,9.48175048828125,180.15665,464.47626
183.20381927490234,3.02923583984375,181.41524,473.37274
176.91223907470703,6.64874267578125,188.16026,464.20184
192.12493896484375,8.015289306640625,178.37598,465.5393
181.82579040527344,2.2926025390625,186.81277,471.94537
189.9112091064453,5.550445556640625,181.79062,464.73047
187.9847412109375,15.2313232421875,182.46863,460.41644
189.6497573852539,2.99462890625,181.1663,471.28644
189.96702575683594,14.527679443359375,182.91495,459.5686
198.74983978271484,8.150909423828125,178.36482,460.31384
192.8319549560547,8.851654052734375,182.3146,468.1411
195.73040771484375,10.195236206054688,176.69861,459.65927
187.03013610839844,11.611358642578125,188.64859,464.90247
186.94927215576172,7.152435302734375,187.27785,464.13843
179.56546020507812,11.33624267578125,196.68182,464.36285
189.1883087158203,16.774612426757812,186.33542,451.6625
189.39366149902344,6.673370361328125,184.06253,468.6637
179.58655548095703,11.070297241210938,189.52452,458.84042
179.8393096923828,8.2625732421875,197.10886,467.04364
179.4299545288086,14.494003295898438,194.26826,453.02963
176.83856201171875,6.3257904052734375,201.4342,466.41977
179.4615020751953,16.978912353515625,197.51059,449.34094
182.00037384033203,6.0395355224609375,198.18394,464.00314
183.88101959228516,11.28521728515625,193.65446,455.94
178.36466217041016,4.9137115478515625,199.9528,462.6746
173.34768676757812,-0.0052032470703125,204.8443,465.99838
180.94251251220703,5.3199920654296875,198.18724,461.41354
179.8758544921875,3.172454833984375,199.5647,464.61206
178.49079132080078,1.2843780517578125,199.06273,464.75687
172.5414047241211,0.3587188720703125,202.80037,466.81412
173.91983795166016,-1.326812744140625,200.56853,466.989
170.96043395996094,-3.577484130859375,202.6105,469.8927
168.20745849609375,1.593505859375,204.81982,467.39996
166.60065460205078,-1.97332763671875,203.64488,471.56598
168.828125,-1.5943756103515625,201.71704,468.6794
167.64118194580078,-4.5159759521484375,202.92894,472.4495
165.7911376953125,-3.435211181640625,205.17908,469.50574
162.71324920654297,-2.4696044921875,207.88173,472.32794
163.60247039794922,-3.91143798828125,209.74489,473.64606
163.38194274902344,-6.305206298828125,211.67764,475.15332
166.8268280029297,-2.997711181640625,208.43314,472.3617
162.23212432861328,-5.4681243896484375,212.54588,475.58072
163.92990112304688,-3.1276397705078125,215.237,466.8923
178.7902603149414,0.910980224609375,203.26506,469.45093
174.50192260742188,-6.7020263671875,209.0694,477.36334
177.06881713867188,-1.29779052734375,208.05829,473.59637
174.62689971923828,-3.078826904296875,211.79552,472.25793
171.04370880126953,-3.3283538818359375,215.10435,472.0281
168.2505111694336,-2.1823883056640625,217.38387,470.07956
169.31365203857422,0.6895904541015625,218.10487,469.49026
169.0009536743164,-2.38677978515625,216.26103,471.73297
165.90293884277344,2.4454803466796875,216.18497,465.5079
160.27692413330078,0.691192626953125,221.72337,467.40723
156.07582092285156,-4.52984619140625,225.2479,475.94122
153.20643615722656,-0.56939697265625,225.88278,468.48895
157.71267700195312,1.0961151123046875,227.78241,469.2557
161.0760498046875,-0.5222930908203125,219.67712,468.79782
159.10284423828125,-0.699310302734375,226.02612,468.54468
162.79702758789062,-1.336090087890625,221.96259,471.5298
169.39991760253906,-2.081573486328125,215.93149,471.33057
171.0186309814453,-5.5754241943359375,215.69394,472.38797
169.10909271240234,-4.4034271240234375,215.9272,476.91275
167.24746704101562,-2.006866455078125,220.93365,471.25
173.23046875,-2.7028045654296875,218.09583,473.1559
168.46119689941406,-0.3536224365234375,222.90646,469.78958
162.4817352294922,-1.8764801025390625,226.28287,472.52548
160.10865783691406,-5.7103729248046875,226.22763,473.225
164.384033203125,1.0466156005859375,224.13062,468.63156
151.90345764160156,-1.994110107421875,235.44308,472.4701
144.05027770996094,0.9666900634765625,245.81802,469.24246
148.29952239990234,-0.8439788818359375,243.32576,470.78702
139.13349151611328,0.02166748046875,248.06224,467.17426
134.34033203125,-3.3981170654296875,258.97498,469.8256
132.5025634765625,-3.64617919921875,259.6631,473.04633
138.3119659423828,-5.66314697265625,253.38815,473.69305
144.24501037597656,-2.9502410888671875,250.4454,470.0214
143.17483520507812,-0.9297943115234375,257.24506,469.05862
148.1920394897461,-3.4364471435546875,248.23994,471.6309
145.92974853515625,-7.151885986328125,259.12708,469.8164
143.3750991821289,-3.6556243896484375,251.06389,467.9529
154.75179290771484,-1.48431396484375,238.48396,470.5146
129.50387573242188,-1.5610198974609375,263.04755,470.51126
121.33427429199219,-1.306549072265625,266.59354,468.0597
144.26148986816406,-1.9216156005859375,253.89914,467.95657
128.644775390625,-1.5048065185546875,263.30566,466.9445
133.01382446289062,-1.820159912109375,255.89154,471.51147
145.30418395996094,-1.718902587890625,243.6912,470.93823
144.4530487060547,-6.3124847412109375,243.87845,472.1398
138.70423889160156,-11.088485717773438,254.95639,478.82278
144.61223602294922,-7.0267486572265625,252.23708,474.34555
139.72986602783203,-5.527679443359375,255.44627,472.4862
143.5638198852539,-6.32635498046875,254.04497,474.5528
148.85079956054688,-3.0562744140625,248.47101,471.28082
145.75984954833984,-2.86468505859375,251.17061,470.076
148.5932846069336,-2.3129730224609375,248.26363,469.84268
157.3985366821289,-4.692535400390625,241.24333,470.05762
141.64353942871094,-5.049591064453125,258.2189,474.9143
145.66757202148438,-5.149169921875,256.31207,476.34882
147.21196746826172,-4.321136474609375,252.83485,473.83508
146.97222137451172,-3.23065185546875,253.97255,472.84027
154.21726989746094,-7.6729736328125,245.0983,478.6601
142.01223754882812,-9.113937377929688,258.6773,475.4761
147.53102111816406,-8.333343505859375,259.6462,475.95703
149.37662506103516,-8.408935546875,252.58073,477.95538
148.52781677246094,-8.897247314453125,248.54361,480
143.15333557128906,-10.263397216796875,259.39584,480
156.76116180419922,-8.7529296875,241.32777,476.3382
159.874755859375,-9.214462280273438,247.14807,479.52188
160.8600311279297,-9.00384521484375,243.03592,477.5191
148.80128479003906,-8.738006591796875,259.4747,480
160.71289825439453,-1.5186614990234375,255.78526,469.88406
172.23086547851562,-1.8889617919921875,249.69904,473.31302
164.96522521972656,-2.7138214111328125,258.50888,475.50375
155.76693725585938,-0.026947021484375,262.2718,471.44788
161.85203552246094,-0.001251220703125,261.4058,469.3844
151.4026336669922,-0.0566253662109375,276.3942,469.63382
166.7721405029297,3.620330810546875,259.94864,463.31494
167.89305114746094,-4.0670166015625,270.08133,474.20428
167.62644958496094,3.0171966552734375,260.31143,470.67783
179.22471618652344,-0.37158203125,261.37186,470.0761
183.37828826904297,-4.16387939453125,248.77394,474.21307
169.26063537597656,-4.8327484130859375,270.2142,471.65115
173.16693115234375,-3.0299072265625,270.95557,467.20233
171.1470947265625,-5.663909912109375,275.74487,470.1515
166.75160217285156,-1.12896728515625,279.3967,464.61017
187.4355010986328,-7.69134521484375,256.68576,476.49066
183.96385192871094,0.7274169921875,255.68765,467.49225
184.2488555908203,-2.2633056640625,268.6478,471.6313
195.3159942626953,-0.8368377685546875,257.8713,470.81277
165.44129943847656,-3.93133544921875,272.3868,467.83124
172.69920349121094,-1.4864654541015625,288.99673,469.26974
198.91552734375,0.805267333984375,256.4248,467.0465
182.93560791015625,-4.903839111328125,271.41736,480
204.85440063476562,1.5178985595703125,262.73175,465.5967
201.89965057373047,-0.6314849853515625,254.05727,469.5361
201.57416534423828,-1.6993408203125,255.2462,476.67328
191.89984130859375,-3.7659454345703125,264.88818,474.46652
206.87354278564453,-1.7639007568359375,247.78954,470.43094
182.78443908691406,-4.5263824462890625,273.4487,475.54306
193.17906188964844,-5.6867218017578125,261.17972,471.45383
179.77163696289062,-2.4713897705078125,270.68988,470.37473
198.39645385742188,-4.2493133544921875,258.87567,475.01395
181.6483917236328,-8.099533081054688,266.6616,473.61722
201.62905883789062,-5.715972900390625,249.80536,473.90552
185.1675567626953,-6.2341766357421875,256.81247,472.91458
197.0579833984375,-1.914215087890625,253.19531,467.01062
173.9318389892578,-5.1296844482421875,269.64035,468.94852
194.70343017578125,-1.4054718017578125,253.47034,471.24716
168.03074645996094,-3.8716583251953125,283.07608,472.0742
181.64328002929688,2.57696533203125,254.77704,463.99957
169.5996551513672,-3.6012725830078125,271.19424,474.9603
179.9564666748047,1.816558837890625,257.65762,461.70337
169.78256225585938,-0.498870849609375,267.50433,466.01953
172.10836791992188,0.3866729736328125,258.12177,465.98795
166.64080810546875,-1.0516510009765625,267.16626,467.86948
162.28436279296875,-2.3824462890625,265.42126,470.46747
156.9503631591797,-2.098968505859375,264.37344,469.64954
159.74893188476562,-3.424713134765625,261.96417,470.11426
146.75906372070312,-2.04998779296875,267.5645,469.86334
142.31654357910156,2.869293212890625,272.75705,466.7339
148.7874755859375,1.178253173828125,263.3943,465.3446
140.3114776611328,-0.7398529052734375,261.46017,468.4573
135.94859313964844,1.0133056640625,267.49454,466.99847
128.39193725585938,2.5023040771484375,270.51312,464.27963
130.9742889404297,-0.49896240234375,266.2061,469.8625
123.98188781738281,-0.0443267822265625,267.7408,466.62253
128.00921630859375,-0.8599853515625,267.74487,463.94293
130.47935485839844,3.038177490234375,255.77603,464.4928
124.78524780273438,0.31707763671875,261.63898,464.8094
128.25575256347656,0.767242431640625,261.0643,464.31738
123.61077880859375,0.1949005126953125,257.94666,465.5059
119.66018676757812,2.1446990966796875,259.08112,463.09592
120.25678253173828,-0.4143524169921875,255.97069,464.72073
117.101318359375,-0.471099853515625,256.7445,463.3944
115.19491577148438,-1.134765625,261.94818,463.43707
108.48199462890625,-2.2206268310546875,270.45264,462.84464
109.89505004882812,-0.9769134521484375,263.3371,467.95377
105.83230590820312,-1.9149169921875,266.90192,465.60138
110.49948120117188,3.158233642578125,264.9881,461.42395
107.16432189941406,0.686279296875,265.18906,465.4737
108.54893493652344,-0.181182861328125,257.3466,461.65198
109.17410278320312,-2.018707275390625,264.5219,466.3584
104.380859375,1.238037109375,264.6494,465.13702
104.29147338867188,-2.9799652099609375,259.60638,466.61966
99.39212036132812,-3.957275390625,269.7575,465.5064
98.89936828613281,-2.510040283203125,266.1893,469.51062
98.11373901367188,0.7821502685546875,262.48065,463.52853
97.673828125,-1.900238037109375,270.88342,468.69104
95.09431457519531,1.400360107421875,267.06015,466.8158
94.01957702636719,-1.316131591796875,271.61343,468.3368
93.12954711914062,1.64154052734375,266.38873,464.33038
93.63304138183594,-1.10888671875,271.31302,467.77655
92.41714477539062,3.373046875,266.9057,460.88397
92.62382507324219,0.862213134765625,271.35403,462.35583
91.02366638183594,3.47393798828125,266.06863,460.32782
90.02621459960938,0.8806610107421875,274.78705,463.49142
91.52166748046875,3.723358154296875,271.5962,463.18115
88.41163635253906,0.912353515625,273.15695,467.86835
87.73173522949219,-0.63897705078125,274.47708,468.35736
87.3604736328125,4.074005126953125,275.84192,465.75464
84.61270141601562,2.58074951171875,275.2105,466.9781
86.02804565429688,1.697601318359375,272.21246,464.95203
85.08074951171875,1.4970550537109375,272.94287,467.1838
84.256103515625,0.7902069091796875,272.40796,465.4376
85.53173828125,1.14013671875,272.74402,465.97308
85.0487060546875,-0.095001220703125,270.90808,469.53247
87.72970581054688,0.051666259765625,270.22626,468.7572
86.90864562988281,1.4882965087890625,270.44235,465.48978
90.13462829589844,1.20928955078125,265.67728,466.0772
87.68545532226562,0.4400634765625,268.32013,467.747
88.92335510253906,2.0097198486328125,269.81467,465.20816
88.11053466796875,0.6089324951171875,269.72498,469.72665
90.82820129394531,1.97564697265625,267.78354,467.86456
88.49102783203125,-0.547637939453125,269.98938,470.8855
90.70079040527344,-2.28717041015625,268.105,472.919
88.13357543945312,3.94329833984375,270.7636,466.76605
87.78587341308594,0.5754852294921875,273.5054,466.27853
