185.83,0.26,157.06999999999996,463.58
181.70492004394532,4.6724975585937045,161.49191,451.92688
184.80404113769532,5.5307739257812045,160.12167,449.79285
185.58434509277345,2.806240844726517,159.89493,453.19333
187.27784942626954,4.4391296386718295,159.11595,451.6856
188.12814544677735,3.8680236816405795,158.17159,452.5313
189.259287109375,3.0245483398437045,158.17139,453.54175
190.56650756835938,3.0238159179687045,157.9765,453.84595
190.18625854492188,1.694607543945267,159.41547,455.7673
193.26339935302735,1.5281494140624545,160.05818,456.31482
194.03959869384767,-0.348635864257858,160.93523,458.756
195.21862243652345,-1.703890991210983,162.17581,460.02536
198.6372396850586,-0.269595336914108,161.80305,459.45316
200.55990051269532,-1.4150878906250455,163.89133,461.6875
201.7893392944336,-0.329287719726608,164.21162,461.21414
203.7115805053711,0.6235168457030795,163.94441,460.45306
204.31708740234376,-0.11357421875004547,166.23438,461.2467
204.47003387451173,0.15861206054682953,167.81776,460.19086
206.66022705078126,1.555966186523392,165.6438,458.79935
204.82225250244142,0.21404724121089203,168.97246,460.66275
208.2445394897461,1.800473022460892,165.14388,459.18643
205.51471923828126,-0.5592834472656705,167.76758,461.4355
208.42907165527345,1.196377563476517,167.15933,459.56296
207.52807830810548,1.9824951171874545,167.26234,458.99585
202.65800689697267,-0.3360168457031705,172.64836,461.67865
209.29520629882813,-1.4869873046875455,168.00201,462.20703
207.49619506835938,-0.4551269531250455,169.38373,462.5061
207.87204956054688,-0.9835693359375455,170.01068,463.463
207.03306793212892,-1.159640502929733,171.4207,463.15427
208.0225927734375,-0.579013061523483,171.90283,462.65634
210.83324645996095,-0.048785400390670475,170.19681,461.56744
212.46027587890626,0.08617858886714203,170.96924,460.7548
213.45295166015626,-0.732058715820358,167.73901,461.8555
213.80524658203126,-0.4276306152344205,166.39404,461.76715
210.4557440185547,0.3237426757812045,169.85599,460.58484
209.80697845458985,-0.581912231445358,173.06648,459.40848
210.88907836914063,-2.4197570800781705,168.67133,462.71417
207.77179168701173,-2.0178710937500455,172.33022,461.27295
207.26780151367188,-1.376651000976608,170.70111,460.69034
203.86156677246095,-1.342868041992233,173.82877,461.1262
205.09765075683595,-1.133486938476608,169.7399,459.83853
207.06720184326173,-2.3642456054687955,167.46657,461.94592
206.53708862304688,-1.2921936035156705,165.05133,460.95734
205.65399383544923,-0.14990539550785797,168.60732,459.4153
205.75708221435548,1.0867736816405795,170.40517,459.22125
204.0703909301758,1.0121276855468295,167.58727,457.4903
206.94957183837892,1.6521423339843295,166.77104,457.79913
207.04246734619142,0.4846618652343295,163.08354,458.9395
205.26651977539063,1.035488891601517,162.93573,459.09592
202.32944702148438,1.789395141601517,167.05402,457.80466
202.33236145019532,2.3960693359374545,164.9548,457.62354
202.03792785644532,1.4307983398437045,160.36838,459.40308
202.86151336669923,3.0414245605468295,158.52687,457.9511
202.8091375732422,1.039669799804642,155.23465,458.78665
202.19459747314454,3.9791381835937045,153.70604,456.54932
200.36143707275392,1.9499023437499545,153.4522,458.6383
200.16134094238282,3.075131225585892,151.06686,457.28323
199.74424194335938,2.869595336914017,151.20172,457.1395
197.94632934570313,3.796383666992142,151.4964,455.97745
196.2915594482422,4.9157836914062045,151.2139,455.3518
195.45331787109376,5.748989868164017,152.04529,454.02695
192.9151708984375,5.096340942382767,153.16333,455.0145
189.41613220214845,5.213528442382767,153.77127,454.7053
187.02878021240235,5.189114379882767,156.66072,455.89316
183.12471984863282,5.009701538085892,159.79196,454.5021
179.46582244873048,3.6971252441405795,162.32106,456.27106
176.55231689453126,5.588833618164017,165.41565,454.54965
172.42447875976563,6.802548217773392,168.1623,452.13028
168.86401580810548,6.356655883789017,173.61488,449.93613
166.849375,2.708218383789017,177.47095,462.7761
162.31396697998048,13.029492187499955,179.37843,454.2367
159.89870666503907,12.146817016601517,179.57065,450.58884
156.73131011962892,11.872937011718705,181.09233,454.38965
153.57174133300782,15.44224243164058,183.19894,448.37103
150.8267385864258,12.450878906249955,184.57652,450.9823
148.49115203857423,12.661099243164017,184.43434,458.7668
146.4527685546875,20.53220825195308,183.03284,449.935
145.61747192382813,18.744564819335892,179.85773,448.07095
143.920419921875,16.689419555664017,178.19275,448.32846
142.2086279296875,15.060116577148392,178.86853,445.85123
138.43312286376954,12.306484985351517,180.09227,447.69662
135.290537109375,9.221554565429642,181.12378,446.05203
133.55993103027345,5.258724975585892,179.85464,440.48087
123.84041046142579,2.5918701171874545,185.94981,440.4557
121.60190795898438,0.304287719726517,189.34943,433.52414
113.14247344970704,-3.1991149902344205,196.97752,436.2481
113.34752868652345,-5.0746643066406705,195.91434,435.31952
114.72101043701173,-2.678775024414108,195.20168,428.48123
117.64705871582032,-6.669772338867233,189.98447,431.14548
113.54732727050782,-3.390109252929733,188.45346,428.21225
115.06119750976563,-5.640780639648483,195.10468,431.7446
107.2655355834961,-2.278170776367233,191.57271,429.39084
105.09179901123048,-3.9694091796875455,191.47987,431.7185
103.8758871459961,-6.123538208007858,183.81148,435.7117
98.77158569335938,-6.3892700195312955,170.26727,438.5735
87.39757751464845,-5.1258422851562955,169.81961,438.62268
77.05239318847657,-1.9659301757812955,172.63315,437.9956
78.79439758300782,-2.776889038085983,170.58029,443.29257
70.96127532958985,0.18468933105464203,171.76704,447.34732
66.29528259277345,5.6099670410155795,173.85013,445.77924
61.66126464843751,8.05143432617183,173.19946,446.59906
55.47358917236329,8.31852416992183,178.38902,450.18036
48.975450744628915,7.3695800781249545,185.3427,446.68115
48.93593811035157,6.466580200195267,179.92917,444.8264
45.09887908935548,6.247189331054642,176.32814,442.6553
38.85987304687501,5.0127990722655795,181.69177,446.8537
40.42237304687501,2.757565307617142,178.49817,444.77432
37.917581787109384,2.0760009765624545,182.06964,443.20837
36.859606018066415,1.187222290039017,183.91008,441.88412
38.269693603515634,-1.528903198242233,185.89825,441.01767
38.117296447753915,-2.927951049804733,183.81328,439.22934
40.84082244873048,-5.159609985351608,183.18166,443.74673
43.49696563720704,-1.3540222167969205,182.29027,439.11725
45.6899969482422,-3.1611511230469205,182.32596,442.69794
46.29574035644532,-2.346163940429733,185.09225,441.74094
50.8066961669922,-1.961306762695358,182.03775,446.60672
53.82564758300782,2.041348266601517,183.31735,447.55356
66.7709295654297,6.0187499999999545,182.13968,446.10876
74.51912139892579,7.1483886718749545,184.09044,448.45972
76.51305603027345,11.743679809570267,182.64774,447.3215
86.11844848632813,12.180905151367142,187.61298,448.3439
88.20958160400392,15.76890258789058,189.93108,444.8808
94.72863983154298,15.936550903320267,189.31984,442.6655
102.98118041992188,14.281063842773392,189.013,441.91153
112.74205993652345,12.137295532226517,185.1575,440.88596
116.31589721679688,9.180142211914017,190.15192,442.348
108.50148223876954,10.742184448242142,204.43895,438.56985
109.14402984619142,10.740475463867142,208.5601,433.24796
117.53159545898438,7.5475891113280795,206.20709,434.41266
122.28349517822267,5.131069946289017,209.22331,434.2076
130.53901123046876,4.2250793457030795,206.0072,436.04205
139.10935424804688,4.210293579101517,204.51105,434.31577
153.58131622314454,4.9666870117187045,198.99388,434.53296
166.6671469116211,3.6431091308593295,190.42024,437.61273
181.7586996459961,5.9254272460937045,182.07564,436.66284
198.54537414550782,6.6283691406249545,174.3088,439.21558
216.24656127929688,8.598278808593705,166.6225,438.37122
232.21470855712892,12.53391723632808,160.0164,435.39923
245.40448211669923,18.360424804687455,158.3473,430.76807
258.04850982666017,13.93931274414058,154.95195,435.956
271.9046423339844,27.05228881835933,152.26068,424.3919
285.09406494140626,22.92130737304683,150.03369,425.86664
297.1542761230469,20.96860961914058,150.34479,428.99384
309.7864553833008,14.893276977539017,147.98045,432.0521
321.52814697265626,12.501126098632767,147.6726,432.8878
334.9002249145508,15.975048828124955,145.36168,427.7699
343.77790283203126,12.651623535156205,147.68994,430.25366
353.2166387939453,21.237057495117142,145.02402,418.2952
352.49391387939454,20.312924194335892,146.39586,417.11124
359.9811422729492,16.223522949218705,142.64992,419.91162
366.3906042480469,12.036648559570267,142.07904,421.20932
370.01205657958985,13.565624999999955,144.5533,415.81738
377.1462271118164,14.388088989257767,144.1884,414.2883
376.3445837402344,7.524472045898392,148.15326,418.30118
376.9305517578125,7.2729309082030795,148.844,417.20416
375.9688055419922,5.6233642578124545,152.32193,418.96106
373.43678497314454,9.591137695312455,157.5327,412.25146
372.8373434448242,7.517025756835892,160.54652,413.3611
373.6141912841797,10.378842163085892,160.7637,412.19827
376.3057653808594,4.357907104492142,158.43939,420.37784
377.3607733154297,7.1650207519530795,158.89029,419.56744
378.8526251220703,11.038998413085892,158.94931,417.75162
379.50827239990235,6.631375122070267,158.46944,424.35764
383.6555426025391,9.976895141601517,155.51022,421.61423
385.26169036865235,13.320034790039017,156.51802,417.45004
388.0141165161133,10.831753540039017,152.56029,419.17038
391.9365789794922,10.185360717773392,150.91849,419.20816
397.44243072509767,14.79545288085933,146.04155,413.7763
402.0146276855469,14.343838500976517,143.75641,415.04916
401.4826528930664,12.834973144531205,146.36113,416.11572
402.32899688720704,12.44767456054683,146.916,415.83978
402.5300390625,13.97428588867183,145.71619,414.91974
403.60702728271485,10.72465209960933,144.95528,418.85736
401.2190573120117,13.041836547851517,150.1764,416.05795
403.17289947509767,11.779797363281205,149.12871,418.87378
400.1586706542969,14.71397094726558,154.22577,416.62872
405.56762145996095,17.913143920898392,150.05667,413.5281
405.0716802978516,13.44712524414058,150.90866,420.9322
404.7547399902344,15.30601196289058,152.14606,421.9168
405.227907409668,18.789624023437455,154.13026,419.32605
401.3826315307617,11.459362792968705,156.97523,430.42017
402.0799658203125,19.812268066406205,157.36694,421.39404
400.1899969482422,20.969921874999955,161.16019,420.2771
401.6439001464844,20.72068481445308,161.64215,421.18365
404.1356756591797,21.193417358398392,158.59256,422.15286
410.0829489135742,15.529125976562455,148.94582,424.9419
407.7007620239258,14.161923217773392,152.34789,426.606
411.4579718017578,21.697933959960892,148.11813,417.7665
412.52851318359376,10.687329101562455,148.64648,429.12793
412.0907308959961,8.887951660156205,150.7723,427.65527
416.54782318115235,13.90739135742183,147.97456,419.89728
418.0461218261719,5.176480102539017,145.34503,426.56808
420.2966177368164,14.36106567382808,147.19731,414.6678
420.46256469726563,5.783688354492142,145.39557,424.06534
421.4551412963867,9.816708374023392,145.54115,416.1525
421.9552252197266,8.804577636718705,145.30356,416.8684
422.71718048095704,8.943554687499955,142.55919,411.9906
421.9668524169922,8.560635375976517,144.55154,414.22665
421.4090673828125,4.751431274414017,145.31848,417.65854
423.53571533203126,6.0496643066405795,141.90881,416.04205
424.25719665527345,15.946850585937455,142.62173,406.48254
422.19462036132813,11.033383178710892,143.48651,410.32913
420.5493795776367,15.084622192382767,143.90578,404.69467
424.0934088134766,21.341381835937455,143.96103,395.406
425.33027099609376,23.871914672851517,145.2229,390.0034
424.67074798583985,26.368908691406205,149.63582,391.42017
421.6775152587891,18.655117797851517,153.98947,393.8962
421.5909216308594,22.62516479492183,155.5152,390.76398
423.6297247314453,21.960263061523392,156.42001,390.46072
423.90085052490235,22.788327026367142,160.34981,387.89932
420.89579986572267,20.112194824218705,164.4124,390.63098
422.5392858886719,17.283947753906205,165.55011,395.07507
419.48864196777345,16.037899780273392,168.21841,397.05472
416.76779388427735,17.93400268554683,171.81587,397.30365
419.3099615478516,17.752865600585892,167.57382,399.84207
418.8744985961914,19.00394897460933,170.7354,401.05035
421.98737548828126,17.011791992187455,164.68005,403.1648
425.09618591308595,17.40958862304683,167.51492,404.83624
426.58625244140626,17.866024780273392,166.04651,404.93912
428.2748434448242,16.891415405273392,164.34743,403.99283
434.2050650024414,14.616467285156205,163.76396,404.77185
424.03544067382813,12.57700805664058,168.66559,407.56354
442.83849548339845,13.989712524414017,154.44998,408.3607
445.12867950439454,17.309963989257767,149.05736,405.06406
445.36388610839845,16.096142578124955,150.14383,407.50598
439.9059469604492,18.483776855468705,151.62965,405.86963
436.6911184692383,15.039791870117142,149.40648,405.82217
435.8828756713867,17.918362426757767,143.4745,406.80478
432.9830114746094,20.439709472656205,139.85004,404.97668
432.0128958129883,20.345120239257767,134.43553,406.92075
428.8348638916016,21.70164184570308,132.19675,405.2072
427.1581671142578,17.608639526367142,129.90805,409.9694
429.31914352416993,18.455517578124955,120.994545,408.92688
430.0476171875,20.500622558593705,120.87378,405.52698
425.6779348754883,14.585781860351517,117.23595,413.35886
424.5299742126465,20.504544067382767,116.058846,406.33823
415.3128187561035,13.743008422851517,120.09435,412.1268
410.381845703125,15.538098144531205,116.63867,412.07715
404.45542739868165,16.845349121093705,112.81304,409.4851
395.78739379882813,15.151974487304642,114.614685,410.069
390.98756622314454,17.04960327148433,114.32469,408.75836
384.2867300415039,14.52286987304683,118.53764,412.04718
376.77607177734376,18.827999877929642,119.03992,408.3151
367.29186462402345,17.204556274414017,121.44583,409.8259
357.48864196777345,22.75590209960933,121.61441,407.6906
350.5492575073242,23.514950561523392,119.93361,404.7903
341.2390882873535,19.226864624023392,120.78704,413.94986
333.99004196166993,29.274899291992142,121.16917,403.86087
323.6350996398926,23.846554565429642,125.86562,413.16763
318.519167175293,30.114590454101517,119.29707,405.8519
309.9904196166992,29.360806274414017,125.43318,408.7562
303.8487341308594,27.461560058593705,127.578735,409.5287
296.1549932861328,28.12479858398433,125.96121,409.38898
287.52031539916993,31.84971313476558,127.41404,406.73224
280.11354278564454,23.80161743164058,131.96648,414.992
269.4746954345703,30.311352539062455,139.19363,407.56165
262.3674337768555,22.911923217773392,139.8066,412.02518
255.93667053222657,24.584561157226517,140.01346,408.62155
247.97844146728517,25.728970336914017,142.33067,406.23398
241.69989227294923,23.718533325195267,136.92293,410.58408
236.2421209716797,21.581967163085892,132.18088,412.59232
234.16652893066407,18.153012084960892,142.12308,416.39468
240.70953582763673,17.510327148437455,139.4781,415.33948
242.348642578125,14.25242309570308,150.19623,418.92023
248.23082946777345,17.629147338867142,151.74594,414.9811
244.0658743286133,18.787182617187455,156.05107,418.2556
248.63293670654298,20.22544555664058,155.44844,410.39764
258.47101806640626,21.549526977539017,155.61664,421.28622
272.0163824462891,19.196560668945267,155.91068,418.60458
277.79379486083985,10.896511840820267,158.73354,420.86887
286.900758972168,11.77378540039058,162.89925,425.54755
299.1808950805664,9.378445434570267,156.65257,429.53
312.7940008544922,6.8087585449218295,152.14279,429.53998
324.4275534057617,11.71836547851558,153.92024,420.37384
335.0613119506836,-0.7723876953125455,152.43434,436.05627
345.62785552978517,2.160458374023392,151.77892,438.8655
356.7204916381836,7.8168457031249545,155.77419,431.6051
362.0484869384766,15.185635375976517,160.03519,426.51328
376.5875570678711,27.402676391601517,158.85378,421.68893
388.0257208251953,38.71523742675777,167.69217,404.17014
408.84427856445313,45.27554016113277,160.03174,411.49875
416.6951239013672,41.18600158691402,157.77744,408.48422
433.27165435791017,33.89024047851558,164.69005,422.41815
448.55490325927735,53.31223754882808,162.98512,411.56854
465.5801031494141,39.60021667480464,145.96829,425.5264
499.75797485351563,35.21749572753902,150.03687,443.947
501.52697204589845,7.5442626953124545,150.10092,467.58508
511.73041748046876,26.975979614257767,148.48444,455.1783
527.9050772094727,25.335446166992142,130.59764,453.1674
536.232919921875,22.613049316406205,127.24078,454.65845
541.5713598632813,9.598294067382767,128.97101,470.38022
530.8195516967774,4.4449279785155795,136.58595,472.82794
535.3991415405274,1.106961059570267,130.58778,472.60776
545.5071813964844,3.4676635742187045,136.82898,474.2162
532.4051458740234,12.740612792968705,152.23288,470.31885
535.4330694580078,21.76920776367183,154.94461,471.83368
535.4278967285156,11.89133911132808,156.91858,473.60712
534.6134588623047,8.407849121093705,156.06711,475.45544
532.7012655639649,14.140515136718705,156.89479,474.86438
524.0683233642578,22.577297973632767,162.0972,467.4774
536.930803527832,15.679074096679642,155.0468,476.32962
531.7675497436524,7.9858215332030795,147.29457,473.4367
538.5884802246094,14.56412963867183,153.23853,475.32062
537.0561697387695,12.081616210937455,143.22429,473.16455
541.016596069336,14.344860839843705,154.33566,479.40552
517.5760595703125,6.859097290039017,148.88104,473.43735
556.358782043457,10.67850952148433,128.75175,474.56805
530.6570150756836,9.302700805664017,135.14577,467.26743
529.2667639160156,8.478100585937455,148.55774,473.70483
537.8079397583008,3.9240234374999545,153.79631,480
514.7810995483399,14.578213500976517,155.4872,467.01816
522.4828131103516,15.372586059570267,150.543,454.46518
521.6244909667969,6.448361206054642,147.30017,474.03006
525.7120230102539,3.0870483398437045,149.44127,475.2505
528.0742742919922,5.695950317382767,166.59384,474.0964
528.8949911499024,2.451443481445267,162.57545,474.30515
524.6476614379883,7.3128479003905795,165.41289,469.64484
540.0996496582031,2.180081176757767,159.27429,473.43307
529.0203649902344,1.958981323242142,139.18591,467.5093
530.8058493041992,3.355130004882767,147.23347,469.12875
516.4822790527344,0.19685058593745453,162.95532,478.27283
472.7431509399414,1.788632202148392,195.11913,477.19742
474.3068869018555,8.832043457031205,189.67793,469.29272
468.5967581176758,11.25132446289058,202.4207,464.91083
436.5710699462891,5.724728393554642,206.59842,465.36758
421.76469635009767,11.46726684570308,209.53624,457.16974
431.7409918212891,12.483944702148392,210.58975,459.05118
386.26628326416017,1.0157287597655795,201.36937,467.12933
379.6309606933594,3.010708618164017,217.74939,463.5787
408.9137213134766,17.540051269531205,226.10013,460.66418
430.852663269043,16.07774047851558,236.21175,472.15533
416.68412994384767,9.781430053710892,221.52098,471.47232
414.1784078979492,10.770520019531205,220.74446,474.54712
402.7059957885742,8.57383422851558,220.70174,471.3531
386.77804779052735,10.409085083007767,242.01015,468.6418
361.4461004638672,5.2896240234374545,266.04184,472.8545
341.8186590576172,1.8443725585937045,257.50497,463.12952
358.6140692138672,-2.642642211914108,263.8093,476.7189
328.0574285888672,-5.775515747070358,283.69113,458.43985
347.56566833496095,1.5769165039062045,257.9753,464.01343
304.495615234375,-3.9288818359375455,295.04755,476.69434
314.457529296875,2.721096801757767,280.93488,465.2816
256.0717565917969,12.294934082031205,302.05334,450.17273
256.2702886962891,9.249203491210892,319.54202,447.46915
259.16388916015626,9.81132202148433,323.81598,457.002
266.65580200195313,11.844128417968705,312.2572,447.41516
415.7497579956055,8.580639648437455,194.816,437.74292
446.8572561645508,13.39262084960933,155.41301,427.56195
453.16977142333985,10.641995239257767,138.98378,425.54868
443.1032583618164,8.071606445312455,137.9785,436.07385
428.7716390991211,4.691220092773392,136.87062,439.92154
420.59154724121095,6.2884338378905795,133.25546,440.3891
413.1448309326172,7.111203002929642,134.41293,441.25626
401.2926809692383,5.5041320800780795,136.35588,445.85773
392.2990591430664,12.307385253906205,134.5294,437.99707
380.85731719970704,11.882565307617142,137.64421,440.43387
373.40062927246095,2.6918151855468295,138.50912,444.97284
366.70929931640626,5.1529052734374545,144.57208,445.8855
357.4408819580078,0.4689453124999545,152.70023,444.59558
350.2890875244141,6.3581054687499545,161.45609,438.45605
347.3968298339844,8.158596801757767,164.39526,432.5488
333.80228637695313,6.526943969726517,168.70496,438.4564
328.6323034667969,5.5354125976562045,159.88977,435.88586
320.36506103515626,-0.543978881835983,166.13629,439.86887
312.0556890869141,0.6039550781249545,162.668,439.20508
306.7853643798828,-0.738223266601608,162.94266,442.8251
296.71608184814454,-2.7629577636719205,159.01872,446.88385
284.2558920288086,-3.600283813476608,162.21156,445.2122
276.0495474243164,-0.472415161132858,158.18346,440.64127
265.0011770629883,1.570095825195267,160.59367,436.5848
256.58683227539063,1.344906616210892,162.14563,435.3633
247.28204559326173,0.333401489257767,161.86983,434.275
236.78855346679688,-1.940280151367233,165.22607,435.8829
229.21672271728517,1.472744750976517,164.66856,430.36386
221.07892059326173,1.782070922851517,159.87337,429.8779
218.19718383789063,5.1439636230468295,157.17554,423.4886
219.06272338867188,5.8538024902343295,149.60303,425.59088
215.63331817626954,4.9858215332030795,146.55193,426.42194
211.26494049072267,5.301327514648392,143.09361,427.1265
199.49279235839845,8.088894653320267,147.34445,426.5201
193.94405578613282,4.2870300292968295,143.20462,431.60065
186.0643408203125,8.256787109374955,145.89862,428.68335
179.19474243164063,7.139950561523392,145.86804,428.116
172.03073333740235,5.8174255371093295,150.82362,427.67877
163.0575735473633,7.722561645507767,150.42094,422.48972
152.25009368896485,8.206982421874955,153.7162,419.9475
141.4461233520508,6.827206420898392,158.34111,420.75455
131.69752716064454,6.574337768554642,166.6137,422.06436
128.2211477661133,3.5760009765624545,167.10063,435.0254
120.89998077392579,5.9363830566405795,169.28252,424.8343
114.64634155273438,5.3784912109374545,170.93408,430.1283
104.32055114746095,7.3340881347655795,170.72165,429.7896
96.76452087402345,7.460659790039017,169.90329,428.23325
89.72062896728517,7.209011840820267,167.79344,443.14987
90.69617675781251,9.199856567382767,164.90228,446.11655
92.6507894897461,16.69108276367183,162.45705,431.23773
95.11906646728517,14.451550292968705,160.25462,436.65662
92.4153158569336,16.09452514648433,155.49611,431.12433
87.33217834472657,8.429318237304642,158.27237,437.33072
85.95321105957032,8.28208618164058,157.35843,431.6772
85.24862121582032,8.218167114257767,157.35526,423.0444
84.2489340209961,1.581265258789017,158.06923,424.63144
81.4335043334961,1.6043518066405795,159.20815,418.32867
77.81581329345704,-2.901248168945358,162.76933,422.86148
78.24897216796876,-6.3945190429687955,164.11676,421.33826
77.11784576416017,-6.466586303710983,167.8026,420.66745
78.4307196044922,-8.606082153320358,167.88632,418.94827
83.06800292968751,-8.66615600585942,168.58331,422.72174
88.05179809570313,-6.4133178710937955,163.63171,419.06165
89.36732696533204,-3.0691101074219205,164.3958,417.87006
96.18988250732423,-0.765811157226608,162.80586,417.6248
103.25151275634767,0.17854003906245453,158.1516,424.31458
106.86265014648438,2.3814208984374545,156.54456,429.93457
110.38913177490235,5.7194030761718295,154.26357,432.96246
110.8300115966797,6.6393859863280795,153.26767,442.56415
116.57322906494142,16.985363769531205,150.38841,438.59058
117.94178985595704,24.967312622070267,148.79558,435.44943
122.16270660400392,31.649899291992142,141.02806,432.1956
121.30549072265626,34.763745117187455,141.83075,428.48767
122.3527166748047,33.91659240722652,140.50021,427.3104
122.17533325195313,31.394299316406205,140.44397,430.09045
122.30610107421876,29.642041015624955,140.62677,426.76343
123.30371307373048,27.32096557617183,139.3166,426.22357
120.49842285156251,23.834042358398392,139.77692,426.77286
118.10852264404298,20.141308593749955,142.2021,429.65662
117.28188537597657,16.93363647460933,140.3804,431.50055
116.35813354492188,17.389111328124955,142.2268,430.0464
110.47094177246095,20.20377807617183,143.98434,429.87103
105.7351629638672,18.280606079101517,145.14499,430.37656
99.03400634765626,18.937695312499955,144.66351,432.64746
97.81428741455079,17.35807495117183,143.03325,429.35248
101.14867614746095,19.686215209960892,140.73715,427.94778
102.5873129272461,23.614636230468705,139.55165,423.38123
104.99364685058595,25.148510742187455,139.88669,420.52026
105.71267150878907,25.753414916992142,139.59927,419.5281
104.06128906250001,27.730496215820267,140.97345,412.73422
105.77559875488282,32.27111511230464,138.70694,399.96414
107.37269042968751,33.512036132812455,136.20453,399.35083
110.28598236083985,32.87627868652339,134.28981,401.8782
111.7850668334961,38.704174804687455,131.4612,395.13916
109.8855535888672,33.71183471679683,133.16855,398.04962
111.07686828613282,41.62162475585933,131.49661,387.96637
109.46633361816407,35.06791381835933,129.00162,397.3183
106.60831665039063,34.86217956542964,131.26343,395.7891
103.34919189453126,29.111813354492142,135.98907,398.56754
101.66947387695313,28.89793090820308,140.97046,390.6607
97.74110626220704,21.636608886718705,146.14787,396.36633
97.65313934326173,20.631726074218705,146.55061,393.57166
95.71296142578126,13.570431518554642,145.33478,397.4362
96.30350708007813,10.069393920898392,145.15869,400.91507
96.39815734863282,9.79942016601558,143.81668,399.39594
96.6670477294922,6.770352172851517,145.00253,404.90915
96.66163085937501,6.996548461914017,142.48041,402.75327
95.56614135742188,6.5963867187499545,141.50586,404.69116
96.1089193725586,6.5443847656249545,140.61732,405.24854
95.02367614746095,6.4737365722655795,139.73972,406.50897
96.3447592163086,10.144299316406205,136.89296,405.61914
95.38905548095704,11.188961791992142,137.07182,408.03287
96.23585723876954,13.891049194335892,134.67986,409.1342
96.29939483642579,26.511532592773392,131.61089,398.31778
97.29505371093751,29.467556762695267,133.19354,400.00156
97.73773406982423,35.94646911621089,132.24837,394.80106
98.35666107177735,40.96812133789058,133.10255,387.13812
97.11157440185548,36.74532775878902,136.11531,393.60605
99.0024740600586,42.56663208007808,137.48097,382.95197
100.11480926513673,40.846142578124955,136.95613,380.5166
101.2886297607422,37.40362243652339,136.41293,378.94016
106.14876007080079,37.07713012695308,131.674,377.62683
110.03473876953126,31.061398315429642,127.19757,382.23398
113.15432189941407,24.995236206054642,122.894806,388.04868
116.994207611084,28.367886352539017,118.47401,383.63486
118.91684173583985,18.357312011718705,118.5334,393.9718
121.26650833129884,26.87876586914058,116.47018,384.9782
125.57293533325196,20.872280883789017,114.36788,393.44308
128.11095260620118,23.76939086914058,111.00004,393.26074
129.25755142211915,22.07658081054683,108.11651,397.2525
133.08484481811524,28.233151245117142,105.79719,392.73068
135.91367553710938,25.487545776367142,103.92743,399.20798
139.4335920715332,28.229275512695267,109.224266,399.65915
142.7113592529297,36.09641723632808,106.05301,393.97736
147.91525482177735,36.128247070312455,105.83461,396.80615
151.25486206054688,35.69151000976558,104.43036,395.73486
154.92077850341798,38.73098449707027,104.42006,392.33975
157.65930770874024,34.55511169433589,106.70484,395.85953
161.03036712646485,33.70634155273433,106.54384,399.1178
165.67058013916017,34.57877807617183,104.32335,397.11664
168.46985458374024,29.647793579101517,103.29688,401.41464
170.8175489807129,29.676831054687455,103.358086,401.7511
174.1600439453125,28.314526367187455,102.92059,398.278
179.92536376953126,25.26005249023433,100.78784,400.339
185.4046842956543,19.918270874023392,100.955666,401.28757
193.03501724243165,16.878598022460892,100.996025,403.65817
198.82673477172852,19.69627075195308,102.31011,400.9796
204.8717939758301,13.59592895507808,104.14468,402.56573
211.08493255615235,19.192684936523392,104.728226,395.48447
219.35781311035157,17.518795776367142,104.969025,394.6367
228.6277639770508,20.370266723632767,103.45586,391.50784
240.0077001953125,16.767391967773392,99.525635,392.56326
251.74043869018556,22.795712280273392,95.2371,386.2983
261.7156202697754,19.853421020507767,95.108025,391.74417
276.2429296875,22.277478027343705,88.07703,390.43976
283.376043548584,25.03849487304683,89.302864,387.1364
290.2017462158203,28.66868286132808,94.36276,380.09546
295.90082763671876,26.767712402343705,92.75757,379.2611
302.7559568786621,26.214428710937455,96.04072,384.63763
307.10502075195313,29.643185424804642,98.31897,376.3292
314.71806549072267,26.891293334960892,100.53697,382.45255
316.0703146362305,19.796749877929642,111.47298,388.8386
312.26567291259767,18.978756713867142,109.07091,392.13498
319.45077728271485,16.546749877929642,105.732376,398.1271
325.8505651855469,13.60068969726558,113.12598,403.41663
337.0880911254883,15.805844116210892,138.03899,417.832
340.0997412109375,7.866726684570267,189.88739,447.4451
356.5270864868164,15.095822143554642,224.56737,459.2662
347.7955191040039,6.447293090820267,255.93187,461.74002
363.2231695556641,10.027783203124955,263.81082,463.85345
307.2976324462891,5.9963806152343295,264.0496,458.2444
295.5242483520508,11.51676635742183,246.24321,456.07727
293.8248083496094,4.416256713867142,288.5359,462.2385
279.79947875976563,-0.268008422851608,259.90454,454.88266
270.6209356689453,-0.8031188964844205,263.48184,452.3092
268.7494757080078,1.321926879882767,263.2399,449.77542
272.9404089355469,-7.8575622558594205,274.66675,454.81067
287.3846685791016,-0.410922241210983,272.95865,443.9009
238.63463806152345,0.17719726562495453,260.87973,442.41437
230.43032287597657,2.885983276367142,260.9838,441.96848
228.81238006591798,-2.439669799804733,255.27864,451.44974
220.91971801757813,2.2526367187499545,258.58386,447.78107
206.01661895751954,-0.473269653320358,245.304,452.5333
190.36501525878907,-5.130038452148483,260.2548,473.34512
175.9293768310547,-0.933688354492233,260.9935,461.0336
171.96451782226563,0.7624938964843295,257.98682,470.57532
157.64072631835938,4.252865600585892,248.94873,464.59238
149.93556427001954,6.1859863281249545,254.4865,472.40875
129.30713104248048,1.0784729003905795,240.78328,476.06335
112.46228240966798,1.5439575195312045,251.92293,477.74176
107.46015380859376,1.497921752929642,252.56744,478.6019
96.09182189941407,0.4967468261718295,261.08804,480
82.15156768798829,1.5071228027343295,253.77324,480
63.727762451171884,4.1612365722655795,266.5149,477.26184
53.48945068359376,-1.4618103027344205,266.37958,480
58.02893280029298,-4.3387023925781705,249.77571,478.5641
87.48188232421876,-2.8037292480469205,229.05414,473.68896
93.69985412597657,-2.768588256835983,196.27786,466.94827
28.55800079345704,3.128414916992142,220.1613,465.0643
51.4631674194336,2.127682495117142,193.36916,466.71384
45.22670196533204,11.13987426757808,193.50273,451.73022
84.53754638671876,30.733654785156205,169.4007,428.75726
66.51405548095704,20.695629882812455,165.37358,443.74298
47.849466552734384,28.65922241210933,166.61377,445.41956
43.55678009033204,18.69840698242183,161.36052,448.12732
40.686327209472665,30.343228149414017,159.27904,423.1099
47.228861083984384,45.56029968261714,154.63867,415.9653
95.02305053710938,26.958569335937455,140.97192,420.6397
53.10775970458985,41.310070800781205,126.40877,423.59662
64.35258697509767,58.402661132812455,117.22038,407.65167
74.07167266845704,54.23916320800777,109.1765,410.1525
75.88671325683595,80.1833618164062,101.72244,396.45258
81.66412567138673,64.25079040527339,103.757645,390.93362
87.71136688232423,75.45791320800777,94.64894,372.0627
91.80628036499024,69.50204162597652,86.54218,388.80838
106.85790084838868,79.75687866210933,89.28489,387.4651
96.90473388671876,87.64660339355464,89.01239,372.40567
92.40149902343751,37.36816101074214,87.87982,419.15994
88.85118698120118,33.61013488769527,101.9152,416.64426
79.22509979248048,29.900692749023392,104.26509,414.9122
82.43025039672852,17.19218139648433,102.92901,422.7511
86.48536132812501,18.24052124023433,105.53473,414.81897
96.14787506103517,10.275448608398392,99.866684,417.74234
104.42273162841798,4.302273559570267,102.5854,420.66916
103.32998107910157,2.323605346679642,112.53006,424.50528
104.40463851928712,-0.740817260742233,116.059456,417.9692
109.06030487060548,4.289883422851517,117.62166,411.91232
109.5439779663086,-0.14932556152348297,117.76662,411.91147
116.47848342895509,4.117398071289017,115.6697,409.1368
118.28048538208009,1.266384887695267,113.64846,407.3264
124.73507522583009,-0.871127319335983,111.09756,414.13168
126.18622039794923,0.012799072265579525,111.65608,417.91937
134.5838835144043,0.891476440429642,109.9434,418.18008
136.61729644775392,1.6729858398437045,111.32933,421.05652
139.15120910644532,-3.4358703613281705,111.47415,435.30182
141.22175048828126,-3.2943603515625455,114.80255,444.03198
145.41737197875977,-0.4626647949219205,124.95696,453.7143
152.15034317016602,1.5134399414062045,122.549,462.2041
156.89259552001954,4.7053344726562045,141.84196,462.71265
162.11129211425782,3.7526977539062045,141.43997,467.3955
165.95822357177735,4.8135498046874545,147.15065,466.44946
168.26740478515626,7.239590454101517,150.55548,463.52304
172.57018493652345,5.897976684570267,154.13107,465.52902
176.25904296875,3.8911560058593295,147.59283,462.88947
177.76359771728517,0.521572875976517,155.11497,464.9343
172.28449462890626,-1.9521057128906705,159.98822,463.94867
170.80853485107423,-0.9256164550781705,171.76155,457.03595
164.11228393554688,-3.169100952148483,180.22131,459.27438
158.04885314941407,-2.632815551757858,186.01212,461.0082
159.3131887817383,-2.0049621582031705,187.89543,461.7625
158.6398031616211,-4.279910278320358,188.57912,467.14163
157.42431091308595,-9.276538085937545,186.15329,470.14697
159.0541555786133,-4.1313659667969205,177.79387,468.03668
154.57312225341798,-6.014346313476608,180.35152,475.79288
155.6095755004883,-5.4201843261719205,172.74516,475.6949
151.18851684570313,-6.3934509277344205,169.61987,477.33783
152.02330993652345,-4.342745971679733,166.20517,477.78488
152.72609161376954,-1.1950256347656705,164.20622,474.04498
156.9107763671875,2.005520629882767,161.78607,470.3204
153.69115661621095,0.4906433105468295,161.33322,474.84174
160.4416067504883,2.2418029785155795,161.37737,471.78668
162.18630432128907,4.048062133789017,156.60391,469.3972
166.38614868164063,3.2893798828124545,152.59912,471.85364
164.22873138427735,1.362454223632767,151.58766,472.931
157.78792785644532,-0.18776245117192047,152.10635,474.32953
147.84469818115235,0.15990905761714203,160.40236,474.9103
143.0508596801758,-0.9659912109375455,156.55083,472.59143
133.7036459350586,-1.3349792480469205,165.77272,474.56805
125.99657653808595,-0.24795837402348297,174.79648,474.60678
120.41368316650392,-1.5399963378906705,172.42467,474.19794
115.2163412475586,-1.9819213867187955,171.01564,478.6963
118.6294500732422,-3.4535400390625455,168.7872,478.68933
120.72815917968751,-4.666384887695358,165.3327,479.3566
122.66596435546876,-4.5933715820312955,159.2403,477.5349
122.36596130371095,-0.3944885253906705,159.28915,472.8222
123.93657135009767,-6.1376831054687955,158.12962,480
122.95997833251954,-2.7861816406250455,156.57744,476.6671
117.32869934082032,-6.2368347167969205,155.34781,479.21857
117.88950561523438,0.298397827148392,156.08655,470.12442
111.8356039428711,-4.159579467773483,154.93251,476.6915
110.96186279296876,-5.687625122070358,152.56476,476.95352
103.91247009277345,-6.4611999511719205,152.42953,479.78668
98.89530395507813,-5.684085083007858,157.8263,476.67105
94.46801208496095,-1.232455444335983,166.18198,472.8481
90.41626953125001,0.024700927734329525,166.89386,474.6811
86.39281677246095,-4.131625366210983,171.85739,477.42917
78.40776275634767,-2.6067382812500455,169.22789,475.5232
53.346544494628915,1.151455688476517,176.4265,468.94687
30.763231506347665,1.1937683105468295,175.0001,468.70197
4.677339782714853,0.0026672363280795253,179.16994,471.2702
-9.487035522460928,-3.3421203613281705,169.80862,473.79852
-11.380422363281241,-4.8392822265625455,153.98065,478.82568
-16.25560546874999,0.3990600585937045,135.02032,478.13
-18.405915985107413,10.936642456054642,122.9468,465.3793
-23.64113021850585,17.791409301757767,115.82897,457.05356
-26.040158996582022,68.40728454589839,120.87874,409.81985
-27.360528717041007,137.66758422851558,117.11701,351.61273
-31.45913101196288,156.56211547851558,114.72834,319.62256
-19.9645555114746,147.87817077636714,112.00268,288.86374
-19.654100189208975,141.83141784667964,109.95959,287.52
-12.008287200927725,137.50553588867183,99.50884,289.88965
-26.7433641052246,133.73835449218745,92.733635,299.20947
-13.79606414794921,153.86642150878902,96.95207,269.7463
-20.593362579345694,145.85290222167964,82.54264,273.9083
-13.820104370117178,135.30772094726558,84.437164,262.77985
-4.686353454589835,139.6197631835937,79.29375,253.21155
-9.734483489990225,165.49125366210933,97.04925,233.74695
-11.719350585937491,151.68551330566402,92.08075,225.78256
18.83218978881837,147.21643524169917,109.76618,209.92952
58.71315979003907,135.49132995605464,140.17331,221.27829
78.84950469970704,132.19639282226558,132.38084,248.10376
79.79924224853517,148.41195373535152,129.48723,285.00607
64.00564025878907,142.43711547851558,150.34952,293.96033
49.77831481933595,139.54374389648433,149.04941,307.06396
77.36522125244142,124.2727172851562,143.1754,305.14032
57.26069854736329,138.94875793457027,144.15483,310.3373
54.50452636718751,136.23522644042964,158.37073,291.52567
94.90554260253907,107.48577575683589,144.1268,300.5399
98.65854858398438,116.34470825195308,139.09302,300.5216
64.30548309326173,125.0654418945312,139.89192,300.271
54.57558654785157,125.88305358886714,135.462,315.07437
62.989542236328134,126.47056274414058,150.18604,316.9254
27.38247131347657,135.15746765136714,139.53116,325.71414
21.906908264160165,141.89712219238277,141.2824,316.0825
30.09505676269532,142.84138183593745,138.28702,310.91718
54.93591522216798,159.7607543945312,119.00618,306.77344
17.26783203125001,139.66225891113277,128.76239,317.77853
23.994058837890634,138.81943969726558,138.46997,319.2832
20.80874084472657,152.22529296874995,140.20334,319.06207
7.401819458007822,132.25735168457027,151.80362,325.83676
34.03345703125001,127.34257202148433,144.42004,315.16022
16.145815124511728,124.02245788574214,147.03035,323.26913
57.36495422363282,117.73861389160152,140.56107,325.48862
91.90418457031251,104.77288513183589,129.55548,332.49686
67.70405792236329,120.2816284179687,141.84392,337.31525
128.84881805419923,105.48244934082027,157.3769,336.02036
152.93821166992188,63.874768066406205,146.40936,319.26282
201.71998046875,52.857983398437455,141.98535,293.44934
186.6062567138672,71.7447631835937,130.70291,306.17755
156.07917236328126,88.83877258300777,149.62354,302.0795
115.85240386962892,89.26723937988277,128.16954,316.43118
99.19130920410157,101.85627441406245,138.91019,332.47626
143.4847967529297,71.55109863281245,147.97604,309.16766
139.04933380126954,86.20748596191402,144.12505,321.0956
127.56366943359376,106.26342468261714,146.03156,316.4589
102.04929565429688,121.0683715820312,157.14062,324.52582
96.63559173583985,113.22152404785152,180.0815,316.16867
137.20800994873048,112.17338256835933,194.03627,327.22974
144.70289825439454,93.71003417968745,195.92479,329.0603
120.99284576416017,67.68624572753902,173.89287,325.6406
121.79049133300782,0.026531982421829525,171.01541,312.4685
150.9345266723633,99.83486633300777,158.67668,340.18912
159.81230377197267,129.55679016113277,175.2838,320.73538
160.37710021972657,110.04832153320308,174.89536,321.6159
154.93834136962892,37.71885375976558,174.1173,335.5927
161.42541717529298,20.835278320312455,183.61433,363.7024
180.30299591064454,4.344631958007767,221.47343,323.00687
185.11210083007813,30.287899780273392,198.33679,347.47006
178.57599090576173,29.757458496093705,182.94868,356.1347
195.18632720947267,1.272732543945267,194.9492,323.60574
218.17406677246095,35.13755493164058,222.59409,288.03076
199.23181365966798,-4.869570922851608,172.51472,305.14615
264.23436950683595,60.33129577636714,195.88571,313.3998
322.7315008544922,75.99921874999995,174.6301,322.71924
284.48566650390626,53.176647949218705,154.41077,333.53186
274.673837890625,49.636547851562455,155.88135,317.83112
281.0884802246094,53.15861206054683,154.65045,304.62885
285.8552038574219,43.841809082031205,148.03656,311.0459
299.0557196044922,38.62009887695308,139.52493,290.28296
298.16340087890626,22.232174682617142,138.4403,280.06216
293.9807150268555,7.469540405273392,143.91737,281.84415
295.5664694213867,-3.740603637695358,129.63582,280.33768
299.6389028930664,0.9035461425780795,130.69646,263.88898
308.6034147644043,6.0601623535155795,127.08805,265.0475
315.6401922607422,-4.4449340820312955,120.06833,259.45935
329.9917623901367,2.9430053710937045,116.73891,258.34467
342.5634100341797,5.4836853027343295,122.11899,251.46814
361.4652082824707,-2.5053207397461392,123.36025,243.93797
360.5632879638672,-4.475917053222702,110.42984,241.47816
353.137891998291,8.637821960449173,117.875725,234.25276
326.8028204345703,-18.535037231445358,116.328094,228.17685
359.7989141845703,3.5767868041991733,113.8887,226.04128
363.9914991760254,4.492092895507767,112.66906,231.13565
311.1898748779297,29.2604110717773,113.5845,240.48933
268.54530548095704,71.50551300048824,125.93132,228.15086
290.2518637084961,47.19637756347652,113.211136,234.41714
299.4535581970215,57.011738586425736,118.04005,223.34843
301.40738510131837,43.035786437988236,112.60413,237.78203
312.9808447265625,72.35376434326167,120.68036,220.79005
332.57887481689454,48.42428283691402,112.47099,215.60544
337.71017669677735,58.879536437988236,125.330215,203.44237
355.72852157592774,56.68038635253902,119.89588,205.7521
354.6541731262207,68.13824157714839,127.897484,191.69144
369.97831176757813,60.18868713378902,130.06805,197.17142
378.76059173583985,85.84008483886714,137.73244,182.0253
374.1449835205078,63.00028686523433,122.863556,200.38257
384.81418060302735,36.599873352050736,115.64247,215.21245
396.62166427612306,31.998303222656205,120.22947,217.21783
394.010938873291,52.12692718505855,121.99389,223.89888
350.7209036254883,67.70245056152339,128.43236,255.16733
108.2718832397461,59.34696655273433,79.00229,358.99304
118.27096008300782,49.378308105468705,86.487656,370.0064
129.82935546875,46.27727966308589,92.690384,367.82156
142.34583877563477,29.093014526367142,93.39912,383.01865
151.87522338867188,29.503491210937455,100.11458,382.1482
165.66823028564454,26.750881958007767,103.62665,380.82986
180.16550277709962,31.482418823242142,103.28744,377.42722
193.8829557800293,27.440136718749955,100.565056,373.33972
205.53850006103517,32.81954650878902,102.64838,373.54086
220.22782348632813,30.566464233398392,98.0226,376.71432
230.91266845703126,31.640530395507767,97.55629,375.4288
242.3855307006836,35.24599914550777,98.78415,370.86423
253.8385565185547,27.177273559570267,98.528854,381.58975
266.65300582885743,33.26536254882808,98.69994,371.07745
278.1657698059082,34.66991882324214,99.554115,369.4799
291.2634489440918,35.10912780761714,97.52361,369.8749
305.7237799072266,36.08402709960933,94.931015,368.1045
314.5883695983887,34.639294433593705,98.763054,371.77338
332.02321075439454,35.03085021972652,95.278076,373.1259
343.5080587768555,30.493038940429642,97.997284,399.78915
353.6044027709961,47.43308715820308,102.9462,384.4986
374.2178709411621,47.58147888183589,96.36532,378.5245
382.6357862854004,44.55386047363277,97.2757,382.4733
394.3650457763672,44.77584533691402,99.49217,379.0734
407.452516784668,44.22094421386714,99.32034,382.82224
407.8896696472168,41.15317993164058,97.32964,389.8346
407.8104040527344,42.17968444824214,97.204605,384.0875
409.03701614379884,36.646435546874955,100.065895,384.41925
411.15458129882813,35.72434692382808,99.62831,388.9947
413.10086654663087,24.599865722656205,101.58053,389.8125
415.96452926635743,18.186001586914017,100.636284,392.99405
418.20391677856446,7.367031860351517,104.34934,403.86313
420.4449903869629,11.09104614257808,102.8816,393.97266
425.23381256103517,9.297421264648392,100.53345,390.26773
426.1378729248047,8.697506713867142,98.73515,391.5532
429.9808485412598,7.7306640624999545,97.65937,393.66498
434.57986282348634,7.699917602539017,95.61039,391.7955
438.36094497680665,5.900936889648392,95.16242,384.7466
438.8916990661621,1.364895629882767,93.90743,378.31912
441.3106443786621,0.14660339355464203,92.001305,377.285
438.9628012084961,0.07867126464839203,93.54758,374.4315
443.9551412963867,0.08890991210932953,91.77872,368.85028
442.23353790283204,0.18188171386714203,95.006165,370.0721
441.20045684814454,0.387875366210892,98.70624,374.70364
437.48593353271485,0.045407104492142025,101.73288,377.47928
435.00504135131837,1.0572937011718295,104.45858,385.80847
436.77800201416017,5.9973571777343295,106.03345,396.1765
433.27178787231446,7.0865905761718295,110.04899,393.84424
432.36784957885743,7.8734558105468295,107.3153,396.67615
430.05997680664063,17.930722045898392,108.979324,396.59427
428.5770475769043,28.074459838867142,107.82671,393.33786
430.0035841369629,31.863125610351517,107.123665,392.42087
430.58428787231446,40.499584960937455,104.74442,386.90063
428.6954786682129,47.36352233886714,106.05518,383.38138
430.1340086364746,45.815869140624955,102.728905,380.29755
428.49910568237306,44.91380004882808,103.1314,383.23053
430.1522123718262,42.15636901855464,100.73046,384.5422
429.48775314331056,44.85836486816402,99.270195,374.35
428.59066986083985,40.62173156738277,97.97006,374.1592
428.5177900695801,38.88634948730464,98.96836,367.05136
428.6302473449707,33.53237609863277,98.9437,369.30814
431.3312017822266,27.599743652343705,95.6483,370.87244
429.2826712036133,25.27769165039058,97.07837,371.56104
430.657179107666,15.416317749023392,96.37153,372.87808
431.50431274414063,12.471615600585892,96.00423,376.4471
431.51990341186524,13.165646362304642,94.45089,379.51303
434.19561599731446,12.560925292968705,94.28257,373.05786
435.7506353759766,12.995755004882767,93.202805,368.4855
430.99300216674806,13.086331176757767,96.11681,381.1622
432.2228567504883,12.794750976562455,95.20892,363.4563
433.7142317199707,16.07590942382808,94.10624,380.75714
429.73772262573243,17.878414916992142,98.17773,377.92172
433.3976728820801,9.255642700195267,91.96879,381.2485
428.3366796875,21.004605102539017,95.31508,392.37003
429.94136642456056,14.195492553710892,94.59826,388.1262
430.3970358276367,17.685421752929642,91.34024,384.87338
429.32020782470704,30.833981323242142,88.19971,381.55075
429.01236557006837,32.14811401367183,91.01418,367.27075
426.4067137145996,35.65707092285152,85.51009,373.4166
427.2556478881836,42.60825805664058,85.246796,368.94385
427.1668112182617,38.94347839355464,86.338776,371.0779
422.287607421875,37.09598999023433,87.66359,379.62708
426.36179946899415,39.677807617187455,85.285286,368.15656
425.0036833190918,52.746411132812455,83.46783,353.48224
428.65749954223634,43.04891662597652,84.22599,360.1414
424.09517501831056,49.056896972656205,86.6917,359.89172
417.6517660522461,42.17173461914058,93.64255,382.0747
411.3690168762207,40.815014648437455,104.633705,385.3156
415.29016708374024,28.394589233398392,100.06185,387.16464
411.13717864990235,32.882580566406205,94.42917,408.51038
399.228395690918,15.633480834960892,102.71115,395.0485
393.5082037353516,17.668606567382767,103.39177,391.1154
394.7940657043457,16.097195434570267,94.7371,388.5889
366.41839431762696,20.62968139648433,126.71696,423.0221
291.87004302978517,32.27116088867183,169.24408,441.1698
225.67201446533204,20.832409667968705,214.0044,457.73004
151.8573324584961,15.977474975585892,246.39157,457.7656
150.74586700439454,15.45377807617183,250.15686,461.38794
173.91932891845704,14.830563354492142,267.85327,467.08444
177.31213592529298,12.68626098632808,265.81216,473.55347
135.22241424560548,18.875210571289017,261.18802,454.70718
174.95630096435548,4.048947143554642,270.17532,479.85568
181.8020803833008,3.020596313476517,274.4275,473.20438
158.2345755004883,5.770504760742142,279.3462,473.0201
167.42296051025392,4.8739440917968295,280.76312,480
160.67091583251954,4.1772583007812045,274.2755,478.6021
172.71110748291017,7.5351379394530795,273.69855,470.05493
181.3567678833008,5.3633850097655795,274.3861,476.51794
142.7157766723633,9.368405151367142,298.09973,464.08115
161.6539633178711,7.049343872070267,275.30026,470.53958
175.5457327270508,2.0923889160155795,269.80823,480
160.0962240600586,8.609280395507767,279.19955,472.3123
157.75677703857423,3.701229858398392,268.4263,468.301
167.92473052978517,3.0387390136718295,274.2896,475.18958
158.94207977294923,2.1697814941405795,278.548,480
178.1047689819336,0.500729370117142,264.9365,476.36728
160.31578277587892,7.213681030273392,285.998,472.8735
161.14805816650392,3.723355102539017,283.42377,474.10098
165.37716888427735,7.032986450195267,278.415,476.3787
172.66488861083985,2.4131896972655795,273.25815,479.13086
169.37762664794923,9.446774291992142,277.94034,473.67758
152.5427572631836,7.054348754882767,274.34677,473.2267
159.93554901123048,4.2345397949218295,287.402,480
169.28424285888673,1.968930053710892,268.4949,476.78732
172.90153717041017,8.162686157226517,275.34772,470.92654
172.77995513916017,4.866574096679642,281.38043,476.54794
182.86920379638673,-0.417575073242233,276.1099,477.0491
170.6717855834961,3.565792846679642,281.55917,475.1943
186.9494955444336,3.6861999511718295,289.76266,480
205.0566732788086,-4.6308471679687955,271.45944,479.55096
193.88827728271485,6.3203247070312045,292.88828,469.81073
187.8587973022461,0.6007202148437045,289.03024,475.91815
194.18968414306642,4.3068664550780795,292.07904,480
200.29391693115235,-0.6353332519531705,284.24887,480
198.23741363525392,3.3453796386718295,304.02594,473.81458
201.09144805908204,-1.327426147460983,293.04248,479.5801
218.18654083251954,10.31138305664058,294.6383,466.59375
211.62903045654298,0.6377990722655795,297.981,480
227.90350555419923,2.0356262207030795,299.1874,480
213.21425079345704,9.270153808593705,283.05225,471.0379
227.44140838623048,13.34031372070308,305.2112,466.36047
223.69366668701173,6.773281860351517,298.7632,473.2195
213.18287872314454,28.20536499023433,319.16895,448.0304
205.9189779663086,34.52286987304683,283.5566,426.5614
182.3385107421875,39.07384948730464,185.31203,417.01974
166.27828048706056,38.871411132812455,119.971794,381.8376
164.7347853088379,43.159008789062455,107.795296,352.53973
166.26388000488282,41.906201171874955,111.18785,349.27405
162.2549040222168,37.97155456542964,121.40313,363.63675
162.4923307800293,40.564282226562455,126.73766,351.42267
167.18149017333985,40.69161682128902,130.64096,351.48416
170.70112060546876,44.26664428710933,132.52516,347.89246
175.15130828857423,47.05465393066402,134.36307,343.99796
184.72460388183595,44.867932128906205,135.82506,348.2179
188.90409301757813,44.90853576660152,136.94856,355.00058
196.89516662597657,43.83622436523433,136.35106,361.02264
200.40509246826173,44.47692565917964,133.9896,355.52017
199.39571594238282,41.980053710937455,127.58971,359.19897
208.41970657348634,41.55788879394527,119.210915,360.46683
203.3864424133301,42.333264160156205,124.628456,358.36053
194.3516943359375,39.92831115722652,132.43141,361.27078
189.26418518066407,43.63255004882808,132.70854,357.8271
182.79890274047852,39.82931213378902,127.50422,359.3588
181.02437805175782,38.25085144042964,117.63225,357.85855
178.01232360839845,36.64519958496089,111.615524,360.5599
169.99925827026368,34.39324645996089,110.63079,361.93625
163.11410736083985,31.881176757812455,109.8826,365.813
158.92020248413087,31.13413696289058,109.057335,371.88007
150.89547180175782,29.812619018554642,112.909775,375.17825
146.7832815551758,36.91660766601558,117.10541,368.36133
130.47988342285157,35.32555847167964,131.64091,373.17416
124.13673614501954,33.025219726562455,135.36682,373.97418
106.1393377685547,35.426525878906205,152.65465,368.42834
93.29891418457032,28.582836914062455,165.45207,374.26978
98.02224182128907,35.01162414550777,159.30498,367.3918
91.8616049194336,34.350354003906205,162.85172,369.03235
100.23212646484376,30.573300170898392,155.15303,376.9821
86.84743713378907,33.40902404785152,165.55046,376.44333
93.2840902709961,29.662533569335892,156.80081,381.0154
93.90188049316407,34.32284240722652,154.05705,375.73703
91.5096990966797,30.846218872070267,152.26756,380.6218
81.20309661865235,28.21757202148433,157.46146,385.14496
73.2429525756836,27.88474731445308,157.89969,385.6761
70.27758239746095,25.917874145507767,157.20506,390.43832
68.53298400878907,22.541027832031205,152.56963,389.078
65.91317962646485,19.19712524414058,140.42032,394.09332
59.5844061279297,16.168179321289017,121.386215,395.1644
58.2467596435547,21.74088745117183,124.90111,391.23517
48.17148422241212,21.405590820312455,119.515526,388.93127
42.97339462280274,22.785046386718705,124.589806,389.19482
43.27773498535157,19.430966186523392,126.939255,390.22574
39.57147430419923,16.465664672851517,131.2601,394.79465
38.18032287597657,17.836911010742142,140.6054,392.5226
37.44807647705079,18.553417968749955,147.35553,393.25195
33.71064971923829,17.373074340820267,154.1015,394.53293
29.036302795410165,23.447354125976517,161.33484,386.6826
27.332521667480478,16.610653686523392,168.11423,392.0872
27.632974853515634,20.09269409179683,173.01332,388.38507
39.093309631347665,18.706570434570267,170.42017,393.25766
48.480577697753915,14.796109008789017,170.37207,409.8077
49.53352569580079,43.866345214843705,177.87616,379.99146
59.00825714111329,36.14187316894527,177.76813,387.14377
67.85572265625001,28.896755981445267,174.41487,396.46774
75.6284506225586,34.548962402343705,172.55057,387.45862
86.0447103881836,30.075268554687455,169.94131,395.51257
94.22567199707032,34.89947204589839,159.80363,395.49173
102.35454010009767,35.51931457519527,148.87866,391.07602
112.50964569091798,30.033718872070267,139.24594,392.69492
118.71879791259767,28.65067749023433,132.63855,387.35187
123.11312316894532,27.081021118164017,125.80681,381.50693
127.90955947875977,21.848355102539017,121.81556,382.60648
130.5088446044922,21.417172241210892,120.065475,379.41953
127.01899551391602,17.642727661132767,126.62678,382.8262
124.68294738769532,15.040341186523392,131.19499,386.82022
128.10264801025392,14.138455200195267,129.62,388.3923
130.80514739990235,15.461849975585892,134.67068,389.48526
126.47429107666017,14.870022583007767,143.51392,389.18564
124.71529602050782,15.557705688476517,152.58916,383.36935
123.41453002929688,16.528393554687455,158.45363,379.18958
124.91703247070313,17.748379516601517,174.2726,376.40524
128.54654907226563,16.21818237304683,176.09364,382.97772
135.80208801269532,20.445492553710892,186.06621,384.73538
151.32762359619142,23.058438110351517,181.25659,389.60568
157.34021209716798,26.398449707031205,184.15817,390.943
171.9411947631836,31.71091918945308,182.60953,390.52313
182.91266845703126,31.29014282226558,181.5959,392.31305
189.27524017333985,30.638317871093705,179.8096,398.47864
200.73493408203126,29.80747680664058,165.74495,394.85175
209.13500427246095,28.649594116210892,157.4221,393.6166
214.86913513183595,29.80717163085933,156.52684,391.18854
220.88985656738282,25.874020385742142,141.85698,393.18973
228.84079956054688,23.71409301757808,123.57008,394.70355
230.50152801513673,18.815258789062455,126.70273,399.1322
234.03052352905274,18.771740722656205,118.67867,395.9851
233.20031951904298,17.018688964843705,121.00369,399.4961
235.17690490722657,12.01157836914058,121.15794,403.8996
233.6961882019043,12.773754882812455,126.364006,398.78442
238.2013037109375,10.989346313476517,125.376114,398.75864
238.65995239257813,9.516674804687455,131.3116,401.76917
237.76536773681642,10.930691528320267,139.50677,406.50266
233.21384643554688,9.558651733398392,151.7917,406.4396
231.61779235839845,11.117733764648392,161.72392,402.5458
230.33889221191407,13.277340698242142,172.60265,404.85294
231.04535125732423,12.05027465820308,187.38113,408.6291
237.66695617675782,13.813000488281205,193.42992,408.30444
245.3746893310547,13.073971557617142,198.49077,409.71732
256.3150503540039,13.593014526367142,202.07391,409.2189
269.4094107055664,10.518505859374955,201.86102,411.97913
287.36149810791017,11.46653442382808,198.70709,409.77094
303.26395629882813,12.984890747070267,194.16621,409.53537
315.87724517822267,11.583889770507767,193.80487,410.317
328.7010824584961,12.28080444335933,185.30673,408.53583
329.7716390991211,10.471386718749955,179.29758,412.73645
331.92426513671876,11.48612670898433,168.68446,411.46246
330.23976348876954,13.242199707031205,162.51257,409.48035
332.6352102661133,11.967129516601517,148.58508,408.51584
331.9144537353516,9.614132690429642,139.88829,407.3206
330.23495697021485,9.837963867187455,132.02304,408.8352
324.6061651611328,10.186413574218705,128.13206,411.1189
323.52233337402345,8.761654663085892,129.1519,416.80106
320.2214910888672,9.701184082031205,130.25627,414.19336
312.0467169189453,8.74717407226558,138.13719,419.7298
301.43866943359376,5.5121276855468295,152.51674,426.518
290.4188482666016,7.821438598632767,166.19456,421.3751
281.6200277709961,5.7513549804687045,181.27634,418.5758
270.08786224365235,7.2507446289062045,204.34433,416.75854
267.769296875,6.855465698242142,214.52943,416.481
269.4804098510742,2.495938110351517,222.34195,418.92038
270.1862585449219,7.035610961914017,220.90279,416.4034
279.5001089477539,4.011471557617142,217.14056,423.15262
282.3019583129883,5.263912963867142,219.04016,424.65897
290.3704931640625,4.5723083496093295,216.70998,426.5329
293.24061798095704,5.445462036132767,212.81775,426.52072
297.3665335083008,2.3590515136718295,210.10632,429.54596
302.97106384277345,2.8716857910155795,202.2072,429.88312
307.6501791381836,0.5289733886718295,189.03549,430.42743
310.6665823364258,-1.405490112304733,181.01672,435.78964
312.3497640991211,-1.350527954101608,169.25131,436.95633
320.1377279663086,-0.4875671386719205,160.01193,441.44476
316.0946371459961,-0.13925476074223297,158.33029,443.6843
321.61115478515626,0.552731323242142,149.21986,445.21744
310.514284362793,-1.812136840820358,156.77628,447.85452
304.3949072265625,-0.06515808105473297,158.60902,449.98447
299.55439208984376,-2.661074829101608,157.80653,455.5778
298.7116262817383,1.685910034179642,162.75745,450.46072
295.54630493164063,-0.3873779296875455,171.46846,454.49634
293.999880065918,-1.2458984375000455,174.82022,455.7384
292.44811462402345,2.8906372070312045,183.8018,453.8401
291.9047491455078,3.3717468261718295,185.08055,454.83026
291.70531677246095,4.440426635742142,190.6591,453.8682
295.6868002319336,1.8324096679687045,188.85776,457.07397
299.6806967163086,-0.297976684570358,189.23203,458.24478
308.551767578125,1.929104614257767,185.81825,455.47958
312.2264044189453,2.155697631835892,190.7827,453.5435
322.9206640625,-1.328311157226608,185.88734,456.69217
322.1654837036133,-2.705966186523483,187.1084,454.7723
327.51740478515626,-3.616275024414108,187.14003,452.8815
333.6748907470703,-7.987673950195358,180.13182,457.51846
334.4583609008789,-6.3857910156250455,181.28705,456.438
338.7279608154297,-7.4676086425781705,173.03874,453.3
340.8937780761719,-5.742861938476608,165.06831,453.78763
342.40951751708985,-2.7842590332031705,155.94308,444.21124
343.5748083496094,-3.117404174804733,150.13777,438.95273
343.5029623413086,-0.950228881835983,136.14304,431.0178
338.6822073364258,-3.931887817382858,132.9198,430.80557
340.1981985473633,-0.5773498535156705,128.32886,429.78717
340.81867431640626,-1.5236389160156705,131.63417,435.93207
331.4356329345703,-3.5805541992187955,140.18993,441.79126
320.0910284423828,-2.583468627929733,150.28477,441.2833
307.34418701171876,-0.7328063964844205,158.06691,440.12518
294.1362554931641,-1.309481811523483,173.21593,439.05685
286.1040823364258,-5.081729125976608,188.14453,434.44376
285.9742758178711,-8.80116577148442,186.96432,439.64337
280.6548941040039,0.338070678710892,191.3133,433.15994
278.7714483642578,-3.813510131835983,202.30223,439.6677
286.3598654174805,-3.826358032226608,194.88931,440.97195
294.3955862426758,-4.124972534179733,190.66345,444.29477
286.0336019897461,-2.2538940429687955,204.5184,442.45752
290.1416342163086,-1.395938110351608,203.77719,443.9645
292.13190673828126,-5.4281799316406705,201.44691,449.28632
288.7912924194336,-1.4671813964844205,204.31076,449.07306
291.6264288330078,-3.7505371093750455,197.18504,452.00525
292.72340606689454,-5.112796020507858,190.89539,455.91898
298.6332037353516,-3.7644531250000455,177.20262,460.29163
304.5962774658203,-4.3599121093750455,166.26488,467.24182
298.315927734375,-1.9533264160156705,159.3694,469.97174
298.2276937866211,-4.2624389648437955,150.2302,475.6842
291.4303610229492,-3.2450134277344205,141.15457,474.4129
283.3974249267578,-2.585238647460983,134.57372,475.73007
277.4331915283203,-4.4093811035156705,128.47032,479.00043
258.9332907104492,-2.694644165039108,138.81253,478.0026
254.51457427978517,-2.827731323242233,143.78217,475.3962
253.06333374023438,-4.247348022460983,137.34663,476.24777
242.93419097900392,-0.422610473632858,146.52106,476.04678
219.79448150634767,-2.570590209960983,168.56781,476.45712
235.05556701660157,-1.338442993164108,160.96031,477.86905
223.72206329345704,0.799038696289017,166.54224,474.91684
222.6195394897461,-2.6428405761719205,168.75668,479.87836
216.95804809570313,-1.5994750976562955,176.5533,477.33826
205.34484313964845,-1.8551513671875455,189.99467,480
213.8587210083008,1.9828308105468295,179.89929,475.35236
215.60727905273438,-2.5111267089844205,178.63277,475.06366
205.60299133300782,2.218319702148392,186.6096,471.10562
203.82670806884767,4.5258911132812045,184.81342,468.66235
201.59450744628907,-1.519473266601608,179.72484,474.22696
193.6519338989258,4.2920043945312045,183.43396,465.39282
182.99611877441407,3.3124816894530795,187.04625,468.87054
175.0213949584961,0.525173950195267,187.51608,475.5416
164.21564697265626,5.925869750976517,191.66945,470.59006
153.58561157226563,4.725430297851517,195.49019,464.84445
154.96081756591798,3.6298034667968295,184.98721,465.33746
144.37160705566407,-1.252261352539108,176.52916,467.3527
135.14272521972657,5.1564453124999545,190.0808,469.72668
137.79748748779298,0.8902404785155795,178.13065,471.45038
143.70961212158204,6.097073364257767,155.22192,465.31552
158.84518646240235,3.049679565429642,159.58334,468.4689
175.5833303833008,1.4683349609374545,146.77112,471.7284
188.9200003051758,3.4386108398437045,144.05151,465.85767
202.1815283203125,3.848843383789017,134.52455,463.30612
212.3311102294922,4.125027465820267,132.21294,462.12228
217.27513336181642,3.0992858886718295,133.80853,452.85052
223.4377767944336,11.07780151367183,134.4697,443.75787
237.91355346679688,1.1524475097655795,128.95857,456.7298
245.45518707275392,1.619961547851517,129.7569,457.7208
248.94604705810548,1.949032592773392,135.08328,462.15994
255.07618927001954,5.5146606445312045,140.97351,460.4768
266.3104574584961,1.445431518554642,146.2313,458.7957
278.07750915527345,6.5153625488280795,139.44377,451.52704
263.3334295654297,-0.374667358398483,151.44402,462.47165
278.1774694824219,7.074490356445267,153.09895,455.41122
297.12724517822267,9.703396606445267,143.6463,453.10593
287.9212515258789,6.0841491699218295,153.34747,459.66498
274.88443969726563,3.058987426757767,178.89253,464.79453
290.96266387939454,21.252285766601517,168.97803,456.79062
290.12924407958985,16.06675415039058,161.8364,459.09772
265.43644927978517,-1.451998901367233,181.2995,478.48605
301.45768188476563,14.525845336914017,178.46992,463.40866
260.50361083984376,2.7156494140624545,194.00294,480
264.5902655029297,5.2331054687499545,200.35735,477.9508
268.67460845947267,8.764218139648392,205.66547,472.34183
274.1359197998047,21.490628051757767,195.89836,455.99704
287.4452993774414,11.367749023437455,187.81659,464.31335
298.4885885620117,54.54885559082027,182.87894,414.327
292.5829183959961,35.732617187499955,136.8453,428.98645
302.8454000854492,37.34971313476558,120.12967,424.30988
305.1061003112793,40.31205444335933,123.49279,421.58185
303.61516021728517,28.956616210937455,114.37091,434.75647
297.1098959350586,12.75083618164058,132.91733,451.80463
318.9014990234375,17.658093261718705,124.14955,446.96387
315.4627096557617,14.179379272460892,129.18997,455.38785
334.16874145507813,17.193737792968705,134.88313,452.9961
332.33727478027345,16.532406616210892,137.62846,459.1354
342.7574102783203,14.139035034179642,146.07603,460.97757
358.9339010620117,15.003491210937455,141.53506,457.31787
374.2399694824219,13.708386230468705,138.29463,460.02905
383.2413885498047,12.257717895507767,141.66399,463.37656
394.5319692993164,9.384228515624955,145.51715,466.8214
400.11210845947267,11.192639160156205,152.4483,463.00525
402.7419683837891,8.459408569335892,160.60936,468.30887
405.9059164428711,10.245632934570267,168.94821,469.16
405.73625396728517,12.30338745117183,179.38385,465.8438
407.70656036376954,12.991574096679642,187.49072,462.58926
409.24679779052735,7.260525512695267,200.42258,470.74728
413.8925573730469,9.21928100585933,209.5168,466.23065
423.5616094970703,7.8238647460937045,209.62389,465.8368
424.68132232666017,6.007656860351517,207.19305,469.5532
431.4123556518555,4.4949768066405795,199.70364,471.28107
439.8573095703125,4.6198242187499545,192.10329,469.06543
445.3345053100586,3.2401245117187045,184.1362,471.33618
457.64818786621095,5.406613159179642,179.47124,472.29312
461.8024313354492,2.520108032226517,173.74759,471.57822
469.28007720947267,6.2764709472655795,168.95172,469.08258
480.9657537841797,5.3253906249999545,159.64384,468.32312
492.332529296875,7.279446411132767,150.9535,471.07053
500.10038970947267,11.708813476562455,139.45294,440.65686
523.0630819702149,20.169979858398392,120.22336,435.2488
546.3739492797852,30.06931762695308,105.793274,444.846
545.5257093811035,29.179760742187455,116.724495,439.1062
554.4977285766602,57.88724975585933,120.84076,436.2685
513.0319387817383,59.067150878906205,165.99097,421.1891
486.6464865112305,29.18461303710933,168.0397,450.31805
493.17992614746095,39.79375915527339,181.79546,448.30276
472.0034201049805,25.470959472656205,178.98831,459.2572
498.1754476928711,41.88737182617183,187.83664,449.3426
507.34449981689454,47.77024536132808,166.55042,448.17535
484.6701681518555,44.045483398437455,175.14224,447.9934
425.6120016479492,47.986523437499955,198.92935,443.20886
378.47448181152345,31.239559936523392,211.8792,445.35953
251.3719046020508,28.249584960937455,226.16211,433.8302
164.41793273925782,49.64843444824214,245.13792,411.06912
160.96318267822267,8.947964477539017,253.10077,444.95895
286.1287710571289,55.39019470214839,239.93427,424.3616
237.1857244873047,31.71488647460933,219.58708,438.0948
250.17455505371095,22.859143066406205,227.35649,446.67834
410.96784423828126,60.507519531249955,205.10756,428.48462
544.2222235107422,82.19695739746089,128.5623,415.2266
541.9187490844727,91.57235412597652,111.15668,388.97726
517.1358854675293,123.92129211425777,125.62878,352.32675
521.7090933227539,105.78368835449214,125.83295,374.215
521.8525106811524,65.44317321777339,121.63425,414.38968
508.5379431152344,20.577770996093705,132.11678,459.062
485.5082342529297,5.4329345703124545,154.00346,472.86548
490.0486929321289,0.995114135742142,145.87506,477.0712
467.5849478149414,-1.3225891113281705,166.2779,474.93427
457.99259399414063,-4.424838256835983,175.25655,479.87045
443.96903442382813,1.657192993164017,190.87056,476.41586
428.0713446044922,4.086727905273392,205.5302,468.38882
408.74919342041017,3.915615844726517,217.46783,466.5212
384.2549917602539,5.639370727539017,236.13531,469.863
356.30736755371095,5.508389282226517,212.67876,465.8032
350.66303466796876,15.468197631835892,205.27626,460.29935
347.5184576416016,17.886807250976517,194.54308,455.3613
337.7744009399414,18.73893432617183,186.45868,458.50092
333.8073599243164,23.304638671874955,175.08856,446.729
329.1766149902344,14.35166625976558,174.15608,457.21088
322.6933920288086,15.329373168945267,177.55807,455.36972
319.0792333984375,12.88670043945308,179.63808,461.851
309.7070562744141,7.8538330078124545,182.55089,469.37244
302.41179107666017,3.6145446777343295,186.3111,471.83453
288.8804571533203,7.0040710449218295,191.33556,468.70258
275.2986166381836,7.375515747070267,198.62704,473.29367
266.1440222167969,2.842800903320267,201.1429,472.53293
257.3443014526367,4.914761352539017,204.70963,474.8265
257.92184661865235,2.1829345703124545,201.24557,474.63245
257.1554815673828,6.9097106933593295,202.06615,470.29156
253.03282379150392,1.211178588867142,209.53839,477.16275
257.9456884765625,-4.5205566406250455,198.8528,480
258.2030813598633,-1.901675415039108,188.4292,474.65372
251.74286865234376,-4.1179077148437955,187.93422,476.69678
245.86068176269532,1.8897827148437045,183.71092,472.59155
241.1580908203125,-2.482608032226608,174.33876,479.46072
234.02953552246095,-1.7216064453125455,170.45927,478.17163
225.11622833251954,2.4076660156249545,167.92639,471.9386
217.92865966796876,-3.6996337890625455,166.2466,480
212.4933645629883,-1.467349243164108,163.27905,476.7853
210.06373809814454,-6.7878906250000455,162.01013,480
206.286142578125,-5.2965576171875455,164.57887,480
209.53856109619142,-1.8940002441406705,154.27216,474.9062
200.20118927001954,-1.094424438476608,163.34131,474.00858
195.11032318115235,-4.5306884765625455,165.57431,480
186.4095022583008,-3.452548217773483,168.46277,476.52805
180.61066650390626,-3.575411987304733,171.48903,475.0803
175.12140106201173,-3.9893676757812955,176.1326,473.80884
169.41806243896485,-0.09561462402348297,177.71994,469.17038
167.1870443725586,-8.951708984375045,180.59555,476.8623
158.19035552978517,-3.6635620117187955,188.49396,470.2505
161.90484832763673,-1.3069030761719205,197.31009,475.39508
152.95791076660157,-0.09079284667973297,217.26866,475.13864
144.866220703125,-1.318972778320358,236.28261,476.3445
136.336435546875,-6.7093994140625455,250.75453,480
128.45184539794923,-5.9673950195312955,263.4424,480
126.87408660888673,-3.9647399902344205,270.00943,478.1623
120.83540557861329,-5.2020446777344205,277.34875,477.15033
124.19850372314454,-7.0937072753906705,276.96655,476.2127
126.89586090087892,-2.691073608398483,276.23627,473.76144
131.33156036376954,-4.712893676757858,268.46484,478.40433
140.1621878051758,-3.7665893554687955,259.1339,478.8777
155.3490087890625,-6.5176269531250455,244.78627,480
156.3463919067383,-6.0534545898437955,240.26135,480
162.69117950439454,-6.587161254882858,229.61755,477.47635
170.94145416259767,-6.547946166992233,221.73822,479.13815
174.28336547851563,-8.152697753906295,217.97395,479.5188
179.62414764404298,-7.7632324218750455,214.59805,480
177.2279379272461,-6.2541992187500455,220.9288,480
184.19177459716798,-5.2222778320312955,220.40347,477.19104
186.16050933837892,-7.2220947265625455,223.28888,480
190.09931396484376,-4.058169555664108,222.3683,476.05496
190.64579223632813,-4.828799438476608,228.07625,474.43594
196.28717254638673,-1.768466186523483,229.38858,470.29184
189.60507415771485,-6.4818908691406705,240.35263,476.96783
195.25419830322267,-5.965701293945358,239.59332,477.35867
194.9337255859375,-5.3289978027344205,245.44533,473.45953
190.27173065185548,-1.6033813476562955,254.72183,472.5504
189.6891195678711,-1.9939147949219205,261.7662,470.6032
186.72592376708985,-4.0544616699219205,267.69858,473.63824
186.86447357177735,-1.995425415039108,270.42416,474.83475
185.07853912353517,-3.243869018554733,275.742,474.70114
187.46704315185548,-4.568179321289108,272.9036,475.68753
182.5760824584961,-4.5126525878906705,273.40683,475.37982
181.01816009521485,-5.168460083007858,274.09335,476.01553
184.1684133911133,-3.0088684082031705,269.70178,470.23053
183.41881011962892,-4.6110717773437955,267.95062,472.3578
183.97755645751954,-2.928225708007858,268.76245,472.41763
181.20016693115235,3.2899597167968295,269.32394,465.7619
182.26286529541017,-0.010699462890670475,269.0722,469.54694
189.55238555908204,-1.9719421386719205,264.97717,472.32855
184.55870269775392,-5.4527465820312955,265.1325,477.66565
191.05848907470704,1.827297973632767,261.64844,472.97165
188.28399871826173,-2.594302368164108,256.10977,469.75113
190.18976043701173,1.218685913085892,254.91922,471.1862
184.66896270751954,-4.7143127441406705,269.49548,475.2249
184.2063314819336,-5.8492004394531705,273.00375,478.54425
180.7178060913086,-5.712435913085983,282.29086,477.18234
177.61229156494142,0.3462036132812045,282.5052,473.0332
184.36180328369142,-4.6817810058594205,272.81378,475.3499
179.77574371337892,-5.059085083007858,275.1911,476.9722
179.54794525146485,-4.609255981445358,280.9149,474.64346
189.58603118896485,2.4627502441405795,277.1672,469.581
177.86151336669923,-4.634219360351608,287.36453,478.1564
191.8856985473633,1.612667846679642,280.35583,472.928
182.68467926025392,-3.850619506835983,283.93414,477.38278
171.08085845947267,1.3914001464843295,297.00787,474.5368
175.35277008056642,-1.675997924804733,294.33014,474.93222
173.12260650634767,2.4305541992187045,287.15253,474.3839
185.0455648803711,1.289639282226517,274.80063,474.41537
179.61651824951173,-6.0430175781250455,280.65176,480
184.63598846435548,3.535336303710892,276.41446,474.79507
185.8562338256836,-5.2592041015625455,280.58627,480
204.69627593994142,-0.996981811523483,268.7177,475.34775
205.55406402587892,-5.051669311523483,265.877,479.28415
208.6647512817383,-0.893496704101608,267.65918,469.19156
214.19755767822267,-2.4770385742187955,269.96783,470.11597
215.0543539428711,6.057064819335892,277.11826,462.24625
216.69774078369142,-6.031741333007858,274.82928,472.45657
225.22091888427735,-3.3360473632812955,270.34164,472.24268
222.9250814819336,-2.827609252929733,267.10007,474.6583
225.83339141845704,-5.7942077636719205,270.25366,474.6867
239.5733740234375,-7.8370849609375455,252.18446,477.1034
235.2347738647461,-10.042041015625045,255.60544,478.761
253.1291830444336,-1.969332885742233,237.59946,468.3613
250.41366027832032,-6.0865966796875455,234.44518,473.89734
255.92033599853517,1.3417480468749545,232.73602,463.9441
261.832643737793,4.6868713378905795,227.49673,461.351
264.29374908447267,1.1809814453124545,222.29181,467.7555
269.7241766357422,2.5322082519530795,216.89275,464.2497
276.92565368652345,9.82200317382808,208.08061,455.94354
277.39003204345704,2.6910827636718295,202.5409,469.06635
280.9061834716797,1.7766235351562045,183.34453,473.95447
299.80775665283204,-2.7025634765625455,195.76697,472.5979
300.3283483886719,-6.603396606445358,199.4814,478.40714
304.84386657714845,-4.477969360351608,201.96696,475.9186
309.8838140869141,-3.0681030273437955,208.08714,475.00342
315.4525396728516,-0.679080200195358,214.90025,469.82437
315.91752075195313,-1.343478393554733,220.03828,466.50485
317.2923834228516,2.099667358398392,231.25914,465.75552
316.76813720703126,-3.2315551757812955,234.77211,464.6377
321.2648336791992,-3.8256103515625455,240.35635,464.5974
330.25627349853517,-3.0242492675781705,236.88446,470.67267
342.73076080322267,-6.3022644042969205,230.73456,473.61603
351.8645803833008,-5.879153442382858,224.91187,475.0967
360.1599371337891,-4.369784545898483,225.80992,472.84494
365.45646118164063,-7.8125793457031705,227.2629,476.54413
371.7377722167969,-1.9068786621094205,223.7231,473.79926
372.45011352539063,-0.706912231445358,232.43867,471.9468
376.3304998779297,-2.254763793945358,232.56804,476.8771
382.58891510009767,-1.961764526367233,238.07928,470.14157
394.7984945678711,-2.2729980468750455,226.00424,476.1521
398.10466217041017,-1.097842407226608,226.2442,474.79825
408.7878439331055,1.2866333007812045,217.59537,471.7931
415.99049591064454,1.8520935058593295,209.06848,469.7912
420.75473236083985,-5.697421264648483,206.26682,473.82626
427.59616302490235,-5.4245483398437955,200.76645,473.36475
437.29985260009767,-1.7039978027344205,193.0506,473.7564
436.2903463745117,-0.6179687500000455,200.98502,471.29688
442.05119537353517,0.027264404296829525,196.47089,475.86493
456.4884817504883,2.796566772460892,182.56506,472.6077
473.34740661621095,-0.975833129882858,164.37907,473.69168
485.0292303466797,-3.7395507812500455,156.15312,480
504.38849853515626,-4.7124511718750455,139.97829,480
512.8993399047852,-2.0769836425781705,134.56097,476.60126
529.4629270935059,-0.9731323242187955,120.39767,480
528.5951025390625,-3.4507019042969205,113.84779,479.1197
538.0775854492188,-3.879763793945358,109.44777,479.47842
540.2262670898438,2.435787963867142,105.61098,471.81766
545.3689138793945,2.2284362792968295,101.10254,473.2397
550.9775030517578,1.785427856445267,95.47081,475.28073
554.428591003418,14.478237915039017,96.78299,462.70004
556.2866079711914,11.188565063476517,96.846985,468.26718
556.8281462097168,25.724118041992142,117.15807,465.78946
546.0759909057617,25.131100463867142,107.32352,456.4904
552.9758665466309,7.114102172851517,96.06832,472.6014
558.0554830932617,8.764660644531205,98.189606,471.31372
565.115473022461,27.47135620117183,116.61833,464.8642
560.5863439941406,16.33390502929683,114.28511,475.15668
562.3245031738281,15.92088012695308,114.46712,476.61078
565.3210089111328,15.121655273437455,113.73717,476.37598
568.9821951293945,15.201428222656205,112.46069,476.21082
568.2190992736816,15.139309692382767,111.91755,475.8967
561.7462637329102,21.283657836914017,105.04022,466.9492
560.0035154724121,13.414883422851517,116.22726,479.10654
547.5998861694336,30.898281860351517,130.82602,473.2839
526.1027014160156,18.969006347656205,167.91731,480
492.18681549072267,17.044934082031205,203.90558,480
485.05033325195313,27.750744628906205,200.35957,480
486.346201171875,22.596646118164017,183.32375,477.70053
309.70328735351563,1.629269409179642,202.25764,465.14493
206.40323852539063,7.1836364746093295,179.24641,447.44696
160.8976614379883,6.3392761230468295,166.8363,441.497
124.12500976562501,-0.923281860351608,188.4955,437.05338
149.24213623046876,1.2667358398437045,170.77882,436.651
181.2614309692383,7.585751342773392,159.94214,436.62344
150.53399871826173,-3.085665893554733,167.8566,437.28683
136.20190643310548,-0.766207885742233,173.14932,442.5804
152.6880438232422,-2.393313598632858,169.88774,441.8179
117.06285308837892,-6.727114868164108,188.2724,443.57144
73.41559814453126,-9.111849975585983,217.09926,442.07553
42.07399200439454,-11.103442382812545,218.3518,445.26074
73.87802337646485,-9.72096557617192,217.66733,451.71747
-0.007505187988272155,-11.70076293945317,230.20474,467.87933
1.6732046508789153,-4.583590698242233,238.4566,460.70517
-0.8194787597656159,-8.014941406250045,232.91231,459.5691
-11.273084411621085,3.4509399414062045,232.83087,462.13293
-11.91367889404296,-1.762576293945358,221.71326,463.69547
-11.743482360839835,-4.760165405273483,232.36469,454.71982
-26.998784790039053,-5.0715209960937955,237.1132,464.9674
-10.136876831054678,-5.4556457519531705,241.25511,464.22357
-21.97575164794921,-14.429598999023483,235.97888,464.2169
-20.296903381347647,-10.19868774414067,247.85556,472.9206
-26.68955017089843,-11.652438354492233,228.21935,469.2595
-23.04343200683593,-10.899340820312545,224.49632,470.516
-2.5872628784179597,-7.708895874023483,249.89355,461.3054
53.12751983642579,-5.130099487304733,229.0719,460.55844
37.443948974609384,-6.0912963867187955,227.00996,461.68408
4.93318389892579,-7.3134033203125455,233.85388,467.64697
3.088136901855478,-9.288806152343795,232.88785,460.03564
4.585024108886728,-2.0432312011719205,231.61258,456.68927
12.565454711914072,1.2143371582030795,231.43333,449.20953
58.85267089843751,-1.3969604492187955,215.40749,454.9674
98.6002752685547,-5.1019165039062955,203.34587,461.13513
72.80517791748048,-2.445895385742233,215.37625,463.75742
46.65810607910157,-6.4273559570312955,223.1721,465.44287
25.918260803222665,-6.0312683105469205,226.54388,458.32
3.2548468017578216,-9.65706176757817,230.22899,467.1098
50.028848876953134,-7.7336914062500455,229.93794,458.52893
80.6943914794922,-5.991244506835983,227.7885,448.16476
56.30011962890626,-8.992602539062545,231.6786,466.08948
35.77960418701173,-8.786929321289108,228.76077,464.17178
5.858156433105478,-9.93611450195317,233.73196,463.70502
10.267763366699228,-6.3721801757812955,250.81107,455.01526
2.3501455688476653,-9.165347290039108,230.14532,466.3245
38.97968505859376,-3.972537231445358,231.16237,448.92435
24.093134155273447,-2.1318847656250455,227.01689,455.55603
-26.43979431152343,-7.6450683593750455,224.68748,469.63
-35.346082458496085,3.725338745117142,200.48676,454.2272
117.67070220947267,5.4045837402343295,199.27985,449.62604
163.87401031494142,1.4237487792968295,172.61102,456.58893
171.37687896728517,1.2587097167968295,167.29266,447.99652
179.23140930175782,-0.4004699707031705,159.09203,443.07404
176.13795684814454,2.236538696289017,158.52222,443.70358
175.41026519775392,-3.289187622070358,154.97711,448.429
158.254404296875,-0.8534729003906705,161.4164,447.5313
162.20351623535157,2.1292846679687045,169.67455,453.23303
142.84961151123048,-2.0330383300781705,170.77701,451.35956
117.8961737060547,4.478817749023392,183.96294,446.76797
133.02362274169923,0.999661254882767,178.66568,455.3735
161.16662048339845,1.3279541015624545,172.85063,446.30957
134.21220611572267,4.003018188476517,180.47443,437.38083
175.64950775146485,4.320828247070267,159.43124,444.99216
150.02437805175782,-0.6154052734375455,171.25365,433.3933
135.52694152832032,4.103909301757767,180.59227,440.21506
184.41793273925782,9.961514282226517,151.56749,440.74887
172.21522735595704,-2.4381591796875455,162.82483,437.193
159.8358251953125,4.7558410644530795,165.0254,446.5728
139.49035858154298,4.475033569335892,172.35403,445.4628
164.36644195556642,-0.2667419433594205,167.41876,443.17426
145.87481903076173,3.331936645507767,177.49063,438.66013
180.52113555908204,3.7212341308593295,161.51953,447.87335
154.29588531494142,-0.17335815429692047,171.24127,435.40326
117.61340545654298,0.6177490234374545,184.51956,449.05725
130.28683685302735,0.4773986816405795,179.90097,448.5744
173.46193908691407,3.4750488281249545,160.08739,443.0896
149.81418060302735,-0.4555236816406705,173.20493,440.097
186.5365545654297,2.470242309570267,160.59538,448.66757
176.35447143554688,-3.0204040527344205,162.43452,447.16144
161.9822561645508,-2.9637023925781705,165.42969,453.10126
132.74563049316407,-3.325961303710983,182.34325,452.936
173.8776419067383,-2.930087280273483,169.729,440.993
156.99831604003907,3.2365234374999545,167.72618,436.2932
134.95324157714845,1.424404907226517,171.72295,443.4094
157.93113159179688,-6.686312866210983,168.14754,441.941
123.28370880126954,1.8348205566405795,188.35754,448.4521
112.77113555908204,1.182858276367142,179.41968,451.67447
139.06455444335938,-1.225466918945358,187.4156,451.12064
163.1622869873047,-1.5331298828125455,186.7321,447.5432
159.9604055786133,2.262478637695267,161.61694,449.2192
142.53959106445313,-7.167727661132858,180.27608,450.72073
155.08771728515626,-1.0339233398437955,186.48476,446.56262
195.7797415161133,-2.6745178222656705,161.59863,455.48004
183.04648040771485,-1.917971801757858,165.05136,447.9235
172.47323822021485,-1.6493103027344205,165.79135,443.55023
151.05836700439454,2.6974609374999545,168.34888,439.04736
184.72361968994142,-0.356173706054733,163.19159,447.52194
192.82760070800782,-0.9441406250000455,163.02782,442.63843
188.65670227050782,-0.7888977050781705,160.69359,446.50714
181.6759588623047,0.273342895507767,167.01591,436.95407
179.39310668945313,-0.005526733398482975,158.78096,442.59604
158.66422485351563,0.2789733886718295,162.64375,451.2885
174.975107421875,0.15743713378901703,172.24538,448.7125
176.97347473144532,0.588528442382767,162.34679,449.3248
177.13641571044923,3.3989685058593295,155.82022,447.78094
155.65648864746095,2.428280639648392,171.9085,436.92166
136.42761444091798,-2.597354125976608,176.24454,454.00333
176.96106170654298,9.35502319335933,158.30374,442.5345
145.12430786132813,0.813809204101517,174.08626,441.61044
176.50731109619142,-0.748202514648483,171.74469,449.3536
176.56493591308595,4.091000366210892,158.01897,446.78238
153.0018408203125,0.4789245605468295,167.52528,446.61713
192.81281494140626,4.694821166992142,167.47365,445.2139
200.39332794189454,-0.8515502929687955,155.2854,454.25708
180.63295959472657,-1.416323852539108,159.13194,448.83975
152.99355529785157,1.8610351562499545,167.65514,449.7893
191.9662420654297,-0.8235046386719205,166.87077,455.16046
177.52813934326173,-0.8147766113281705,170.19522,457.12994
160.81130432128907,-4.338839721679733,170.5272,460.75534
153.50919555664063,0.9472778320312045,174.66084,455.01257
174.45770477294923,-3.856784057617233,177.17715,464.60605
177.30787872314454,3.937069702148392,164.79944,455.69632
159.13800262451173,2.8370178222655795,161.96939,456.40973
175.8918020629883,-0.4901000976562955,167.73254,459.43042
176.92074798583985,0.045956420898392025,159.08151,455.92972
151.22312377929688,5.8542907714843295,165.60896,449.32074
170.85787414550782,-1.9574768066406705,170.30455,453.33905
151.02712463378907,2.678982543945267,166.90172,454.7634
174.56286834716798,-1.5321533203125455,167.8605,461.13147
159.95946716308595,-2.704318237304733,161.08562,457.2479
120.24162506103517,-4.1352722167969205,189.44147,457.96283
144.91648315429688,3.021023559570267,182.35811,460.38156
108.76820587158204,-4.6060668945312955,190.18164,464.3075
73.96486114501954,-6.825625610351608,205.36328,465.50638
114.49082397460938,-2.380160522460983,195.98347,468.2065
115.3098699951172,-3.2984191894531705,198.21318,462.43414
112.84093688964845,-0.6912719726562955,198.25139,467.15234
119.35402130126954,0.9316528320312045,186.86938,458.14758
95.47349761962892,-4.4322692871094205,203.10883,464.65216
111.39926361083985,-0.426638793945358,205.00558,466.7404
119.91782592773438,-0.17053527832035797,200.39803,458.31326
122.62438415527345,-2.6961547851562955,190.67058,465.19055
110.76528381347657,0.8224304199218295,198.32921,465.52716
117.94194244384767,0.021984863281204525,194.9444,466.38428
139.98066162109376,1.009701538085892,186.4507,458.5707
154.58067535400392,4.8697631835937045,200.21857,459.193
158.2630712890625,5.0386779785155795,195.47926,453.49835
151.72276519775392,0.591671752929642,202.15472,462.52164
99.1532308959961,-3.047793579101608,206.78403,469.8362
-8.326543579101553,-4.3895751953125455,204.46855,480
-46.01992584228515,5.3653991699218295,173.37802,463.46075
-52.64420867919921,1.582363891601517,167.65271,451.44016
-31.948316345214835,8.682339477539017,156.15338,455.60397
-38.919202575683585,13.636929321289017,162.32928,446.50766
-54.96714569091796,16.851803588867142,146.81177,436.95767
-35.54519439697265,27.055798339843705,154.45163,425.0465
-41.6524331665039,17.552944946289017,134.2424,445.77682
-31.278875122070303,23.475155639648392,146.21379,445.87808
-41.794393310546866,8.163082885742142,137.73164,445.8726
-25.738782653808585,18.512234497070267,144.16498,439.0975
-36.794080505371085,17.517605590820267,149.95514,441.35873
-46.80853057861327,17.956784057617142,143.20047,447.10904
