158.4,0.8,161.55999999999997,423.92
154.3340603637696,-0.1594488525390716,162.4912,421.44327
153.76309936523444,0.9274957275390534,163.37543,419.3829
154.94006317138678,0.9592034912109284,163.08022,420.14322
154.56063049316413,-0.5756018066406341,161.93112,421.00677
154.09606140136725,1.865163574218741,162.22293,418.7251
154.70662658691413,0.7486627197265534,162.56357,420.38205
154.5047680664063,1.1476495361328034,162.66199,420.09506
154.43216674804694,1.0915582275390534,162.85822,420.18173
154.37387054443366,1.079122314453116,162.26228,420.76324
153.84460418701178,1.039541015624991,163.19948,420.833
154.2636486816407,2.610433349609366,163.56024,418.9239
154.56285064697272,0.7649133300781159,161.10368,419.70782
154.68725555419928,0.4555718994140534,162.27321,420.06418
154.57379119873053,2.158559570312491,163.25197,418.36145
154.96630065917975,1.125966796874991,162.52725,420.1449
154.79396789550788,1.755117187499991,162.81723,419.3225
154.5764920043946,1.108602294921866,162.19164,419.75568
154.67687957763678,0.8286035156249909,161.7798,419.70386
155.13998382568366,1.988240966796866,161.06294,418.14117
155.94419830322272,0.7386682128906159,161.36394,419.01288
156.3571087646485,0.9639794921874909,158.76761,419.14026
156.352103881836,1.0705010986328034,157.83316,419.01523
158.63654296875006,1.377340087890616,155.19824,418.87897
157.88526885986334,1.715444335937491,155.07469,418.48645
158.4236828613282,1.743581542968741,154.00409,418.96094
158.91905181884772,2.440908203124991,154.19133,418.09937
159.5187069702149,3.363210449218741,153.60042,417.74976
160.19278686523444,1.7029168701171784,153.51129,418.90298
161.26190917968756,1.7455499267578034,154.05237,418.9354
161.2958752441407,2.597341308593741,154.02228,418.6189
162.1500775146485,2.959829101562491,152.58939,418.25488
162.83719604492194,1.376699218749991,153.2315,419.20093
163.48805206298834,4.026540527343741,151.88231,416.8645
164.87135284423834,1.6593072509765534,151.67503,419.29562
165.35054748535163,2.4224298095703034,151.59799,418.0964
166.21932952880866,1.6608331298828034,151.30745,418.55917
168.5704113769532,3.4067132568359284,150.80719,416.69803
169.25646179199225,2.7925775146484284,150.03653,417.15445
171.58536499023444,2.876302490234366,149.01825,417.08893
172.4361645507813,3.7579095458984284,147.5979,416.46194
173.41644256591803,4.445302734374991,147.81264,415.4082
174.26238983154303,5.209417114257803,148.68153,414.53806
175.23260467529303,4.139470825195303,148.39577,415.44418
176.31211822509772,3.036214599609366,148.17534,416.83148
178.31095092773444,2.918172607421866,148.05096,416.65936
179.718803100586,2.1664788818359284,147.29422,416.81155
181.39913909912116,1.420034179687491,147.02315,417.0022
183.27323883056647,1.9851434326171784,146.73576,418.7488
183.6844784545899,2.216390380859366,145.20198,417.4726
185.23824279785163,2.992543945312491,144.7944,416.47656
186.79847686767584,3.8110711669921784,144.03648,415.9346
188.3093029785157,3.6712091064453034,145.1502,415.5792
190.1730038452149,3.1127374267578034,144.4244,415.19333
191.2203671264649,4.599141845703116,144.05074,414.26227
192.7735668945313,3.787435302734366,144.78735,414.98077
194.2081600952149,4.221029052734366,143.63338,414.0301
195.09173553466803,3.8400628662109284,143.69057,415.01053
196.58464019775397,4.350866088867178,143.81535,414.53543
198.15727203369147,5.600011596679678,143.16313,412.2831
198.7711254882813,6.673116455078116,143.26672,411.37225
200.05082672119147,7.006780395507803,142.66692,411.18442
201.2030789184571,7.400655517578116,141.7993,411.2619
202.25057952880866,7.635656127929678,141.42476,410.47708
203.1292263793946,8.508092651367178,141.395,409.75674
203.87786834716803,9.069249877929678,141.36757,409.02335
204.53611724853522,9.014943847656241,141.5689,408.92334
205.3156048583985,9.463720092773428,141.73221,408.50967
206.10219543457038,8.807912597656241,141.47897,408.8263
206.33072631835944,10.742406616210928,140.43353,406.96463
206.9324490356446,10.541829833984366,140.7517,407.44977
207.59731262207038,10.521276245117178,141.30966,407.407
207.81520812988288,9.799901733398428,140.0588,408.72452
208.58128326416022,10.434652099609366,140.2271,408.15497
208.9641186523438,10.864187011718741,138.97192,408.28284
209.32896392822272,10.990957031249991,138.95708,409.01953
209.72394531250006,8.731160888671866,138.88562,411.7597
210.35387390136725,9.583501586914053,139.12796,411.29526
211.53268402099616,11.224813232421866,138.11177,411.11737
210.6504666137696,10.119039306640616,139.56834,413.08148
211.5787884521485,9.663686523437491,139.1127,412.92822
210.34074371337897,9.885793457031241,139.30559,416.29944
209.80218475341803,13.604665527343741,138.98842,419.65076
211.31253784179694,18.45500732421874,139.07123,411.3817
209.42995422363288,14.596044311523428,140.14023,421.09402
209.71291320800788,22.911458740234366,138.28476,421.44965
209.37757843017584,27.75987792968749,139.1411,411.9668
210.31051605224616,24.096761474609366,138.87056,416.89032
208.25280731201178,24.44920898437499,140.00539,414.4994
209.43961303710944,20.54935241699218,138.16193,416.13907
208.0607983398438,18.989446411132803,139.69434,419.98715
207.7467800903321,15.605458984374991,139.32677,420.42102
208.3124539184571,10.437963256835928,139.64806,422.31522
205.9933392333985,7.578237304687491,141.11124,423.31372
205.84263580322272,4.039602050781241,140.559,423.35913
204.68624847412116,2.9411065673828034,141.39351,423.2308
204.55501525878913,2.0117547607421784,142.50473,422.25162
202.5794445800782,1.943746337890616,141.89569,421.86322
201.7919461059571,-0.8138677978515716,143.35033,424.5629
201.5377499389649,-0.041727294921884095,142.92366,424.33478
202.39867370605475,0.2788446044921784,142.64505,426.02164
199.1387478637696,1.109487304687491,143.64293,427.2085
200.3680950927735,0.1423852539062409,143.40335,429.4519
201.2784954833985,0.9104211425781159,144.00223,431.7409
202.32546203613288,0.3474328613281159,142.59348,436.30426
202.608207397461,1.5733087158203034,141.99051,439.2347
204.5742947387696,1.076070556640616,140.01878,442.58234
205.05133026123053,1.6714532470703034,140.20424,444.5742
206.6956326293946,2.668233642578116,142.69835,447.62128
215.64318817138678,4.283986816406241,144.57607,446.0912
226.51085632324225,2.4285943603515534,142.93631,447.5494
236.32821624755866,1.866323242187491,140.65193,448.03662
245.82454650878913,1.8464105224609284,142.71909,446.4955
253.9161679077149,1.785573730468741,142.75581,445.60498
261.8062969970704,0.1936395263671784,145.9415,445.6873
271.36685913085944,-3.889047851562509,148.0993,447.83862
283.36883514404303,-1.8015997314453216,149.2206,445.22867
294.80519073486334,-4.054956665039072,149.21092,447.16202
305.3946148681641,-1.0095159912109466,150.71286,441.81186
316.01776092529303,-12.215402832031259,149.7007,453.15564
327.10912292480475,-4.865991821289072,151.12845,445.24075
339.31839721679694,-9.437265625000009,149.93817,450.47388
349.5273434448243,-3.3620855712890716,150.51393,449.0026
361.9877926635743,-13.675424804687509,150.06874,458.82556
371.07081573486334,-5.126032104492197,152.32176,453.3575
380.7668530273438,-8.010339965820322,154.29285,460.48062
391.22821777343756,-9.145853271484384,156.83801,466.1695
399.93671386718756,-4.071481933593759,160.05017,464.8048
411.1951443481446,-4.389230957031259,158.7307,469.63086
423.5937268066407,-3.5873968505859466,158.3598,470.09763
434.8355786132813,-1.943735351562509,158.5686,468.3407
444.766410522461,-7.505243530273447,159.42703,474.42636
452.96725433349616,-4.064325561523447,160.59578,469.86984
451.52052276611334,-3.6086370849609466,164.20921,468.4587
448.80717437744147,-3.4542791748046966,160.32341,470.70456
452.1995846557618,-4.245264282226572,164.84377,471.0757
451.5725933837891,-4.131540527343759,164.66049,471.26685
452.45207183837897,-7.218302001953134,168.10881,466.5971
453.1876065063477,-8.662103881835947,166.79692,467.63583
455.2700421142579,-8.692865600585947,168.48569,463.12375
453.48629730224616,-6.736917724609384,168.60823,458.93158
454.3397213745118,-7.124170532226572,172.12819,457.6365
453.96563690185553,-8.283655395507822,169.61818,456.16458
455.60919158935553,-6.642557373046884,170.04689,455.27386
452.46244781494147,-3.386453857421884,169.43156,450.95673
441.3472973632813,-1.458505859375009,167.84644,443.35437
433.8754727172852,-0.1579840087890716,170.20464,444.80106
424.19251983642584,0.3957269287109284,169.13805,439.73538
415.47547882080084,0.6273400878906159,168.9005,437.54645
406.42607086181647,0.1822717285156159,169.8173,439.52728
394.37985198974616,1.156636962890616,169.04585,436.42145
384.90599792480475,-1.8102362060546966,168.87137,438.3165
372.0669934082032,-1.9825689697265716,168.2248,436.4445
361.81290405273444,-0.9405157470703216,167.62262,433.0723
350.9139477539063,-0.1268560791015716,167.19214,432.4811
339.5631405639649,0.8505609130859284,170.46663,429.62637
331.7110821533204,-0.037286987304696595,169.4,430.551
323.9862057495118,0.2897088623046784,169.16408,430.51505
313.29249542236334,-0.5992071533203216,169.60521,430.99893
304.3092343139649,-1.2585699462890716,171.24959,430.41434
296.82164733886725,-1.1706488037109466,172.91006,429.43686
290.17655151367194,-2.7421820068359466,169.43524,428.49326
282.42816894531256,-2.617746582031259,163.66516,427.0547
276.73029296875006,-1.2035467529296966,160.37646,425.2231
269.9792477416993,0.1280877685546784,158.20058,424.29202
261.21134918212897,1.5664422607421784,154.78886,420.86014
255.03275268554694,3.428914794921866,152.25653,419.2531
248.29585998535163,4.747792968749991,150.55905,413.6975
242.11076324462897,7.181859741210928,149.67278,410.39627
234.73644989013678,9.423131713867178,147.05556,408.0585
225.7046200561524,11.848928222656241,146.9681,404.6787
214.80055969238288,14.542043457031241,146.18784,402.2826
205.21789520263678,14.711004028320303,145.4994,402.37997
194.51300018310553,12.595464477539053,145.64198,402.90366
187.13310211181647,11.799382934570303,146.06535,402.5753
187.25228851318366,9.845830688476553,146.19771,403.04355
186.84252899169928,10.813649902343741,147.36415,402.44922
184.00746887207038,11.326192626953116,146.12558,401.237
180.50753753662116,12.245870361328116,149.15022,399.15717
175.4710766601563,13.525090942382803,149.6438,398.00095
174.42784851074225,12.919942626953116,150.17654,397.86517
172.4913098144532,14.060476074218741,153.0285,395.9431
170.3912655639649,11.832723388671866,152.93147,397.1369
168.1115032958985,12.791494140624991,155.44974,396.18054
166.00561492919928,12.893621215820303,155.05824,396.41623
165.99508636474616,13.778081665039053,155.97566,398.2441
164.90850799560553,15.605001220703116,155.94704,395.6695
161.74311035156256,15.818731079101553,156.36389,395.51535
159.9110180664063,16.253255615234366,155.17236,392.97443
155.92054718017584,17.725286254882803,157.29149,389.30307
155.01505249023444,19.76421142578124,157.18292,386.04224
152.61962097167975,22.13266540527343,156.43631,382.3417
154.8104779052735,20.79855895996093,154.6912,385.88065
156.26813476562506,23.979757080078116,151.29175,380.12213
158.4332577514649,24.04300476074218,148.04524,377.0712
158.40368621826178,26.48589111328124,146.71938,371.7766
160.04374664306647,24.73026062011718,142.70512,370.06302
161.4770275878907,23.69730163574218,138.75,368.83768
164.63138549804694,21.27103210449218,136.3595,369.5311
169.36202972412116,19.340535888671866,134.41774,369.3335
174.65547912597663,17.726461181640616,132.75601,370.16937
179.16908996582038,14.207616577148428,132.63028,371.12076
182.74198120117194,14.905950317382803,133.08893,366.9736
185.4657742309571,12.529638061523428,131.226,369.9384
186.3003689575196,14.601934204101553,131.95293,367.85904
192.46382873535163,16.315862426757803,132.1865,365.4692
196.68408172607428,17.098165283203116,132.72334,364.99823
203.76961486816413,19.77548767089843,132.73648,364.14682
208.07810943603522,22.805303344726553,132.75206,363.87674
212.99662750244147,23.900472412109366,132.41673,364.53882
215.03151672363288,28.357122192382803,130.9349,362.337
217.86618011474616,31.51712585449218,132.7784,359.73508
224.95735900878913,33.2658135986328,131.44559,359.3207
234.04820983886725,33.96410156249999,130.50449,357.4605
246.04738586425788,36.853231201171866,132.038,354.50256
257.7724148559571,37.90552307128905,135.64134,353.64236
266.55113952636725,38.53113342285155,134.32108,350.62546
284.68055694580084,41.575460205078116,134.79228,349.14178
294.59581726074225,42.789205322265616,138.29636,343.86267
306.9673687744141,42.70410705566405,137.72922,343.74478
314.1525646972657,42.1337335205078,139.45941,342.7764
319.78227203369147,42.08983398437499,144.05199,341.51178
327.2299114990235,39.02702880859374,144.92752,343.64648
335.4745404052735,38.31839538574218,146.67581,343.09927
347.5775448608399,38.27722717285155,142.5779,346.8884
359.69317596435553,39.620687255859366,140.54042,349.1242
368.8020245361329,40.2750909423828,141.61911,346.42453
379.5977780151368,40.786275634765616,140.3816,351.14716
393.37040679931647,43.51354003906249,140.09178,348.8034
404.5917965698243,45.92992187499999,138.55147,346.9391
418.4580838012696,47.01477600097655,134.53856,351.4056
427.0541760253907,50.519002685546866,139.08484,350.26434
438.95269744873053,50.31470275878905,137.51833,349.0303
450.9501568603516,51.90880371093749,137.3826,351.70752
462.63876312255866,51.73521972656249,137.58028,350.45428
474.5933453369141,50.92874694824218,135.02603,354.4279
484.9802471923829,50.464376220703116,135.73935,355.9027
496.18482940673834,47.65259338378905,134.5006,356.97665
507.7658688354493,47.03012634277343,126.994095,357.97836
518.5541607666016,41.6138360595703,118.556305,359.1105
529.7083851623536,40.523153076171866,112.16241,356.40576
538.8227192687989,39.40947509765624,103.789024,356.66986
550.0810276794434,36.59607482910155,95.76972,355.55185
561.1389309692383,33.57227111816405,82.40379,354.78024
567.8589855957032,35.0289971923828,75.733765,354.87112
581.9147984313965,32.727864990234366,70.35255,348.73932
580.1695019531251,29.01480651855468,76.048096,356.05435
571.0639645385743,47.183980712890616,85.41829,340.50397
534.1939198303223,50.4559991455078,116.70611,349.72714
403.71639984130866,23.90617919921874,129.4435,348.47552
391.07286804199225,27.170415649414053,136.7286,357.80508
389.7594754028321,25.03824401855468,141.84904,361.37955
392.4812313842774,20.368413696289053,138.20271,358.72318
394.9236599731446,20.894719848632803,133.07811,357.24417
388.9192654418946,24.50249267578124,138.14415,358.8125
386.8858868408204,25.025396118164053,138.2864,356.35678
380.6827923583985,22.778386840820303,142.32217,359.21365
410.50492828369147,21.981405029296866,128.93669,353.93665
404.2099224853516,21.799260864257803,131.254,352.75186
400.1689297485352,17.55510498046874,131.89665,359.7647
397.89240234375006,17.586919555664053,131.422,359.5262
392.79766815185553,18.695379028320303,135.12587,362.60092
386.20123260498053,17.348394165039053,140.53767,359.7568
386.0752789306641,16.75230957031249,137.59659,362.8506
418.3062512207032,17.323613891601553,129.86536,368.3763
404.73727386474616,11.525808105468741,132.13661,364.75464
396.50550811767584,10.998067626953116,128.02013,371.6505
383.93168609619147,13.448949584960928,131.1331,371.57083
368.83202331542975,12.263890991210928,131.40909,371.94186
353.2691952514649,15.419301757812491,130.23146,371.2104
338.0162884521485,18.986760864257803,134.64261,370.6138
330.6460797119141,15.309575805664053,137.06406,365.916
352.33517425537116,15.241964111328116,126.12581,376.3969
338.70993011474616,20.749105224609366,138.6421,363.9969
392.2461010742188,50.76550842285155,153.36957,351.00742
562.0352360534669,43.14755798339843,102.995766,374.4849
573.6843601989747,17.663656005859366,87.476875,393.062
575.9258763122559,13.525472412109366,71.278206,393.23676
567.621204071045,12.387349853515616,76.73783,392.18372
556.7662998962403,10.889516601562491,88.06733,389.41125
548.5406834411622,9.163198242187491,94.665474,389.48608
540.0185429382325,10.823583374023428,101.515114,387.71298
531.0268170166016,9.510564575195303,109.52316,392.4963
522.1600605773926,8.096196899414053,115.29049,390.42435
512.9931523132325,7.137624511718741,121.107216,394.13702
502.12848632812506,7.199270019531241,132.26062,392.8838
494.49120300292975,5.515859374999991,135.50638,394.80408
483.5970989990235,10.558233032226553,136.87442,389.5909
470.7751309204102,12.567296752929678,142.0396,385.03018
459.00115936279303,13.535085449218741,141.178,382.91492
446.0647045898438,16.604207763671866,140.85962,380.77484
438.05746429443366,17.63622070312499,138.8813,379.68896
430.32269256591803,18.935125122070303,139.75319,377.23654
420.6919171142579,17.920186767578116,134.84488,378.79657
412.98197143554694,21.37302185058593,134.00067,372.58914
407.3442379760743,21.12505126953124,136.74007,375.4933
404.92489593505866,20.98343444824218,135.19759,372.8268
396.55335968017584,17.60240722656249,142.1851,376.58856
392.57694976806647,15.120290527343741,144.01292,377.68878
385.8918682861329,13.087682495117178,144.03842,377.35458
385.6844097900391,10.918554077148428,136.41537,379.15512
398.5025860595704,10.562200317382803,143.62375,379.4669
401.3172222900391,6.379247436523428,134.17868,383.44424
403.2845303344727,6.397329101562491,142.93242,384.8933
411.5704342651368,4.894353637695303,139.99013,387.52048
409.49523132324225,4.956563720703116,153.09634,389.78046
410.741996459961,5.096273193359366,163.13687,387.47858
414.5894772338868,3.0899713134765534,174.6775,390.3901
421.2672192382813,-0.2247564697265716,188.85425,389.77127
423.0531002807618,-0.7623388671875091,179.20448,391.83472
420.0744625854493,-2.3937628173828216,178.33803,394.29532
440.4523236083985,-3.1593572998046966,172.27884,401.60532
437.47100799560553,0.0827844238281159,165.70912,402.81354
440.31756561279303,2.1265008544921784,164.95534,407.09927
441.4840924072266,3.044393310546866,164.72482,410.1324
439.9110943603516,1.291158447265616,164.00754,414.1153
449.9339901733399,3.7687432861328034,156.14265,417.81247
447.29997222900397,2.397725830078116,167.20134,422.38544
454.45216339111334,3.6249444580078034,161.24376,427.41025
462.1003262329102,5.073430786132803,160.57024,430.19064
471.60541503906256,5.951879272460928,157.72827,434.4484
489.84193389892584,10.072683105468741,144.19945,436.7367
496.0349423217774,8.600576171874991,135.56465,436.80432
503.0235592651368,7.752019653320303,128.68227,442.03378
514.4672467041016,4.533757934570303,121.08664,446.9354
518.0571018981934,5.841314086914053,117.29829,446.16147
519.2903973388673,4.948140869140616,119.11368,450.28802
518.9114376831055,2.421926269531241,118.317764,456.29993
518.316875152588,1.6394097900390534,119.467094,458.4835
517.8215901184083,2.910329589843741,120.51052,459.7981
511.2883412170411,0.2631738281249909,125.80956,463.9569
498.62692230224616,1.2145135498046784,133.17635,462.04788
486.08653991699225,3.1268975830078034,142.66275,459.59555
470.1601635742188,2.852346191406241,147.03564,460.9054
463.31930511474616,5.878179321289053,139.6628,457.3248
457.11676757812506,9.805455932617178,138.67688,451.4468
442.09893768310553,12.150289306640616,143.3832,450.87836
436.5428997802735,10.963247070312491,144.80875,449.65698
432.76586120605475,13.464223632812491,137.84097,447.64355
434.17877166748053,25.52884460449218,131.14955,433.54495
441.1476895141602,52.273519287109366,131.0756,407.34003
438.3123623657227,54.58557678222655,123.95854,409.06906
426.5404469299317,53.90898681640624,123.17449,407.40076
415.20349472045905,58.02477050781249,124.77686,401.9569
406.1331555175782,55.81613708496093,120.99054,400.54666
398.6673809814454,60.730855712890616,118.00888,392.30084
390.32989471435553,49.585531005859366,113.90321,401.44
378.8310086059571,49.59985900878905,113.65947,398.78885
355.86419265747077,34.05765319824218,125.64303,405.36984
336.15507476806647,8.936391601562491,140.3076,412.81958
345.3632122802735,8.321141967773428,136.59946,414.64432
352.5038067626954,12.052999267578116,137.45059,412.8681
316.8006817626954,16.06053710937499,185.9407,396.16528
318.2443615722657,8.861531982421866,184.46619,413.75348
310.79264801025397,16.248006591796866,219.17845,392.83856
325.14411132812506,6.595174560546866,233.71515,411.11346
284.3902890014649,4.041829833984366,254.6874,398.76678
257.93336456298834,6.502782592773428,232.37834,398.59708
249.70296447753913,6.700093994140616,233.03421,368.7437
298.4047161865235,0.6688592529296784,286.0134,365.55948
255.90839355468756,6.490895996093741,301.15802,368.97437
246.53583496093756,11.744481811523428,295.9721,409.6287
244.62233703613288,14.479421386718741,283.71255,441.0973
218.95311706542975,13.838231811523428,293.31113,429.86917
254.62066619873053,8.290975341796866,252.8625,453.8332
233.047660522461,13.081807861328116,264.85007,427.71954
226.1255184936524,40.8019464111328,252.76772,421.0554
217.41031616210944,40.138692626953116,249.09338,418.49908
217.71385925292975,28.044378051757803,242.17014,428.65256
225.29547088623053,32.1814630126953,226.90352,437.5483
218.27262084960944,24.474126586914053,224.33667,445.88803
227.79713409423834,16.892537841796866,208.37785,453.6053
242.89320343017584,20.64616943359374,190.75114,449.3717
255.72143524169928,16.54460693359374,175.08553,455.81335
237.06454437255866,20.427312622070303,188.08827,449.5803
240.74605529785163,17.712728271484366,189.1691,453.33368
263.7532803344727,21.70470214843749,161.89915,448.8578
287.7006146240235,15.095510253906241,134.74277,450.35767
293.44284027099616,27.27255798339843,125.31093,439.56326
291.4364773559571,34.37474609374999,122.10002,431.8004
289.9809300231934,23.86278320312499,126.94007,444.19006
285.2440029907227,31.20853210449218,126.20921,436.80826
282.2047230529786,17.71780944824218,125.16009,452.49356
274.0006863403321,22.28215576171874,129.41899,446.66138
274.5611798095704,24.68192077636718,129.83755,447.017
266.7551113891602,17.809530029296866,134.97691,452.00275
271.39554565429694,21.059758911132803,136.2799,446.7407
261.2519299316407,17.32944274902343,147.21814,449.25418
269.6946636962891,17.51389099121093,155.215,451.6171
273.2070385742188,8.062764892578116,166.0296,464.0728
267.0325009155274,2.912770996093741,182.92201,467.5111
271.68358581542975,5.124089965820303,183.7402,466.0261
266.24882476806647,5.030019531249991,191.67735,467.43945
261.70047729492194,5.821782836914053,196.70447,466.06772
256.23312347412116,2.199514160156241,197.69801,471.88354
256.7349392700196,0.7615716552734284,197.15935,477.0303
247.5424114990235,-6.480463256835947,203.01804,477.31174
249.1114804077149,3.9962213134765534,199.64479,475.07626
242.72442596435553,1.622335205078116,209.34712,469.63104
242.9761502075196,-2.305734863281259,201.61772,474.11157
251.38680236816413,-1.849130859375009,197.13382,480
245.19432037353522,2.5453851318359284,200.90501,471.85965
242.8073498535157,2.147237548828116,197.2633,471.49286
249.5682675170899,1.8409478759765534,195.09853,472.41916
253.92902343750006,2.7762506103515534,189.94135,471.2253
265.9393078613282,1.8920343017578034,177.9552,463.03232
275.9875714111329,4.886831054687491,176.87332,464.4541
282.9800869750977,2.4485528564453034,170.46373,467.21567
289.168021850586,-1.4120733642578216,166.01437,467.6348
295.4789578247071,5.349218139648428,158.4373,463.84622
292.3587872314454,-0.7110388183593841,153.30899,466.63165
284.7034756469727,3.1689508056640534,149.76512,463.15915
279.46234100341803,0.6690728759765534,157.29805,467.43857
274.25018280029303,1.7972772216796784,163.08064,462.6647
267.1795651245118,-2.144571533203134,167.70088,463.13507
256.1778179931641,-1.4970343017578216,185.36148,463.079
249.61399810791022,-6.025919189453134,190.69542,466.4627
240.66784637451178,-1.978250732421884,199.19783,467.83063
236.7627026367188,2.0543572998046784,189.44171,466.92435
228.22062652587897,2.2793023681640534,191.73131,468.2762
220.77781646728522,6.053334960937491,200.68565,467.85254
213.90119140625006,8.737783203124991,188.8139,459.4452
200.86493652343756,6.292714843749991,186.57147,464.28857
194.19806640625006,9.312429199218741,183.6513,465.18298
186.54882019042975,7.458989868164053,182.55588,462.39108
175.11527984619147,2.5246636962890534,180.78355,461.58224
167.66503875732428,1.917165527343741,188.34468,462.76538
160.10548370361334,2.782644042968741,179.86308,457.66614
153.7956082153321,0.5381982421874909,190.27946,458.60913
154.35034149169928,-1.558908691406259,178.40108,457.0121
148.06585662841803,-1.4728033447265716,175.22395,458.21817
137.38876312255866,1.1999261474609284,183.02382,454.0956
133.69445770263678,0.5838067626953034,181.19197,455.0477
129.69478576660163,0.036016235351553405,182.8317,454.7314
123.84336059570319,1.475026855468741,183.21826,451.2931
115.41590087890631,0.8324792480468659,183.94672,455.57587
108.88293426513678,0.6612145996093659,182.95589,455.77765
97.40802734375006,-0.5639135742187591,186.87909,459.16345
87.20854156494147,1.7656610107421784,188.22203,457.53568
77.66168182373053,2.0426995849609284,186.86043,458.19913
64.12396972656256,3.7268731689453034,191.28058,456.6268
55.579475097656314,4.102864990234366,185.69147,459.29938
41.964317016601626,5.432744750976553,190.28262,459.21848
27.498000793457095,7.271093139648428,195.50127,455.7781
21.75888793945319,5.335256347656241,193.12476,465.91028
19.490256958007876,16.871770629882803,192.16019,457.03683
25.379417114257876,11.338796386718741,182.01675,461.9618
25.261596374511782,10.782140502929678,178.7104,464.93436
19.12730377197272,9.308004150390616,181.7617,461.5562
20.742744140625064,11.141515502929678,176.75177,460.28897
19.28733032226569,13.868840942382803,174.04553,457.85812
13.239875488281314,18.06511474609374,179.5456,454.1245
10.877196960449282,10.938298950195303,177.99263,454.4188
10.45085113525397,6.063024291992178,177.02513,452.6437
6.743186645507876,5.799932250976553,176.99332,446.56955
1.7006298828125637,2.901876220703116,176.35883,448.60382
4.967460327148501,-2.0118658447265716,171.74301,442.17764
1.89677398681647,-0.8465826416015716,172.08665,432.2654
1.7785641479492824,-1.8382513427734466,168.37068,428.7087
4.799232177734439,-2.5873358154296966,163.02173,427.3823
-0.4667208862304051,-0.8135321044921966,168.69621,427.7076
2.141105346679751,-1.8161871337890716,167.38669,429.43448
3.008720092773501,-2.336221923828134,166.69931,431.75287
3.3065182495117824,-2.3992559814453216,164.86116,437.62186
5.032439880371157,1.029439697265616,166.2405,434.22382
1.5122753906250637,0.3111932373046784,171.68048,438.06143
6.716445617675845,3.0059869384765534,164.58623,435.51962
5.648940734863345,5.349370727539053,168.53569,438.97714
11.67735260009772,3.4365594482421784,164.71397,442.21292
17.366347961425845,8.783773193359366,161.15129,435.3177
21.459983520507876,9.758306274414053,159.19571,432.884
26.054748229980532,9.696614990234366,157.99678,429.9278
36.543479614257876,14.162511596679678,151.93497,421.28873
42.8190228271485,14.255162963867178,150.35788,416.21353
53.248794250488345,10.850072631835928,145.61552,415.0989
58.30236785888678,12.832555541992178,148.41939,413.61197
68.79781311035163,12.710180053710928,145.17838,409.24014
81.02377288818366,7.274938354492178,144.03273,409.0231
91.23413818359381,6.641286621093741,142.11713,405.41333
98.34114807128913,6.136251220703116,143.67166,401.48676
105.99275939941413,2.505941162109366,144.57474,400.4793
115.16337554931647,2.789235839843741,143.61046,394.90356
122.82802551269538,1.7696893310546784,142.43314,389.90396
129.12597625732428,5.029851684570303,139.58052,379.9
130.0903088378907,4.413625488281241,147.32275,373.52954
132.51650207519538,1.7168328857421784,150.93839,370.23135
137.92063873291022,0.8938806152343659,151.50426,365.26593
141.0321575927735,-1.110452880859384,150.83957,365.31146
144.39109771728522,-0.4100286865234466,151.0891,362.92087
148.70866363525397,-1.256021728515634,147.18236,362.35883
155.44085662841803,0.1133477783203034,143.86787,360.79263
160.96495025634772,-0.0983221435546966,140.98936,366.5546
166.11061065673834,2.538564453124991,141.47386,367.24335
172.01745574951178,4.349736938476553,139.00069,369.71848
181.00165527343756,3.318471679687491,132.7063,376.02258
188.38521545410163,5.819738159179678,131.06516,375.49136
196.93953674316413,10.220769653320303,131.07553,374.5958
206.92234771728522,14.011083374023428,128.73991,376.91116
216.4672619628907,21.51109863281249,126.89087,372.4781
223.6107250976563,31.250676879882803,123.9021,366.29
225.51472061157233,34.34543395996093,124.8189,364.06552
231.20984237670905,40.61319519042968,122.62391,358.54965
238.25522201538092,38.61638427734374,122.13032,360.31372
245.53757064819342,35.91612792968749,121.791695,359.9267
252.8559338378907,32.546651611328116,121.91724,356.1084
255.34138839721686,33.013570556640616,121.575905,352.33716
257.4125401306153,29.22270751953124,121.5962,354.92432
261.80810897827155,30.67905212402343,119.53498,349.60513
269.81025283813483,31.70767761230468,119.31835,345.11002
275.3592602539063,29.268132934570303,118.810486,345.23154
280.262260131836,34.57370544433593,119.155,341.09952
281.3570858764649,39.06096435546874,121.909195,339.40387
288.167590789795,39.88748718261718,119.898964,340.35428
291.3542591857911,43.020101318359366,120.07995,342.3512
296.2539364624024,49.14844299316405,116.886795,340.48148
301.07980316162116,54.586385498046866,112.44203,339.04572
303.4098851013184,57.726644287109366,110.83442,339.16815
304.52383010864264,62.770955810546866,107.95144,334.0952
302.6782452392579,59.2803399658203,117.19217,335.84872
306.1125103759766,58.64208007812499,118.07144,335.40295
309.83445327758795,57.96031738281249,118.00182,333.21527
313.27348297119147,54.1419122314453,119.68089,334.0416
313.29658859252936,51.01315856933593,119.512184,334.65573
316.7167736816407,49.75645996093749,116.83923,332.90668
322.09436386108405,46.40823913574218,112.631905,332.62595
317.85520523071295,43.14307189941405,115.37237,338.3325
320.15614288330084,42.70604492187499,109.9854,334.99084
322.38590209960944,39.2466485595703,113.41504,336.3267
323.43164413452155,41.60999084472655,111.34785,334.79544
321.43577163696295,35.893514404296866,114.15337,339.6739
322.03529327392584,36.91734863281249,115.96648,341.7378
322.4827725219727,39.47852111816405,118.88011,342.51962
322.51407592773444,41.37755371093749,119.23602,342.21112
326.32253616333014,46.10916687011718,115.95016,337.93454
329.2529522705079,48.18645263671874,119.072784,335.51685
333.6105076599122,49.05026794433593,117.735054,333.50748
339.67634933471686,50.469075927734366,114.42716,332.17297
342.8253475952149,51.664998779296866,114.66139,335.80847
344.9942242431641,52.5995538330078,112.99802,335.23996
349.10934417724616,54.19585205078124,110.80849,333.1496
352.3344952392579,49.6885430908203,109.299774,337.76462
357.55047195434577,46.56131530761718,107.975,339.15152
361.63736694335944,47.286519775390616,103.181335,337.15076
366.9654537963868,46.59563232421874,100.64259,336.88165
367.55781906127936,47.96509338378905,99.795265,336.97147
367.13565795898444,50.3911798095703,98.05426,335.83658
366.9717556762696,51.897176513671866,96.20415,335.0141
369.84825866699225,52.82848144531249,95.45059,339.91162
368.5692135620118,57.193746337890616,97.61427,337.0739
366.2524639892579,59.74683166503905,96.19107,340.4863
369.21969573974616,63.87528015136718,93.177444,337.21384
365.346301727295,72.01277709960937,92.22678,332.2411
372.55796401977545,72.57051635742187,90.726616,335.07043
371.70689743042,75.67632080078124,90.462746,334.41986
375.2121693420411,78.56210876464843,88.62554,332.7471
372.5142437744141,75.91484619140624,93.686005,333.21796
373.90327041625983,73.79851318359374,95.84441,333.0509
376.12211578369147,75.57787109374999,96.84123,329.07977
375.3170124816895,72.37959838867187,99.74746,330.35004
377.3497273254395,66.75618530273437,101.67477,332.57098
379.54339569091803,59.9284112548828,100.51643,333.36673
382.56091659545905,59.917257080078116,99.53254,328.4254
384.0463482666016,54.24246765136718,100.927704,330.37473
384.94121902465827,54.377218017578116,97.75814,324.46283
387.17864959716803,48.5835626220703,96.42427,326.15286
389.7074505615235,47.57825256347655,94.66739,326.1829
389.0239483642579,49.022054443359366,94.00003,324.1562
390.68308609008795,46.541280517578116,94.37731,325.54047
392.83916824340827,45.93802429199218,97.73855,329.74973
395.3284680175782,49.02031494140624,100.249084,329.25128
396.15324752807624,50.92935729980468,103.56663,326.22214
394.4244496154786,48.05615783691405,109.914604,327.1534
393.73664443969733,49.47990966796874,114.3579,322.78192
395.5995632934571,49.51164794921874,115.1577,325.27338
395.3841969299317,48.500753173828116,119.17382,326.4713
396.7141415405274,44.250447998046866,122.497086,330.81763
397.2387997436524,43.48889709472655,122.416824,326.142
395.5666691589356,43.09618164062499,122.49058,328.00427
396.9964253234864,37.20116210937499,124.26766,332.03186
396.5237995910645,36.20252014160155,125.49856,330.16562
396.2948872375489,29.89183593749999,124.98214,334.9898
399.5864903259278,27.21019531249999,122.07917,334.4328
398.49030654907233,26.720525512695303,119.66326,334.93558
402.3709942626954,20.465169677734366,123.09073,340.3683
404.5769154357911,20.783025512695303,124.81133,337.6473
410.7623593139649,19.892705688476553,123.58235,342.4343
420.24795120239264,21.044927368164053,116.4009,344.36588
431.0714184570313,23.027791748046866,107.62726,343.45026
438.06035202026374,16.43297363281249,96.34318,354.40558
440.3875843811036,23.644674072265616,93.83013,351.66858
443.99345748901374,18.852315673828116,87.413795,359.71167
451.650989227295,23.255620727539053,84.145546,361.41586
452.932124786377,23.155965576171866,90.24801,366.87073
457.8512913513184,29.96764160156249,102.68775,366.8717
461.28303115844733,32.896444091796866,102.71221,367.0327
464.49064605712897,33.19824768066405,108.37724,370.98856
467.0517765808106,33.670552978515616,110.946815,374.0063
471.97865264892584,24.75896240234374,142.29057,384.15924
476.6995693969727,30.20963073730468,152.7119,379.75266
475.5496899414063,25.43832946777343,143.29999,380.0378
477.8819348144532,21.689351806640616,152.88232,390.67212
479.4448086547852,18.820882568359366,149.06566,387.56787
483.2178570556641,15.724431762695303,148.9501,390.88297
484.35316436767584,14.850530395507803,145.59453,390.8981
487.90309112548834,17.080037841796866,146.63908,393.47388
485.9067608642579,12.947164306640616,150.43497,393.35315
486.5403668212891,10.246282348632803,150.82755,398.38834
490.7587887573243,11.734548339843741,147.2436,399.7315
493.08692901611334,14.025686035156241,144.70183,395.0965
504.8478009033204,11.511831054687491,133.93362,403.222
507.24530761718756,10.071309814453116,133.67804,406.0431
518.9418217468262,18.21526123046874,123.9531,402.65558
519.0955578613282,13.241918334960928,125.49585,409.4183
520.5479504394532,15.358510742187491,121.70227,408.40558
517.3240353393555,20.71603942871093,124.09224,407.11484
519.073840789795,13.767705688476553,124.20225,415.2642
519.287334136963,11.347493896484366,121.40722,418.0265
518.9045483398438,15.645269165039053,122.02985,415.94485
517.9836155700684,6.542318115234366,125.75001,423.68933
509.962211303711,9.969060668945303,130.03317,423.345
507.080863647461,9.043248901367178,131.55258,424.02304
499.82132690429694,11.761907348632803,138.74658,421.4722
497.93975799560553,5.902486572265616,136.97334,426.63818
489.7733456420899,7.461705932617178,144.71779,429.55356
482.15164916992194,4.521962890624991,153.59998,434.86798
469.5197521972657,8.855550537109366,161.4187,431.31213
463.8404080200196,9.446920166015616,167.62248,433.5786
449.9031597900391,7.701055297851553,180.59744,433.27798
442.98700683593756,11.579992065429678,190.75006,430.91293
421.71253936767584,13.075017700195303,208.41801,432.80533
420.87796752929694,23.65836120605468,212.87244,420.3735
405.5301815795899,19.73740173339843,219.14821,430.6086
384.99931304931647,28.09093261718749,215.23521,421.1723
390.4083477783204,26.887944946289053,194.11636,418.61954
376.075248413086,27.76883483886718,210.44492,415.6788
366.9316021728516,21.833760986328116,212.22232,420.7433
350.1423184204102,20.25200439453124,218.54222,423.128
348.34313171386725,25.77275634765624,213.14743,416.7569
334.1587979125977,21.250554809570303,218.18712,422.21573
319.1388165283204,23.25542236328124,224.50613,421.36542
303.5614086914063,20.606755981445303,228.12836,427.26004
290.42994659423834,15.304769287109366,226.99919,431.51257
280.40704315185553,15.762548217773428,223.37996,425.80063
263.8413082885743,7.393834838867178,229.0063,429.93698
255.0485150146485,7.342443237304678,226.20102,434.09103
242.58128326416022,10.800054321289053,227.21458,427.82547
230.53056304931647,8.009847412109366,228.93736,429.82776
227.67137878417975,10.142522583007803,223.48068,428.93314
211.16534393310553,5.522435913085928,234.65889,437.69052
199.0695874023438,6.947606811523428,236.35846,439.60446
187.60003631591803,13.613881835937491,237.14143,435.26605
182.32135742187506,15.349385986328116,236.77179,430.2201
165.24237792968756,23.04031921386718,239.34406,431.74033
172.89193695068366,33.11206604003905,227.69948,420.0823
149.59275787353522,32.420308837890616,236.536,428.8374
145.9435574340821,37.07398010253905,251.19475,420.11234
145.00446289062506,36.06299377441405,244.13763,424.11124
125.97414367675788,32.60251403808593,256.08597,435.68808
141.96427886962897,33.0692803955078,247.82262,430.53323
132.7999569702149,23.787603149414053,255.74452,439.49295
128.172416381836,28.717107543945303,256.80392,434.96548
124.38315551757819,15.597310791015616,260.78247,447.74133
123.27303283691413,22.21903015136718,264.30435,437.811
120.15721862792975,18.07457519531249,267.47946,434.72943
111.508109741211,19.137899169921866,277.22214,436.17358
107.22603576660163,17.369649658203116,281.00516,444.8994
122.47728698730475,19.87656188964843,285.77927,427.6771
115.71921508789069,14.802709350585928,289.78516,440.14072
109.29672973632819,13.163900146484366,302.3816,442.64465
154.98529785156256,14.442006835937491,270.8189,433.47333
259.69747894287116,22.57816101074218,186.803,403.43185
312.8589703369141,12.453267822265616,122.70181,393.34985
317.4703213500977,15.832402954101553,120.19798,390.53763
311.6002728271485,19.59673095703124,136.52731,388.22443
307.2195660400391,16.24997497558593,149.32816,395.98605
307.30805175781256,27.30685974121093,158.61542,381.77182
317.38957183837897,27.19438720703124,159.19774,385.80817
317.36327331542975,33.49455810546874,168.009,378.6004
328.2037655639649,26.425863037109366,159.26552,387.9546
326.97167175292975,35.08916259765624,154.61594,379.1054
326.6310116577149,19.989568481445303,156.51698,399.37772
333.95748870849616,27.78488708496093,153.50002,391.65878
333.2497402954102,23.021734008789053,154.10509,394.4363
338.6865078735352,21.10660339355468,153.03502,399.95126
336.48356597900397,15.868932495117178,154.52415,404.92014
337.44766967773444,15.515874633789053,153.97205,402.8174
337.8620678710938,10.904073486328116,155.66705,411.10413
333.50443237304694,9.624028930664053,158.93799,413.10184
336.9562603759766,6.242131958007803,158.99478,417.57974
341.5598370361329,8.110524902343741,156.5917,419.41302
347.08500640869147,7.245565185546866,153.05919,424.27637
353.6858898925782,9.963720092773428,151.14978,427.3492
364.23052947998053,8.733464965820303,145.44307,430.1663
372.98092620849616,11.746892700195303,138.37062,424.46524
386.75212066650397,13.055364379882803,131.6439,423.9069
397.18610351562506,10.098424682617178,126.57684,424.09702
401.9235455322266,5.143560180664053,122.53238,430.32938
403.8911206054688,9.924260864257803,128.88031,426.56766
409.39166229248053,5.084462890624991,136.80293,432.11957
411.1830593872071,4.975179443359366,149.59758,435.96777
412.822074584961,4.417745361328116,164.53354,435.36694
414.1171414184571,4.135091552734366,174.6646,440.19177
420.1393048095704,2.0253656005859284,178.89151,442.144
421.8228756713868,-0.1803076171875091,186.56563,440.27814
421.3593060302735,-3.696329345703134,189.93307,445.88696
425.2185360717774,-5.101587524414072,190.87733,444.5018
424.3045498657227,-3.4534246826171966,191.59093,445.32083
427.46957366943366,-4.701914062500009,188.07814,448.5479
416.7017590332032,-4.007242431640634,194.01611,447.75134
405.921195678711,-4.507807006835947,195.72665,447.5071
394.87393920898444,-6.777231445312509,194.38171,452.67938
388.6351086425782,-5.830026855468759,188.70679,452.01605
387.98087280273444,-5.678827514648447,176.99182,450.96817
384.13507049560553,-6.583582153320322,173.31636,452.4415
379.02410858154303,-5.793070068359384,171.48494,450.70508
381.54733245849616,-4.446024169921884,170.97023,452.03833
385.5825955200196,-1.7143499755859466,165.54057,447.55838
383.8653790283204,-2.3158819580078216,166.65323,448.7712
384.0211026000977,0.6235253906249909,165.32103,448.11786
376.96884124755866,-2.6303350830078216,166.7975,454.85666
369.53874176025397,-5.331308593750009,169.05931,462.81866
360.8014981079102,-3.842386474609384,172.68858,463.3849
353.03471343994147,-3.523569335937509,174.86375,466.8626
343.9717861938477,-3.9890386962890716,180.84288,468.9531
336.74991577148444,-5.450327148437509,191.7561,471.4948
327.14955108642584,-8.542032470703134,201.31389,471.64038
315.32176940917975,-4.043726196289072,210.27304,461.31284
306.99974792480475,-4.111658325195322,213.1395,466.6091
295.29203765869147,-5.179254760742197,212.73021,466.48978
287.22723358154303,-7.870340576171884,209.86421,470.70117
274.29045074462897,-9.012277832031259,206.62328,472.57196
262.6676098632813,-11.217523803710947,206.78912,473.9185
247.56514709472663,-12.236841430664072,206.36075,476.6876
235.2432629394532,-11.744623413085947,208.05847,477.2631
225.56745117187506,-9.700449218750009,204.30658,474.48468
214.72472351074225,-7.001199951171884,200.58017,471.90442
211.23463409423834,-9.350076904296884,187.90862,475.37878
209.54833953857428,-3.8439581298828216,186.11458,474.19345
206.31083648681647,-0.5364019775390716,175.77867,472.9559
206.69752471923834,-3.232919921875009,177.81792,477.88177
205.03007476806647,-0.029886474609384095,166.43419,472.46497
204.8322827148438,-5.205332031250009,166.7923,477.62433
195.4575497436524,-4.466440429687509,173.44496,473.8067
215.1126782226563,-0.7362921142578216,153.88995,470.8127
221.2110897827149,-0.6755010986328216,156.99599,472.97202
230.31925933837897,0.1882989501953034,162.47081,471.6027
232.39608734130866,-2.5091192626953216,166.69691,478.08432
237.46424835205084,-1.164377441406259,192.93217,478.27887
241.02477996826178,-2.248148193359384,218.90547,477.4359
249.00144927978522,1.9764764404296784,228.84142,471.5898
252.5089184570313,0.6913659667968659,230.59174,474.47754
256.83251159667975,0.7922875976562409,229.44235,472.54828
264.84344451904303,0.1576898193359284,229.89705,475.7988
267.91410034179694,-3.4805853271484466,225.35095,474.40555
271.16432159423834,-5.421228637695322,219.12456,472.2463
271.4963375854493,-3.573435058593759,214.2342,465.6994
273.6324230957032,-1.1403753662109466,217.16101,468.12625
276.4569393920899,-7.392618408203134,203.89613,471.42493
280.8192669677735,0.7136285400390534,207.0333,467.05997
294.3544689941407,-6.915399780273447,193.94482,475.91483
296.4005657958985,1.2494256591796784,191.66147,468.59152
321.706107788086,1.2347467041015534,181.84482,470.09122
332.1393353271485,-4.271524658203134,182.20786,472.8678
342.46146362304694,-3.172403564453134,188.49805,475.5592
345.3819653320313,-4.527750244140634,186.8819,479.34656
349.1215435791016,0.2052819824218659,202.90689,467.37756
355.2019268798829,-5.476938476562509,214.55203,472.4605
355.6158444213868,-1.5269110107421966,229.0074,470.38614
361.794486694336,-3.749582519531259,234.58041,470.6104
362.77922027587897,-1.6248114013671966,236.89769,471.2985
369.6914288330079,0.8267724609374909,244.9866,471.12103
376.1171871948243,-0.8701727294921966,250.38179,471.76956
393.4938275146485,-4.247049560546884,240.20322,478.3833
400.760551147461,-0.4822790527343841,231.22324,470.45447
410.37399261474616,-1.270303955078134,223.64333,473.78564
403.2946545410157,-1.289713134765634,229.8136,471.0166
409.84825866699225,-0.2816564941406341,226.72678,469.3402
425.7239071655274,-0.1207678222656341,213.67775,471.50073
439.8673626708985,-2.3689215087890716,190.63132,477.67197
454.3188549804688,1.160360107421866,179.16315,474.89905
467.4257580566407,0.1550042724609284,167.50537,477.09238
469.9254986572266,-0.4355261230468841,161.37418,473.0066
442.8518063354493,-2.109110107421884,188.90376,477.162
474.7276837158204,7.198888549804678,167.48404,464.57822
454.88321655273444,4.101461181640616,177.94373,470.57568
500.1040798950196,13.276311645507803,142.73991,462.19644
518.6628567504883,8.245977172851553,129.83025,469.251
526.7941586303712,6.414022216796866,118.06264,466.83667
534.3060871887208,13.270101318359366,113.9764,449.5686
535.076598815918,11.735524902343741,114.03621,445.72308
519.8766552734376,36.62692810058593,131.82355,425.5306
528.3660008239747,26.74344421386718,126.5796,434.06088
440.13050811767584,43.92481018066405,176.65886,414.658
335.5834729003907,33.16202331542968,155.97534,370.2905
258.5417706298829,33.53183532714843,131.56674,337.9061
250.4221493530274,33.54398132324218,125.96767,324.32645
255.57550018310553,32.48361755371093,121.4084,308.60684
230.65237777709967,38.57239318847655,124.59791,300.16544
276.5281712341309,37.70059753417968,111.34321,299.62637
262.83588378906256,55.87659240722655,106.53552,273.76285
278.1364514160157,64.06680847167968,114.92828,251.45718
273.8617932128907,70.04892517089843,103.920105,246.3475
276.8269993591309,73.86668182373046,95.84992,238.58705
275.66051071167,67.03909088134765,95.37534,226.64983
285.3991925048829,59.346082458496085,92.85794,217.57692
301.7692181396485,75.33759857177733,93.64902,205.89162
296.0725399780274,85.01047302246093,82.42561,210.81223
291.71247070312506,77.64159179687499,83.772766,199.46112
287.98649948120124,75.44238067626952,83.38419,191.59593
282.87527053833014,83.10892272949218,81.67837,200.08066
278.9269635009766,121.98921752929687,78.92209,217.96252
257.7502095031739,120.0883233642578,99.5837,194.06339
241.6219898986817,105.68082214355468,85.25817,221.1763
221.35586135864264,97.2604653930664,101.03689,205.53838
205.8726994323731,77.02016998291015,110.354225,198.33714
206.29889648437506,67.41524291992187,91.916504,219.16669
196.62623184204108,72.85118652343749,88.020134,227.35852
179.10259979248053,80.60807586669921,98.80519,217.56807
171.62653701782233,94.36743713378905,87.53582,230.99265
159.66459625244147,104.43861175537108,76.68718,239.97359
156.72918289184577,103.44213653564452,92.019615,225.78459
139.08347671508795,101.74505401611327,105.52349,220.98112
128.2906147766114,103.54432464599608,101.84945,233.8968
115.97458999633795,97.57594848632812,105.363396,247.53247
101.08335464477545,96.15183044433593,103.12762,265.61722
86.43130462646491,100.48265624999999,114.10036,262.02704
58.029094390869204,92.20578552246093,97.40502,271.8795
42.06599014282233,100.05276275634765,95.44671,255.91368
30.775920562744204,121.2082192993164,82.45171,244.72911
14.231177978515689,75.76924682617187,78.349304,257.49817
-1.0314639282225926,79.74509216308593,75.49983,266.96896
-9.550453491210874,128.99342895507812,73.81613,237.45142
-16.93638259887689,113.91246582031249,66.73826,225.18787
-8.157253570556577,162.51447845458983,81.143074,197.45485
36.32351654052741,206.25232482910155,165.15242,174.62466
45.68106811523444,145.80398345947265,177.95776,178.58977
62.04087799072272,87.48371673583983,176.08763,199.74995
190.87967651367194,48.85294128417968,158.31335,230.63663
193.28655975341803,53.872327575683585,155.49843,246.53731
200.13031738281256,87.02380157470702,169.9419,240.50804
295.11024444580084,103.16776824951171,178.95195,201.24031
326.8955838012696,111.60683227539062,140.13518,242.32709
298.6580426025391,109.31297851562499,159.05081,202.74329
299.1358258056641,126.10083557128905,136.54178,230.2811
267.9807354736329,110.88115478515624,155.32169,220.02081
269.1607281494141,128.14552093505858,142.0668,187.32057
277.96435897827155,129.94711853027343,120.21204,224.13852
252.49066894531256,142.25540710449218,136.49011,194.94583
264.9339138793946,140.91425872802733,131.16795,171.09816
268.8150936889649,160.05620361328124,128.89888,148.36029
255.11497467041022,162.48714233398437,140.44884,140.37463
229.46645324707038,162.314443359375,146.55008,130.45319
245.01012390136725,158.66615844726562,124.158905,161.45642
253.3435360717774,154.28142333984374,131.85023,142.03967
253.12467926025397,156.92957092285155,128.73991,130.07224
255.9501606750489,143.05144287109374,125.38601,141.04996
246.48925750732428,140.02722717285155,134.54079,130.45575
244.01556365966803,141.18737579345702,125.2198,139.43495
244.13139694213874,126.64050079345702,127.51841,141.28957
240.93585937500006,128.96288848876952,129.1391,127.56947
240.30769699096686,119.21098876953124,122.489174,140.09372
234.16715209960944,117.23369384765624,129.1471,138.92386
230.181449584961,119.29531646728515,130.37808,136.54732
227.3999096679688,115.71142364501952,130.11865,139.42897
244.7487217712403,107.92930389404296,122.22358,136.34569
247.11592834472663,96.22688842773437,115.02426,153.77945
247.74815338134772,100.88953948974608,114.637314,146.60759
247.95927780151374,110.98977447509765,117.45542,141.53304
241.56456344604499,115.18774963378905,119.41642,145.51599
238.53118484497077,121.81075073242187,124.44637,144.89249
245.87033050537116,114.06955505371093,112.46254,161.61719
227.07680480957038,138.94849182128905,129.19418,145.96478
221.47592132568366,135.73323608398437,131.71126,144.02036
221.15484588623053,150.69802642822265,127.665115,145.02669
221.03848999023444,137.92417694091796,128.35657,146.002
226.79787414550788,136.31889892578124,137.44308,142.57755
218.39062469482428,141.1844918823242,141.71626,141.22331
230.2858082580567,127.78784729003905,125.3941,149.08484
212.94986694335944,137.44695831298827,137.05542,138.02083
225.25024002075202,124.08147979736327,123.75967,151.66219
219.21885650634772,127.1275079345703,134.29271,146.8197
208.68368499755866,122.46631408691405,135.55696,148.35968
206.74990051269538,104.06824279785155,133.23502,150.33606
203.6111599731446,116.39532257080077,132.27965,145.52132
206.004935913086,116.51743103027343,128.61258,155.56512
185.69301574707038,119.66675354003905,144.07773,143.3808
194.39393585205084,110.0154473876953,141.58812,147.81537
191.31903045654303,107.26279998779296,142.4853,144.34428
200.4230267333985,99.34306121826171,145.73825,150.2747
207.68432586669928,82.44667602539062,128.26308,169.98239
204.1789852905274,98.25483489990233,135.26833,150.85234
202.45365875244147,94.0593927001953,132.3253,155.40875
202.76458709716803,96.04182220458983,130.09279,162.12914
200.23629730224616,92.52757049560546,128.80952,166.17912
191.05270355224616,105.30562377929687,139.79494,161.41354
193.12274902343756,106.83083892822265,139.40356,167.23048
190.9579617309571,99.93152404785155,138.2932,176.14447
178.13710754394538,112.70901275634765,152.58475,164.21223
177.95548980712897,118.6281182861328,144.81645,172.8042
172.40059631347663,121.00365997314452,147.66483,163.58559
171.619926147461,123.06028533935546,143.02261,159.17259
192.3979260253907,113.39652038574218,136.7174,163.42755
174.51532714843756,122.95791412353515,146.42786,160.64235
189.83851593017584,100.1685235595703,128.10417,167.7586
184.0661160278321,112.01645446777343,140.16478,147.86572
173.17768066406256,119.70274902343749,139.25433,154.79666
190.01219146728522,95.1520669555664,132.76115,167.0212
195.19257324218756,107.9142510986328,129.71472,160.87561
184.27889984130866,85.78236938476562,127.606705,170.66599
182.4937283325196,101.81767059326171,145.77379,158.06877
172.93119781494147,111.8274591064453,142.47844,160.84528
178.6397778320313,82.01673675537108,133.35315,180.28484
178.07521026611334,101.62389923095702,139.72258,170.80122
168.090385131836,117.46423889160155,141.58524,169.09009
158.74276702880866,135.0369546508789,152.15675,164.08449
157.07624023437506,129.5046823120117,159.69373,163.05553
149.58489959716803,113.63915039062499,162.21352,176.03671
135.17503326416022,150.77881408691405,182.43797,152.81244
128.30651824951178,141.49533630371093,168.78621,163.52777
143.2574230957032,103.02661682128905,143.37146,193.27435
116.27079742431647,118.05075622558593,152.35326,185.19495
108.37119262695319,104.80435729980468,143.95471,183.6637
86.94908874511725,111.99219299316405,152.85617,170.76105
73.97503631591803,114.36944366455077,151.65901,180.67635
55.692939453125064,118.34314514160155,156.63135,192.47327
42.459983520507876,105.64464355468749,154.26498,183.94095
31.333205871582095,104.28890014648437,150.11375,200.51675
14.523818664550845,95.73599792480468,145.18541,192.3139
6.178039245605532,94.60025573730468,141.88966,194.21625
4.078712158203189,98.95356536865233,132.00061,201.5709
1.76542633056647,100.18848968505858,122.09386,188.15971
-1.9732974243163426,93.14765716552733,108.06233,191.41759
-11.064716644287046,92.88039184570312,90.91656,187.10617
-8.603000946044858,93.3937661743164,87.895226,179.34755
-12.791462249755796,88.66019226074218,67.83959,185.87073
-7.359840698242124,80.14504028320312,85.34262,174.53479
3.2089421081543605,111.04074645996093,90.18363,172.51639
38.352866821289126,141.10745025634765,123.542755,163.0131
54.06498687744147,187.25903106689452,132.93462,160.20952
37.159919433593814,195.94512725830077,133.91083,171.95561
24.51817291259772,173.62375427246093,129.28423,181.4841
9.16249435424811,189.2925698852539,123.51078,200.96104
-0.6737063598632176,199.5918862915039,121.57893,207.19609
6.593681030273501,205.58974243164062,110.129,222.60175
-10.164955444335874,213.0691354370117,107.102936,229.0782
-9.151485748290952,210.35304046630858,96.08021,243.13869
-9.560997314453061,228.49194885253905,96.982056,230.6553
-16.064018554687436,192.87419677734374,78.74304,242.43213
-11.95897323608392,154.7535302734375,84.158134,235.67352
-7.936542816162046,149.81328369140624,83.25707,243.19098
-6.367664642333921,135.25913024902343,75.89776,243.56656
-9.02577239990228,141.95268798828124,90.54961,225.19702
4.493114166259829,126.96352935791015,103.50396,224.20421
58.43637817382819,93.45558715820312,124.23352,231.70807
70.11877792358405,51.67723632812499,118.69227,266.0512
63.03697937011725,37.25864196777343,128.86856,283.56302
21.361869506836,57.0166680908203,152.58267,291.7559
17.489104919433657,42.62430358886718,143.70406,296.94888
1.1112133789063137,90.19389892578124,135.45831,269.01654
-6.170254058837827,89.2550714111328,109.742744,274.96756
-2.942264862060483,126.67258239746093,103.398094,242.14432
-7.94508392333978,108.10600067138671,85.15117,232.23653
-10.562691040038999,100.97050262451171,82.5632,237.71333
-10.765705413818296,94.83970428466796,83.857414,230.89613
-30.893532104492124,143.49832702636718,77.40323,218.74393
-22.836384124755796,163.19105316162108,76.35015,204.93056
-18.649898834228452,179.22574401855468,74.72523,185.32028
-8.550617523193296,187.69087768554687,73.21148,179.96393
-10.665912933349546,198.43776489257812,67.43243,179.42755
-13.765751190185483,197.2227456665039,71.683495,183.62196
-4.503547973632749,166.94524169921874,89.72507,184.76648
-10.478744812011655,177.5800454711914,86.36943,180.00383
-19.199245758056577,167.84770751953124,75.94248,190.50433
-25.351227111816343,187.48701263427733,71.66496,192.67574
-18.10081893920892,177.63103271484374,69.50161,190.63309
-24.180393524169858,191.87627197265624,70.65136,183.44962
-11.33128005981439,183.10378814697265,69.90516,187.26006
-22.58983261108392,200.61476684570312,68.99322,191.87866
-19.522980041503843,185.59157348632812,73.906815,185.41953
-14.28496200561517,158.66126037597655,76.52038,179.04276
-10.887199707031186,154.5988671875,64.34152,202.00885
-9.476448364257749,125.36513305664062,74.00885,198.57538
-18.70070678710931,153.6356637573242,74.55148,203.90364
-19.14127761840814,184.34463287353515,75.077705,198.80717
-21.525543518066343,209.67239929199218,69.22368,210.21841
-14.320801086425718,220.99480224609374,70.561325,207.78442
-13.82417327880853,199.19598175048827,78.02931,188.47633
-19.387802429199155,203.26563049316405,68.65196,187.14282
-13.064445800781186,208.5611474609375,69.605225,179.1123
-22.341150588989194,201.86771179199218,61.574284,178.84494
-25.613815612792905,211.44487548828124,66.435776,164.7651
-27.599063873291016,219.14642120361327,55.198128,159.3376
-24.189483642578125,243.09278656005858,59.37326,142.86751
-25.721086502075195,250.6644723510742,55.18195,137.64116
-23.425586700439453,268.8458497619629,61.431984,119.06646
-19.078218460083008,279.8628060913086,61.094975,110.39079
-13.171442031860352,287.72552658081054,51.602436,119.865364
-11.029548645019531,261.16074920654296,44.13231,125.303604
-11.807062149047852,218.53262115478515,34.226704,156.38103
-16.3649959564209,202.41871429443358,42.61616,156.92006
-19.272037506103516,235.2174966430664,51.80549,154.24428
-15.110023498535156,220.05891204833983,53.420547,157.98332
-13.258983612060547,203.44092346191405,55.045677,161.37808
-12.189476013183594,194.0447442626953,60.49083,174.7922
-13.96712875366211,184.63880706787108,69.907646,177.0822
-9.538707733154297,175.65694213867187,75.11477,186.93497
-9.656024932861328,176.44143463134765,81.504616,190.74721
-4.177299499511719,164.52911163330077,87.21208,193.21901
17.12842559814453,128.9955499267578,105.78496,190.37048
22.500938415527344,127.71866394042968,112.42439,198.02002
37.07838439941406,100.50987030029296,115.069244,209.04301
46.68098831176758,97.13889862060546,104.75753,232.11388
60.2946891784668,75.04179931640624,112.10557,230.22653
72.38998413085938,73.00317169189452,106.17438,254.58559
76.63593292236328,72.11232543945312,101.026474,260.4539
80.90350341796875,66.6438653564453,107.381836,260.53967
82.52422332763672,61.312276611328116,111.913895,267.1354
89.0321273803711,56.6629083251953,123.87349,265.57306
91.24523162841797,67.87999511718749,134.19014,267.87943
111.11516952514648,83.59352661132812,108.818306,257.5624
97.40443801879883,71.91020751953124,126.7062,252.25851
109.26785278320312,43.067273864746085,107.54291,251.14867
91.58912658691406,78.15282226562499,105.059296,264.3682
96.36280822753906,70.79915405273437,100.563446,273.15115
94.79277038574219,72.01881958007812,103.32443,272.59683
80.46114349365234,87.98474670410155,120.31801,252.0611
64.10954284667969,83.14104248046874,142.3027,266.62698
49.3839111328125,70.83470703124999,141.7749,288.37863
25.987625122070312,46.402486572265616,159.63065,318.8586
28.172836303710938,26.41898132324218,149.61887,342.64703
1.4475631713867188,34.2849786376953,152.27522,328.68567
-10.462127685546875,54.91820312499999,128.7298,317.41653
-3.5954017639160156,92.78030944824218,125.727974,275.5423
-15.447307586669922,88.95102478027343,97.712975,264.39453
-18.866851806640625,96.78175903320312,86.36151,256.73068
-8.305130004882812,94.77872253417968,82.56705,250.37128
-14.830886840820312,116.62868286132812,79.256195,233.9473
-24.54470443725586,99.92983032226562,69.01757,237.80142
-20.70682144165039,115.69646240234374,64.84205,240.68735
-17.080528259277344,124.74690795898437,64.063156,225.10172
-29.552705764770508,155.18203521728515,59.10541,220.66017
-24.499195098876953,189.9191567993164,72.756325,187.7173
-13.90682601928711,210.32089782714843,77.62524,164.28967
-21.039283752441406,224.45901275634765,62.778915,166.25343
-22.88692855834961,228.91975952148437,57.582787,173.22888
-17.353200912475586,234.71262908935546,56.25111,164.55879
-18.784170150756836,236.48833251953124,60.36128,154.45203
-13.54742431640625,253.24956298828124,62.028168,153.16327
-14.546432495117188,253.13340545654296,66.29538,154.8868
-8.165275573730469,236.81606079101562,67.09926,154.85855
0.45531463623046875,226.41419006347655,76.631454,159.00299
-1.2100944519042969,226.18452239990233,80.58782,160.05186
-11.921005249023438,221.8946206665039,72.79257,160.25487
-9.331060409545898,230.82734466552733,61.815807,153.74895
-16.512592315673828,239.59023071289062,47.296486,176.72372
-8.59858512878418,224.18884063720702,62.291256,182.47078
-5.321155548095703,207.36562896728515,73.86152,189.00069
-5.897087097167969,212.21181274414062,71.652054,225.19437
-10.859527587890625,186.83282257080077,81.687225,177.47282
-3.23583984375,190.2173516845703,88.117584,167.50333
-4.194313049316406,196.94788909912108,89.66832,155.11107
-1.3009071350097656,175.87754608154296,73.3621,161.0541
-9.118778228759766,182.4389321899414,61.48011,155.54152
-23.78732681274414,212.679921875,58.718452,138.11325
-14.68417739868164,245.2625405883789,49.035194,149.726
-29.637752532958984,283.16254974365233,59.275505,136.1375
-17.1351375579834,281.78093505859374,51.006115,139.30417
-14.579357147216797,294.7075326538086,51.230003,139.30672
-6.871852874755859,289.62325454711913,64.29482,126.85931
-7.824275970458984,258.26228118896483,72.13149,131.81178
29.00299835205078,199.4961373901367,79.56767,156.19374
43.05183029174805,161.869375,88.448616,182.25443
47.24571990966797,129.87421966552733,99.40666,217.13615
13.918266296386719,63.67337585449218,105.56938,303.6668
17.49285125732422,82.92551208496093,138.96812,315.6845
7.443511962890625,26.381292114257803,130.48697,368.9143
-2.5802230834960938,18.342244873046866,112.648575,369.60043
-2.9802284240722656,30.41356445312499,116.11411,364.78622
-9.932357788085938,53.528096923828116,134.34686,342.95425
-18.011436462402344,61.69113708496093,117.432144,332.4702
-24.375946044921875,55.83154846191405,107.380035,328.40417
-24.12912368774414,61.837117919921866,95.23527,315.17856
-16.241825103759766,76.07010437011718,90.50565,305.48425
-17.70421600341797,85.26436401367187,90.079666,290.54514
28.1680908203125,100.54739929199218,123.800934,261.46753
109.83463287353516,79.62293029785155,141.27034,278.83923
153.50496673583984,53.218526611328116,152.33092,312.49936
389.2197952270508,18.57669616699218,140.6288,352.63562
388.49153900146484,5.215856323242178,130.32756,372.33978
388.1415100097656,9.099920043945303,136.42178,402.5028
383.11414337158203,3.0236260986328034,142.25813,406.55725
375.08507537841797,5.189718017578116,138.96751,401.192
380.83992767333984,-1.558817138671884,188.83147,413.99423
374.12904357910156,-2.763468017578134,255.3758,478.7966
361.6179504394531,4.124608764648428,263.30643,475.80804
356.35648345947266,-1.098459472656259,251.43336,478.35916
355.85460662841797,-2.5947821044921966,254.3452,480
346.60711669921875,1.8743341064453034,249.27097,476.78564
344.11122131347656,1.491750488281241,257.11224,470.26395
342.6064147949219,-1.3906500244140716,252.69766,471.79327
341.75711822509766,-5.105463256835947,250.67372,474.54346
346.44522857666016,-0.5072271728515716,252.01808,468.4378
344.374755859375,-3.5680792236328216,255.28732,471.9355
349.00111389160156,-3.4265997314453216,260.2237,474.5744
356.0653076171875,-1.1962225341796966,260.0521,470.16138
357.2550964355469,-2.3373358154296966,265.38968,470.47302
361.4263916015625,-2.9190618896484466,271.01523,473.2196
361.2313995361328,2.3003900146484284,275.86273,472.38373
370.91326904296875,-1.270120849609384,260.87448,472.796
383.32845306396484,-1.018106689453134,248.26848,477.41476
394.74414825439453,-1.864908447265634,242.42915,478.8613
400.4767379760742,-0.5250646972656341,232.82884,478.09738
414.56812286376953,3.364461669921866,219.24019,471.50266
421.1095962524414,3.1314447021484284,215.3257,471.88605
427.3821105957031,2.819173583984366,207.54544,470.31906
442.11753845214844,-0.9479467773437591,198.51831,472.84818
455.5298385620117,-6.822092285156259,186.4293,479.32657
471.3239440917969,1.9291436767578034,171.82706,471.64453
486.9259948730469,-5.218378295898447,165.59232,480
493.2435760498047,-2.3244573974609466,152.63635,476.74524
501.4381866455078,2.9151361083984284,142.79291,471.62274
520.2656784057617,-2.0818121337890716,128.28014,478.06854
535.422492980957,5.227926025390616,126.596146,471.2474
559.7883605957031,7.401204833984366,114.495026,474.3453
575.0589256286621,18.63181091308593,112.18131,469.61932
530.9954948425293,31.040487060546866,117.635445,423.09848
506.71037673950195,44.84732604980468,122.918816,356.14606
502.26322174072266,53.65109802246093,115.277664,337.67908
528.158618927002,55.33493591308593,107.56042,315.69482
548.38525390625,84.53282714843749,92.77115,308.5638
568.7421264648438,88.12375427246093,92.87344,299.66547
577.579704284668,79.22693420410155,79.30913,297.76343
570.4977989196777,74.39978576660155,81.273476,299.82397
566.236198425293,59.79155517578124,79.2321,300.87955
556.5216026306152,72.74851013183593,90.309,296.75824
573.0209732055664,115.56178833007812,87.110794,253.61765
553.9439239501953,43.0208184814453,83.62445,273.62244
522.3223075866699,34.36874938964843,95.16456,283.1037
472.6046829223633,48.21204162597655,107.54982,275.7074
460.60868072509766,39.0745294189453,103.78169,277.71722
466.7600631713867,14.765950927734366,97.90642,284.99265
462.6071434020996,12.577810058593741,98.18827,267.6025
423.89423751831055,19.70804382324218,107.39588,275.8357
447.95957946777344,12.467839965820303,99.91913,273.23254
412.6562042236328,20.579854736328116,107.703064,271.40067
404.5384330749512,21.58377624511718,106.456245,268.00684
401.5530014038086,13.020223388671866,103.53392,264.09268
399.8971405029297,12.696004638671866,97.32532,268.16647
388.34516525268555,17.31029296874999,97.93903,269.93832
381.4372138977051,19.577596435546866,101.60314,269.51596
379.1077995300293,19.19272399902343,99.24763,276.255
361.4637641906738,22.711385498046866,97.345634,279.9711
363.10477447509766,26.402364501953116,97.40773,284.12283
348.3785972595215,22.80339599609374,101.97239,304.68716
334.22236251831055,23.78136230468749,107.48298,303.788
311.7485542297363,33.34412170410155,108.36028,311.26184
307.08581161499023,25.02391601562499,109.15757,326.80618
281.05399322509766,36.93039489746093,112.73268,327.41754
280.9840316772461,29.601995239257803,106.12041,336.32318
247.2695541381836,46.44823242187499,113.32689,324.82883
240.97670364379883,43.60757995605468,117.57232,320.0954
246.61549377441406,38.77519775390624,116.59357,317.12082
228.53528594970703,40.14427734374999,116.49519,329.8752
222.23474502563477,28.567647705078116,113.0306,331.18295
219.16111755371094,25.345403442382803,111.68237,328.4649
202.19908905029297,27.518010864257803,120.22417,330.4181
191.25083541870117,16.74802185058593,112.8711,325.12262
180.7668685913086,23.54649902343749,106.22447,304.07486
178.68267059326172,23.10709167480468,97.8159,294.2616
173.13725662231445,17.797979125976553,100.49798,296.8946
166.03058242797852,23.93718505859374,99.811424,293.694
150.8106231689453,24.290899047851553,98.80957,289.94263
148.9051628112793,20.43712402343749,102.17072,291.42905
136.48063278198242,21.557561645507803,92.24427,291.68762
122.47539520263672,14.477208862304678,92.02025,302.94604
125.85392761230469,17.662359008789053,98.3407,300.24347
122.61785888671875,6.228704223632803,86.79306,307.51135
96.25759506225586,15.029226074218741,93.6901,330.81302
60.72955322265625,30.61197448730468,103.56882,326.4549
44.17658233642578,32.387410888671866,93.7715,334.86203
23.342514038085938,47.90886474609374,99.23212,319.77286
2.8190345764160156,38.619893798828116,103.11904,316.83255
9.382194519042969,56.98276306152343,101.19371,314.9054
7.358058929443359,67.25069213867187,95.6417,311.93472
-2.9041519165039062,61.99460388183593,98.09563,309.89178
0.048755645751953125,61.501180419921866,100.94207,305.96957
-3.4221649169921875,41.01718688964843,99.02716,313.23145
-3.570110321044922,37.527303466796866,94.18865,319.91525
-10.544326782226562,21.08965087890624,105.80908,313.8237
-6.3782806396484375,27.65587402343749,97.51599,342.22842
-19.530807495117188,31.17313171386718,96.90741,344.4596
-36.727352142333984,41.74088073730468,98.92971,329.5445
-21.104450225830078,39.544454345703116,84.983894,327.7852
-18.050853729248047,32.7855889892578,87.581474,302.04572
-15.394142150878906,46.1782891845703,91.127914,281.3457
-11.233566284179688,53.342672119140616,93.1593,285.81912
-23.18523406982422,59.32382751464843,85.05055,280.2436
-40.76207733154297,70.45778442382812,88.08211,270.29276
-22.786922454833984,76.87332702636718,91.91457,258.0453
-18.381675720214844,93.0939385986328,104.26491,240.24689
-31.554031372070312,131.7248208618164,99.98242,217.72481
-13.840686798095703,163.70186401367187,106.90931,186.70328
-19.266826629638672,175.4135186767578,90.70605,178.25214
-17.645282745361328,192.5704782104492,86.95643,162.47105
-16.197189331054688,199.42744995117187,75.431305,156.98059
-26.021133422851562,209.7166421508789,60.302338,147.48387
-22.964405059814453,234.99281097412108,57.71369,131.11772
-9.088081359863281,247.78005004882812,58.538864,124.34604
-7.795021057128906,248.0641305541992,61.548965,114.13899
39.206459045410156,259.0714891052246,72.20387,108.74622
46.34652328491211,252.83772827148437,68.729836,115.15411
45.40009307861328,239.14841247558593,60.23329,132.2732
61.62562561035156,209.33434844970702,63.805237,147.90614
64.01553726196289,181.28626800537108,65.40597,167.97246
75.65534210205078,146.9510934448242,60.813217,193.34273
59.72706604003906,106.29680419921874,71.9931,219.97617
45.641361236572266,56.81509948730468,83.14974,268.50256
59.05290985107422,41.06812072753905,94.70256,290.67218
38.413753509521484,38.19176269531249,96.50053,333.12552
257.20825958251953,-7.032587280273447,148.74123,459.08478
260.4101791381836,-1.2266485595703216,143.35118,449.48157
260.15624237060547,-2.9423468017578216,141.44096,448.34436
264.70957946777344,-0.7224829101562591,132.53131,443.71103
269.0846710205078,-1.3556463623046966,123.833496,440.43097
267.4446716308594,4.451650390624991,122.65585,425.47922
263.10457611083984,1.901326904296866,127.79674,421.96805
258.7239532470703,3.5455377197265534,130.93665,416.11884
260.06201171875,5.896184692382803,121.05582,408.78717
247.17578887939453,4.536794433593741,130.93312,415.2861
245.87850189208984,2.3770501708984284,132.36253,415.91125
236.48831176757812,1.3303887939453034,136.31284,427.94672
235.49480438232422,2.706136474609366,129.4168,428.15652
233.54779052734375,6.109182128906241,128.55594,428.8918
220.48110961914062,7.289403686523428,137.58762,433.42505
209.02013397216797,8.205632934570303,148.8759,433.03668
197.4175262451172,14.761876831054678,159.25555,429.34326
181.51470184326172,13.571431884765616,170.1508,430.99734
182.41446685791016,13.105062255859366,166.95967,426.84293
176.33934783935547,8.546041259765616,168.65361,429.78873
171.75872039794922,6.615117797851553,169.46538,426.41217
165.52843475341797,6.666768798828116,172.53398,425.3903
166.37469482421875,-0.8539526367187591,167.85428,432.52573
169.1532745361328,-4.127695312500009,166.80933,433.98068
156.66148376464844,-7.129190673828134,174.49225,435.14713
146.31499481201172,-6.113275756835947,178.7487,437.7271
155.74757385253906,-7.030771484375009,170.05884,437.78854
146.71512603759766,-10.568155517578134,174.34431,442.00845
120.57046508789062,-8.638315429687509,196.59421,442.4763
117.95587158203125,-2.160532226562509,195.91287,437.34836
118.47164916992188,-0.8772070312500091,186.3912,440.67184
126.39613342285156,0.7293145751953034,176.81909,443.73297
125.73247528076172,3.326741943359366,176.48247,444.51346
126.12248992919922,5.075261840820303,168.26128,449.99188
124.09622955322266,7.429052124023428,164.78682,455.13123
126.35478973388672,7.505315551757803,156.93608,455.58124
125.54601287841797,6.486776123046866,157.04765,459.10367
124.3407211303711,7.330312499999991,155.30077,458.77695
129.80365753173828,6.658818969726553,154.2112,456.76337
132.87166595458984,5.848027954101553,145.84666,452.76105
130.92993927001953,2.940236816406241,149.79579,456.73984
134.45053100585938,2.101064453124991,146.13876,452.03366
131.51392364501953,0.4063775634765534,141.80336,452.70758
133.3760757446289,-1.368784179687509,138.74934,450.90158
135.2469024658203,-1.330515136718759,136.24414,454.2573
142.48174285888672,-1.765360107421884,131.30107,450.42215
134.98843383789062,-2.672159423828134,139.69821,450.80276
133.998046875,-4.726068725585947,141.94547,449.36212
136.80474090576172,-2.507852783203134,142.81596,451.96988
140.66815948486328,-0.9078314208984466,147.23976,450.222
144.51482391357422,0.3765618896484284,146.77885,453.03076
147.1780014038086,1.622426757812491,146.75365,453.4277
147.923095703125,6.136281738281241,146.86612,448.78598
147.4537124633789,7.472509155273428,150.06758,446.2539
149.54290008544922,8.119725952148428,149.27873,445.11633
148.88735961914062,7.227956542968741,149.68063,446.72043
149.6459197998047,8.804189453124991,143.27338,439.9857
150.14547729492188,10.025548706054678,136.58237,437.19824
147.84790802001953,10.003301391601553,135.20924,432.07916
133.849365234375,6.810903320312491,137.51297,433.48837
113.66426849365234,3.7634332275390534,149.62035,435.518
117.01077270507812,1.184255371093741,140.21799,432.9277
115.12307739257812,-0.3791296386718841,134.02756,433.89053
104.63573455810547,-2.0601446533203216,137.87968,442.54858
97.97836303710938,-4.933634033203134,144.59506,453.20767
92.48262023925781,-3.052133789062509,149.16211,455.76743
87.5984115600586,-4.164667358398447,147.85838,457.62872
83.39176177978516,-3.389780273437509,146.82552,454.57224
64.11502838134766,-2.448129882812509,162.62862,452.5339
76.74349975585938,-2.9330084228515716,148.36362,444.90356
52.273780822753906,-6.519373168945322,167.09566,451.18054
72.14839172363281,-10.228403320312509,145.32227,446.20016
59.97583770751953,-2.879099121093759,148.93141,448.0466
47.94879150390625,-8.319330444335947,154.80215,461.70367
65.8381576538086,-1.6607000732421966,131.35167,449.28644
53.400489807128906,-7.490595092773447,139.92415,462.56195
56.367034912109375,-4.211191406250009,136.10092,460.63388
50.31940460205078,-6.503183593750009,135.74,468.89706
46.61285400390625,-5.521143188476572,136.43253,464.1117
40.85163116455078,-6.781671752929697,136.15944,469.37006
35.98426055908203,-2.024545898437509,140.81789,465.9399
27.53253936767578,-6.258478393554697,142.41469,472.4001
14.187469482421875,-2.011789550781259,148.28622,472.21225
2.4964370727539062,-3.6040594482421966,153.53548,473.39923
-4.2631988525390625,-4.427988281250009,155.80414,471.4659
-3.7739715576171875,0.9788415527343659,149.53442,463.32242
-6.4578399658203125,-4.526209106445322,142.32513,467.4402
-8.716445922851562,-6.747019042968759,126.10126,470.66867
-11.60302734375,-4.232874145507822,116.16153,476.86
-21.37066650390625,-3.766885986328134,115.976715,472.09952
-27.469924926757812,1.5133111572265534,101.3537,470.30194
-35.05302429199219,2.0846002197265534,105.51892,469.53705
-51.122047424316406,42.4196221923828,118.36925,445.21686
-46.87181854248047,100.80638671874999,100.26955,378.52072
51.76664733886719,193.06739593505858,318.42682,165.39067
66.648193359375,69.11841369628905,242.37564,274.04327
49.38023376464844,70.67754150390624,278.77362,276.85202
36.404884338378906,23.41592956542968,248.64241,335.55896
41.30491638183594,26.02213073730468,308.85846,325.0537
37.28822326660156,53.021260986328116,359.015,317.70303
-0.0563201904296875,4.173650512695303,320.88586,372.3791
-4.319976806640625,42.859639892578116,345.5953,348.9434
-7.62640380859375,76.55435729980468,390.23087,311.42432
6.449005126953125,77.16960693359374,418.3033,304.57138
-1.0343017578125,28.493657836914053,358.65494,361.3089
-1.077056884765625,154.97214294433593,495.10068,232.19922
-4.6774749755859375,41.04733825683593,322.0177,358.1499
-16.2176513671875,59.59923339843749,331.59586,343.09274
-8.723922729492188,68.95271850585937,325.6388,323.48148
0.9980010986328125,163.45945526123046,370.19653,236.59837
2.1845550537109375,167.16625762939452,313.54633,247.69246
3.410980224609375,245.28281188964843,387.8674,142.52295
0.931427001953125,269.1986520385742,380.2933,135.20226
23.738082885742188,253.4352243041992,315.85413,156.29979
43.261474609375,253.43901611328124,297.8788,149.82175
38.36894226074219,275.2344300842285,305.17365,125.57839
96.03422546386719,270.5194757080078,284.10144,129.51111
98.66792297363281,284.0772149658203,282.29333,122.33136
114.26570129394531,290.51548553466796,260.2998,130.07243
78.46932983398438,255.61783386230468,233.57199,152.07733
115.58891296386719,260.22711349487304,263.5315,126.81696
173.4249725341797,278.30476165771483,296.22864,95.236374
175.5756378173828,252.24160552978515,298.03497,112.76491
167.09027099609375,226.8810250854492,269.73404,141.1942
189.0234375,261.43966842651366,336.1074,92.01435
169.71435546875,223.27956176757812,296.1796,126.69968
160.04833984375,223.02573181152343,273.33035,139.16852
170.3741912841797,250.98133255004882,291.5808,120.42278
179.8080291748047,276.9491937255859,339.75745,104.676636
111.81198120117188,268.8253381347656,304.92477,139.04514
51.39671325683594,259.19563079833983,299.6952,136.04387
41.13116455078125,252.57141662597655,274.29788,144.60559
67.26640319824219,241.15689636230468,264.08386,149.95184
73.80709838867188,201.05603576660155,239.59433,174.24927
91.24623107910156,219.97112823486327,264.40167,159.98366
82.1877212524414,115.34505249023437,211.23878,242.77182
74.31068420410156,89.06923461914062,222.55762,264.1404
79.64666748046875,68.3493096923828,243.30753,285.34723
82.14324951171875,31.41704345703124,269.6448,324.83926
68.37959289550781,14.677724609374991,292.7555,349.29398
94.41299438476562,18.313970336914053,352.01486,354.62573
87.33441162109375,9.123098144531241,363.38675,354.60477
93.38169860839844,15.444219360351553,380.22186,359.73254
97.91181945800781,12.385961303710928,408.9054,341.66693
96.84803771972656,13.024556884765616,400.83533,343.67624
117.22865295410156,4.169851074218741,379.7959,348.70584
137.0870361328125,63.13416076660155,442.38443,324.2881
135.74960327148438,17.064458618164053,390.3508,347.54565
138.81114196777344,9.755788574218741,380.85968,348.75198
158.7333984375,12.539876708984366,392.29422,363.4232
151.16806030273438,10.119588623046866,373.07468,358.6622
169.74977111816406,11.048543701171866,388.61365,368.66147
173.1817626953125,6.051046142578116,369.14285,364.09457
185.9468536376953,11.627584228515616,359.3557,378.87448
159.61114501953125,13.105352172851553,332.08267,401.01147
176.69432067871094,21.495244750976553,343.6054,392.25073
-71.34629821777344,0.6713159179687409,142.6926,464.58035
-49.677406311035156,7.568044433593741,99.35481,446.33304
-31.858444213867188,6.905065307617178,90.19504,448.82355
-25.25226593017578,-0.1877996826171966,89.58412,455.41492
-24.72588348388672,2.3579461669921784,93.72496,454.1988
-10.896034240722656,2.476400146484366,89.24446,441.69748
-4.332546234130859,0.6709649658203034,88.54803,445.0287
-3.965717315673828,-0.3896124267578216,93.50089,447.081
-5.521793365478516,-4.747202148437509,99.86451,446.31314
-11.957855224609375,-8.849268188476572,110.33612,460.03632
-25.80799102783203,-3.755075683593759,137.89577,443.23453
-13.84649658203125,-2.743967285156259,138.05896,435.59927
1.2109451293945312,-1.5000250244140716,134.7462,451.92096
1.3655242919921875,-1.8523504638671966,144.42996,450.9558
3.3662490844726562,-3.2639410400390716,152.95268,454.75104
7.946327209472656,-5.148676147460947,152.17046,454.31152
11.653579711914062,-5.973489990234384,149.82065,453.77524
13.608955383300781,-5.300302734375009,160.7694,441.29715
17.27355194091797,-5.065088500976572,158.6028,460.18622
9.228485107421875,-9.741571655273447,176.65912,475.54773
4.4209442138671875,-5.023813476562509,197.98221,467.52542
-2.831085205078125,-7.239465942382822,218.42548,476.09235
6.564750671386719,-7.601236572265634,220.98622,479.75168
9.933479309082031,-6.620554199218759,224.25291,475.35477
7.4810791015625,-3.929636230468759,239.59302,473.69547
-3.5861740112304688,-6.638468017578134,252.99986,472.7994
13.365280151367188,-9.515497436523447,244.3157,473.76587
25.141311645507812,-8.505396118164072,243.27951,475.5694
40.577308654785156,-6.825083007812509,241.7686,469.50394
58.18761444091797,-5.294473876953134,235.09193,462.405
58.769866943359375,-5.233637084960947,245.38397,456.6991
76.35494995117188,-4.263818969726572,240.24799,457.69757
74.2326889038086,0.6251885986328034,243.3481,452.26904
84.1646957397461,-2.4213507080078216,252.51668,450.86115
86.65711975097656,-2.051828613281259,257.9078,449.80423
98.67709350585938,-0.8524572753906341,249.53082,448.3358
107.34378051757812,-0.0646154785156341,254.76874,448.56564
111.50323486328125,-0.4739172363281341,253.87036,447.7629
123.15087127685547,-2.0353033447265716,246.12917,450.42218
131.85836029052734,0.5303094482421784,248.62483,447.16852
132.55925750732422,1.9625299072265534,209.652,445.44824
140.90902709960938,-3.7911627197265716,178.23444,446.83905
153.8756103515625,-2.967996826171884,193.38525,447.43393
163.3780059814453,-6.560907592773447,197.30258,455.4839
169.55760192871094,-5.769495239257822,185.8732,448.96844
177.94115447998047,-2.6727239990234466,155.60158,448.7079
199.96229553222656,-2.089273681640634,212.3646,453.96848
189.62125396728516,-0.8602087402343841,157.57451,448.191
200.59752655029297,-0.5738165283203216,156.74513,448.51312
203.92172241210938,-0.3490545654296966,154.20355,447.6427
202.0828399658203,-2.2884466552734466,160.39328,446.51245
201.53245544433594,-2.693338623046884,168.80875,444.2374
201.4181671142578,-4.816889038085947,178.15317,442.99
204.04295349121094,-7.545969238281259,188.267,445.31717
208.6367416381836,-5.303049316406259,191.34102,440.6425
214.9619140625,-4.930567016601572,189.17773,440.5584
226.19207763671875,-2.8016302490234466,190.48364,437.9911
237.40441131591797,-0.8130590820312591,184.79433,439.21085
248.10997009277344,-2.463266601562509,177.96072,443.47012
254.59307861328125,-1.797800292968759,180.24683,443.1448
265.6573028564453,-1.6546270751953216,173.51462,443.8017
273.0195617675781,-1.368692626953134,170.5318,443.90646
283.97747802734375,-1.181009521484384,165.95581,442.7462
295.4755554199219,0.4266259765624909,162.73602,437.86636
307.39852142333984,3.266011962890616,161.58308,439.08908
319.11181640625,3.767354736328116,162.64746,447.06638
328.9921646118164,7.851140747070303,159.6491,441.0205
340.47032928466797,4.555516967773428,154.36842,445.02374
345.03753662109375,7.026540527343741,155.35535,446.00455
352.87391662597656,8.281652221679678,151.48569,443.8277
356.8804931640625,4.840047607421866,151.0199,455.2324
362.23697662353516,9.645650634765616,146.35832,452.40695
364.8119812011719,10.429464111328116,149.95929,451.7159
368.8754119873047,4.702337036132803,150.61417,458.42908
372.5635757446289,5.939031372070303,153.96965,455.96606
382.48170471191406,3.5722711181640534,150.63437,460.63892
386.62762451171875,0.4770410156249909,152.69055,463.9258
390.44871520996094,-0.6363317871093841,157.90994,468.5825
389.3364944458008,2.556142578124991,165.15611,464.2061
392.0671844482422,-3.703775634765634,169.53677,468.3171
395.25756072998047,-2.288919677734384,172.88148,470.1567
401.1707992553711,-4.216333618164072,178.23775,470.45612
406.7753143310547,-7.153009643554697,182.28214,470.8916
418.4347152709961,-5.613016357421884,182.60506,475.84262
430.86441802978516,-1.0554449462890716,182.1895,472.83698
441.4074478149414,-1.344003906250009,180.06609,469.12918
452.6146469116211,-1.845041503906259,181.76704,472.5778
469.74707794189453,-2.5750982666015716,167.39171,476.03363
487.04087829589844,0.8918359374999909,147.74808,468.20218
501.51385498046875,3.171102294921866,136.42273,466.94577
516.7825355529785,6.445501098632803,122.80309,462.28638
530.9413871765137,7.229131469726553,112.34501,461.1582
542.6484260559082,25.499395141601553,101.585594,440.99268
554.2047500610352,42.70712829589843,92.166794,419.16254
567.9957008361816,54.88322998046874,82.54632,406.89456
577.8904457092285,85.42510009765624,83.82073,382.59897
577.4127616882324,87.36955810546874,84.70518,373.3945
562.5615921020508,65.55460144042968,97.33769,399.64935
477.4270935058594,26.192952880859366,154.29987,382.48703
370.2773666381836,15.354329833984366,185.36,385.24557
325.01861572265625,3.8409478759765534,195.02191,391.2859
327.4817428588867,2.4571282958984284,205.30489,391.90936
306.9031524658203,-2.062143554687509,201.3068,381.78433
317.4493408203125,-3.621805419921884,201.22382,398.77182
323.32386016845703,0.7315118408203034,202.69792,391.12415
344.3726272583008,4.844304809570303,202.11552,389.5298
363.4202423095703,-0.013117065429696595,184.25723,400.1682
37.98192596435547,-2.8437750244140716,188.54823,359.9953
29.02666473388672,3.1529595947265534,175.55763,343.18396
9.923698425292969,8.493795166015616,191.31972,333.7225
34.28411102294922,0.006902465820303405,178.70912,342.0608
14.528038024902344,7.481893310546866,195.19075,334.56674
34.53367614746094,5.452459106445303,191.27347,340.338
48.399932861328125,7.423604736328116,178.2215,325.72324
51.498802185058594,7.336553344726553,178.77504,325.57043
49.089256286621094,9.614598999023428,180.2195,327.89166
49.228126525878906,7.550618896484366,187.57884,333.5416
55.36175537109375,5.014074096679678,186.76715,329.63092
48.30823516845703,8.686528930664053,196.02373,332.76575
37.25945281982422,7.295583496093741,209.96748,331.87955
65.53068542480469,3.0837762451171784,184.07602,337.61163
62.383697509765625,7.158132324218741,199.4364,336.94424
70.94854736328125,5.506826171874991,199.05438,335.78055
95.05516815185547,5.470037231445303,176.59102,334.0813
95.39249420166016,6.942189941406241,180.36015,338.77335
101.19833374023438,3.0343072509765534,170.28851,343.1527
107.98518371582031,9.268056640624991,169.04904,336.34378
117.9201889038086,11.598882446289053,162.21022,332.42102
116.8811264038086,10.889394531249991,168.38252,332.64395
113.01300048828125,13.056005249023428,170.87738,329.07648
112.14324951171875,5.756597290039053,168.0733,341.7556
96.39869689941406,9.209188232421866,175.16605,336.7607
99.27758026123047,11.608709106445303,170.55898,340.87476
90.14125061035156,7.713674316406241,177.47739,334.70554
85.19776916503906,10.994893798828116,182.00809,332.61868
96.55789947509766,7.754705200195303,172.25401,338.63776
83.23950958251953,12.240072021484366,171.43132,324.46542
87.13080596923828,7.231786499023428,175.60332,330.62146
80.45881652832031,4.212301025390616,173.96988,331.42795
101.74348449707031,7.150014648437491,161.08035,329.8182
70.0949935913086,7.197698364257803,177.25398,330.28253
75.4853515625,8.810903320312491,170.02783,324.45297
77.76085662841797,12.871984252929678,167.23146,323.39948
63.78064727783203,6.845800170898428,166.36967,328.05615
67.88871765136719,11.776036987304678,164.31418,324.48633
52.85095977783203,12.709539184570303,171.43272,330.14258
45.57304382324219,8.644628295898428,170.34567,330.4986
42.466270446777344,9.431401977539053,174.75563,339.54846
29.976898193359375,10.110555419921866,180.86987,341.75546
35.223854064941406,10.547933349609366,176.21422,347.62558
28.72435760498047,10.351308593749991,174.85457,341.47488
33.632713317871094,6.402395019531241,165.40016,350.40457
35.722450256347656,5.974813232421866,168.31456,347.58737
41.10765075683594,7.674871215820303,164.69662,351.99622
39.1917724609375,-1.566995849609384,156.34503,371.86984
29.84711456298828,6.971944580078116,168.58745,360.86093
35.07367706298828,8.274099121093741,162.54948,350.95096
25.498855590820312,6.412221679687491,168.113,365.65103
29.827171325683594,4.918843994140616,164.03828,364.1909
25.964752197265625,2.6748712158203034,170.06525,361.5016
32.437904357910156,4.900014648437491,168.4539,362.40518
18.62360382080078,0.7243249511718659,175.96715,363.2855
34.07145690917969,1.393117675781241,160.42789,365.5153
33.07953643798828,1.451986083984366,167.40001,350.46225
30.101112365722656,-2.256662597656259,166.92143,381.72256
399.83724212646484,-3.558817138671884,219.64168,462.9034
425.5300979614258,-2.4329168701171966,209.35863,465.97754
415.0283966064453,-3.585825195312509,215.63742,465.39395
415.12217712402344,1.688009033203116,215.1536,459.15134
425.6493225097656,-5.323679199218759,204.12921,468.08597
430.35198974609375,-4.328272094726572,201.99121,466.00995
425.0503463745117,0.9379327392578034,203.97218,465.71606
414.44254302978516,1.4656732177734284,211.92387,464.0689
400.2772216796875,5.146978149414053,217.9458,464.3318
388.2797317504883,-0.7060797119140716,218.18431,471.24957
377.12467193603516,-4.696619262695322,216.1054,474.23285
364.8269958496094,4.042791137695303,215.107,465.40894
351.7981185913086,-3.462869873046884,214.86787,475.0516
346.3545837402344,-6.026483764648447,203.19208,480
335.3591003417969,-5.539621582031259,204.21063,477.4141
325.2909851074219,-6.922052612304697,209.72247,480
319.05518341064453,-0.027017822265634095,214.00645,469.3397
318.5338592529297,-4.068308105468759,211.41287,475.183
315.22078704833984,-9.131342163085947,212.68562,480
311.7470397949219,-5.109338989257822,212.98651,479.27167
312.8487319946289,-5.026636352539072,208.13994,478.97638
313.89674377441406,-3.847238769531259,203.71555,477.22086
313.3143310546875,-1.9066107177734466,200.92297,473.13904
314.1742630004883,-3.377878417968759,199.60228,474.1569
313.5672378540039,-7.515863647460947,195.66313,480
316.10631561279297,-6.470865478515634,189.91298,478.85178
314.9466018676758,-5.509821166992197,184.11961,480
316.97894287109375,-1.726999511718759,178.67383,477.01517
319.74485778808594,-0.8944952392578216,174.1088,475.1546
319.16143798828125,2.6491448974609284,170.3778,469.774
319.747802734375,0.1067712402343659,167.57922,474.50156
322.2070999145508,4.336950073242178,163.81346,469.70966
324.4219055175781,2.9482476806640534,158.32611,470.64124
324.5419616699219,4.444677124023428,154.07257,467.3161
327.6482391357422,5.822759399414053,146.00333,460.58997
327.08531188964844,7.113683471679678,143.32852,455.7724
329.23925018310547,8.093358764648428,142.0259,457.62506
325.8710021972656,8.197438964843741,144.80548,457.27493
322.71287536621094,3.9050042724609284,146.66959,463.1579
323.2074737548828,5.336538085937491,146.41013,463.8754
322.37669372558594,6.269933471679678,148.32132,463.4002
316.7710189819336,7.033544311523428,154.15706,461.3476
314.10545349121094,4.632680664062491,155.85574,463.606
309.874755859375,5.287999877929678,157.8966,460.77228
308.6514434814453,5.299520263671866,157.09421,461.2103
310.43743896484375,3.8816583251953034,157.65857,461.60095
312.85899353027344,6.273732910156241,153.36514,460.24673
311.78568267822266,7.174779663085928,154.95708,458.92853
314.10926055908203,8.510686645507803,154.20506,456.9087
313.1409683227539,8.813894042968741,153.57536,458.8406
309.9471893310547,7.869909057617178,155.44315,458.38385
306.82818603515625,6.715261230468741,157.08557,460.39456
307.11454010009766,7.895284423828116,155.10979,460.50217
299.5409393310547,7.671788940429678,161.83182,458.8493
299.5300521850586,6.143010864257803,161.33882,457.5282
290.17488861083984,3.477895507812491,169.61763,456.2443
284.8754577636719,6.702993164062491,172.16718,447.61148
281.2263641357422,4.960302124023428,172.62955,446.66083
278.3148422241211,5.713659057617178,169.87764,442.3454
272.6115264892578,4.618779907226553,170.93466,443.1145
268.5976333618164,5.586828002929678,171.1381,439.7995
270.0193862915039,8.427587280273428,165.59062,438.41583
265.0501251220703,6.157171020507803,161.85104,438.83374
262.9679489135742,5.955892333984366,163.29762,436.94394
259.4699935913086,4.820119628906241,162.98885,437.93118
266.24147033691406,2.6478631591796784,155.15732,442.76678
266.35394287109375,5.836095581054678,152.53345,436.6319
269.93468475341797,1.9322564697265534,147.98024,444.8579
273.16138458251953,3.4172113037109284,143.26854,445.7563
275.49400329589844,5.912633666992178,138.86502,443.35236
281.337646484375,6.655263671874991,130.51953,441.96463
289.9737129211426,5.244313964843741,125.32845,446.61734
294.4725914001465,3.1011407470703034,123.042854,446.77844
293.6502799987793,6.414159545898428,127.10825,447.35614
289.3147659301758,6.306051025390616,134.1151,444.50717
286.2338333129883,3.595083007812491,137.56737,446.40677
284.41015625,3.8873040771484284,142.77612,451.18378
278.1044235229492,1.2829034423828034,152.62587,451.75574
279.69984436035156,-0.0877935791015716,164.12875,453.35846
270.89320373535156,-2.097910156250009,181.42099,458.0685
275.55491638183594,-6.061914672851572,189.58548,463.21466
264.57579803466797,-5.208032836914072,202.28603,460.92267
267.1572799682617,-7.929682006835947,207.35817,467.68262
268.8686828613281,-7.741602172851572,211.72162,470.66827
275.20154571533203,-6.541406860351572,206.7943,467.4665
280.5440673828125,-7.219492187500009,202.6167,463.82767
283.49732971191406,-7.998636474609384,197.22836,464.80917
287.7155075073242,-10.320245971679697,191.65248,468.02832
289.03639221191406,-10.940469970703134,186.51828,468.85287
293.60658264160156,-8.390375366210947,179.36557,468.33777
295.0540084838867,-8.459772338867197,178.60512,474.92126
305.50740814208984,-4.611307373046884,168.4869,468.70114
310.2960662841797,-3.863229980468759,164.20938,472.6691
312.0954132080078,-3.031595458984384,164.88571,468.59067
313.6922836303711,-4.719156494140634,167.26436,475.5095
313.83531188964844,-6.805368652343759,169.30838,477.76492
314.58372497558594,-2.9856817626953216,172.31741,471.3709
310.47020721435547,-9.136774291992197,174.28114,480
304.4405212402344,-5.001566162109384,183.0202,475.88107
309.6947326660156,-0.5335333251953216,183.9914,470.64264
309.72914123535156,-0.3837988281250091,187.26816,469.51724
304.0005416870117,-1.1763250732421966,193.06508,470.78845
305.94347381591797,1.202474365234366,190.03883,466.49814
301.9543228149414,-0.2621405029296966,193.61797,467.03125
298.91554260253906,-2.1671392822265716,201.44785,467.57928
293.7797546386719,-1.460001220703134,206.18121,469.25912
294.42010498046875,-3.248789062500009,202.25879,472.99515
287.8090286254883,-3.1101019287109466,214.03502,470.93347
286.19361877441406,-5.416086425781259,215.18283,475.75735
274.4417724609375,-4.685709228515634,230.24792,474.83188
279.93468475341797,0.4323327636718659,226.8727,468.71396
277.86773681640625,-1.8275396728515716,234.18018,471.69318
271.09913635253906,1.2655389404296784,240.97934,471.4925
273.0194091796875,-3.6948187255859466,234.68945,476.07227
276.6761016845703,2.386434326171866,234.2623,469.23862
276.4963836669922,3.1606805419921784,237.52188,464.99286
283.66007232666016,6.416341552734366,232.65288,463.06467
279.2743377685547,-1.3920538330078216,238.20792,471.83905
288.90613555908203,10.680410156249991,229.96568,456.0209
290.1421127319336,-2.1585638427734466,232.44038,469.87183
290.2633285522461,2.7183282470703034,232.94283,464.03467
300.6709671020508,8.182897338867178,226.82152,458.555
304.4184799194336,6.209447631835928,224.92415,459.77362
300.67650604248047,6.209203491210928,223.43922,460.9438
304.63140869140625,6.137487182617178,226.73279,463.41644
310.06754302978516,6.851415405273428,219.17009,461.0594
303.86643981933594,0.9442041015624909,228.81131,466.87198
307.7926483154297,4.651555786132803,221.89603,464.83008
300.0392150878906,4.062566528320303,228.3935,465.68762
300.64933013916016,2.2975213623046784,230.92607,471.4074
305.98860931396484,-0.2811834716796966,226.83711,470.1648
297.6632385253906,-0.9338629150390716,235.59918,472.3454
308.3531036376953,0.4337213134765534,229.44308,473.34314
307.66759490966797,3.4040887451171784,228.24318,468.1889
316.6299591064453,-0.7168371582031341,226.34567,476.26266
301.50437927246094,3.4440057373046784,241.48148,466.19806
316.90624237060547,2.675313720703116,234.084,469.39914
309.5770721435547,5.784856567382803,239.45792,465.2091
324.8442840576172,6.688268432617178,229.15494,464.6524
307.1125259399414,0.1505944824218659,250.07085,473.6816
318.8095932006836,-0.8599645996093841,244.04048,472.12973
325.81744384765625,5.096883544921866,236.6604,463.45175
309.3906021118164,2.7623040771484284,252.6834,470.71405
312.76412200927734,-0.8738958740234466,243.17513,474.2616
311.01483154296875,0.3414208984374909,245.41211,471.78812
313.2620315551758,0.1303918457031159,244.23741,473.1379
312.6843719482422,-1.708170166015634,240.1431,474.67734
306.59837341308594,-3.624246826171884,244.50003,474.2236
309.4861755371094,-1.8584234619140716,242.73407,469.02118
309.7947692871094,0.7974908447265534,241.88666,469.5005
308.05247497558594,1.1739556884765534,241.47269,467.55444
307.79710388183594,2.3648126220703034,241.10696,467.33105
307.5793228149414,3.0905816650390534,238.99016,466.42798
317.9011688232422,12.123067626953116,230.94778,456.07748
319.20043182373047,5.916036376953116,232.59816,465.30612
316.1889190673828,2.110280761718741,236.73776,470.1708
311.26285552978516,2.8763482666015534,245.18205,468.64502
314.66100311279297,-2.880899658203134,246.85939,478.53598
319.22100830078125,-4.483438720703134,245.89832,479.63193
312.8702621459961,-3.4203436279296966,254.01045,480
314.83898162841797,-2.8092596435546966,250.71999,480
313.6130599975586,-4.191278686523447,251.27217,480
317.6584014892578,-0.5264227294921966,244.94748,478.3224
313.6904830932617,4.040654907226553,242.03065,475.92053
316.469970703125,4.365239868164053,238.91943,471.71484
322.1186981201172,7.586599121093741,236.00821,467.28616
310.6426315307617,0.6217248535156159,248.06374,472.66782
327.4037170410156,8.933583984374991,234.24823,463.3284
323.01856994628906,11.074788818359366,244.22519,458.9012
327.9826126098633,9.808416137695303,240.16759,462.72424
317.03895568847656,12.098104248046866,250.3989,460.73825
326.0624084472656,6.199804077148428,247.34735,467.5462
323.30470275878906,11.187078247070303,249.81967,464.5653
322.28904724121094,11.903539428710928,248.71304,464.78375
321.3130798339844,13.359960327148428,250.67755,466.4112
322.9699478149414,3.8900506591796784,252.01628,475.148
321.91802978515625,10.231817016601553,245.4071,465.11304
320.0062255859375,-0.5170538330078216,251.474,477.08612
317.17052459716797,0.4472100830078034,249.77956,479.87927
310.3581848144531,2.740468749999991,254.67926,472.2914
316.12449645996094,1.828267822265616,250.73978,477.9028
318.14117431640625,2.871083984374991,246.95007,474.4777
316.23600006103516,-0.8765661621093841,247.55168,477.32993
321.2678985595703,-0.1197607421875091,247.24252,478.4014
318.704833984375,3.898214111328116,249.49988,477.15097
322.36072540283203,0.9440209960937409,247.30345,475.46988
316.390380859375,2.8994195556640534,253.42249,474.17664
324.8221893310547,5.461263427734366,245.4534,469.9409
326.4514923095703,5.975179443359366,241.54831,469.59128
330.64308166503906,9.072240600585928,236.11118,465.82
328.7604293823242,8.321843872070303,238.21474,466.09595
321.44677734375,4.261708984374991,245.12354,469.8776
322.9101867675781,3.2516229248046784,246.19122,469.0937
333.18353271484375,5.184728393554678,232.92603,466.84613
321.33885192871094,0.2034814453124909,244.07217,468.89297
325.4204864501953,3.556325683593741,240.72299,466.25638
325.28367614746094,11.727620849609366,239.11319,456.65634
322.8795394897461,4.216741333007803,242.88142,465.53857
314.24806213378906,0.2414453124999909,249.44931,471.75333
323.1559143066406,2.1130426025390534,239.02814,470.19727
314.7638931274414,-0.7522528076171966,245.95903,472.27747
315.47042083740234,4.340825805664053,244.30183,468.91565
317.43302154541016,0.3496301269531159,241.8455,472.0389
