0.036040
0.047844
0.048170
0.047513
0.044974
0.043811
0.044660
0.043552
0.043993
0.048110
0.047274
0.046183
0.045295
0.048398
0.043392
0.045162
0.047150
0.043948
0.045719
0.048112
0.046590
0.049952
0.048654
0.051295
0.051128
0.051853
0.046545
0.047976
0.051698
0.049107
0.048588
0.047280
0.044696
0.047304
0.049695
0.050969
0.051260
0.046136
0.049980
0.049917
0.047482
0.047384
0.048961
0.057190
0.054387
0.053935
0.060261
0.052074
0.050364
0.049467
0.046060
0.044522
0.044508
0.045136
0.047639
0.051428
0.043910
0.044014
0.044404
0.044079
0.044039
0.049778
0.043747
0.043839
0.044140
0.048151
0.043805
0.043867
0.044240
0.044028
0.044723
0.048222
0.048356
0.047718
0.044631
0.044523
0.045923
0.054965
0.054368
0.055954
0.045224
0.045535
0.052993
0.046558
0.048645
0.048525
0.049629
0.045979
0.045431
0.047087
0.044803
0.045660
0.044683
0.047672
0.044818
0.047470
0.044904
0.045013
0.045227
0.047777
0.048335
0.045760
0.050935
0.049933
0.047189
0.045597
0.046928
0.045504
0.047725
0.047482
0.045213
0.050889
0.046742
0.043943
0.044183
0.044019
0.043801
0.043808
0.044832
0.043760
0.043680
0.043765
0.043654
0.046174
0.042953
0.043336
0.043405
0.044474
0.044665
0.042259
0.047340
0.042119
0.045467
0.046607
0.047281
0.044650
0.047455
0.043765
0.044185
0.047830
0.048539
0.048386
0.046337
0.045383
0.046822
0.044734
0.046966
0.044956
0.044866
0.047067
0.048203
0.045000
0.050169
0.044470
0.045349
0.045048
0.046713
0.046593
0.047123
0.047632
0.050541
0.047390
0.046142
0.044413
0.045599
0.045538
0.045092
0.047234
0.046996
0.043829
0.045563
0.047503
0.049415
0.045950
0.046036
0.046911
0.048411
0.051972
0.045887
0.046289
0.046808
0.047839
0.049503
0.048282
0.045946
0.046191
0.046289
0.045994
0.048301
0.049257
0.049010
0.047786
0.049619
0.050786
0.045899
0.050098
0.051193
0.048180
0.045865
0.050890
0.048341
0.049668
0.045759
0.047414
0.045753
0.049325
0.049027
0.049002
0.045850
0.045733
0.045770
0.045847
0.045770
0.045642
0.045650
0.045871
0.045708
0.045838
0.048309
0.049510
0.063366
0.046197
0.045585
0.050231
0.046066
0.044116
0.043876
0.043959
0.043963
0.044079
0.043985
0.045967
0.044116
0.049635
0.045545
0.044178
0.043734
0.043925
0.045975
0.046173
0.043808
0.045545
0.046923
0.043781
0.044366
0.043617
0.043693
0.043985
0.043395
0.044790
0.043614
0.043139
0.044540
0.046263
0.045587
0.043414
0.048620
0.046650
0.047538
0.044725
0.046808
0.043535
0.045440
0.043128
0.043254
0.045367
0.046326
0.044453
0.044451
0.044362
0.044282
0.044369
0.043984
0.044112
0.043871
0.043827
0.043183
0.043183
0.043478
0.043222
0.045644
0.045771
0.043234
0.043843
0.043434
0.043654
0.047110
0.047711
0.044193
0.046231
0.043780
0.046099
0.043842
0.043849
0.043800
0.044268
0.043656
0.043785
0.046381
0.046878
0.044007
0.043755
0.046988
0.043887
0.043854
0.045124
0.043391
0.043307
0.043361
0.046431
0.046090
0.050746
0.045692
0.045981
0.048660
0.047941
0.047521
0.045911
0.047513
0.045516
0.048307
0.045971
0.047613
0.045306
0.047765
0.047832
0.048420
0.048529
0.050346
0.046654
0.048043
0.043792
0.043702
0.047885
0.049090
0.045569
0.045977
0.049867
0.044291
0.045030
0.044014
0.045841
0.044163
0.050470
0.047576
0.046940
0.045200
0.047896
0.045166
0.045297
0.043355
0.043475
0.043763
0.045260
0.043559
0.044777
0.045959
0.044206
0.044302
0.044076
0.046448
0.044002
0.043905
0.043989
0.043912
0.044041
0.044219
0.044266
0.045997
0.044806
0.044927
0.044458
0.044702
0.044763
0.044607
0.044576
0.044508
0.044625
0.046289
0.046525
0.044997
0.045003
0.047998
0.044881
0.046784
0.045284
0.046183
0.045405
0.045417
0.045489
0.045262
0.047472
0.045168
0.045134
0.047270
0.044785
0.047081
0.046934
0.044080
0.043932
0.044115
0.044296
0.043858
0.043741
0.045282
0.043771
0.046198
0.047243
0.043802
0.044139
0.044093
0.044289
0.043955
0.044502
0.043907
0.043959
0.044017
0.044597
0.043753
0.043696
0.044504
0.045807
0.045753
0.043864
0.043922
0.043818
0.043930
0.043999
0.044009
0.043569
0.043411
0.045641
0.045746
0.044750
0.042904
0.042709
0.043192
0.045613
0.045387
0.045398
0.045559
0.045424
0.044171
0.043311
0.043536
0.043274
0.046424
0.043549
0.043796
0.044076
0.044373
0.044157
0.046520
0.044175
0.044107
0.044554
0.044562
0.044214
0.044590
0.046875
0.044515
0.045539
0.044353
0.044412
0.044631
0.044798
0.044522
0.044549
0.046916
0.044822
0.044739
0.044631
0.044840
0.044863
0.044814
0.044883
0.048061
0.045079
0.044973
0.044843
0.044934
0.045337
0.044767
0.046946
0.045561
0.044521
0.043922
0.047605
0.048743
0.043346
0.043249
0.043259
0.046696
0.043244
0.049247
0.046479
0.045581
0.048401
0.046245
0.049167
0.052289
0.046416
0.050514
0.050550
0.046820
0.049775
0.047068
0.047012
0.050390
0.049416
0.051209
0.047483
0.049301
0.047350
0.046927
0.049150
0.050094
0.046708
0.049711
0.045819
0.045926
0.050435
0.047111
0.046250
0.046341
0.046108
0.046014
0.048303
0.046027
0.047291
0.052311
0.045941
0.048316
0.046067
0.047409
0.045802
0.048128
0.045749
0.045897
0.045696
0.046029
0.048398
0.045794
0.045928
0.045870
0.046027
0.046117
0.045805
0.045944
0.045913
0.045862
0.048389
0.045942
0.046087
0.045950
0.045768
0.045973
0.045932
0.045998
0.048479
0.046192
0.046682
0.046593
0.047117
0.046986
0.047411
0.046947
0.049271
0.046769
0.046778
0.046675
0.046573
0.046667
0.046609
0.048767
0.047259
0.046115
0.046263
0.046210
0.046002
0.046189
0.046237
0.048461
0.045878
0.048595
0.046196
0.046430
0.047158
0.046065
0.048375
0.045970
0.045983
0.045831
0.045790
0.045827
0.045997
0.048123
0.046185
0.046735
0.045665
0.045358
0.047499
0.045208
0.051824
0.049764
0.047317
0.044865
0.045358
0.047900
0.046115
0.046104
0.045886
0.045908
0.046121
0.046138
0.046090
0.046286
0.046298
0.048495
0.046058
0.060642
0.050070
0.046292
0.044019
0.045070
0.046421
0.045144
0.044638
0.047827
0.048695
0.044323
0.045966
0.043958
0.044137
0.043998
0.044378
0.046297
0.043488
0.045830
0.046242
0.045682
0.044079
0.043882
0.043686
0.046148
0.044043
0.043562
0.043657
0.043481
0.043941
0.043437
0.045823
0.043917
0.043833
0.043971
0.044348
0.043492
0.043642
0.044001
0.043787
0.043633
0.043647
0.043679
0.043665
0.043670
0.045849
0.046053
0.043933
0.043702
0.043708
0.043947
0.046093
0.046413
0.045350
0.053140
0.045217
0.043976
0.043676
0.043766
0.044154
0.049590
0.043951
0.044020
0.046700
0.044202
0.045159
0.044501
0.044677
0.044887
0.044803
0.047325
0.044948
0.047150
0.045017
0.044890
0.044967
0.045181
0.046666
0.046529
0.046848
0.045392
0.045485
0.056725
0.052364
0.044736
0.044731
0.047356
0.047713
0.047233
0.047643
0.046597
0.047812
0.045670
0.048107
0.044281
0.048393
0.049588
0.049085
0.044457
0.044371
0.049302
0.044368
0.044734
0.044269
0.046600
0.044255
0.044318
0.046744
0.048196
0.044421
0.044493
0.049054
0.046828
0.048697
0.046978
0.043628
0.043363
0.043329
0.047174
0.043313
0.043703
0.043813
0.044371
0.044187
0.044831
0.044599
0.047099
0.048694
0.049101
0.044991
0.045119
0.045391
0.045338
0.045583
0.046788
0.048130
0.048823
0.046361
0.048023
0.051660
0.048504
0.047043
0.051293
0.048827
0.054963
0.045003
0.048640
0.044829
0.046610
0.044655
0.046240
0.045000
0.048245
0.045199
0.046637
0.046947
0.044657
0.045835
0.045963
0.045160
0.048614
0.048194
0.044929
0.049837
0.044886
0.044288
0.044398
0.044854
0.043938
0.044486
0.044771
0.043909
0.043992
0.047892
0.049103
0.048695
0.047391
0.049806
0.048514
0.047256
0.044214
0.044690
0.045822
0.044811
0.047177
0.046844
0.044974
0.047288
0.048447
0.049741
0.045055
0.047860
0.047821
0.045530
0.045079
0.045350
0.045057
0.050188
0.048516
0.045327
0.047692
0.045040
0.045468
0.047098
0.045635
0.047150
0.047829
0.045285
0.047014
0.044974
0.045199
0.044974
0.044706
0.044749
0.044471
0.044784
0.044894
0.047819
0.045146
0.045148
0.045067
0.045233
0.044899
0.048786
0.048865
0.046932
0.048970
0.047048
0.045251
0.044012
0.044151
0.048466
0.045607
0.046386
0.046877
0.045324
0.043929
0.044306
0.048156
0.044785
0.045854
0.044808
0.045249
0.045216
0.046036
0.045369
0.044909
0.044780
0.045003
0.048616
0.044560
0.044832
0.045107
0.045627
0.044540
0.044939
0.047006
0.048211
0.044685
0.044555
0.047098
0.044479
0.044474
0.046677
0.044975
0.047582
0.047506
0.045905
0.045246
0.048210
0.045522
0.048474
0.045507
0.045336
0.047860
0.049562
0.048944
0.045070
0.044842
0.046682
0.047241
0.047161
0.046472
0.044854
0.045964
0.044840
0.044677
0.047253
0.046932
0.048927
0.045013
0.045236
0.045342
0.048032
0.045663
0.047435
0.046762
0.045360
0.045543
0.047414
0.045027
0.044668
0.047960
0.046183
0.046100
0.047283
0.048262
0.044492
0.047440
0.052222
0.047459
0.047929
0.051337
0.047285
0.047094
0.046948
0.052750
0.046766
0.048031
0.046471
0.049520
0.046220
0.046321
0.048868
0.050352
0.051908
0.050513
0.048363
0.048549
0.049546
0.050730
0.050868
0.049814
0.045211
0.050531
0.048018
0.049002
0.044786
0.045305
0.045535
0.046229
0.046513
0.045548
0.044749
0.044758
0.045058
0.046021
0.045968
0.046840
0.050586
0.051673
0.050233
0.050561
0.051832
0.049999
0.051651
0.047422
0.048156
0.046568
0.046533
0.046224
0.047944
0.046991
0.049089
0.047333
0.047454
0.048032
0.050973
0.046899
0.046681
0.046526
0.046420
0.048703
0.046787
0.043872
0.044096
0.049215
0.050210
0.048723
0.048720
0.048472
0.050851
0.045552
0.051099
0.046168
0.048180
0.045392
0.047956
0.044612
0.049183
0.047815
0.048707
0.046480
0.047075
0.044944
0.045267
0.047673
0.058510
0.061078
0.046209
0.046448
0.045541
0.045464
0.045453
0.045242
0.045641
0.045541
0.048225
0.045584
0.045594
0.046969
0.047923
0.045791
0.045719
0.045815
0.047149
0.044888
0.044788
0.044829
0.044607
0.044895
0.044352
0.044351
0.046513
0.049416
0.043828
0.045387
0.047047
0.048156
0.050376
0.047518
0.047304
0.048355
0.047351
0.049301
0.047714
0.045111
0.044742
0.044387
0.044227
0.044578
0.044205
0.045124
0.047720
0.044240
0.046987
0.046485
0.053090
0.052054
0.043967
0.047414
0.045488
0.045213
0.045570
0.046394
0.048784
0.044836
0.045013
0.044874
0.045080
0.044620
0.049140
0.044439
0.044555
0.045837
0.044879
0.045173
0.045026
0.045249
0.045613
0.045276
0.045674
0.044627
0.044947
0.044842
0.045337
0.045217
0.045271
0.045094
0.045405
0.052050
0.054235
0.050309
0.047157
0.051037
0.049617
0.047646
0.050022
0.049993
0.048619
0.048689
0.045928
0.045250
0.045234
0.045327
0.048588
0.045932
0.046063
0.048906
0.049352
0.046873
0.048243
0.046006
0.049140
0.046941
0.044058
0.045112
0.047196
0.044622
0.043510
0.047938
0.047769
0.044189
0.044208
0.047897
0.044771
0.044943
0.046170
0.046591
0.046734
0.046768
0.044411
0.044663
0.044675
0.045008
0.045257
0.047260
0.046663
0.048501
0.044966
0.044571
0.044702
0.043320
0.044734
0.045307
0.046813
0.044465
0.044520
0.045771
0.044601
0.044364
0.048400
0.050081
0.044527
0.044274
0.048787
0.047870
0.044676
0.049019
0.044835
0.047340
0.046162
0.051151
0.048614
0.049670
0.049598
0.047834
0.047725
0.046775
0.047414
0.047174
0.047309
0.044316
0.044446
0.047893
0.048974
0.044096
0.047094
0.047788
0.049093
0.049867
0.048432
0.047556
0.044795
0.046791
0.049284
0.045260
0.045762
0.047916
0.048276
0.045956
0.045918
0.049086
0.049037
0.048767
0.046490
0.046158
0.046120
0.046021
0.047132
0.052898
0.052934
0.055165
0.054764
0.063414
0.049820
0.050052
0.048353
0.047346
0.054262
0.047132
0.046281
0.045848
0.043368
0.048718
0.043661
0.044762
0.044828
0.048365
0.047022
0.046478
0.045876
0.047014
0.046971
0.046635
0.047757
0.054635
0.052613
0.047118
0.047037
0.046897
0.049722
0.046277
0.045871
0.047947
0.045331
0.044098
0.044167
0.044646
0.044399
0.044424
0.044609
0.047111
0.044989
0.049522
0.044866
0.044858
0.047695
0.045544
0.046502
0.045813
0.046264
0.046441
0.046357
0.046126
0.046367
0.046361
0.046213
0.046302
0.048642
0.046393
0.046587
0.046773
0.046705
0.046619
0.046768
0.046742
0.047280
0.046794
0.046591
0.047161
0.048468
0.045295
0.044609
0.044493
0.044713
0.044649
0.044659
0.044547
0.044715
0.046595
0.045190
0.045038
0.044923
0.045840
0.044824
0.045094
0.045368
0.047457
0.045107
0.045574
0.045134
0.045208
0.044685
0.044770
0.044292
0.044228
0.044421
0.044786
0.044927
0.044723
0.047297
0.044837
0.044832
0.044711
0.044720
0.044384
0.044337
0.044375
0.044429
0.044691
0.044969
0.045429
0.047941
0.045470
0.045311
0.045200
0.044976
0.044757
0.044639
0.044349
0.044450
0.046300
0.044375
0.048110
0.048963
0.046783
0.044489
0.044408
0.044631
0.044325
0.044265
0.044375
0.044479
0.044744
0.044675
0.044865
0.045201
0.045520
0.045938
0.046345
0.046297
0.049625
0.046734
0.046549
0.051707
0.046655
0.047381
0.046465
0.046400
0.046634
0.049071
0.046465
0.046463
0.046321
0.048743
0.046270
0.045907
0.045866
0.047725
0.047766
0.045413
0.047373
0.044897
0.044956
0.046996
0.044456
0.044755
0.048694
0.044797
0.044641
0.044961
0.045135
0.046546
0.044706
0.046678
0.045357
0.046665
0.045547
0.045929
0.044343
0.046313
0.044421
0.046051
0.047137
0.045858
0.047173
0.047539
0.047503
0.045344
0.047863
0.047779
0.045962
0.048144
0.048752
0.046721
0.045864
0.045263
0.045245
0.045398
0.045283
0.045291
0.045297
0.044950
0.045296
0.045512
0.045372
0.045395
0.044787
0.044540
0.044269
0.044086
0.046312
0.043978
0.043745
0.045854
0.046086
0.047165
0.043698
0.043388
0.042808
0.045019
0.042746
0.045672
0.043749
0.044069
0.044260
0.046618
0.044966
0.044385
0.044861
0.044615
0.044946
0.044935
0.051518
0.051304
0.044817
0.044891
0.045152
0.047194
0.044893
0.044847
0.049657
0.044783
0.044752
0.047302
0.045196
0.049609
0.049723
0.053155
0.049600
0.045732
0.045734
0.045898
0.045893
0.047960
0.046309
0.048192
0.049964
0.049121
0.049785
0.061655
0.049230
0.049299
0.052895
0.046708
0.047692
0.044863
0.045103
0.045891
0.045133
0.044666
0.044769
0.044821
0.044594
0.046968
0.044461
0.044484
0.044535
0.044367
0.044377
0.044460
0.047418
0.044269
0.044364
0.044279
0.044604
0.044878
0.044754
0.045310
0.045402
0.045069
0.047506
0.050402
0.045132
0.046762
0.045236
0.045333
0.046239
0.049400
0.044982
0.047211
0.045196
0.046997
0.047420
0.044742
0.047075
0.044925
0.044707
0.047167
0.044792
0.045498
0.044806
0.044734
0.046101
0.044701
0.044683
0.045537
0.044732
0.045042
0.047495
0.044751
0.047076
0.044660
0.044449
0.047213
0.044532
0.044259
0.044376
0.044169
0.045412
0.044726
0.046428
0.045770
0.048557
0.046692
0.046748
0.047089
0.047073
0.046973
0.047138
0.047110
0.047153
0.045723
0.046990
0.044669
0.044842
0.044880
0.045114
0.045768
0.045364
0.045472
0.049055
0.047845
0.045577
0.047873
0.048105
0.045343
0.048590
0.045470
0.046114
0.045086
0.047424
0.045538
0.045684
0.045650
0.045805
0.046176
0.046890
0.047260
0.049941
0.048746
0.046532
0.046251
0.046334
0.046012
0.046326
0.045962
0.048173
0.045802
0.045890
0.045316
0.045001
0.044881
0.049953
0.045022
0.047538
0.045118
0.045165
0.045215
0.047782
0.044954
0.047321
0.044882
0.044811
0.045863
0.044716
0.044743
0.045270
0.045752
0.045493
0.046650
0.048225
0.046201
0.048538
0.046423
0.046476
0.046212
0.046843
0.046071
0.046227
0.046423
0.046391
0.048609
0.047844
0.051929
0.046173
0.046330
0.047091
0.046303
0.046029
0.048043
0.045552
0.050181
0.045617
0.045807
0.048049
0.045699
0.045805
0.045875
0.045464
0.045557
