0.032205
0.059160
0.051084
0.051453
0.049059
0.046777
0.048189
0.049185
0.046902
0.049039
0.047836
0.051620
0.047213
0.048934
0.047457
0.044715
0.044268
0.046623
0.046051
0.046453
0.045966
0.048152
0.050828
0.050128
0.044570
0.046601
0.048609
0.046566
0.044204
0.046837
0.044502
0.050040
0.044473
0.048221
0.044867
0.046874
0.044570
0.047234
0.049077
0.044475
0.047873
0.045468
0.049168
0.046850
0.045586
0.049020
0.048023
0.047677
0.046728
0.045649
0.044319
0.044479
0.048038
0.061779
0.053066
0.051000
0.049740
0.050237
0.053353
0.049960
0.050118
0.046342
0.051265
0.051125
0.051557
0.047445
0.048857
0.045816
0.048558
0.047977
0.046822
0.048513
0.045086
0.048496
0.044963
0.049549
0.047784
0.044469
0.048016
0.044528
0.046120
0.050323
0.048606
0.048332
0.044455
0.050479
0.050806
0.044425
0.047387
0.044673
0.044504
0.044402
0.044354
0.044393
0.044405
0.048961
0.045715
0.046694
0.047172
0.044775
0.048734
0.048730
0.044656
0.044505
0.045759
0.045007
0.048324
0.047687
0.044587
0.044803
0.048351
0.047833
0.044430
0.046846
0.047838
0.049713
0.047900
0.046585
0.046200
0.048831
0.049211
0.046652
0.044428
0.046447
0.049247
0.045574
0.047364
0.049208
0.045015
0.045388
0.048185
0.047014
0.050774
0.046291
0.048032
0.045493
0.049124
0.047933
0.049721
0.049642
0.049567
0.048590
0.046241
0.047948
0.048470
0.047984
0.049694
0.049637
0.046240
0.046059
0.050664
0.045519
0.045114
0.045054
0.050248
0.045102
0.047587
0.044361
0.044512
0.047590
0.048766
0.044819
0.044812
0.044664
0.047856
0.046797
0.049914
0.044481
0.044526
0.051869
0.059089
0.047436
0.048430
0.046704
0.046556
0.047534
0.051205
0.049554
0.046403
0.046272
0.049565
0.047326
0.046278
0.046123
0.048940
0.048826
0.046831
0.046604
0.046575
0.048154
0.049452
0.052082
0.050126
0.049518
0.046052
0.051239
0.049546
0.048587
0.047271
0.050489
0.046480
0.047416
0.046363
0.051090
0.048596
0.045703
0.048090
0.046299
0.047679
0.047961
0.045509
0.050349
0.047643
0.051493
0.047687
0.048095
0.045776
0.044768
0.046860
0.055395
0.047190
0.046995
0.047006
0.044422
0.047852
0.043211
0.045375
0.043212
0.046326
0.046857
0.047080
0.049285
0.044915
0.045010
0.044984
0.047475
0.052448
0.045261
0.052793
0.045337
0.045470
0.045885
0.048294
0.043872
0.045132
0.046571
0.047378
0.044242
0.046681
0.045950
0.045126
0.044231
0.044900
0.043508
0.043711
0.043892
0.047605
0.047243
0.046068
0.043597
0.043413
0.043379
0.043491
0.046993
0.043503
0.046333
0.043773
0.045901
0.047563
0.043790
0.046047
0.043676
0.044028
0.043650
0.044963
0.043914
0.044515
0.048545
0.043933
0.043658
0.047972
0.044394
0.047158
0.047653
0.047395
0.047278
0.051322
0.050986
0.043319
0.050272
0.047570
0.049275
0.050578
0.047568
0.048108
0.049087
0.044121
0.045867
0.044309
0.048379
0.043811
0.047814
0.043794
0.045935
0.046225
0.046511
0.047882
0.043644
0.043713
0.049232
0.043996
0.043750
0.048425
0.047323
0.047824
0.046635
0.047373
0.043877
0.048345
0.043306
0.043666
0.046190
0.046624
0.051382
0.045496
0.043376
0.045171
0.043125
0.045489
0.045417
0.043233
0.043309
0.043529
0.043715
0.043435
0.043300
0.043441
0.045988
0.043345
0.047882
0.044093
0.047763
0.045871
0.047301
0.048605
0.043028
0.042995
0.047793
0.045877
0.048862
0.045666
0.045397
0.045660
0.046621
0.046715
0.047664
0.047701
0.047266
0.047363
0.043839
0.047136
0.045554
0.045690
0.047424
0.047489
0.045480
0.045719
0.043276
0.043166
0.045186
0.043358
0.048788
0.060072
0.053196
0.050898
0.060731
0.044042
0.048727
0.045301
0.043935
0.047665
0.049075
0.043614
0.043156
0.047112
0.043194
0.045543
0.049320
0.046179
0.052939
0.047740
0.060043
0.048854
0.045354
0.050341
0.056058
0.049188
0.045223
0.045778
0.045088
0.045040
0.045444
0.049749
0.045802
0.044937
0.050679
0.045124
0.048432
0.046615
0.049874
0.045045
0.052361
0.052724
0.050317
0.051094
0.053236
0.049266
0.046386
0.051733
0.057396
0.042794
0.048123
0.048169
0.049183
0.047585
0.050502
0.048837
0.046709
0.043483
0.047385
0.046777
0.043133
0.044373
0.045610
0.049293
0.044520
0.047180
0.047018
0.046450
0.043317
0.043219
0.044617
0.048723
0.043333
0.045858
0.049076
0.044020
0.058933
0.044170
0.048933
0.047724
0.047948
0.047839
0.045681
0.060215
0.054029
0.052764
0.050670
0.048949
0.045040
0.048322
0.043604
0.045513
0.042974
0.047112
0.045670
0.046962
0.043878
0.045420
0.045461
0.045337
0.046526
0.046590
0.044373
0.043665
0.045126
0.042832
0.044719
0.051260
0.045756
0.044633
0.045766
0.042686
0.048688
0.042722
0.045237
0.057654
0.042933
0.051624
0.045800
0.044821
0.043260
0.043943
0.043202
0.045981
0.045464
0.043243
0.043084
0.043177
0.043246
0.045809
0.043109
0.045865
0.045578
0.043774
0.043171
0.044787
0.047923
0.043196
0.046972
0.048439
0.042943
0.045324
0.046272
0.042914
0.042891
0.042817
0.043279
0.045330
0.045461
0.045245
0.042861
0.042737
0.044874
0.042758
0.042473
0.047181
0.046722
0.044233
0.043652
0.043386
0.042960
0.043135
0.047020
0.044531
0.045912
0.047621
0.045454
0.045957
0.046169
0.043060
0.045787
0.043177
0.044588
0.045390
0.044781
0.045564
0.044506
0.043200
0.045451
0.043020
0.045298
0.043445
0.042894
0.043108
0.045538
0.043049
0.045421
0.045527
0.043012
0.045362
0.045301
0.043278
0.045297
0.043024
0.045437
0.042966
0.043015
0.045143
0.042990
0.045389
0.045359
0.045247
0.046148
0.046247
0.045926
0.045336
0.045282
0.044196
0.044980
0.042685
0.046157
0.044639
0.042852
0.043567
0.044704
0.044593
0.044962
0.045535
0.047231
0.045158
0.045246
0.047719
0.047694
0.047822
0.044918
0.046334
0.047144
0.042847
0.044832
0.042637
0.044760
0.046598
0.045376
0.043899
0.043774
0.048728
0.049966
0.043322
0.044877
0.043830
0.047606
0.047789
0.043508
0.046060
0.047079
0.048292
0.045546
0.046655
0.049669
0.043446
0.048488
0.046266
0.043551
0.045494
0.044328
0.047805
0.047188
0.043634
0.043803
0.045940
0.048061
0.046747
0.046098
0.046045
0.045736
0.044078
0.047692
0.044463
0.048615
0.048412
0.046080
0.046052
0.047111
0.043704
0.047811
0.044577
0.046633
0.044205
0.044104
0.044022
0.046057
0.045789
0.044631
0.044291
0.047716
0.050784
0.044682
0.047885
0.045526
0.044399
0.044253
0.044280
0.044003
0.043919
0.044565
0.043791
0.043559
0.046026
0.044814
0.043662
0.043794
0.044141
0.044035
0.047682
0.043011
0.044991
0.047629
0.047565
0.047053
0.042337
0.050733
0.047026
0.048061
0.044837
0.049190
0.049771
0.049964
0.046810
0.045949
0.047297
0.045026
0.045024
0.044966
0.046341
0.046163
0.050793
0.044922
0.045097
0.045135
0.045306
0.047860
0.049466
0.044887
0.048287
0.049602
0.048831
0.050719
0.046717
0.046417
0.045018
0.043440
0.047149
0.047938
0.047187
0.046920
0.043022
0.042530
0.047465
0.052602
0.046741
0.047968
0.043285
0.044299
0.045502
0.045348
0.042914
0.042870
0.042985
0.045130
0.048576
0.042981
0.042989
0.042913
0.042801
0.047040
0.042830
0.042651
0.042675
0.042450
0.042729
0.042765
0.042737
0.045289
0.043595
0.046857
0.043457
0.042751
0.045101
0.043034
0.047245
0.043154
0.042722
0.044888
0.043199
0.043728
0.043015
0.050481
0.043736
0.047053
0.043601
0.046711
0.048067
0.046848
0.045277
0.043663
0.045117
0.048522
0.044215
0.044895
0.043342
0.043430
0.050493
0.049455
0.045917
0.045953
0.043999
0.046802
0.046267
0.043697
0.045261
0.043646
0.046018
0.045718
0.048674
0.048100
0.047905
0.044305
0.048946
0.048533
0.045927
0.044602
0.047917
0.053014
0.066688
0.048335
0.044437
0.045251
0.044419
0.048943
0.044581
0.045542
0.044381
0.044400
0.045004
0.045261
0.046852
0.044590
0.044563
0.044498
0.044181
0.044384
0.044495
0.044501
0.044900
0.044782
0.044912
0.044933
0.044974
0.047028
0.045473
0.049331
0.049560
0.045297
0.046180
0.045086
0.045821
0.048963
0.045054
0.044996
0.045369
0.049264
0.049760
0.044887
0.047184
0.048634
0.046022
0.048486
0.047773
0.045106
0.045952
0.050559
0.048321
0.045523
0.045050
0.047095
0.045524
0.047892
0.045468
0.047787
0.047723
0.047566
0.047553
0.045288
0.045222
0.044910
0.046883
0.047819
0.048989
0.048133
0.045200
0.048905
0.049068
0.049358
0.050261
0.046007
0.046638
0.045989
0.046246
0.045401
0.045604
0.045623
0.046948
0.045451
0.045764
0.045186
0.045161
0.045498
0.047843
0.045118
0.048982
0.044397
0.045554
0.044406
0.044452
0.044600
0.044780
0.043903
0.043950
0.046896
0.043919
0.047868
0.047713
0.043981
0.047380
0.043595
0.046170
0.043922
0.043531
0.045869
0.045800
0.045831
0.045661
0.043264
0.043214
0.045541
0.047504
0.044471
0.042989
0.042779
0.044950
0.042446
0.045701
0.044842
0.042837
0.045448
0.043332
0.042985
0.043161
0.045407
0.047711
0.050461
0.045738
0.045402
0.043204
0.043508
0.043985
0.043531
0.043534
0.043916
0.043700
0.043703
0.046063
0.047873
0.043773
0.043665
0.043533
0.043725
0.043984
0.043789
0.043751
0.044071
0.044137
0.044248
0.044129
0.045439
0.044200
0.044283
0.047208
0.047059
0.047636
0.044659
0.044948
0.044750
0.047067
0.044629
0.044637
0.044789
0.047535
0.047928
0.048135
0.048034
0.045468
0.047784
0.044772
0.044971
0.044775
0.044645
0.046144
0.046656
0.047970
0.047827
0.045949
0.045124
0.046012
0.051276
0.045583
0.048072
0.045849
0.046497
0.045089
0.045624
0.046266
0.045392
0.047644
0.047406
0.048208
0.048072
0.045140
0.049726
0.045338
0.045837
0.045318
0.045181
0.045138
0.044942
0.059475
0.044849
0.044759
0.044697
0.048038
0.066982
0.055237
0.064983
0.049024
0.048106
0.045361
0.045332
0.051010
0.051419
0.046846
0.049341
0.048652
0.049946
0.047378
0.049452
0.049913
0.049927
0.047710
0.051065
0.050617
0.050750
0.047319
0.048368
0.047833
0.049948
0.051769
0.047307
0.050067
0.048705
0.048470
0.047245
0.047461
0.050556
0.047683
0.047326
0.047967
0.046335
0.049394
0.045286
0.046805
0.049414
0.044920
0.047919
0.044621
0.046763
0.044265
0.044744
0.044181
0.044016
0.049392
0.045092
0.043896
0.045167
0.044034
0.043827
0.043896
0.043987
0.044825
0.043889
0.044058
0.046701
0.044238
0.044269
0.044670
0.046803
0.044744
0.044765
0.045033
0.045186
0.045011
0.045498
0.045445
0.045526
0.048526
0.048893
0.046678
0.045292
0.045007
0.048448
0.049416
0.048593
0.048834
0.048162
0.050649
0.048020
0.047668
0.046867
0.047904
0.044405
0.046584
0.044584
0.045191
0.045292
0.046610
0.045655
0.046603
0.047985
0.050405
0.048911
0.045081
0.048390
0.048328
0.045837
0.044973
0.048378
0.047935
0.050619
0.051367
0.047526
0.049548
0.051722
0.063015
0.047493
0.046774
0.050585
0.049476
0.051003
0.048781
0.045257
0.046358
0.048266
0.048534
0.044698
0.048506
0.047916
0.047973
0.049562
0.044171
0.044505
0.045187
0.054502
0.064428
0.047977
0.044784
0.057816
0.054579
0.043481
0.043359
0.045192
0.048986
0.046266
0.042805
0.043182
0.044755
0.046154
0.046136
0.043614
0.045830
0.047473
0.045654
0.047372
0.045883
0.046033
0.044709
0.043187
0.049658
0.048393
0.046997
0.045872
0.048674
0.049724
0.045246
0.045182
0.044789
0.044562
0.046805
0.046578
0.044132
0.044034
0.044045
0.044034
0.047112
0.044247
0.046077
0.047482
0.047793
0.043947
0.046647
0.043917
0.045846
0.043845
0.043902
0.043879
0.045248
0.047340
0.046901
0.044780
0.045363
0.043634
0.043591
0.047560
0.049004
0.047228
0.043484
0.046087
0.046415
0.047470
0.049082
0.043963
0.046036
0.046110
0.043631
0.043890
0.048847
0.045155
0.048476
0.046342
0.046190
0.047103
0.045764
0.045756
0.045495
0.043384
0.045554
0.044091
0.046448
0.045325
0.044047
0.043841
0.044346
0.043878
0.043008
0.045105
0.044409
0.046701
0.043036
0.044174
0.045280
0.046203
0.045194
0.045259
0.044860
0.044858
0.044880
0.045511
0.047873
0.047736
0.045781
0.044960
0.045069
0.042687
0.042830
0.042515
0.042893
0.045043
0.042845
0.043291
0.045143
0.045305
0.045298
0.046295
0.043185
0.043435
0.042724
0.045498
0.045706
0.043225
0.044572
0.043623
0.043728
0.045574
0.043481
0.047945
0.043163
0.043087
0.044860
0.048047
0.046255
0.045684
0.047341
0.046935
0.047665
0.047351
0.043134
0.045620
0.046335
0.045181
0.043832
0.046249
0.046689
0.046634
0.043523
0.045656
0.043313
0.047459
0.046969
0.043126
0.045331
0.044601
0.046112
0.046196
0.046170
0.047811
0.046469
0.044747
0.045151
0.045449
0.047076
0.047104
0.048658
0.044462
0.044270
0.047303
0.043107
0.045860
0.045702
0.043375
0.043201
0.044791
0.046504
0.047776
0.045478
0.049490
0.046914
0.047440
0.045809
0.045897
0.046095
0.047364
0.045773
0.043345
0.043580
0.043685
0.043695
0.046995
0.046545
0.045506
0.045964
0.043577
0.047487
0.045924
0.046747
0.043921
0.044561
0.047869
0.045538
0.044333
0.044328
0.044395
0.044497
0.046879
0.045346
0.046202
0.044302
0.044763
0.046965
0.045282
0.046955
0.048245
0.045056
0.046285
0.046913
0.044570
0.044392
0.048278
0.049318
0.044615
0.045873
0.044386
0.045639
0.044486
0.045873
0.044584
0.044461
0.044623
0.046217
0.046633
0.047225
0.045896
0.047388
0.045392
0.047013
0.046789
0.045700
0.048054
0.046209
0.048088
0.046946
0.047324
0.044491
0.047521
0.046757
0.048313
0.047582
0.048928
0.046628
0.049418
0.047172
0.046295
0.046729
0.046573
0.044916
0.047283
0.044693
0.044827
0.047931
0.048792
0.045822
0.044074
0.044403
0.045647
0.044316
0.045899
0.048830
0.047389
0.046509
0.044289
0.044310
0.044082
0.045941
0.044024
0.044170
0.045023
0.046052
0.044101
0.046710
0.050796
0.046280
0.046880
0.049139
0.049115
0.044105
0.043815
0.045981
0.043968
0.044926
0.045146
0.051636
0.049107
0.045622
0.049208
0.045531
0.044808
0.045179
0.049593
0.045114
0.045866
0.045718
0.045529
0.046590
0.045641
0.045351
0.045213
0.050270
0.045801
0.045524
0.046885
0.045662
0.051539
0.045606
0.049335
0.045944
0.045495
0.046791
0.045149
0.045646
0.046479
0.046456
0.055559
0.051738
0.059098
0.051315
0.066344
0.045227
0.045249
0.065074
0.045189
0.047989
0.047608
0.045840
0.045304
0.045443
0.047674
0.045386
0.046241
0.045628
0.045549
0.045207
0.045985
0.048179
0.045233
0.045117
0.045388
0.048440
0.047345
0.045156
0.047383
0.045084
0.045500
0.044940
0.045778
0.044957
0.045214
0.047068
0.047827
0.046434
0.049585
0.045319
0.048717
0.045215
0.045267
0.047528
0.050537
0.047635
0.048604
0.045357
0.045109
0.045038
0.045090
0.047673
0.049237
0.045081
0.047180
0.049446
0.049633
0.046106
0.044671
0.045250
0.048395
0.045099
0.045165
0.047383
0.045820
0.045245
0.046239
0.046977
0.048325
0.049508
0.045974
0.045283
0.045109
0.049296
0.045748
0.045167
0.045455
0.045126
0.049236
0.049066
0.048537
0.047862
0.045182
0.045264
0.047549
0.045166
0.045184
0.045255
0.045244
0.045218
0.045847
0.045568
0.045333
0.047683
0.045269
0.045444
0.046695
0.047823
0.045475
0.046132
0.048557
0.045399
0.045950
0.045330
0.048642
0.046428
0.047832
0.047971
0.048423
0.045422
0.048615
0.052264
0.053054
0.046894
0.047330
0.048382
0.048576
0.049287
0.046339
0.047522
0.047468
0.047629
0.049711
0.048199
0.048460
0.045893
0.045306
0.049001
0.045143
0.046419
0.049248
0.048750
0.045686
0.046780
0.049552
0.045333
0.046635
