0.033362
0.048260
0.050504
0.047966
0.049146
0.050178
0.045978
0.045216
0.045310
0.050059
0.049074
0.048582
0.047704
0.045306
0.046050
0.049735
0.049879
0.045445
0.048629
0.048968
0.049417
0.054499
0.047808
0.045601
0.046592
0.047206
0.044868
0.049900
0.048133
0.050174
0.044487
0.047336
0.044455
0.048292
0.044576
0.045588
0.044486
0.052219
0.048769
0.049923
0.044671
0.046811
0.046502
0.047303
0.047671
0.046944
0.047366
0.044679
0.044909
0.046510
0.049731
0.051995
0.045948
0.047307
0.044576
0.044656
0.045400
0.045183
0.045048
0.049154
0.047706
0.047014
0.049361
0.044780
0.048125
0.045045
0.044844
0.048205
0.049350
0.048424
0.048136
0.044863
0.048486
0.044719
0.044894
0.045547
0.046585
0.045368
0.048991
0.049936
0.044986
0.045046
0.048637
0.045794
0.049243
0.046701
0.046933
0.045203
0.044954
0.047241
0.046579
0.047184
0.047611
0.048606
0.045271
0.044962
0.049653
0.045028
0.045072
0.045975
0.048087
0.045108
0.046333
0.045997
0.048957
0.049306
0.046295
0.045078
0.045321
0.045454
0.045603
0.048341
0.045732
0.046242
0.054111
0.045728
0.048244
0.045421
0.046551
0.048523
0.049903
0.046108
0.051158
0.047728
0.051152
0.051229
0.051403
0.049662
0.050037
0.047326
0.048269
0.047376
0.050787
0.050820
0.053397
0.048393
0.053124
0.048371
0.048730
0.046976
0.046993
0.048400
0.051732
0.048023
0.047970
0.046973
0.048753
0.046868
0.048020
0.051410
0.047014
0.049902
0.046542
0.048177
0.049426
0.050642
0.047177
0.048317
0.048905
0.048215
0.047717
0.046272
0.047529
0.047067
0.046501
0.049336
0.048734
0.047104
0.051268
0.050138
0.048064
0.050298
0.049671
0.049514
0.052123
0.050761
0.046265
0.049751
0.047103
0.052646
0.046629
0.053230
0.049597
0.047225
0.048961
0.046659
0.048830
0.046477
0.050169
0.050327
0.046561
0.047892
0.047529
0.046412
0.049154
0.047705
0.048007
0.048568
0.049679
0.049773
0.047795
0.050715
0.046938
0.047251
0.047050
0.045665
0.048853
0.048196
0.052623
0.051268
0.050547
0.049942
0.050718
0.050608
0.052209
0.048364
0.043512
0.048470
0.046974
0.045941
0.044690
0.048968
0.049052
0.048172
0.048687
0.050464
0.052274
0.048085
0.053333
0.047146
0.045077
0.047188
0.049078
0.049389
0.048269
0.047087
0.047791
0.049963
0.048302
0.046986
0.044931
0.048827
0.046205
0.044847
0.048623
0.063207
0.047313
0.049503
0.044787
0.048294
0.047248
0.048730
0.044876
0.050934
0.048271
0.047697
0.045927
0.048972
0.048691
0.048017
0.047538
0.045154
0.045209
0.045483
0.049257
0.049756
0.046562
0.048125
0.047856
0.048388
0.048260
0.045214
0.048261
0.045017
0.048090
0.045053
0.050330
0.045193
0.047184
0.044991
0.047278
0.048366
0.048011
0.045411
0.048255
0.045559
0.047696
0.049684
0.045842
0.046082
0.046648
0.046458
0.046738
0.045627
0.053541
0.048844
0.047782
0.048328
0.045702
0.047565
0.049073
0.047557
0.048553
0.050911
0.048919
0.049574
0.050407
0.050828
0.051658
0.049962
0.049423
0.047162
0.045729
0.047714
0.047938
0.047831
0.048820
0.045177
0.047441
0.045207
0.046733
0.049573
0.048145
0.062122
0.051114
0.046724
0.048237
0.045946
0.049769
0.044922
0.044653
0.044589
0.046581
0.047320
0.045522
0.045610
0.058457
0.053230
0.046021
0.046183
0.048311
0.047999
0.045818
0.047916
0.047669
0.048325
0.049867
0.048084
0.046625
0.047899
0.049601
0.049580
0.045873
0.049871
0.049611
0.048418
0.045474
0.047731
0.047687
0.045143
0.045574
0.046125
0.048336
0.047751
0.045315
0.049224
0.065933
0.048969
0.051131
0.046931
0.045930
0.045365
0.045244
0.044999
0.046422
0.044998
0.047262
0.046729
0.044598
0.044462
0.044294
0.044375
0.044657
0.047974
0.049122
0.044670
0.048903
0.045511
0.044229
0.043947
0.046669
0.048347
0.046671
0.046571
0.046320
0.045669
0.049005
0.046124
0.046309
0.044673
0.046695
0.047055
0.047055
0.044934
0.046231
0.045961
0.046057
0.044454
0.045880
0.045896
0.051438
0.049714
0.045166
0.050071
0.043162
0.046047
0.046775
0.048501
0.047174
0.043457
0.046508
0.049892
0.048528
0.048840
0.044305
0.044009
0.049047
0.047954
0.045278
0.048483
0.049428
0.044323
0.046841
0.049348
0.045864
0.045339
0.045269
0.045509
0.045546
0.045415
0.047312
0.047158
0.046080
0.046941
0.049628
0.046702
0.045645
0.045780
0.046847
0.051178
0.049773
0.045534
0.046047
0.044980
0.048795
0.048346
0.045677
0.050433
0.048767
0.045138
0.048026
0.046819
0.046974
0.046529
0.047043
0.047273
0.046087
0.049067
0.049514
0.049924
0.048990
0.048497
0.049432
0.045708
0.048372
0.046274
0.047631
0.045646
0.049183
0.048788
0.050788
0.053198
0.047307
0.050051
0.046270
0.050360
0.050495
0.048318
0.048876
0.050158
0.046196
0.046980
0.051019
0.046446
0.046661
0.046828
0.046176
0.048558
0.046723
0.047237
0.059024
0.051026
0.052827
0.051862
0.051376
0.052762
0.054007
0.050198
0.048506
0.045511
0.047106
0.045634
0.048358
0.046052
0.047332
0.049556
0.050136
0.046766
0.048830
0.046024
0.049849
0.045808
0.048264
0.045559
0.045983
0.047890
0.045200
0.046527
0.048290
0.048394
0.046508
0.045202
0.049050
0.047780
0.050020
0.045981
0.047374
0.047414
0.050234
0.047039
0.050161
0.047793
0.047476
0.045723
0.046923
0.047847
0.046386
0.045663
0.045505
0.050224
0.045567
0.045474
0.048849
0.048974
0.045337
0.045205
0.045496
0.048920
0.046069
0.048275
0.044981
0.047349
0.050905
0.045236
0.045449
0.046828
0.045375
0.045352
0.046290
0.047715
0.045353
0.045285
0.045465
0.045403
0.045427
0.055243
0.047633
0.046166
0.044960
0.045010
0.049642
0.048944
0.045511
0.046973
0.044899
0.045950
0.048397
0.048000
0.048598
0.046850
0.047527
0.046379
0.047299
0.046819
0.045824
0.048242
0.061191
0.046894
0.052973
0.047738
0.048617
0.047800
0.051377
0.052729
0.052954
0.052400
0.049749
0.048848
0.046526
0.046648
0.047483
0.047892
0.048293
0.048482
0.050319
0.049423
0.047556
0.045986
0.049769
0.045119
0.048540
0.058832
0.046989
0.048522
0.044286
0.044598
0.047204
0.047812
0.056362
0.064464
0.047653
0.048532
0.047219
0.047606
0.046133
0.047946
0.047632
0.043751
0.063528
0.049088
0.044402
0.047821
0.060524
0.046276
0.044141
0.046084
0.046318
0.044066
0.047147
0.042688
0.042939
0.045491
0.048425
0.045557
0.047816
0.049528
0.046152
0.047535
0.043783
0.045346
0.049802
0.045598
0.045163
0.047159
0.046229
0.046641
0.045124
0.046262
0.048547
0.048455
0.046607
0.049345
0.053751
0.049459
0.052721
0.050878
0.049622
0.048176
0.046077
0.046837
0.049460
0.046346
0.048193
0.049670
0.050583
0.047945
0.048858
0.050856
0.049777
0.047201
0.046901
0.050230
0.046926
0.046991
0.051478
0.050345
0.047137
0.048175
0.049645
0.052348
0.048268
0.046194
0.045595
0.044893
0.048666
0.047366
0.051268
0.047396
0.044210
0.047755
0.044594
0.044064
0.046591
0.044596
0.046310
0.046013
0.043945
0.050010
0.045366
0.045625
0.043840
0.045076
0.046125
0.044518
0.044361
0.048065
0.048189
0.049547
0.047599
0.043613
0.043687
0.050596
0.061622
0.046085
0.044373
0.044323
0.047151
0.048834
0.045139
0.050353
0.045381
0.046728
0.051543
0.048537
0.049276
0.048620
0.049072
0.050183
0.050027
0.050366
0.048903
0.046924
0.050574
0.046834
0.046824
0.046644
0.054789
0.050657
0.052915
0.047811
0.046524
0.046133
0.053282
0.052819
0.047766
0.046041
0.046005
0.046211
0.048118
0.047534
0.047187
0.051078
0.050105
0.046465
0.048670
0.049504
0.046394
0.046616
0.046829
0.047715
0.050820
0.046839
0.046435
0.045874
0.046093
0.047584
0.048453
0.052521
0.048448
0.049579
0.050612
0.047760
0.046763
0.046979
0.046736
0.047122
0.047448
0.049075
0.048985
0.047891
0.047980
0.047962
0.048029
0.048129
0.049246
0.050948
0.050712
0.051840
0.048239
0.047084
0.049766
0.049343
0.048130
0.049596
0.048352
0.047079
0.047413
0.047727
0.047663
0.047789
0.047984
0.047953
0.047780
0.049242
0.048156
0.047484
0.047468
0.047552
0.049543
0.048006
0.047693
0.046854
0.046982
0.049187
0.049518
0.053601
0.058071
0.050778
0.046758
0.046755
0.046817
0.049259
0.047268
0.050114
0.048091
0.047775
0.049138
0.050570
0.047393
0.047763
0.048553
0.047961
0.052922
0.048012
0.049902
0.048711
0.051821
0.051854
0.048588
0.048976
0.049234
0.049333
0.050526
0.050609
0.048481
0.052003
0.050226
0.049381
0.051352
0.047613
0.047459
0.047304
0.050911
0.047558
0.049953
0.048176
0.047101
0.053949
0.048368
0.049110
0.047884
0.047131
0.049962
0.067484
0.049445
0.052140
0.052388
0.049559
0.052854
0.051554
0.050146
0.049768
0.048670
0.052229
0.050409
0.049659
0.048529
0.048407
0.048099
0.051791
0.048515
0.051977
0.052647
0.051934
0.049965
0.052559
0.050038
0.050893
0.052301
0.053154
0.063363
0.048595
0.043849
0.043925
0.043976
0.045978
0.046025
0.046218
0.044076
0.047799
0.047968
0.044199
0.051044
0.051878
0.059677
0.048242
0.044681
0.045207
0.046896
0.045167
0.048055
0.045537
0.046408
0.049116
0.046509
0.048343
0.049612
0.046790
0.050750
0.048842
0.048976
0.048320
0.045538
0.046034
0.045473
0.045858
0.048347
0.050185
0.051099
0.048458
0.051001
0.052061
0.048885
0.047872
0.053210
0.048388
0.047986
0.045591
0.049861
0.049110
0.048867
0.045665
0.048633
0.049286
0.047312
0.048784
0.048726
0.051892
0.050699
0.049786
0.049848
0.046293
0.052521
0.051348
0.049384
0.045960
0.051554
0.050286
0.046690
0.053165
0.053058
0.053540
0.059828
0.045756
0.046129
0.046601
0.045466
0.048760
0.045546
0.046862
0.045587
0.049079
0.045784
0.045690
0.046316
0.049082
0.045204
0.050097
0.049291
0.049037
0.046421
0.044998
0.046242
0.046589
0.047486
0.047279
0.047059
0.046178
0.049740
0.045911
0.046549
0.049141
0.045780
0.050302
0.049819
0.046456
0.049911
0.046030
0.046580
0.048518
0.049295
0.060594
0.053665
0.061674
0.051454
0.049947
0.051740
0.046995
0.048707
0.050182
0.049933
0.045357
0.049604
0.046513
0.052306
0.048346
0.045439
0.048801
0.048932
0.045852
0.045550
0.045182
0.047477
0.046345
0.045653
0.070720
0.055740
0.049550
0.045399
0.046791
0.045745
0.050388
0.049577
0.047676
0.049386
0.048261
0.047638
0.045440
0.049954
0.045453
0.045725
0.045427
0.049171
0.049511
0.049447
0.047307
0.048093
0.049627
0.047129
0.045156
0.046058
0.047881
0.044888
0.048112
0.046000
0.045002
0.047417
0.044343
0.044513
0.047231
0.048328
0.044422
0.045451
0.048117
0.047758
0.044713
0.044899
0.044731
0.045595
0.046075
0.045363
0.046429
0.045726
0.046521
0.044134
0.044348
0.044489
0.047092
0.047638
0.044712
0.047686
0.046333
0.044593
0.045129
0.046742
0.046531
0.048074
0.049423
0.049951
0.047954
0.046380
0.044947
0.047039
0.044469
0.044473
0.049384
0.044927
0.048866
0.044065
0.047895
0.044197
0.045400
0.048151
0.043763
0.044245
0.045556
0.044907
0.047125
0.047373
0.044441
0.045909
0.047938
0.044353
0.043583
0.048011
0.048430
0.048495
0.046628
0.050847
0.047085
0.044792
0.048275
0.049033
0.047893
0.048048
0.043908
0.046788
0.049163
0.050023
0.048267
0.044721
0.046644
0.048694
0.050078
0.052811
0.054634
0.057933
0.048803
0.047019
0.049746
0.047794
0.053502
0.047547
0.049203
0.045824
0.045605
0.047491
0.046030
0.050684
0.046119
0.048895
0.046030
0.050067
0.045352
0.045179
0.048033
0.048544
0.046127
0.046552
0.046994
0.045527
0.046574
0.046234
0.052479
0.052856
0.048237
0.049447
0.046341
0.046147
0.054251
0.051745
0.054341
0.049918
0.047328
0.050117
0.045599
0.045456
0.046435
0.048217
0.046427
0.049734
0.048187
0.046360
0.045589
0.045483
0.045402
0.045394
0.047188
0.048826
0.049832
0.048914
0.045538
0.046328
0.046460
0.046196
0.045695
0.045684
0.046877
0.045605
0.045983
0.051265
0.048927
0.044837
0.044809
0.047245
0.046560
0.045388
0.048878
0.046771
0.048154
0.047226
0.048073
0.048951
0.048865
0.049672
0.044453
0.048496
0.045933
0.049452
0.045569
0.048738
0.049169
0.045987
0.045208
0.046076
0.044968
0.048343
0.048619
0.049199
0.044851
0.045351
0.048335
0.049582
0.047846
0.045457
0.045773
0.049111
0.050391
0.046252
0.046143
0.050404
0.049422
0.046533
0.049040
0.048502
0.050285
0.048670
0.049352
0.047010
0.046499
0.049038
0.047076
0.049702
0.046335
0.046466
0.049917
0.050061
0.047133
0.049198
0.047756
0.051996
0.047251
0.048520
0.046983
0.051095
0.047787
0.048316
0.048472
0.047028
0.047138
0.048317
0.049643
0.051326
0.049692
0.048482
0.046865
0.050345
0.048522
0.047849
0.050034
0.049817
0.053695
0.047081
0.055259
0.063529
0.064116
0.057277
0.046431
0.048996
0.047639
0.048039
0.050044
0.046554
0.046948
0.047126
0.052718
0.062608
0.053463
0.046354
0.046293
0.049330
0.046212
0.046965
0.048620
0.046443
0.046688
0.049244
0.047306
0.047340
0.046702
0.047748
0.047829
0.049269
0.046723
0.047982
0.050352
0.048185
0.047477
0.048256
0.046707
0.052019
0.047920
0.046931
0.046569
0.046724
0.050797
0.051260
0.047232
0.049061
0.050136
0.052816
0.050664
0.048247
0.053199
0.049716
0.047114
0.046865
0.047746
0.047426
0.047304
0.047012
0.047060
0.048341
0.046979
0.046929
0.050836
0.052311
0.051687
0.049563
0.050776
0.046729
0.047709
0.046611
0.050191
0.046599
