0.037175
0.050588
0.048185
0.046032
0.047428
0.060517
0.048814
0.046992
0.045538
0.048354
0.046700
0.047583
0.048034
0.048527
0.045360
0.047931
0.045537
0.047194
0.044849
0.048314
0.047733
0.045791
0.046255
0.047194
0.047354
0.047097
0.044947
0.046601
0.047002
0.045807
0.044972
0.046390
0.048257
0.047667
0.050277
0.049196
0.044996
0.046081
0.046757
0.047451
0.047809
0.055823
0.046535
0.046776
0.047470
0.048509
0.044930
0.045052
0.044927
0.047615
0.045482
0.045074
0.046216
0.045234
0.044957
0.045077
0.045150
0.047467
0.048458
0.049740
0.045085
0.044978
0.044926
0.048709
0.047289
0.045499
0.045028
0.045607
0.047230
0.049420
0.048133
0.045379
0.046114
0.045365
0.045455
0.045063
0.045280
0.048308
0.045359
0.048853
0.046570
0.047273
0.045562
0.045934
0.051642
0.049355
0.047066
0.046374
0.044782
0.047886
0.045357
0.046043
0.044920
0.044852
0.044763
0.045361
0.044776
0.045030
0.045677
0.045017
0.046973
0.044907
0.044919
0.045170
0.046265
0.045012
0.044951
0.045119
0.048962
0.045436
0.045054
0.045179
0.045047
0.046522
0.045447
0.045215
0.045722
0.045486
0.045102
0.045169
0.045031
0.044987
0.044961
0.045404
0.044815
0.045882
0.045234
0.047585
0.046014
0.045102
0.046887
0.044632
0.048157
0.048510
0.045689
0.047101
0.048494
0.045430
0.048806
0.045189
0.047519
0.045251
0.045206
0.045223
0.045028
0.045850
0.045259
0.045256
0.045169
0.047226
0.045047
0.044825
0.044844
0.045192
0.044670
0.045044
0.047677
0.045186
0.046444
0.045042
0.047411
0.045533
0.047587
0.048757
0.045582
0.049597
0.049264
0.045761
0.045860
0.045793
0.045660
0.045693
0.045546
0.048076
0.046641
0.047525
0.045784
0.045939
0.045792
0.045890
0.047846
0.045745
0.045807
0.047136
0.045471
0.047081
0.047536
0.045271
0.046714
0.050536
0.045342
0.048046
0.044801
0.044930
0.045557
0.046620
0.046888
0.048814
0.045097
0.047845
0.045562
0.064468
0.045408
0.045197
0.049171
0.045999
0.046860
0.046607
0.047045
0.045865
0.047396
0.046786
0.047191
0.044876
0.046213
0.048104
0.044910
0.046626
0.047850
0.044975
0.045982
0.047448
0.046035
0.047174
0.049372
0.046500
0.047000
0.047501
0.044972
0.048072
0.048341
0.047158
0.046656
0.046429
0.047287
0.048083
0.045203
0.047807
0.045485
0.045476
0.045217
0.044922
0.044906
0.045116
0.047266
0.044927
0.045326
0.044944
0.044696
0.045511
0.045061
0.047349
0.045105
0.047015
0.044851
0.046974
0.044970
0.044586
0.044913
0.047773
0.044602
0.044627
0.046022
0.044427
0.046336
0.044287
0.046277
0.044751
0.044266
0.045691
0.044401
0.046682
0.046372
0.044506
0.044748
0.046278
0.045275
0.044885
0.045460
0.044735
0.044621
0.044544
0.044669
0.044504
0.044675
0.047388
0.047519
0.046776
0.048528
0.045408
0.044592
0.046844
0.046780
0.044429
0.044472
0.044380
0.048327
0.044406
0.044466
0.044447
0.047526
0.044386
0.044623
0.044286
0.044548
0.044242
0.045596
0.044259
0.044568
0.045143
0.044387
0.044399
0.045048
0.049295
0.045903
0.044420
0.045618
0.044160
0.044434
0.046560
0.045758
0.046375
0.044108
0.046657
0.046486
0.044097
0.047537
0.046774
0.046325
0.044119
0.044108
0.046659
0.045480
0.044345
0.044016
0.044015
0.044898
0.045291
0.047134
0.045450
0.045712
0.044398
0.045449
0.044136
0.044123
0.044198
0.044805
0.044127
0.045767
0.049958
0.046428
0.045568
0.047296
0.046165
0.044486
0.046355
0.044099
0.044038
0.043983
0.043848
0.043988
0.044079
0.044105
0.044390
0.044012
0.046231
0.043990
0.044147
0.043921
0.044011
0.047161
0.045616
0.048103
0.043857
0.046267
0.043727
0.043763
0.043889
0.046953
0.043872
0.043938
0.044776
0.043796
0.043913
0.043767
0.043941
0.044812
0.047855
0.046816
0.048249
0.045970
0.051186
0.051672
0.046099
0.048864
0.046702
0.043938
0.046040
0.046421
0.043818
0.043911
0.043985
0.043546
0.046620
0.045192
0.043708
0.048549
0.045862
0.050485
0.045715
0.045700
0.048100
0.051420
0.046917
0.057463
0.047214
0.045882
0.045713
0.046270
0.050287
0.050501
0.048074
0.045879
0.046201
0.048720
0.045995
0.049421
0.047805
0.046785
0.045665
0.046531
0.045578
0.046882
0.045615
0.045592
0.047916
0.046479
0.048005
0.045997
0.045469
0.047925
0.048468
0.047869
0.050677
0.045772
0.045584
0.045926
0.045580
0.047962
0.045786
0.050259
0.048864
0.045660
0.049050
0.048795
0.049949
0.046935
0.045693
0.052990
0.060902
0.056219
0.053380
0.045096
0.044495
0.050952
0.063675
0.050347
0.048124
0.045469
0.043880
0.043573
0.044377
0.043855
0.046702
0.045379
0.043574
0.045224
0.043626
0.043576
0.043747
0.050242
0.045839
0.048728
0.045783
0.046113
0.045810
0.048260
0.047405
0.049794
0.048464
0.046707
0.047871
0.050652
0.045634
0.047929
0.048061
0.045530
0.051081
0.045605
0.064422
0.048439
0.046386
0.043231
0.046258
0.046000
0.043453
0.045796
0.043740
0.044292
0.045734
0.043281
0.043228
0.043362
0.043394
0.043777
0.043571
0.043733
0.043384
0.043355
0.045689
0.045117
0.046031
0.046523
0.043392
0.047773
0.047832
0.045563
0.046132
0.044908
0.043373
0.043535
0.045801
0.049395
0.048855
0.043470
0.047466
0.048285
0.047887
0.047568
0.043484
0.044075
0.043729
0.043704
0.043747
0.043936
0.044070
0.043778
0.044046
0.046231
0.043795
0.043818
0.043794
0.043892
0.043889
0.045237
0.044412
0.043772
0.043937
0.044012
0.044446
0.043942
0.044044
0.045431
0.043867
0.047052
0.045872
0.044181
0.044085
0.044088
0.044402
0.044267
0.046586
0.048517
0.047026
0.046690
0.045083
0.044587
0.045557
0.044752
0.044237
0.045142
0.044137
0.047137
0.047020
0.047548
0.044199
0.045194
0.045822
0.044924
0.051674
0.053477
0.049602
0.048383
0.046020
0.046001
0.046681
0.045049
0.047950
0.047620
0.044209
0.046429
0.047588
0.046664
0.046323
0.044220
0.045324
0.045973
0.045519
0.045762
0.045532
0.044687
0.048925
0.044194
0.048253
0.045935
0.045516
0.047278
0.044929
0.049636
0.048057
0.049121
0.044288
0.047479
0.047743
0.044204
0.048176
0.044243
0.044241
0.044385
0.044230
0.044321
0.046829
0.045103
0.048248
0.046313
0.045452
0.046201
0.044475
0.044465
0.045628
0.047212
0.045971
0.047085
0.049353
0.046212
0.045983
0.047130
0.048652
0.047724
0.049294
0.046044
0.047394
0.046298
0.046582
0.046848
0.047773
0.048595
0.046981
0.047430
0.046562
0.047101
0.045568
0.044780
0.044725
0.044536
0.047673
0.044753
0.044768
0.047903
0.049165
0.048572
0.048494
0.046308
0.047335
0.047531
0.044704
0.047997
0.047760
0.046814
0.047863
0.049452
0.045905
0.047179
0.046654
0.047253
0.046726
0.048776
0.045703
0.046425
0.046610
0.045822
0.046858
0.047713
0.046138
0.045270
0.046774
0.045944
0.045746
0.044828
0.047883
0.045067
0.045162
0.045174
0.050327
0.044916
0.047193
0.044824
0.045336
0.048509
0.044766
0.045003
0.048189
0.045189
0.047689
0.051340
0.045202
0.047702
0.046684
0.050588
0.047003
0.047713
0.045728
0.045398
0.046702
0.046217
0.045661
0.048128
0.047316
0.045131
0.048287
0.046136
0.045246
0.045640
0.046595
0.047603
0.046769
0.048812
0.050429
0.046372
0.048017
0.049435
0.049719
0.048489
0.049248
0.045493
0.045271
0.048306
0.048976
0.047041
0.047013
0.046307
0.047406
0.048141
0.047248
0.046324
0.048201
0.046470
0.049596
0.049279
0.044412
0.047652
0.047976
0.046326
0.048467
0.046841
0.046577
0.047437
0.045788
0.049112
0.048607
0.047270
0.047876
0.048991
0.047271
0.047218
0.045667
0.045832
0.044591
0.044591
0.044891
0.044872
0.045367
0.045341
0.048758
0.045550
0.046136
0.045336
0.046857
0.047515
0.045839
0.050759
0.051599
0.047032
0.053127
0.047176
0.047218
0.050893
0.048393
0.047239
0.051191
0.048616
0.048506
0.047853
0.049057
0.053706
0.053456
0.059186
0.046152
0.045917
0.045994
0.046434
0.047833
0.045811
0.046125
0.046278
0.046475
0.047898
0.045464
0.048714
0.045759
0.045760
0.046241
0.047889
0.045315
0.045193
0.045139
0.047494
0.046836
0.045496
0.045260
0.048501
0.048613
0.046080
0.048174
0.048189
0.047602
0.047767
0.047540
0.047233
0.047273
0.049220
0.046949
0.047395
0.044962
0.046773
0.046827
0.044755
0.044708
0.046548
0.046924
0.047413
0.045148
0.043942
0.047092
0.043847
0.043949
0.044249
0.046883
0.045078
0.049708
0.045905
0.048758
0.053007
0.048791
0.047219
0.045414
0.045521
0.045774
0.045667
0.046892
0.049300
0.045903
0.046177
0.047053
0.046082
0.047840
0.048553
0.045935
0.047264
0.045885
0.050356
0.046298
0.045739
0.045104
0.044812
0.045035
0.044997
0.045020
0.044929
0.044957
0.045338
0.045197
0.047731
0.045243
0.045104
0.045138
0.047508
0.045182
0.045000
0.047440
0.045384
0.048497
0.045579
0.047708
0.047978
0.047196
0.049013
0.045480
0.045414
0.048083
0.046713
0.046457
0.048011
0.048476
0.047714
0.048502
0.045521
0.047566
0.045480
0.045126
0.045060
0.045819
0.047360
0.048074
0.045154
0.045270
0.045101
0.046318
0.047314
0.045913
0.044927
0.045071
0.044981
0.044650
0.044934
0.045033
0.045147
0.045727
0.045549
0.048818
0.046011
0.045727
0.046798
0.047070
0.047055
0.046367
0.050555
0.047730
0.045388
0.048528
0.046868
0.047763
0.045441
0.045066
0.045106
0.045185
0.047660
0.045269
0.047001
0.045950
0.045382
0.047383
0.049457
0.045726
0.045245
0.045057
0.045219
0.044874
0.045001
0.047503
0.047133
0.045571
0.044738
0.049927
0.045130
0.047802
0.045330
0.044913
0.044991
0.045713
0.044879
0.045449
0.044760
0.046035
0.044942
0.046983
0.044362
0.046936
0.046070
0.046899
0.044845
0.048361
0.046442
0.045193
0.044991
0.045419
0.045427
0.046017
0.045314
0.045679
0.045148
0.046181
0.045167
0.046668
0.047613
0.045375
0.045417
0.050051
0.047671
0.045905
0.045280
0.045318
0.046497
0.045187
0.045195
0.048070
0.052244
0.047988
0.044650
0.048659
0.047989
0.048745
0.049753
0.049491
0.045740
0.044371
0.046562
0.045459
0.048026
0.045776
0.055286
0.049331
0.056386
0.046488
0.048055
0.044873
0.045889
0.045904
0.044736
0.048297
0.045252
0.045045
0.046583
0.045472
0.050044
0.048398
0.045323
0.046506
0.046176
0.047917
0.050270
0.045579
0.048207
0.046361
0.049226
0.045600
0.045428
0.049414
0.046561
0.045671
0.047284
0.047296
0.045209
0.047229
0.045185
0.044662
0.045331
0.049285
0.045020
0.048002
0.045486
0.050385
0.045621
0.044524
0.046628
0.046510
0.045791
0.048914
0.046192
0.045725
0.044648
0.050189
0.045077
0.048266
0.046696
0.047281
0.050033
0.049402
0.048536
0.048715
0.047877
0.046691
0.048797
0.046914
0.047158
0.047574
0.048100
0.047744
0.048406
0.046702
0.047300
0.046968
0.046609
0.045839
0.044858
0.045227
0.046351
0.049295
0.045915
0.044910
0.047169
0.045164
0.045572
0.045487
0.044978
0.044812
0.044852
0.044798
0.044810
0.047150
0.044630
0.044586
0.046927
0.045221
0.048515
0.045043
0.044537
0.044596
0.044498
0.047473
0.044593
0.044486
0.044455
0.044528
0.044589
0.046102
0.047282
0.044941
0.044481
0.044820
0.044589
0.044626
0.046819
0.044901
0.045322
0.047883
0.045938
0.044463
0.044464
0.044531
0.044404
0.045697
0.044988
0.048105
0.047859
0.047534
0.044663
0.044354
0.044257
0.045419
0.044475
0.044712
0.046290
0.046702
0.055990
0.058539
0.048741
0.048236
0.046495
0.057548
0.048648
0.051892
0.047599
0.044495
0.044385
0.044403
0.050039
0.057849
0.053298
0.062324
0.049671
0.046318
0.044762
0.044260
0.044197
0.047285
0.047780
0.048649
0.046036
0.048883
0.060379
0.061430
0.051137
0.044502
0.045907
0.053305
0.049809
0.051885
0.064251
0.050634
0.047726
0.055537
0.052996
0.050528
0.043823
0.051615
0.044250
0.044512
0.044392
0.043909
0.044127
0.044007
0.044275
0.043966
0.044195
0.043899
0.043906
0.046044
0.044050
0.043938
0.044543
0.047680
0.047649
0.047526
0.048120
0.046348
0.046362
0.046376
0.044175
0.044291
0.059235
0.049717
0.052542
0.045307
0.049500
0.044627
0.049344
0.046953
0.044606
0.044030
0.043966
0.045953
0.045584
0.046328
0.047989
0.047202
0.043850
0.043745
0.044226
0.043826
0.043873
0.043910
0.045219
0.055943
0.045469
0.047839
0.044405
0.044426
0.043985
0.044510
0.046576
0.044233
0.044122
0.047127
0.044593
0.044013
0.046265
0.044071
0.043955
0.046939
0.047714
0.045013
0.043650
0.043561
0.047815
0.043549
0.044538
0.045777
0.045098
0.043824
0.045928
0.047264
0.045995
0.046942
0.047045
0.048394
0.045114
0.046668
0.045350
0.045569
0.047047
0.046878
0.044834
0.043893
0.046661
0.047148
0.047118
0.045660
0.047714
0.047149
0.045476
0.046496
0.046966
0.046012
0.044109
0.045383
0.044375
0.047312
0.043919
0.045604
0.044965
0.043960
0.056929
0.049073
0.048488
0.044418
0.043859
0.043939
0.045139
0.045077
0.044061
0.044181
0.043911
0.046267
0.044777
0.044914
0.047724
0.044017
0.048183
0.059951
0.047822
0.044625
0.051615
0.060882
0.052543
0.046074
0.046053
0.044325
0.044147
0.044194
0.047780
0.047223
0.044342
0.044122
0.045938
0.047134
0.046124
0.044165
0.047509
0.046702
0.048123
0.045970
0.044499
0.047033
0.045995
0.045586
0.044378
0.046771
0.047700
0.046022
0.047170
0.048201
0.047424
0.045602
0.045491
0.048828
0.044724
0.047869
0.049066
0.047038
0.046160
0.048630
0.048063
0.045790
0.046078
0.045257
0.045868
0.044852
0.046511
0.047939
0.046966
0.048306
0.048885
0.044697
0.050035
0.045030
0.045146
0.044696
0.044768
0.044604
0.045055
0.045062
0.044715
0.044642
0.044823
0.044741
0.044726
0.044699
0.044808
0.047078
0.045130
0.044795
0.047145
0.044943
0.044775
0.045695
0.045182
0.044883
0.045025
0.047370
0.045525
0.047417
0.046970
0.048812
0.047234
0.046345
0.046888
0.046102
0.046116
0.047225
0.048803
0.045196
0.047520
0.048019
0.047862
0.054490
0.046773
0.045862
0.047412
0.045151
0.046966
0.045191
0.049690
0.047684
0.049987
0.045384
0.047991
0.046134
0.048552
0.051069
0.050037
0.045954
0.047349
0.046899
0.048833
0.058918
0.049299
0.045445
0.045680
0.055765
0.045709
0.048832
0.050161
0.050246
0.050119
0.047854
0.047685
0.051711
0.051830
0.050244
0.047979
0.049394
0.051258
0.051398
0.049003
0.048123
0.049506
0.049330
0.048313
0.050338
0.050206
0.050535
0.055657
0.050372
0.055727
0.057697
0.049686
0.050610
0.048977
0.048228
0.048575
0.048314
0.048212
0.049185
0.048391
0.051112
0.048427
0.049756
0.048309
0.050503
0.052159
0.050086
0.048012
0.048122
0.050435
0.050201
0.049096
0.050567
0.048382
0.050498
0.048132
0.048271
0.048108
0.049587
0.048446
0.050567
0.050109
0.048244
0.050674
0.050776
0.048974
0.048992
0.051202
0.053887
0.050535
0.051499
0.050353
0.048044
0.049985
0.047750
0.047768
0.049780
0.049796
0.047797
0.046331
0.046370
0.050903
0.048705
0.046847
0.049503
0.055670
0.051839
0.046438
0.048800
0.047592
0.049969
0.048565
0.049258
0.046439
0.046471
0.048798
0.046543
0.048312
0.049085
0.046191
0.046526
0.048757
0.046421
0.049228
0.047541
0.048670
0.049616
0.046465
0.050831
0.050321
0.049101
0.050992
0.047992
0.048758
0.046538
0.048904
0.048706
0.050979
0.050843
0.049741
0.047376
0.050451
0.050562
0.048756
0.051462
0.046847
0.050597
0.046654
0.050509
0.046831
0.047675
0.046359
0.047492
0.046730
0.046485
0.047827
0.054346
0.063303
0.047297
0.046507
0.048222
0.047713
0.046572
0.053230
0.046397
0.060214
0.046557
0.046494
0.046525
0.049533
0.054108
0.061690
0.058337
0.052720
0.050313
0.051179
0.046091
0.048615
0.047178
0.047080
0.050832
0.045985
0.048210
0.050591
0.046222
0.045845
0.046277
