0.031587
0.045342
0.049570
0.049108
0.050094
0.054086
0.049232
0.052249
0.045914
0.048741
0.044865
0.045801
0.049102
0.044952
0.048774
0.046291
0.050014
0.048833
0.050599
0.048305
0.050035
0.048386
0.044762
0.047685
0.047240
0.045173
0.045284
0.045211
0.047716
0.046745
0.048544
0.048860
0.047603
0.048980
0.047952
0.048405
0.044920
0.048518
0.048708
0.044867
0.047658
0.044913
0.046884
0.046424
0.046985
0.046108
0.046961
0.047090
0.047478
0.045043
0.045579
0.048357
0.046174
0.045928
0.046500
0.047667
0.047847
0.051090
0.048612
0.044667
0.046245
0.045127
0.044933
0.044682
0.044897
0.049935
0.044655
0.044706
0.044676
0.048287
0.045327
0.051020
0.046263
0.045919
0.047751
0.047082
0.044520
0.047468
0.045692
0.044869
0.045323
0.050775
0.048372
0.044891
0.046858
0.044759
0.048195
0.055094
0.062806
0.048474
0.045825
0.045322
0.045908
0.047169
0.049866
0.047088
0.047240
0.048035
0.045661
0.045153
0.045002
0.045229
0.048839
0.049005
0.046103
0.045600
0.045983
0.045673
0.046056
0.045857
0.048750
0.046191
0.046181
0.046008
0.048431
0.047494
0.046083
0.046746
0.045841
0.045530
0.045419
0.049892
0.045696
0.049338
0.050038
0.051422
0.045200
0.050032
0.045217
0.048530
0.046251
0.048461
0.049093
0.045001
0.046660
0.049091
0.047208
0.046672
0.049072
0.047365
0.045852
0.046805
0.063468
0.049326
0.050363
0.044865
0.047696
0.052414
0.049371
0.048534
0.049418
0.047947
0.044704
0.049195
0.045372
0.048302
0.048671
0.047564
0.044512
0.047467
0.048173
0.048582
0.048265
0.045684
0.044723
0.048225
0.044986
0.049261
0.048033
0.047198
0.047538
0.048519
0.050488
0.045728
0.047632
0.046172
0.045190
0.045117
0.049990
0.045942
0.046784
0.045270
0.045317
0.045321
0.048569
0.046001
0.045748
0.048376
0.045852
0.045288
0.048100
0.046542
0.047996
0.049329
0.046142
0.045510
0.045719
0.049011
0.046474
0.047958
0.048921
0.044982
0.044742
0.044721
0.053576
0.046631
0.047292
0.049353
0.046836
0.048712
0.044746
0.045153
0.049666
0.045015
0.047238
0.045276
0.045014
0.046746
0.044981
0.047705
0.048656
0.048262
0.047827
0.049137
0.049800
0.048918
0.046956
0.047991
0.045629
0.048077
0.048451
0.046392
0.047708
0.046356
0.044401
0.044365
0.049833
0.045387
0.044617
0.048959
0.046292
0.046519
0.049429
0.049400
0.045401
0.045890
0.043853
0.043735
0.043562
0.045526
0.046094
0.045907
0.047863
0.045591
0.048439
0.048278
0.049844
0.044909
0.046187
0.044468
0.044460
0.044859
0.045237
0.044708
0.044207
0.045178
0.047312
0.043944
0.044920
0.044295
0.045302
0.044583
0.044371
0.045134
0.048174
0.046574
0.046522
0.046395
0.046515
0.045804
0.046926
0.044113
0.044118
0.045450
0.047725
0.051323
0.044671
0.049715
0.045381
0.043962
0.046493
0.046868
0.046812
0.044528
0.044195
0.045598
0.045043
0.044409
0.044444
0.044851
0.044230
0.048202
0.043996
0.044561
0.044245
0.044472
0.044600
0.044364
0.044411
0.045002
0.045374
0.046500
0.044731
0.044853
0.047828
0.048465
0.049215
0.046989
0.048942
0.048860
0.055835
0.050686
0.050232
0.051321
0.049580
0.048368
0.047106
0.050404
0.047616
0.047331
0.047186
0.049592
0.050416
0.048551
0.048098
0.047549
0.047611
0.048167
0.062475
0.054311
0.047772
0.050021
0.047760
0.047490
0.050889
0.051157
0.050417
0.049192
0.050274
0.048971
0.050145
0.053484
0.051505
0.052664
0.052842
0.050232
0.051335
0.051421
0.049696
0.051464
0.048294
0.049774
0.049454
0.054771
0.048341
0.049980
0.052210
0.053590
0.051021
0.051253
0.050005
0.051152
0.048908
0.049848
0.049264
0.055086
0.048391
0.052907
0.049755
0.051532
0.051854
0.048278
0.050850
0.048432
0.048172
0.053014
0.049916
0.048729
0.052275
0.053152
0.051600
0.053087
0.052505
0.051447
0.052134
0.053429
0.051656
0.050306
0.049368
0.050112
0.049338
0.049936
0.049582
0.049913
0.049351
0.051965
0.049168
0.053057
0.049298
0.049178
0.049243
0.051937
0.052039
0.049043
0.052711
0.052066
0.049094
0.050493
0.052808
0.052026
0.054050
0.052739
0.049689
0.049852
0.050442
0.053584
0.053285
0.050009
0.050158
0.050953
0.050405
0.050596
0.050197
0.053215
0.052804
0.053573
0.052354
0.050483
0.050323
0.052273
0.049929
0.050004
0.050042
0.052831
0.049739
0.051622
0.053639
0.051720
0.049653
0.053155
0.049581
0.051052
0.050866
0.051659
0.049109
0.067455
0.053157
0.046595
0.046410
0.052947
0.051868
0.046350
0.046108
0.048039
0.049939
0.047663
0.047713
0.050094
0.047545
0.051585
0.047099
0.047191
0.047221
0.047830
0.047356
0.051340
0.046937
0.048074
0.047645
0.048291
0.046942
0.048766
0.049626
0.048669
0.048995
0.048606
0.049200
0.046320
0.046250
0.046060
0.048586
0.045879
0.045999
0.045936
0.048940
0.048253
0.045714
0.047274
0.047966
0.045810
0.045409
0.049741
0.045323
0.046232
0.045242
0.049736
0.066197
0.049710
0.050380
0.048285
0.049024
0.047215
0.049808
0.045658
0.046636
0.045830
0.049093
0.045677
0.049251
0.045549
0.048343
0.045531
0.046218
0.050298
0.046127
0.046322
0.045226
0.047431
0.046793
0.049472
0.045628
0.045376
0.048402
0.045121
0.046213
0.048143
0.045713
0.047540
0.048331
0.044529
0.046666
0.047961
0.044745
0.048495
0.048541
0.048559
0.048884
0.047218
0.049859
0.046607
0.048164
0.048297
0.048728
0.045259
0.045448
0.045534
0.045075
0.046353
0.045064
0.047520
0.047112
0.047491
0.048769
0.049356
0.044499
0.044448
0.044358
0.044868
0.049041
0.045349
0.046879
0.049446
0.048564
0.048516
0.047573
0.044921
0.048952
0.047518
0.045196
0.046941
0.045544
0.047107
0.048054
0.048401
0.049711
0.047329
0.046880
0.046246
0.046234
0.047257
0.047790
0.045636
0.047275
0.046877
0.042505
0.043717
0.045628
0.049102
0.043545
0.046314
0.044972
0.050381
0.045182
0.043987
0.046340
0.044617
0.047195
0.045257
0.047505
0.046550
0.046697
0.046805
0.047660
0.044366
0.044523
0.046944
0.044662
0.045903
0.045446
0.049887
0.049772
0.045346
0.045584
0.047494
0.047135
0.050772
0.046165
0.048948
0.045110
0.049058
0.047583
0.044686
0.046800
0.044495
0.044487
0.049681
0.048714
0.044763
0.044862
0.044866
0.044908
0.045164
0.044920
0.046508
0.045357
0.045122
0.050231
0.045516
0.047975
0.048120
0.045033
0.046930
0.045090
0.045770
0.047770
0.049588
0.044840
0.045119
0.046454
0.048270
0.048060
0.049758
0.048153
0.047777
0.044398
0.045633
0.047004
0.044489
0.047872
0.044297
0.044473
0.045510
0.046697
0.045696
0.049078
0.044508
0.044588
0.045422
0.046765
0.046937
0.048303
0.045640
0.048588
0.045880
0.044275
0.048263
0.064610
0.049155
0.048793
0.049509
0.047372
0.044434
0.044279
0.044507
0.045875
0.048580
0.047961
0.048051
0.044395
0.046205
0.044445
0.045957
0.044498
0.044463
0.047686
0.050842
0.044214
0.044849
0.045136
0.044733
0.044294
0.044349
0.047899
0.048755
0.047849
0.046624
0.048544
0.049699
0.048523
0.047777
0.046226
0.044716
0.044424
0.044517
0.046782
0.044481
0.044678
0.044460
0.047702
0.048086
0.044538
0.046692
0.049014
0.047198
0.045514
0.045986
0.045480
0.043961
0.044171
0.044073
0.044983
0.049139
0.046165
0.048231
0.045388
0.048183
0.047828
0.045035
0.043746
0.044001
0.046971
0.046533
0.045471
0.045658
0.043741
0.046014
0.046752
0.048071
0.045728
0.049184
0.044453
0.043296
0.044102
0.043249
0.043243
0.044308
0.046300
0.044571
0.048964
0.045480
0.042870
0.046387
0.046091
0.043509
0.044297
0.045816
0.043103
0.043892
0.045605
0.046080
0.045722
0.043417
0.045130
0.045148
0.048813
0.047534
0.046944
0.049642
0.048706
0.047760
0.046812
0.047808
0.047915
0.047996
0.047509
0.048089
0.047825
0.045850
0.047597
0.050911
0.046257
0.046057
0.046158
0.044846
0.046395
0.045080
0.044801
0.043771
0.044612
0.048376
0.044046
0.046080
0.047112
0.049900
0.043318
0.046018
0.047027
0.043556
0.043511
0.045005
0.045674
0.043795
0.044901
0.045151
0.043708
0.048256
0.049022
0.043553
0.045168
0.044015
0.048994
0.043717
0.050552
0.047889
0.055030
0.047459
0.046338
0.045052
0.047854
0.043955
0.049476
0.048291
0.045091
0.044014
0.044037
0.045902
0.046877
0.048555
0.044290
0.047968
0.047588
0.043621
0.043572
0.043496
0.048717
0.052058
0.048152
0.044213
0.049392
0.048863
0.044370
0.044133
0.044161
0.043891
0.043657
0.047035
0.048663
0.048428
0.045585
0.050810
0.046333
0.049512
0.046741
0.044101
0.044016
0.043683
0.044039
0.045542
0.045914
0.047520
0.044340
0.044513
0.045300
0.044010
0.044649
0.044852
0.062020
0.065578
0.051854
0.059734
0.049854
0.052237
0.044640
0.045240
0.044591
0.044257
0.044314
0.044815
0.044111
0.048712
0.046718
0.045620
0.044543
0.044526
0.045908
0.046896
0.044546
0.045302
0.049429
0.044796
0.044493
0.046564
0.050685
0.046121
0.045382
0.045201
0.046769
0.046774
0.047395
0.048484
0.048844
0.045466
0.047675
0.049833
0.045615
0.049019
0.050141
0.045240
0.045606
0.045002
0.049037
0.048492
0.044601
0.051893
0.046850
0.049515
0.052033
0.049815
0.047758
0.049139
0.049785
0.050299
0.048638
0.048817
0.047835
0.050608
0.047309
0.050428
0.050790
0.047670
0.049392
0.052173
0.052007
0.047563
0.051671
0.048547
0.048182
0.048552
0.052139
0.052459
0.050826
0.047446
0.048451
0.053767
0.048459
0.048653
0.048053
0.052387
0.051320
0.052005
0.051438
0.052489
0.053490
0.052999
0.047582
0.051921
0.054530
0.052929
0.052503
0.048916
0.047945
0.048059
0.048661
0.047791
0.050667
0.047610
0.051303
0.048517
0.053691
0.047754
0.052534
0.047696
0.051185
0.050962
0.047425
0.051596
0.049793
0.051231
0.049813
0.047509
0.048590
0.053030
0.049845
0.051176
0.049677
0.049459
0.048668
0.052402
0.047452
0.047726
0.049046
0.051205
0.047832
0.052277
0.054220
0.047861
0.047918
0.050441
0.047700
0.048242
0.053284
0.048679
0.048052
0.050452
0.047694
0.053281
0.047631
0.052443
0.047859
0.048858
0.050150
0.047455
0.047525
0.049533
0.049862
0.050532
0.052065
0.047954
0.046895
0.047057
0.050476
0.047174
0.046955
0.046951
0.048685
0.050510
0.054213
0.048624
0.048772
0.047887
0.051249
0.049028
0.051412
0.046268
0.045943
0.049019
0.045961
0.047047
0.052429
0.049745
0.051268
0.047501
0.047765
0.049565
0.052106
0.051849
0.046751
0.051097
0.049810
0.050400
0.051778
0.054341
0.048656
0.050060
0.050029
0.052351
0.049698
0.047499
0.052105
0.048817
0.049115
0.051890
0.054006
0.049836
0.048534
0.046955
0.053198
0.052943
0.049178
0.047889
0.051236
0.051748
0.050316
0.050795
0.046650
0.053063
0.048875
0.052946
0.046277
0.046649
0.050912
0.048064
0.048826
0.049800
0.046310
0.046601
0.046340
0.045675
0.044818
0.044575
0.045187
0.048700
0.048242
0.045151
0.045574
0.044905
0.047415
0.046748
0.045268
0.047714
0.048487
0.045714
0.045332
0.046582
0.051501
0.049391
0.047758
0.045358
0.045543
0.047902
0.045591
0.046143
0.045809
0.045828
0.047644
0.046248
0.045891
0.046165
0.045954
0.046839
0.045727
0.045977
0.045867
0.045338
0.046256
0.046397
0.045600
0.050204
0.045504
0.046478
0.045933
0.049452
0.045574
0.046339
0.045682
0.045563
0.046661
0.045356
0.047744
0.046129
0.046883
0.045752
0.050141
0.045362
0.047990
0.045231
0.049238
0.049061
0.049169
0.048222
0.048399
0.047986
0.048246
0.049339
0.050163
0.049012
0.048799
0.048497
0.047922
0.048385
0.048237
0.048499
0.048494
0.045917
0.047117
0.047830
0.048145
0.047886
0.047976
0.047700
0.049520
0.047517
0.047308
0.047891
0.050826
0.047538
0.051538
0.047561
0.047929
0.048591
0.047705
0.052456
0.047696
0.050258
0.049078
0.048774
0.048800
0.052116
0.050715
0.050529
0.052594
0.047958
0.050006
0.047701
0.052990
0.051701
0.048212
0.049447
0.051022
0.047954
0.047675
0.048091
0.048571
0.053483
0.050720
0.047975
0.047565
0.047864
0.047764
0.048293
0.052142
0.049483
0.047135
0.051170
0.048168
0.053033
0.049983
0.050999
0.052355
0.049795
0.051099
0.050600
0.049161
0.051446
0.051443
0.048799
0.046549
0.045502
0.048764
0.044707
0.047966
0.048389
0.049076
0.049765
0.051575
0.054304
0.050789
0.051165
0.047822
0.047138
0.047675
0.048976
0.049530
0.048186
0.048193
0.048966
0.049746
0.048499
0.050203
0.050185
0.051659
0.049339
0.046896
0.048680
0.049796
0.051290
0.051275
0.051057
0.048725
0.046649
0.045817
0.045404
0.046633
0.048435
0.046235
0.047271
0.047916
0.048829
0.045508
0.049927
0.048259
0.050986
0.050181
0.045470
0.048537
0.049731
0.045454
0.050772
0.047306
0.048974
0.047892
0.049374
0.049807
0.045612
0.050453
0.045336
0.049317
0.045304
0.047807
0.048880
0.047488
0.063700
0.048536
0.045993
0.050018
0.048232
0.048034
0.044742
0.047560
0.044705
0.049896
0.044714
0.044629
0.048933
0.045888
0.045979
0.047503
0.044632
0.045029
0.044391
0.044486
0.047862
0.047179
0.048030
0.044359
0.048050
0.044138
0.047382
0.046480
0.044295
0.044303
0.046745
0.047632
0.048625
0.049273
0.045517
0.047961
0.046407
0.048120
0.050165
0.048890
0.048717
0.048545
0.048990
0.044664
0.047145
0.048318
0.044392
0.044300
0.047027
0.046584
0.045735
0.046550
0.044704
0.044259
0.044228
0.044239
0.044677
0.044050
0.044378
0.044872
0.044342
0.044493
0.044376
0.046918
0.046805
0.046743
0.046851
0.046086
0.048186
0.048563
0.044684
0.048110
0.048152
0.045067
0.045216
0.045438
0.045789
0.047645
0.045422
0.046529
0.048512
0.050957
0.050454
0.045096
0.045866
0.048491
0.045048
0.045133
0.045618
0.046975
0.049896
0.045790
0.050483
0.049736
0.045766
0.045948
0.045887
0.049889
0.049231
0.050545
0.047441
0.046817
0.048976
0.046873
0.050530
0.046422
0.046715
0.049135
0.046717
0.050848
0.050519
0.047932
0.048916
0.047191
0.046490
0.046463
0.048666
0.050440
0.048455
0.049589
0.049059
0.051331
0.049665
0.048133
0.050118
0.047501
0.048700
0.049543
0.047689
0.047592
0.050488
0.051250
0.052755
0.052675
0.052317
0.048828
0.051502
0.052331
0.051393
0.054876
0.054852
0.051355
0.053163
0.052726
0.053795
0.052604
0.051338
0.050574
0.051651
0.048989
0.049260
0.052452
0.049320
0.049797
0.049526
0.051065
0.053136
0.049367
0.051199
0.049790
0.049745
0.049434
0.049351
0.049968
0.049765
0.050687
0.052001
0.054624
0.053197
0.051894
0.050445
0.051924
0.054103
0.052683
0.050983
0.052153
0.052266
0.066521
0.051961
0.049123
0.054255
0.052905
0.050240
0.053252
0.053320
0.052003
0.051165
0.052779
0.050001
0.050084
0.054096
0.054309
0.054264
0.053287
0.051085
0.050049
0.050337
0.054336
0.054382
0.053414
0.054986
0.054463
0.052141
0.054558
0.052731
0.054465
0.049863
0.053322
0.055513
0.054652
0.052977
0.053488
0.051217
0.051988
0.052581
0.051799
0.053079
0.052992
0.051521
0.053715
0.050725
0.051494
0.052733
0.050264
0.049933
0.053722
0.051850
0.053980
0.052065
0.052095
0.049483
0.050545
0.053906
0.049493
0.053007
0.055299
0.050754
0.049415
0.052992
0.052179
0.049714
0.049968
0.050429
0.052490
0.053968
0.053926
0.050008
0.051071
0.053811
0.051415
0.050977
0.049627
0.053462
0.049405
0.052643
0.050165
0.051815
0.052217
0.050008
0.053166
0.049738
0.049387
0.049525
0.052223
0.049421
0.051877
0.050134
0.050400
0.051194
0.048899
0.048822
0.049154
0.052670
0.048690
0.050897
0.048508
0.050531
0.048549
0.052284
0.048584
0.052392
0.050506
0.055202
0.063302
0.050578
0.049229
0.045813
0.048593
0.048774
0.045843
0.045863
0.049158
0.049642
0.048227
0.048054
0.051503
0.047753
0.048561
0.048790
0.065621
0.051149
0.047824
0.047703
0.049033
0.052173
0.049679
0.048061
0.048253
0.045900
0.046168
0.048141
0.049445
0.046742
0.045610
0.045342
0.050349
0.052160
0.051102
0.047822
0.047473
0.049907
0.049053
0.048071
0.050250
0.047759
0.046703
0.047520
0.049223
0.048979
0.048371
0.051316
0.048743
0.050223
0.049915
0.048858
0.047952
0.045477
0.049596
0.045066
0.048244
0.045217
0.046697
0.049455
0.049584
0.048490
0.046788
0.047918
0.047551
0.048990
0.046548
0.045645
0.050066
0.047490
0.047803
0.047004
0.050091
0.052008
0.047545
0.047703
0.053250
0.050149
0.047675
0.050462
0.047871
0.052374
0.047463
0.049424
0.049184
0.051661
0.051189
0.050032
0.049857
0.049354
0.051862
0.052960
0.047964
0.047807
0.051138
0.050784
0.048972
0.051962
0.047849
0.050478
0.047985
0.047786
0.052078
0.051256
0.047777
0.048148
0.050091
0.053478
0.051496
0.049226
0.052596
0.048447
0.052999
0.048186
0.047962
0.051044
0.052752
0.052172
0.053288
0.051874
0.050709
0.052241
0.053450
0.048446
0.050500
0.048523
0.048299
0.048395
0.048162
0.052317
0.051756
0.048217
0.049071
0.048250
0.048920
0.048278
0.050306
0.052397
0.056471
0.053654
0.046180
0.046515
0.047102
0.060205
0.049747
0.052011
0.051901
0.048094
0.049883
0.046736
0.051564
0.048698
0.052665
0.050221
0.046594
0.046574
0.047723
0.049812
0.048156
0.046827
0.047430
0.047585
0.046628
0.049007
0.046759
0.047980
0.050761
0.046448
0.051385
0.050037
0.050252
0.050511
0.048971
0.049933
0.051864
0.049839
0.048544
0.050417
0.047324
0.048990
0.047303
0.048928
0.048877
0.051224
0.047835
0.050695
0.049494
0.051893
0.048223
0.051946
0.047362
0.047527
0.050280
0.053338
0.048540
0.052217
0.051361
0.050450
0.048861
0.048367
0.048879
0.051232
0.048464
0.051175
