1
0.9999969
0.9999945
0.9999949
0.9999964
0.9999907
0.9999919
0.99999046
0.9999956
0.99997747
0.9999969
0.99999714
0.99999833
0.99999464
0.99999535
0.99999356
0.99999785
0.9999969
0.99999297
0.9999937
0.9999931
0.99999154
0.99998474
0.9999883
0.99998474
0.9999839
0.99998355
0.99996996
0.99998283
0.99998367
0.99998343
0.9999821
0.9999815
0.99988854
0.9999068
0.9998348
0.9997155
0.9997712
0.99929905
0.9988925
0.9981667
0.9993512
0.999561
0.9997571
0.99940956
0.9987068
0.9985678
0.9982115
0.9956578
0.9963611
0.99675566
0.9942702
0.9871565
0.9872364
0.98856306
0.9969862
0.9980136
0.9981268
0.996885
0.9936719
0.98850876
0.99507374
0.99695694
0.9984218
0.99895895
0.99867505
0.9942047
0.9865303
0.99096406
0.99060446
0.9716328
0.93802285
0.88139904
0.83286005
0.88226914
0.90053385
0.9860887
0.9058968
0.9747823
0.90933883
0.93613976
0.9612863
0.9781105
0.97510284
0.9919898
0.99299264
0.98876804
0.98992
0.9919051
0.99364686
0.970884
0.97744113
0.9707945
0.9911408
0.98811555
0.9779589
0.9934007
0.9802725
0.96750045
0.97669446
0.9839918
0.98304325
0.99156207
0.9905876
0.9925707
0.9918338
0.9976674
0.9984181
0.9989999
0.9987224
0.99898523
0.99576557
0.9964156
0.9987766
0.9994265
0.99977237
0.9997017
0.99975675
0.9995671
0.9992741
0.99932754
0.99966586
0.9993973
0.9995153
0.9992306
0.9994461
0.9998005
0.9996275
0.99950635
0.99938285
0.9992324
0.99950945
0.99983644
0.99983394
0.99957186
0.99872273
0.99739957
0.99574846
0.9972362
0.9979547
0.9965417
0.9987937
0.9970824
0.9932816
0.9933119
0.98536754
0.99217117
0.99662906
0.99777263
0.99924004
0.98541695
0.98329735
0.99244386
0.9874691
0.98520523
0.9900954
0.98815
0.9916732
0.99217117
0.99465585
0.9919086
0.99301684
0.987375
0.97594666
0.97189945
0.97728455
0.9856156
0.99499017
0.9974642
0.9985746
0.99745387
0.99709857
0.99497116
0.9707847
0.94811076
0.95000654
0.89086545
0.90406185
0.9223172
0.84416956
0.8979807
0.886376
0.77558875
0.6244589
0.8958748
0.9157241
0.8405087
0.9025676
0.8871024
0.80883694
0.78966635
0.80401343
0.93192613
0.71870446
0.94298685
0.9092102
0.7221276
0.8707895
0.9116526
0.7583206
0.87758476
0.8884005
0.5671178
0.6857433
0.40424508
0.67093074
0.7996598
0.9567854
0.9403311
0.9858495
0.92674464
0.9393299
0.9930912
0.97519773
0.97918415
0.97675484
0.96307236
0.9841064
0.978187
0.925411
0.95177794
0.9147286
0.9378841
0.88996196
0.92534
0.975443
0.8941759
0.6514674
0.8215903
0.8086328
0.8599595
0.6730197
0.8087285
0.81347203
0.8255905
0.6051555
0.51776856
0.9320832
0.8881974
0.91645426
0.9440961
0.9053234
0.9149708
0.9927047
0.9965616
0.9984301
0.9991228
0.99769634
0.9984621
0.9979074
0.9996228
0.9999167
0.9997447
0.9996099
0.99989367
0.99980694
0.99961853
0.99886334
0.9964378
0.9961648
0.9982254
0.9946201
0.99221027
0.9917612
0.9944951
0.9970927
0.9976731
0.98996043
0.9802515
0.9814571
0.9913061
0.96467096
0.83330953
0.8431007
0.8555247
0.9560329
0.85420895
0.84677476
0.20384748
0.114655785
0.35008428
0.26415214
0.39721555
0.37980446
0.68200094
0.6611857
0.6978759
0.3599102
0.47345135
0.5267962
0.53595984
0.4117515
0.19158395
0.26136902
0.41411027
0.60523534
0.62070876
0.52582717
0.30063385
0.953964
0.8660573
0.885491
0.9780593
0.9859757
0.97082233
0.9984102
0.9988065
0.9964958
0.9911075
0.99012136
0.9938618
0.98862654
0.97817117
0.9806208
0.98874915
0.99021906
0.9950648
0.99278176
0.9853048
0.975089
0.9702631
0.9730329
0.88726795
0.8075716
0.80103266
0.76346433
0.442733
0.80665517
0.52813345
0.46616527
0.7091716
0.3413707
0.23480123
0.7740863
0.7643319
0.6404691
0.7544125
0.74490714
0.7560924
0.73349977
0.61232823
0.1521102
0.53549683
0.7564172
0.9384798
0.9736129
0.99092734
0.98996407
0.98946625
0.9513937
0.94508183
0.97255605
0.967753
0.9819677
0.93899095
0.9067742
0.95620626
0.9258228
0.94817513
0.94715214
0.9398746
0.9582624
0.95654523
0.9411439
0.9637491
0.97857
0.9860669
0.9932759
0.99639493
0.99778986
0.9942312
0.99813217
0.9962369
0.9962025
0.9900018
0.99039066
0.99317765
0.98548293
0.99690765
0.99867886
0.9990252
0.9988965
0.99870265
0.9985019
0.9956963
0.99382037
0.9970908
0.99752325
0.99608
0.99507314
0.9958385
0.99628323
0.9959727
0.9966948
0.996813
0.9970938
0.99852943
0.99891603
0.9988826
0.998575
0.99904495
0.99904746
0.99829525
0.99926525
0.99942845
0.9996282
0.99966145
0.9997179
0.9994671
0.9997359
0.9994136
0.99960595
0.99956113
0.99970657
0.9992539
0.9996873
0.9996463
0.99970007
0.99983823
0.9996892
0.9987029
0.99694675
0.9979924
0.99863064
0.99832374
0.9995203
0.999902
0.9999435
0.9999428
0.9999107
0.9999361
0.9999447
0.9999372
0.999897
0.99961853
0.9991542
0.99720806
0.9951137
0.99639136
0.9976216
0.99706227
0.99213326
0.9966967
0.9902457
0.99216276
0.9922545
0.9938291
0.99537885
0.99200857
0.98366606
0.97573304
0.9921272
0.98889554
0.898429
0.928263
0.41866812
0.8264163
0.97503585
0.9861091
0.99426115
0.997595
0.99806243
0.9990089
0.9986998
0.9973469
0.9898044
0.99276334
0.9950546
0.9945444
0.991816
0.9738554
0.98892224
0.9902113
0.99456996
0.99439234
0.99593204
0.9918413
0.9868851
0.9830867
0.9775948
0.95971954
0.94518876
0.93831
0.91330236
0.9246927
0.83446974
0.7825025
0.90567654
0.9158069
0.9357754
0.8902281
0.89395005
0.85504586
0.8171378
0.91341305
0.83599544
0.97181547
0.76654214
0.68668616
0.7355275
0.7234279
0.7706093
0.6444859
0.89959496
0.8523542
0.8411144
0.76137996
0.9459463
0.97685325
0.97400427
0.9732988
0.964786
0.9739169
0.98205215
0.8993663
0.9120249
0.91566396
0.91032535
0.9493368
0.98384446
0.9814689
0.9708709
0.9389556
0.9712622
0.9563554
0.96833414
0.9330293
0.8915496
0.8161176
0.8560228
0.6995018
0.64991945
0.5668571
0.24281111
0.32091793
0.25919703
0.35583434
0.24947894
0.9676151
0.99443275
0.99620605
0.98370844
0.992336
0.98645407
0.99120075
0.9915069
0.9939667
0.9927201
0.9879512
0.9909506
0.9918046
0.98930234
0.9854504
0.93445593
0.8840223
0.924386
0.95427775
0.9443317
0.961096
0.93471915
0.8969083
0.8962666
0.91438854
0.90417
0.9175241
0.9139793
0.9173783
0.81668234
0.8587626
0.96415806
0.8265006
0.6974476
0.8760286
0.7947952
0.96387875
0.9922569
0.99227625
0.9943342
0.99935776
0.99921656
0.99330974
0.9863171
0.9978849
0.99751425
0.99398685
0.99766695
0.98946184
0.99703896
0.9880917
0.9933114
0.9944833
0.99398106
0.9948019
0.9934315
0.99151516
0.99707663
0.99020445
0.9633597
0.7900687
0.5659061
0.5538409
0.34748054
0.1884927
0.39576998
0.31442493
0.35318428
0.6406744
0.87540036
0.91661507
0.9646458
0.9824432
0.9832208
0.92141116
0.99150133
0.98315895
0.96930695
0.9417631
0.95501304
0.9461905
0.9694233
0.978027
0.93797106
0.9520019
0.947693
0.8959979
0.9547952
0.98659396
0.9912128
0.9940036
0.99510044
0.9937563
0.9944542
0.9958696
0.9984907
0.9986953
0.9989342
0.99553984
0.99869543
0.99898905
0.9994553
0.99977285
0.99979454
0.99913055
0.99913687
0.99904495
0.9942549
0.9878884
0.9842891
0.9948318
0.99208987
0.9867143
0.9970208
0.99793917
0.99895704
0.999479
0.9998609
0.99988747
0.9999292
0.9999019
0.9998271
0.99985325
0.9980026
0.9983931
0.9985216
0.9996971
0.9996811
0.9977457
0.98832047
0.99903727
0.9965162
0.9901022
0.9934894
0.99629444
0.9659365
0.97226214
0.97254384
0.9339456
0.9351869
0.89627165
0.73423487
0.55419314
0.52577716
0.69572675
0.37714112
0.79871887
0.3999636
0.37916878
0.24955845
0.6394813
0.51823956
0.38067958
0.5867395
0.56653976
0.19154428
0.2396526
0.26838797
0.4333287
0.6248773
0.6840382
0.49066713
0.5940067
0.68034476
0.2598112
0.10321075
0.067943
0.07323773
0.28176638
0.25089824
0.06762803
0.31589755
0.4241612
0.23264953
0.68877506
0.87695825
0.9666452
0.97628355
0.99382174
0.9983518
0.998083
0.998623
0.99977165
0.9997522
0.999859
0.9996978
0.9997656
0.9995413
0.99933285
0.9990534
0.99921715
0.9990049
0.9993598
0.9982413
0.9982882
0.99731916
0.99588853
0.99216473
0.99421185
0.9890047
0.9803303
0.9746483
0.9710967
0.98693514
0.949919
0.8902122
0.8894503
0.9621994
0.9844996
0.9807097
0.9923274
0.99057055
0.9833119
0.98521256
0.9848925
0.9913942
0.9814449
0.98901063
0.7544416
0.77525914
0.6958643
0.17285721
0.093132846
0.0020089601
0.00015612342
8.825334e-05
4.7451307e-05
1.0008948e-05
0.5550164
0.7439774
0.91445374
0.9702918
0.9400449
0.9697502
0.97339964
0.9734813
0.98855025
0.99537647
0.9806028
0.80198014
0.1808102
0.28887686
0.23569533
0.21660471
0.314273
0.30894443
0.40515855
0.13089372
0.33807018
0.28258455
0.11497188
0.43007964
0.4133083
0.42799917
0.56357944
0.6706021
0.7703004
0.80406314
0.83916247
0.83786935
0.7643413
0.66989166
0.5743177
0.46192735
0.75633615
0.4982472
0.5055472
0.9660139
0.99643624
0.99737203
0.9989221
0.9983753
0.9980111
0.99849606
0.99819463
0.99904436
0.9990361
0.9992712
0.9994624
0.9991303
0.9995252
0.9995252
0.99945325
0.999648
0.99967086
0.9996275
0.9998286
0.9997644
0.99974793
0.9998274
0.9997292
0.9997855
0.99981755
0.99982786
0.9997825
0.9997433
0.9995815
0.99966395
0.99954516
0.9995982
0.99945503
0.99951386
0.9993563
0.9987004
0.99944
0.99969447
0.99973804
0.9997166
0.99972516
0.99991703
0.99970704
0.9996959
0.9996184
0.9997683
0.9997305
0.99978954
0.9999008
0.9999528
0.99998677
0.99998367
0.99994195
0.9999279
0.9997992
0.99964654
0.999603
0.99954444
0.99857163
0.9991485
0.99907815
0.99940026
0.998823
0.99682957
0.99127835
0.98549104
0.9864493
0.96046114
0.8892807
0.82590795
0.7152139
0.82813376
0.65011066
0.9310684
0.9848001
0.99496967
0.99673945
0.9952407
0.9978199
0.9951643
0.9943433
0.9926543
0.9932667
0.98345345
0.9751431
0.9824958
0.97277224
0.98266727
0.97890544
0.97528595
0.9745806
0.97769755
0.9840311
0.9775768
0.9852051
0.98125076
0.9222802
0.7717364
0.48244044
0.3009872
0.05342429
0.04277707
0.0060730353
0.041345086
0.00751764
0.02963767
0.76708406
0.4760779
0.34441254
0.27739447
0.4147427
0.36566862
0.59250635
0.42382607
0.7473029
0.5711051
0.72893214
0.95538795
0.9683147
0.98948777
0.9751129
0.96718365
0.9661392
0.9665109
0.96793115
0.9337054
0.9497887
0.8334999
0.8931989
0.84871197
0.9380179
0.9523169
0.9571118
0.94479805
0.97202176
0.9667778
0.98399943
0.97177416
0.9521225
0.8426006
0.88201123
0.8795017
0.8842513
0.8656425
0.93091726
0.93418247
0.9596551
0.97016454
0.98769903
0.9853817
0.9929757
0.9952199
0.9967319
0.99785703
0.99892277
0.9995245
0.9991021
0.99904674
0.99955267
0.99943465
0.99958676
0.9992654
0.9996623
0.9996196
0.99945
0.9996897
0.999255
0.99871063
0.9966349
0.9921882
0.9848467
0.9711495
0.98238903
0.979151
0.97809905
0.9863027
0.96318007
0.9498423
0.9680342
0.9848112
0.9658117
0.9560329
0.9716502
0.926358
0.8277161
0.7607263
0.7822317
0.7428904
0.8975959
0.96338916
0.93504786
0.96022123
0.98072284
0.98343486
0.99314743
0.9954092
0.9894203
0.99259865
0.99563026
0.9976126
0.99831426
0.99838865
0.99819463
0.99601763
0.9976374
0.9962022
0.9953088
0.9873974
0.9431127
0.93066585
0.933264
0.9634967
0.9765537
0.9835888
0.98742384
0.9913276
0.994576
0.99601525
0.99448013
0.99473566
0.9659141
0.8860303
0.710517
0.5389152
0.7750655
0.785012
0.6939083
0.73110986
0.93334013
0.98002213
0.98625606
0.9788126
0.96845543
0.97128695
0.91867703
0.9464718
0.73712075
0.49684426
0.5674322
0.45926705
0.9868199
0.9963898
0.99571806
0.9955512
0.99019754
0.9705917
0.9416025
0.9534509
0.89040273
0.88835025
0.6083717
0.30342963
0.45182884
0.51950127
0.35509437
0.5799929
0.6586624
0.8903536
0.8003481
0.853624
0.7708436
0.8504813
0.90273964
0.93364054
0.9674181
0.9837347
0.9303154
0.8917967
0.9415325
0.98491573
0.9641093
0.9241524
0.8835616
0.8506358
0.5598118
0.4271071
0.22515367
0.041545544
0.18704265
0.074992456
0.46460718
0.23873393
0.3098027
0.23188777
0.11419701
0.120830745
0.08263656
0.46440154
0.6586511
0.32957458
0.63368416
0.44251937
0.6697975
0.7988524
0.8005264
0.9100905
0.92585826
0.8813219
0.9254013
0.93853194
0.8625282
0.7257926
0.34823346
0.21447086
0.17809746
0.09562553
0.24630228
0.7204024
0.65590125
0.46660176
0.43952078
0.49296167
0.16378486
0.11168801
0.06632029
0.42447996
0.73302
0.844338
0.8659597
0.8965613
0.7814715
0.8947055
0.9540266
0.96468806
0.7879523
0.6512066
0.5214354
0.5175443
0.7173943
0.6350205
0.29581457
0.7147111
0.88595366
0.90048736
0.98824674
0.99858475
0.9960938
0.9955173
0.99591017
0.9866468
0.9931329
0.99694073
0.99146116
0.97708845
0.9784677
0.9925754
0.98790795
0.98406315
0.9925356
0.9946248
0.99410653
0.9825205
0.99249434
0.97303843
0.98155427
0.97697246
0.9943949
0.99343276
0.98743665
0.9886063
0.9816056
0.97819126
0.9904912
0.9902818
0.98890895
0.9879631
0.9923103
0.97832525
0.9542454
0.9487139
0.9649152
0.961849
0.90728617
0.78244764
0.7587302
0.763312
0.6269151
0.6892093
0.8756253
0.8768078
0.8959329
0.91328514
0.93854445
0.8925069
0.7738625
0.71504444
0.5832786
0.9261028
0.96437573
0.97592235
0.99307317
0.9974025
0.9960461
0.99723756
0.9987727
0.99930954
0.99933076
0.9986326
0.9974988
0.9978219
0.9968856
0.99819046
0.99929357
0.9975677
0.9985191
0.9977615
0.99746394
0.9990595
0.9978072
0.9854214
0.9908246
0.99318415
0.99443215
0.997577
0.99754214
0.99828786
0.9961915
0.99425465
0.99247265
0.9681691
0.9750701
0.98512024
0.9738419
0.98358834
0.96046114
0.5792772
0.45813257
0.91804856
0.9982408
0.99695194
0.9942006
0.9966143
0.9967662
0.99868923
0.9983376
0.9952218
0.98924786
0.98938155
0.960432
0.97478306
0.9610451
0.9561796
0.8329593
0.9216457
0.80167294
0.67143774
0.36203584
0.008337461
0.0020043936
0.0058771223
0.004900311
0.0005780493
0.00051664124
0.0010129948
0.001017142
0.002655929
0.002207377
0.002984907
0.0064025614
0.008449917
0.0027646138
0.0010945951
0.0013027843
0.0014332818
0.0008151869
0.006937744
0.0067395996
0.0023486072
0.0022887983
0.0035187888
0.0009974741
0.037489884
0.0037379002
0.00063177466
0.0017703536
0.0011632872
0.0019955803
0.0036138939
0.033858266
0.07169232
0.071621634
0.00878953
0.002935373
0.08675401
0.13174827
0.29737502
0.3449418
0.37599996
0.67095876
0.84129256
0.921819
0.9697576
0.9799397
0.96734947
0.981965
0.9620965
0.9295658
0.93297946
0.9027942
0.9351377
0.8772673
0.8907453
0.96186906
0.9622316
0.9736138
0.9474282
0.95152694
0.9513632
0.88495743
0.8921978
0.7035405
0.8319806
0.50151277
0.53294593
0.65262526
0.770351
0.89779186
0.9230089
0.706367
0.6329706
0.41472527
0.19115375
0.0108847255
0.22302371
0.15012929
0.09300964
0.20716853
0.08449614
0.162887
0.14661661
0.0042990902
0.005567435
0.0077851615
0.030319085
0.05337371
0.16836411
0.053547364
0.03748131
0.057647966
0.012135926
0.007154265
0.0015734866
0.0017509984
0.0033029686
0.00447771
0.0055895112
0.009408385
0.0048673693
0.0026910484
0.0015462678
0.0005607487
0.002879272
0.03404831
0.07382677
0.19864935
0.023942914
0.012738337
0.010166164
0.02297145
0.005331039
0.0060623465
0.0029278218
0.0032597636
0.014051413
0.0359663
0.041372992
0.13252443
0.2216102
0.7505265
0.898983
0.9735825
0.9689729
0.973416
0.99846554
0.99805486
0.99661785
0.9984884
0.9954124
0.99941206
0.99881786
0.9987092
0.9994931
0.998781
0.99899954
0.99706715
0.9995486
0.999793
0.99973387
0.99984515
0.9998938
0.9998945
0.999877
0.99990547
0.9999316
0.9998411
0.9997849
0.9997875
0.99966204
0.9997098
0.9996803
0.9995053
0.99958116
0.9992926
0.9994517
0.99915123
0.9994443
0.998963
0.9991837
0.99935466
0.9993106
0.99974316
0.9997485
0.9992151
0.99974567
0.9996593
0.9995666
0.999795
0.99962795
0.99946445
0.9991412
0.999579
0.9995864
0.99989533
