1
0.9998807
0.9997489
0.9997105
0.99973756
0.9997862
0.9997347
0.9997098
0.999814
0.9998605
0.9998628
0.9994236
0.9979449
0.9972
0.9959559
0.98740226
0.9887622
0.9861412
0.9750344
0.9736675
0.99574775
0.99084854
0.9856595
0.9957491
0.99658525
0.9944348
0.9943297
0.992967
0.99790764
0.99832636
0.9883813
0.994538
0.9916996
0.986199
0.98346555
0.98207355
0.98981375
0.9907493
0.9876381
0.99020594
0.99195695
0.9956923
0.98968
0.9869076
0.991532
0.9936027
0.9948547
0.99504834
0.99599457
0.9943771
0.998979
0.9922184
0.9991842
0.9967625
0.99827754
0.9924608
0.986985
0.9766883
0.978187
0.96972924
0.98805064
0.9854834
0.9852743
0.98267305
0.99662316
0.99432737
0.9932642
0.9991321
0.99911445
0.9995511
0.9998331
0.99972934
0.99954385
0.99954337
0.99960023
0.99951196
0.9991104
0.99868387
0.99813545
0.9985783
0.999005
0.9975631
0.9971576
0.97385705
0.95260674
0.9344197
0.94238245
0.9607961
0.9232291
0.9399445
0.8913152
0.8240707
0.8861667
0.9369654
0.9545263
0.937492
0.826646
0.91051316
0.89235365
0.9568668
0.98954856
0.9921084
0.97862536
0.9618067
0.97905636
0.9714617
0.98339695
0.98508966
0.9865182
0.9156962
0.92583144
0.901831
0.6195467
0.39980337
0.46960026
0.53485024
0.57987714
0.44321686
0.14686954
0.04409422
0.086844414
0.1756287
0.15670234
0.19620992
0.6364172
0.50226825
0.73925126
0.58940446
0.501966
0.648132
0.8822153
0.98163486
0.9833679
0.9883603
0.9858511
0.9856464
0.9843082
0.98576677
0.96662
0.8936054
0.86083055
0.7784074
0.68706775
0.56575227
0.54632527
0.48631796
0.23744082
0.2938928
0.54538757
0.48336887
0.39591724
0.5635668
0.5235584
0.5809358
0.6392974
0.77619797
0.82155603
0.79230344
0.79108036
0.7855142
0.66744274
0.56353647
0.54895467
0.8173813
0.82472956
0.82894605
0.87866706
0.88265496
0.93518037
0.82421976
0.6461346
0.9128178
0.93522215
0.83056134
0.7854192
0.8297947
0.8119178
0.8173323
0.7180706
0.7289471
0.8459968
0.6489444
0.8618784
0.96345586
0.9696303
0.87661487
0.8932658
0.90997183
0.91351885
0.92293113
0.88954437
0.9003505
0.93900704
0.85222507
0.74735814
0.74696845
0.8278019
0.81100965
0.6786354
0.61806655
0.65669906
0.5639929
0.77812046
0.7107882
0.5931542
0.5665363
0.7099016
0.5998555
0.705411
0.51497155
0.65308714
0.6117124
0.5778179
0.693302
0.67053366
0.9331388
0.9231758
0.9545431
0.97504234
0.9111188
0.8810984
0.8526856
0.68064505
0.31583273
0.3496983
0.089049496
0.003808266
0.0020601235
0.0012480773
0.4930089
0.6005711
0.6371719
0.7651374
0.85017776
0.9700043
0.9688941
0.9542109
0.9590851
0.9263284
0.8347317
0.4373862
0.17112659
0.008044914
0.006680999
0.010531899
0.008022464
0.0063813715
0.0061054914
0.00297913
0.0042350204
0.002337919
0.00499957
0.002063255
0.0034359316
0.0074189384
0.030969577
0.0018271861
0.00084148964
0.0022764541
0.0010637292
0.0009381375
0.0006626806
0.0012628103
0.0010035224
0.0016835011
0.0011044192
0.0017257935
0.0029458527
0.0020023591
0.00072378933
0.00054990203
0.0012927171
0.0027998404
0.6688444
0.67577857
0.6885703
0.8259348
0.8704889
0.9229282
0.9715054
0.9810754
0.9479057
0.9556076
0.91359955
0.9375688
0.87422603
0.8584729
0.91427463
0.9544189
0.8899565
0.88062173
0.5761845
0.65518504
0.5997086
0.85332525
0.936094
0.9760158
0.96206266
0.92451334
0.96525073
0.9818441
0.98398316
0.9884089
0.9683077
0.98206514
0.983888
0.99371225
0.9837307
0.97524387
0.952504
0.9594403
0.97085345
0.97912973
0.95779765
0.9703785
0.96227896
0.9763774
0.9701091
0.96353066
0.975338
0.94453233
0.95537704
0.9125708
0.92244047
0.94787
0.8968319
0.9525194
0.958928
0.93209344
0.9335967
0.90837175
0.88666135
0.9390373
0.9769766
0.96592826
0.9549798
0.96840835
0.9395179
0.92125183
0.8708165
0.9469698
0.96030235
0.9349797
0.9236682
0.845263
0.64902437
0.8009062
0.7177982
0.685437
0.6648419
0.90999514
0.8699808
0.68771243
0.927523
0.98152184
0.8432869
0.93354046
0.8565285
0.704693
0.4660909
0.5657993
0.6659241
0.57837003
0.74100894
0.6745503
0.8257581
0.83315164
0.6795841
0.49868575
0.72612125
0.8625954
0.8585893
0.8647088
0.67684746
0.58458453
0.7338208
0.6757575
0.6624708
0.6587443
0.55974925
0.704563
0.5719406
0.52966
0.5602423
0.6441482
0.8635287
0.79957026
0.78001755
0.6176195
0.54500103
0.518998
0.37532637
0.40219697
0.444163
0.663804
0.83652323
0.9487905
0.86258763
0.7290401
0.7383557
0.6788989
0.659875
0.7087788
0.7600641
0.85929
0.8531918
0.90599954
0.9178752
0.8820062
0.9154743
0.9322898
0.9553232
0.9534766
0.89770657
0.80503803
0.861897
0.37732854
0.15945458
0.09015438
0.021163601
0.04670355
0.011533063
0.03928154
0.114601664
0.13719156
0.101732396
0.27980348
0.26994106
0.29524377
0.18630105
0.58515084
0.29840326
0.55306435
0.43930554
0.7496635
0.769258
0.713166
0.7783058
0.9265754
0.93911487
0.8973188
0.9301961
0.89757824
0.8823826
0.9038718
0.92031556
0.93118376
0.9624585
0.9582876
0.94760287
0.90480196
0.9559646
0.9798589
0.97201467
0.97414374
0.9787243
0.9726098
0.97365314
0.9803904
0.97531587
0.9695747
0.9778686
0.9919403
0.98958534
0.9942563
0.99572206
0.98699886
0.98700047
0.9875574
0.9766831
0.9593864
0.9654529
0.9595967
0.9651569
0.96898794
0.9588301
0.97019625
0.97568446
0.932173
0.8932061
0.927292
0.9045475
0.8945318
0.8950018
0.8627711
0.8663707
0.8731669
0.84469
0.79466003
0.83666456
0.76902145
0.79936785
0.8433296
0.854249
0.60270095
0.78895617
0.821051
0.83998203
0.85855037
0.88744336
0.8607146
0.8861841
0.88407356
0.58078504
0.42030185
0.3503545
0.44355768
0.4672721
0.67517155
0.83321834
0.8818875
0.9121007
0.9014025
0.8779428
0.8807982
0.91504365
0.88624156
0.96333605
0.9557983
0.9088487
0.8979571
0.852736
0.8133772
0.8450645
0.8660619
0.7072509
0.71572137
0.24977961
0.24092011
0.31238765
0.32882065
0.25846565
0.10122615
0.10610461
0.038100764
0.016756626
0.008972801
0.037480302
0.03179066
0.020229531
0.02706694
0.16505605
0.21950077
0.16469592
0.13683483
0.14565217
0.17790243
0.31473112
0.10325476
0.049988203
0.17291807
0.08350399
0.15694071
0.13538216
0.04806686
0.057939008
0.3943116
0.5445792
0.5641921
0.75063735
0.78853923
0.9539817
0.98458004
0.97630715
0.9736245
0.91091156
0.9476451
0.9160162
0.80676985
0.7708416
0.70247287
0.6680129
0.6892643
0.8433732
0.8953362
0.9272138
0.9481399
0.9084452
0.7895876
0.13686162
0.11159247
0.018288516
0.021872709
0.07804721
0.045647167
0.40753594
0.632515
0.64451784
0.78490806
0.8033314
0.93707424
0.97652537
0.9523223
0.97373873
0.93596154
0.9144668
0.8343638
0.7741441
0.6138383
0.563532
0.63442975
0.37085953
0.45105723
0.61942244
0.49993184
0.6899934
0.658484
0.67392534
0.1787485
0.008254979
0.0069426415
0.0015454789
0.0023339798
0.0012979833
0.0011234682
0.0017359103
0.001873818
0.0015544061
0.000951266
0.001870448
0.0012968223
0.00084401405
0.0009743307
0.0003635727
0.00032591398
0.0001634086
0.0001683128
0.00021675804
0.00040764635
0.00073749566
0.00024350504
0.0003297111
0.00017629776
0.00011721628
0.00013171465
0.0001971822
0.00013890302
0.00022241402
0.00020983626
0.0001364341
0.00033696418
0.0003017454
0.00051262474
0.0006770896
0.00075762975
0.0005682045
0.00018550146
0.00012060673
0.0002963699
0.10494553
0.056881573
0.040514026
0.023455797
0.020573629
0.05483779
0.029344184
0.022559447
0.06095108
0.067861274
0.038722634
0.07928968
0.06346398
0.11017119
0.22818582
0.19910158
0.10945205
0.08153707
0.10356148
0.07991415
0.020726597
0.01906145
0.026677804
0.04804228
0.102203414
0.13647152
0.14698304
0.22201738
0.21317936
0.24665956
0.0831936
0.026161406
0.019363608
0.017364953
0.032325786
0.013459826
0.012643268
0.042628713
0.06306113
0.01923252
0.050287277
0.056385946
0.12066502
0.055093344
0.085235275
0.040923547
0.05991229
0.02124914
0.013629859
0.055457488
0.11868824
0.09697625
0.17731512
0.0692304
0.017208582
0.03251548
0.11518253
0.16438851
0.27960062
0.263992
0.23721306
0.23774125
0.21832106
0.28531563
0.1314384
0.16425607
0.061687313
0.032352757
0.03526622
0.07229405
0.049822796
0.039726898
0.1160798
0.07886881
0.10499933
0.12741548
0.22380272
0.2760141
0.20607767
0.16357465
0.21850558
0.38890865
0.31721777
0.26622123
0.22480835
0.1497515
0.31368226
0.3997286
0.40149555
0.5782728
0.7663965
0.78792036
0.60900766
0.45789868
0.38013563
0.31666803
0.10028557
0.17794238
0.28302395
0.20680624
0.17345522
0.19065742
0.09300591
0.0793605
0.06229996
0.06657488
0.121228196
0.18547474
0.10413456
0.119995125
0.035672728
0.0407879
0.024124337
0.02345568
0.0037647574
0.0031555884
0.0015335857
0.0012692653
0.00071145064
0.0005023358
0.00039117195
0.0002649874
0.0003470499
0.00020542603
0.00024641462
0.0001851018
0.0006856831
0.001382064
0.0014548564
0.0023200172
0.0022476087
0.0019077256
0.002273942
0.0032203116
0.0060066036
0.0024282339
0.003213292
0.0040689087
0.0008055238
0.0012165455
0.0008909836
0.00082322175
0.00044301714
0.0002610258
0.00013089094
0.00013756148
8.5346335e-05
3.12523e-05
9.3247065e-05
5.6602174e-05
0.00016688829
0.00019705291
0.00039392785
0.00019965162
0.00013215156
0.00010414935
0.00014401165
0.00012024615
9.6053576e-05
0.00013510634
0.00025825354
0.00019345744
0.00019046072
0.00024096246
0.0001890365
0.000113768176
9.282494e-05
0.00011539504
0.00013220427
0.00022597563
6.279033e-05
0.00029023943
0.00019275279
9.898552e-05
0.00020972424
0.00018445414
0.00012267752
0.00013468985
0.0001047135
6.910324e-05
3.716065e-05
1.5606638e-05
3.6439385e-05
2.8059094e-05
2.3592856e-05
2.8037748e-05
6.590102e-05
9.0124355e-05
6.421554e-05
9.380143e-05
0.0001231327
7.517196e-05
7.297561e-05
7.837433e-05
4.00142e-05
3.7959628e-05
4.1042575e-05
3.0842817e-05
1.3046983e-05
3.5487414e-05
2.680796e-05
1.5462138e-05
1.5824595e-05
1.3158644e-05
1.2361493e-05
1.5111887e-05
2.8523325e-05
4.689131e-05
4.2827443e-05
6.236527e-05
0.000106629894
9.123933e-05
0.00016070939
0.0003289306
0.00019199816
0.00027117867
0.00025149976
0.00028645777
0.00026153197
0.00015673049
0.00027333468
0.0001977919
6.97699e-05
0.0001296903
9.995261e-05
0.00010228864
4.8600712e-05
5.4515927e-05
7.304801e-05
7.972271e-05
6.422528e-05
0.00012010875
7.183032e-05
0.00010371824
0.00010600529
0.00018597324
8.600713e-05
5.259602e-05
5.9095895e-05
6.3697684e-05
5.088396e-05
0.00023814607
0.0006876558
0.0006843663
0.0005340037
6.3125386e-05
4.377393e-05
2.8125452e-05
5.189265e-05
6.2196596e-06
4.7037893e-06
4.1932612e-06
2.2841801e-05
1.5163541e-05
8.485113e-06
9.357663e-06
8.393228e-06
3.4241825e-06
4.2610254e-06
4.80194e-06
8.27124e-06
2.3849204e-06
3.258625e-06
2.4731037e-06
2.5361496e-06
2.7051492e-06
2.0049388e-06
4.9859746e-06
2.3129842e-06
1.9243155e-06
5.8216733e-06
7.138142e-06
8.7422e-06
1.2461877e-05
6.0009184e-05
5.1426716e-05
5.896001e-05
3.5823457e-05
2.9981733e-05
4.350824e-05
3.5418987e-05
3.2035656e-05
2.1527114e-05
1.1601842e-05
0.00020701278
0.00021562928
0.00020323
0.0003391391
0.00054545805
0.0005670662
0.0003093433
0.00038350985
0.0011230295
0.002624914
0.0037042988
0.0057960604
0.0099310065
0.006281015
0.015270898
0.011158535
0.17303695
0.06814624
0.0076807034
0.03656883
0.029487662
0.055409204
0.054769654
0.03562361
0.08563969
0.11593745
0.056404594
0.02257636
0.048073273
0.022714011
0.01571403
0.02334667
0.0203324
0.010316325
0.029015949
0.025748162
0.032241993
0.019146044
0.015965752
0.01558925
0.017011873
0.014407001
0.02077578
0.011950536
0.018165862
0.0121388305
0.006954882
0.010358576
0.019620493
0.012305979
0.0066146622
0.005354205
0.0074634613
0.0021214818
0.0046374775
0.0074419556
0.0011813067
0.0042063585
0.0029090978
0.0026912673
0.009414013
0.0064623477
0.0064135343
0.0025829154
0.0029835792
0.0030028422
0.0026076983
0.00097145303
0.0003806088
0.00032821423
8.23981e-05
7.1895156e-05
0.00018119768
0.00027865937
0.00020234096
9.3985334e-05
0.0001078768
8.979632e-05
7.226909e-05
8.484315e-05
0.00012668423
4.304462e-05
1.121738e-05
6.9652983e-06
3.907786e-06
1.5900292e-05
2.1657665e-05
0.0013087009
0.004083659
0.014537191
0.0052806926
0.008613516
0.009412224
0.0044379495
0.0016528056
0.0059675025
0.011885866
0.121339194
0.11173777
0.2607394
0.43833008
0.3766038
0.38452324
0.47843215
0.38546443
0.52175313
0.71555096
0.7450668
0.9147915
0.8377169
0.55947423
0.7059723
0.44637424
0.59046733
0.4593285
0.6386579
0.6224655
0.36814916
0.21996483
0.29102898
0.20728132
0.13766094
0.096323304
0.063461415
0.10483832
0.21978673
0.34450454
0.58741397
0.81126237
0.47631642
0.36811945
0.09585835
0.2897654
0.09536181
0.062398337
0.041321866
0.03310873
0.045311023
0.055141468
0.07149507
0.053779252
0.05290218
0.043683946
0.13939743
0.15290813
0.26067355
0.28996477
0.245411
0.2931487
0.3915152
0.2157811
0.2591456
0.085015975
0.06282421
0.03372025
0.028516648
0.019157242
0.0052189324
0.013709244
0.006255323
0.010036617
0.018162934
0.030514462
0.17920984
0.17701438
0.30424798
0.27216393
0.2052258
0.20263538
0.20896319
0.20451558
0.30062544
0.44696537
0.37682277
0.41190243
0.4212898
0.19737668
0.19772777
0.111827746
0.2405703
0.21593492
0.28479993
0.15942447
0.13702321
0.14011604
0.109814845
0.11959083
0.18036146
0.37634125
0.23081958
0.50903535
0.62548804
0.62836087
0.6665182
0.7568552
0.8184649
0.80586296
0.67482924
0.6001728
0.3183373
0.45069036
0.5027482
0.5717104
0.24873011
0.154372
0.13160093
0.07074012
0.12219123
0.18996382
0.10890863
0.19858694
0.16297911
0.17546351
0.24917297
0.31103083
0.35562652
0.6230659
0.25862154
0.6866299
0.48834142
0.17904393
0.13725568
0.078750804
0.09176584
0.17586151
0.12257957
0.08410205
0.20808117
0.08572972
0.13437676
0.057824496
0.0504932
0.028042138
0.050477955
0.056113474
0.14740227
0.117401265
0.11204079
0.18955518
0.22690752
0.65993667
0.5113218
0.6613713
0.6947164
0.5014791
0.630314
0.5098417
0.43781993
0.6242032
0.23864655
0.260173
0.3572066
0.54404896
0.7311377
0.73099476
0.7221425
0.81360835
0.89204466
0.93623674
0.9408792
0.89317954
0.810111
0.88830066
0.78016394
0.7369836
0.792043
0.78445053
0.41170186
0.47365904
0.54222184
0.61071193
0.5988694
0.5462051
0.59347135
0.63705367
0.25757667
0.5733189
0.6104727
0.82727563
0.4291738
0.2729912
0.25955006
0.2845774
0.28336805
0.2074068
0.25323385
0.36580136
0.32243156
0.1332878
0.098935604
0.12211125
0.090749055
0.036607135
0.059884366
0.006278399
0.0034548892
0.0027133615
0.0020633365
0.00037537023
0.00018133389
7.215698e-05
2.4016548e-05
2.13655e-05
2.8361124e-05
5.437439e-05
0.00018314779
0.0017359069
0.016905345
0.021711938
0.009788737
0.02199767
0.013935056
0.023164758
0.012186839
0.018320246
0.009163382
0.025664149
0.022473028
0.02431901
0.02576057
0.051889665
0.034736607
0.05119625
0.14598916
0.1221635
0.05135479
0.0253899
0.05547481
0.06930414
0.022416411
0.031982407
0.047878306
0.013806267
0.0067171515
0.004632066
0.014597681
0.08868131
0.08057506
0.010455698
0.0032971906
0.0007571198
0.0004812369
0.00062594895
0.16774333
0.2989655
0.4979365
0.21496432
0.31621286
0.36555564
0.6851812
0.67379814
0.5623512
0.3923196
0.5551917
0.6266072
0.83283186
0.6338161
0.37320527
0.3735635
0.4253
0.30208296
0.17004444
0.4483189
0.502928
0.2351545
0.20032462
0.18925843
0.124552615
0.09168393
0.17332152
0.059436888
0.021230252
0.0381199
0.046839293
0.048055887
0.066311546
0.11846203
0.0578733
0.04526681
0.01920081
0.039271273
0.025625901
0.003044746
0.001396379
0.0028810822
0.0024667098
0.00630637
0.0047820522
0.0033842144
0.002064293
0.006075941
0.015586419
0.09395828
0.061572045
0.042158738
0.0050349766
0.004824343
0.0019856498
0.0016211324
0.004083336
0.005563323
0.00512759
0.023532769
0.0045762924
0.0020486386
0.0010810549
0.000794683
0.0014846305
0.004123671
0.39442626
0.26112434
0.27111927
0.7529118
0.40640345
0.26642942
0.30766416
0.19780213
0.13307156
0.17166513
0.054943293
0.11332895
0.029934995
0.06763778
0.037419744
0.034568008
0.056893308
0.059917264
0.03114486
0.09148235
0.044094633
0.04397924
0.09105012
0.09792707
0.045387335
0.05611628
0.047554906
0.017144684
0.00664548
0.0067972164
0.0074379514
0.0034160223
0.0068935766
0.0042041577
0.0030816712
0.0026364943
0.006721137
0.002391012
0.007986702
0.010337076
0.010888057
0.0084569
0.0048102727
0.0021005087
0.0020926949
0.0030056601
0.0027009796
0.004307872
0.001988784
0.006458931
0.0019528964
0.0008855036
0.001544449
0.00075971405
0.0008884802
0.0006201516
0.0011918592
0.0008515704
0.00040588208
0.00062376895
0.00061123626
0.0002966481
0.0005565295
0.0010086952
0.00030289887
0.00049269496
0.00018946594
0.00039982554
0.00095584476
0.002618854
0.0013150865
0.001786857
0.0024351962
0.0022998431
0.038921688
0.009542524
0.017245427
0.005033238
0.0031473972
0.0055068447
0.0025338454
0.0011693923
0.0012411014
0.0013976111
0.0030807164
0.00787427
0.0016887536
0.031368442
0.10578214
0.079352334
0.028044645
0.020826153
0.045008544
0.025368163
0.12673567
0.17596036
0.082634285
0.04479652
0.007900229
0.0048518465
0.052634668
0.13449582
0.16075492
0.19694912
0.04415084
0.009860456
0.015248622
0.015856035
0.01670403
0.07528897
0.08035197
0.07707499
0.036339026
0.016722728
0.02809378
0.06744372
0.057064123
0.37186
0.04272849
0.05492423
0.091666825
0.07414402
0.1285572
0.12630214
0.05778878
0.054029234
0.075492084
0.038912624
0.1262871
0.061008416
0.056073885
0.079237096
0.06517385
0.045769922
0.07375755
0.086913124
0.13082427
0.08582451
0.07048105
0.07493676
0.06191497
0.069152266
0.021295397
0.04559667
0.024405848
0.024811862
0.037529703
0.029561715
0.02697645
0.050363917
0.042593457
0.066935375
0.13011271
0.097940125
0.06324581
0.09357643
0.060508303
0.037483614
0.06388691
0.029903881
0.033139393
0.054378644
0.09415617
0.1182419
0.03446832
0.046032436
0.04327814
0.041575078
0.05577994
0.042232182
0.03067295
0.1709456
0.16488254
0.03316702
0.046746626
0.02472504
0.034612417
0.01689214
0.030160535
0.050044127
0.010546756
0.058533154
0.015908197
0.004677301
0.0047149262
0.002364994
0.0042124907
0.0008236246
0.0019815802
0.0046234904
0.00893766
0.008989658
0.009194857
0.030032752
0.00443152
0.010702115
0.012398531
0.018353188
0.012526906
0.0037733999
0.0047401176
0.002060994
0.011710905
0.008401036
0.0048740664
0.013757005
0.0032979927
0.0037037956
0.0071917614
0.003633419
0.0032143092
0.0021138508
0.0018887762
0.008797806
0.010666701
0.010323129
0.038462125
0.06883712
0.064477265
0.03239142
0.041301887
0.104451366
0.048378028
0.0092599075
0.07443305
0.053465407
0.018117217
0.018367419
0.010178791
0.041341495
0.02235179
0.012668296
0.0046458575
0.0036450392
0.0016689355
0.001305031
0.00055585516
0.00040650973
0.0005095852
0.0016274862
0.00068356097
0.00076170894
0.0007507478
0.00019985638
0.00076155725
0.001914027
0.006008589
0.0146785155
0.01196612
0.047112606
0.0055242223
0.011084568
0.005678466
0.005948503
0.0050022895
0.0014229158
0.003413838
0.00170816
0.19876918
0.23478304
0.061278027
0.0036918353
0.001402875
0.00032057107
0.0015934524
0.005439977
0.0031686376
0.00054145756
0.0006183341
0.0022421414
0.004306553
0.0045772614
0.00230182
0.036791187
0.011296123
0.0056502665
0.00501929
0.005624094
0.0014447495
0.00079044834
0.002106941
0.0030981961
0.0014554177
0.002115939
0.004466628
0.0031905838
0.0032656111
0.0043898663
0.0027503201
0.0034859574
0.003526542
0.004321527
0.0053413096
0.005721052
0.09599011
0.12965333
0.14082888
0.07969817
0.106800556
0.08692357
0.0046289028
0.006003852
0.0020420095
0.0013868812
0.0026339903
0.0033673195
0.003711651
0.011290852
0.0074412064
0.12053059
0.095722094
0.049705777
0.099414565
0.05815473
0.02816383
0.030845048
0.10685631
0.16392969
0.19803998
0.11053243
0.46926174
0.61491656
0.3513814
0.185348
0.14844814
0.30200234
0.19258359
0.1444878
0.045592703
0.024098188
0.08444426
0.04381227
0.06126371
0.006173522
0.0023675675
0.0022644966
0.005775538
0.019568348
0.03355709
0.034313377
0.005852812
0.07838619
0.12733015
0.13001847
0.12916182
0.030642057
0.050064933
0.10817984
0.10426691
0.168129
0.21421525
0.2956192
0.18769461
0.19369873
0.09545781
0.19487844
0.20156442
0.21538174
0.16139174
0.14606522
0.09717558
0.04710154
0.047361705
0.0827817
0.043392945
0.03904545
0.044393055
0.032374877
0.028428627
0.061492622
0.16409072
0.064879484
0.22457817
0.26291057
0.039767917
0.0073534627
0.0057618413
0.0043408982
0.0008849612
0.0017262683
0.0017234357
0.0011194044
0.0009870995
0.0007150396
0.00048087077
0.00065100635
0.00040251823
0.00022116867
0.00020101221
0.00028836963
6.3328946e-05
3.37005e-05
4.380959e-05
4.6512796e-05
8.237311e-05
2.4443389e-05
3.25536e-05
2.7323393e-05
5.477512e-05
0.00016302077
0.00015025875
