1
0.9999989
0.99999547
0.9999969
0.9999926
0.9999924
0.99999595
0.9999918
0.9999962
0.99999034
0.9999937
0.9999945
0.99999547
0.99999285
0.9999937
0.9999951
0.99999356
0.9999862
0.9999857
0.9999881
0.9999702
0.9999833
0.99998045
0.9999745
0.99998116
0.99997854
0.9999863
0.99996734
0.99997056
0.9999628
0.9999124
0.9999397
0.99991596
0.99985087
0.999895
0.99992895
0.99987483
0.99992454
0.9999473
0.9999405
0.99992204
0.9999083
0.9999411
0.9999491
0.9999608
0.9999536
0.9999217
0.9999281
0.9999578
0.9999603
0.9999453
0.9999738
0.9999261
0.99991655
0.99989617
0.9998995
0.9998017
0.9997341
0.9998367
0.99978775
0.9997044
0.9989372
0.99765426
0.9967908
0.99256223
0.99720097
0.99650997
0.99802077
0.99924797
0.99864656
0.9982337
0.9994294
0.99886596
0.9996227
0.9958331
0.99097764
0.9831782
0.972475
0.97443163
0.9510365
0.9212828
0.8837621
0.7129703
0.5632903
0.69782495
0.8722104
0.9318139
0.9583269
0.97982234
0.9838027
0.9821659
0.99261993
0.9933274
0.98830354
0.991389
0.9976737
0.99805534
0.99400985
0.9883416
0.9944035
0.9925882
0.99634606
0.996947
0.99742293
0.9982736
0.99786466
0.997908
0.9975395
0.9985141
0.9969958
0.9979488
0.9983942
0.99932516
0.9979857
0.99842787
0.9982327
0.9981489
0.99751806
0.9961282
0.99593216
0.9962954
0.99658823
0.9959485
0.9969869
0.9865714
0.9926052
0.99409735
0.9833545
0.99380577
0.9822296
0.97690874
0.96300083
0.9871638
0.9775978
0.9763464
0.97742
0.9684405
0.99275196
0.99617034
0.9916831
0.97955036
0.98927325
0.99178195
0.99275523
0.9502477
0.8784545
0.6900722
0.7773397
0.19590062
0.31608602
0.6494521
0.12658979
0.28173313
0.053937823
0.07497439
0.05113724
0.012683113
0.014591668
0.1453985
0.026616298
0.024665777
0.07997027
0.033620864
0.02611491
0.022941755
0.010787411
0.21672054
0.0021640903
0.5223349
0.100768134
0.12128624
0.34304643
0.10312171
0.37542453
0.48970583
0.40455985
0.2673547
0.09512944
0.051418565
0.10826772
0.09032753
0.071569204
0.0065843356
0.002696448
0.0070481296
0.0041559897
0.0045907637
0.0008680637
0.0018169595
0.0021470156
0.0009570522
0.000351128
0.8082035
0.81166327
0.8270046
0.7358606
0.79399997
0.701517
0.831708
0.7829957
0.7083232
0.58268505
0.891118
0.8431501
0.6928155
0.8606451
0.871475
0.95270354
0.85017586
0.9493973
0.9715498
0.9830557
0.9721548
0.9302156
0.9153712
0.8912871
0.8470013
0.86763614
0.9837286
0.95572877
0.954211
0.950944
0.9343689
0.9031779
0.7123129
0.59757805
0.53187877
0.28276864
0.6070564
0.6192595
0.7733807
0.5892829
0.46504182
0.604371
0.7448439
0.89481026
0.92858744
0.9794114
0.9790887
0.99056166
0.9945095
0.99028367
0.96582186
0.95140636
0.9713462
0.97333795
0.98215336
0.9936713
0.98663354
0.9933733
0.9918355
0.9935222
0.993356
0.9812152
0.96149904
0.9376166
0.9667294
0.8801325
0.91340977
0.9511562
0.94862527
0.9718651
0.96184313
0.963354
0.9712762
0.9765568
0.96934694
0.9655902
0.9525728
0.9153664
0.93661785
0.9598322
0.95328027
0.95089453
0.9660075
0.96786815
0.9438643
0.96893746
0.96090406
0.979626
0.9637454
0.93233573
0.9251504
0.9440303
0.68684494
0.70942163
0.81648016
0.57249606
0.64324784
0.084559835
0.06331333
0.11887676
0.24249975
0.77298117
0.24208975
0.1823162
0.048740447
0.009732096
0.008847213
0.008759843
0.007031104
0.04970606
0.021939576
0.05913919
0.00349761
0.0013543938
0.00015917851
0.0005012595
0.00086025766
0.0007302274
0.0033020522
0.0015895587
0.0015216288
0.0017467329
0.16973294
0.21636494
0.22552148
0.12417801
0.011645879
0.0041950643
0.0044711516
0.0036814322
0.005562368
0.015663553
0.011722788
0.002679011
0.002101981
0.0008822948
0.00054929097
0.0005362613
0.1562782
0.062332317
0.003795822
0.4916071
0.39189547
0.9115254
0.9487104
0.85930836
0.91775304
0.94804054
0.8526599
0.7251663
0.7166771
0.67615044
0.36066192
0.20910123
0.15729609
0.057832655
0.065740235
0.04103725
0.06675341
0.041895237
0.19296174
0.114087805
0.37055853
0.25587872
0.20481159
0.048176944
0.0055153435
0.001895227
0.0009539242
0.83246726
0.9371393
0.93429124
0.9568337
0.96834284
0.95598435
0.9641199
0.9850894
0.98873913
0.98091483
0.9820802
0.97946894
0.972409
0.9883189
0.98664653
0.984948
0.9875299
0.9867705
0.9773541
0.97935355
0.9844552
0.9862411
0.9860654
0.9591127
0.96579874
0.9923693
0.98741156
0.97926646
0.98443466
0.9740509
0.97807944
0.98783386
0.9811354
0.98914576
0.99206394
0.9919161
0.9906336
0.9958182
0.9959098
0.9951273
0.9916192
0.99152875
0.99066836
0.9938944
0.9921355
0.99407613
0.990573
0.9902677
0.9948205
0.99715686
0.99785006
0.9985342
0.9993199
0.99931455
0.9984694
0.999263
0.99921954
0.9978841
0.9959777
0.99715084
0.9969432
0.9978834
0.9946643
0.9960681
0.9966678
0.9727049
0.9901432
0.99661034
0.9902996
0.9917646
0.9910711
0.9890653
0.99585575
0.99607337
0.9908852
0.99522495
0.9929262
0.9697314
0.9842637
0.9837113
0.944557
0.9453578
0.97039074
0.9891292
0.9005643
0.79741323
0.87581795
0.9186294
0.9482025
0.9539484
0.976909
0.9680793
0.96398777
0.9549542
0.9391542
0.97935015
0.9356297
0.9497856
0.92291594
0.97447103
0.97810864
0.9576956
0.94802827
0.96114177
0.9686215
0.9241338
0.9600075
0.9051709
0.9454128
0.90276325
0.9514303
0.9766915
0.9826051
0.94690824
0.9890477
0.98197144
0.97855103
0.9542541
0.97283685
0.9516706
0.86118203
0.9304296
0.88794553
0.769255
0.9287698
0.8750394
0.8661388
0.86321324
0.579936
0.64936703
0.61575043
0.84862876
0.9407275
0.96531117
0.95707685
0.93459886
0.97264385
0.97730243
0.9873612
0.9941696
0.9865682
0.98804456
0.9622378
0.99494165
0.97795856
0.9676519
0.9398215
0.97896147
0.95754945
0.9785205
0.98587275
0.9747489
0.9868897
0.98944587
0.99555135
0.98495954
0.98762953
0.9811798
0.9819842
0.97557926
0.9831645
0.99246615
0.99751115
0.9981306
0.9987129
0.99890375
0.99721813
0.9929651
0.99495536
0.982447
0.97900957
0.9809156
0.9926082
0.98150027
0.9816319
0.9651771
0.9853978
0.97486895
0.65327007
0.6169182
0.41110185
0.5394779
0.37454236
0.811935
0.9248337
0.8769861
0.79896045
0.7841918
0.76448774
0.8226909
0.81729317
0.8800098
0.6755271
0.5785174
0.16828121
0.16789478
0.18083507
0.18075007
0.16669406
0.109749325
0.05202272
0.1466546
0.0036344305
0.0031443317
0.0045528193
0.0031980963
0.00033450904
0.000440647
0.0005114455
2.2003162e-05
6.635341e-05
0.804261
0.6394341
0.7736433
0.8385585
0.7860319
0.76827437
0.5982815
0.4020513
0.36250478
0.53010756
0.5709714
0.5087701
0.74287283
0.73009336
0.6535347
0.63128144
0.74085766
0.65165514
0.6014892
0.8727612
0.80229986
0.63782036
0.7263029
0.64108497
0.6035872
0.87315077
0.9211302
0.95588946
0.9734665
0.960145
0.94315743
0.73512214
0.6221227
0.79451555
0.72281414
0.8097925
0.8632526
0.5876347
0.66196406
0.8462624
0.8383031
0.761764
0.85530907
0.7781146
0.7363457
0.84729487
0.87671506
0.8950478
0.8643876
0.9657124
0.96842927
0.9510183
0.91897726
0.9419333
0.95959085
0.8712066
0.5993875
0.6730663
0.8393488
0.37320992
0.38674566
0.1446637
0.07069874
0.021834655
0.15139121
0.028863393
0.025339117
0.010536929
0.62091315
0.72790474
0.6249569
0.32983464
0.0060610455
0.42230135
0.16696692
0.21527822
0.021469623
0.054760717
0.20833866
0.04042436
0.028071525
0.42844194
0.46966687
0.293519
0.19765702
0.38476124
0.36907488
0.17257434
0.30999154
0.17864919
0.2029691
0.1667918
0.0017715447
0.00013501412
0.50200784
0.31977862
0.44297314
0.40607104
0.45786193
0.40889293
0.2844334
0.26364037
0.33845553
0.32535207
0.4062256
0.55008966
0.50586194
0.50692785
0.40297514
0.24835478
0.55279905
0.38782895
0.2970068
0.4278887
0.45982766
0.20704475
0.5894072
0.40645993
0.92389876
0.614168
0.9762567
0.9714717
0.7992098
0.67752177
0.5096903
0.7171618
0.67535585
0.61258614
0.57697946
0.6801579
0.6298641
0.77107316
0.7858285
0.76491815
0.8678207
0.8586134
0.84350216
0.90980357
0.8780753
0.9123841
0.8686507
0.86913127
0.7989945
0.8767989
0.7996104
0.7365688
0.76216197
0.7108733
0.3967887
0.43537545
0.15384683
0.05938234
0.088316336
0.1635093
0.13742755
0.10588652
0.057546012
0.15274282
0.6208941
0.6159173
0.5916929
0.7967801
0.9517
0.96009934
0.88286436
0.7089136
0.35627303
0.5102182
0.68249524
0.4771887
0.66914517
0.67252076
0.7249579
0.7100235
0.57348305
0.64614975
0.7910446
0.6165527
0.57970655
0.45915347
0.8302674
0.84409165
0.95883787
0.85239637
0.9294593
0.9367549
0.9637334
0.977785
0.95187014
0.9708303
0.96771944
0.9470566
0.72843206
0.4154323
0.85180926
0.7455388
0.8663689
0.8247185
0.74033964
0.7876465
0.7005445
0.68233657
0.8340029
0.7921356
0.79596555
0.8627901
0.8973304
0.8242856
0.6468548
0.6954214
0.6839629
0.2703271
0.3369428
0.26405275
0.41871864
0.42455256
0.29975533
0.25022262
0.027977278
0.013396013
0.023483904
0.047470745
0.10437547
0.09206881
0.06528507
0.094913624
0.07139482
0.21727452
0.063929796
0.1077887
0.020502828
0.016464213
0.052508898
0.05074729
0.00808669
0.025512781
0.021147558
0.026837654
0.009621675
0.053760346
0.08707802
0.07146899
0.03109166
0.05430851
0.16728996
0.13183971
0.8094914
0.9493145
0.9241709
0.6778119
0.91237146
0.9378364
0.9472782
0.7629435
0.17824544
0.19004482
0.27559477
0.11043592
0.019868907
0.09953657
0.027508793
0.0052366946
0.00071136584
5.1446088e-05
0.00038778654
0.002325199
0.0076660123
0.007575287
0.2928349
0.2826024
0.34572995
0.08468789
0.0057275575
0.12957163
0.41306207
0.008641081
0.0054615196
0.031066956
0.040813524
0.30410576
0.006728634
0.034499053
0.0063247816
0.010056853
0.0040275594
0.004741389
0.007991396
0.00829324
0.021389779
0.015313925
0.049753353
0.013788023
0.011914613
0.057306383
0.05495919
0.13558297
0.11787667
0.28741625
0.5916471
0.4746489
0.51426154
0.39501137
0.15509215
0.3787356
0.27103022
0.08961856
0.051585138
0.042654954
0.09536259
0.2318397
0.04626326
0.019789767
0.2821669
0.4079845
0.72005194
0.38641232
0.21862972
0.15039842
0.02025297
0.036742773
0.020110823
0.013324364
0.04318664
0.06931008
0.028134612
0.05593612
0.029574549
0.025067976
0.09976545
0.11337476
0.1782136
0.55377
0.81482035
0.7258934
0.6679183
0.5932247
0.7213544
0.726269
0.8434496
0.8716078
0.93556273
0.91720444
0.8740203
0.93194723
0.9168276
0.7139967
0.439249
0.49877903
0.24702202
0.57062536
0.37352747
0.21752517
0.7045171
0.68058723
0.8104417
0.748493
0.9805283
0.98439467
0.9883951
0.9376474
0.95855343
0.9386026
0.9846405
0.9935209
0.97056806
0.98553836
0.983177
0.9753562
0.9576276
0.9358793
0.97280836
0.9825277
0.96830976
0.9681797
0.9658856
0.9719588
0.956097
0.9647887
0.92557627
0.9200329
0.84309804
0.8923879
0.89212275
0.9194025
0.87264687
0.8466404
0.66445524
0.67241895
0.73812294
0.6301291
0.35990927
0.18998547
0.017517237
0.0019207067
0.003746024
0.015126885
0.005004507
0.0045927367
0.006902354
0.09461095
0.31773812
0.43597052
0.713622
0.8435512
0.88262856
0.68418944
0.88274145
0.93216795
0.9356319
0.89850676
0.9327086
0.9564848
0.84839046
0.9527156
0.95075065
0.96402675
0.91739064
0.8026745
0.8028585
0.5281842
0.53879017
0.4463282
0.44913378
0.34542227
0.5223205
0.6747897
0.74047685
0.7276471
0.75915164
0.76189023
0.90826625
0.9216059
0.84809107
0.7963933
0.6682629
0.88640445
0.67908114
0.91661716
0.5840568
0.6649416
0.84981334
0.5809326
0.76962996
0.6013409
0.3987362
0.6054208
0.603882
0.7527043
0.8966319
0.90709984
0.8578962
0.64044946
0.72435206
0.7611771
0.55582136
0.41279352
0.3752825
0.52574366
0.18519375
0.11578193
0.2915941
0.32178995
0.003120998
0.0070740534
0.00065500865
0.0010441227
0.0012940993
0.0024095916
0.0031775788
0.0011767469
0.19631892
0.11147256
0.17678347
0.2731576
0.44297013
0.8178764
0.8726392
0.9320329
0.9537748
0.9596485
0.88739884
0.85046357
0.86002904
0.9062921
0.9549083
0.9750793
0.96583986
0.9362359
0.9790127
0.97188616
0.9293943
0.9207383
0.55178446
0.86193585
0.8704652
0.56110305
0.814672
0.2886713
0.36999607
0.5358353
0.6548489
0.5824232
0.8346274
0.8967582
0.9594398
0.93186235
0.92975485
0.757041
0.66570264
0.7353421
0.7790093
0.52809376
0.3598484
0.11392716
0.40370592
0.6475948
0.61978
0.17920001
0.5453556
0.30643356
0.29637763
0.300712
0.21876246
0.151446
0.17515217
0.24626705
0.20688446
0.22140591
0.1467691
0.11866219
0.22126037
0.18051046
0.31017184
0.5831174
0.3344818
0.46214584
0.55644315
0.7184926
0.76394486
0.45794433
0.3085368
0.0888235
0.3571772
0.3328522
0.30704668
0.17437634
0.20553857
0.13452709
0.09406538
0.119258426
0.12269432
0.43108782
0.13587263
0.024375033
0.09074363
0.050912596
0.023287889
0.070144564
0.014447838
0.01809186
0.009520485
0.0051133265
0.0027867798
0.0026371537
0.00393646
0.0008690357
0.00042989387
0.0001424726
1.9342922e-05
2.095306e-05
3.3117096e-05
7.530498e-05
2.1576192e-05
2.5610923e-05
1.4483327e-05
4.9114245e-05
8.4888554e-05
5.0891816e-05
8.350489e-06
6.768683e-06
3.885048e-06
3.471074e-06
6.114043e-06
0.2122709
0.13946845
0.047122028
0.20322251
0.08024643
0.11518715
0.048813723
0.014732703
0.16616793
0.27923194
0.09328052
0.028202372
0.035029624
0.06259183
0.16198738
0.22299722
0.51694524
0.81668663
0.8311675
0.83457744
0.8180345
0.76619655
0.69045097
0.6708668
0.44518852
0.073307514
0.041494273
0.056383688
0.11910162
0.11557052
0.13538575
0.055887323
0.114448965
0.17600326
0.21362111
0.31242648
0.36669585
0.2726255
0.16095388
0.36356002
0.53184295
0.36241648
0.19361387
0.15575996
0.029906496
0.031649627
0.010993463
0.021765836
0.01469324
0.044485215
0.055064376
0.061751604
0.14260758
0.09548412
0.01440149
0.016852379
0.06668222
0.079482
0.1574959
0.10036475
0.027968876
0.04553011
0.050354842
0.035379197
0.062227126
0.13435999
0.09201905
0.06793056
0.29113784
0.16618356
0.010968128
0.22656906
0.20838705
0.006231504
0.013179848
0.08146058
0.29594266
0.16982757
0.18299843
0.18441743
0.12392628
0.12232663
0.07952815
0.08704714
0.06213061
0.057485063
0.056210186
0.11110075
0.04009235
0.011715337
0.0035960276
0.017586058
0.026955893
0.015232505
0.010367129
0.011241879
0.053387444
0.037815385
0.083070345
0.07582439
0.20429644
0.29099357
0.17123434
0.27354258
0.058365934
0.058501508
0.02385731
0.105886385
0.04951767
0.016478397
0.010877607
0.0052976464
0.0055810316
0.057260524
0.09038689
0.0048486735
0.0013994717
0.0029664144
0.00095353357
0.0014865969
0.000304469
0.00077962683
0.00035149438
0.0004876205
0.0004092303
0.0022680515
0.0006560864
0.001329739
0.00069516746
0.00071105786
0.0011579385
0.00071467244
0.002469762
0.00416609
0.009796176
0.057553176
0.17725042
0.30639777
0.18222609
0.17582268
0.109135754
0.08324336
0.31253326
0.58359957
0.6775331
0.5857552
0.6764821
0.69265205
0.60038733
0.80068415
0.78065646
0.88543296
0.8887161
0.73872864
0.8815207
0.72369826
0.6576138
0.25352278
0.4577484
0.5313158
0.19036093
0.104064226
0.009616725
0.04928641
0.09554489
0.04017854
0.010874816
0.009096562
0.0031271426
0.00058055244
0.0028574958
0.0015078973
0.0055111237
0.0012654157
0.002016936
0.0068843383
0.06321011
0.065718524
0.3395283
0.82744133
0.8061871
0.5557996
0.9382274
0.87741274
0.65955806
0.7330922
0.5271288
0.73282325
0.7800599
0.89238906
0.8971737
0.86050916
0.78543866
0.81052077
0.8790011
0.81472516
0.7920283
0.60900325
0.60373724
0.63553816
0.43271157
0.9381334
0.9302225
0.90387714
0.84279734
0.8648196
0.95748
0.92064685
0.91133845
0.95580006
0.9318396
0.88006926
0.9407554
0.86041045
0.9423636
0.94879794
0.71036816
0.81391495
0.85375386
0.84201205
0.9495405
0.89172256
0.5969253
0.1286909
0.25926507
0.71604526
0.58831537
0.12543783
0.037417203
0.19063452
0.3391741
0.62923324
0.36992997
0.70323867
0.7632294
0.8787373
0.9848793
0.9917532
0.9819911
0.97845274
0.98063916
0.98237866
0.97069216
0.9832275
0.9588595
0.94679666
0.9056341
0.9199059
0.93002677
0.9634
0.86831015
0.84654325
0.737244
0.8240707
0.8792067
0.8939238
0.9430341
0.8676318
0.85950756
0.8083269
0.77846086
0.56107444
0.8780968
0.95280254
0.93607885
0.9410748
0.91539776
0.97206604
0.9805998
0.9926466
0.9965856
0.98636484
0.9683248
0.9483531
0.9750059
0.97366726
0.94587576
0.90452564
0.8361037
0.8659473
0.72837836
0.6848663
0.6174543
0.43410912
0.438544
0.61440605
0.25321546
0.44707444
0.54969305
0.8753918
0.94258267
0.8867478
0.9098821
0.868517
0.87003464
0.937493
0.87862813
0.80954903
0.85651153
0.95186365
0.91888535
0.93995893
0.8425346
0.88556087
0.8061135
0.8889238
0.890621
0.9324353
0.8786237
0.8104302
0.7789189
0.561085
0.41393423
0.5515098
0.6224865
0.9060882
0.8876449
0.87313676
0.6614788
0.4674347
0.8271512
0.6186449
0.35057738
0.58272886
0.16800387
0.24895346
0.17783646
0.48952982
0.1844333
0.022569716
0.6164055
0.7972839
0.56116354
0.5104824
0.47826442
0.4569857
0.51643944
0.02964592
0.065523416
0.039916478
0.024502838
0.008666066
0.0021043639
0.0008365126
0.000304862
0.0001859527
3.9215152e-05
0.000102583326
0.00014207295
1.0628715e-05
6.450119e-06
7.830907e-06
1.6789016e-06
0.58967423
0.67430365
0.77468914
0.42013255
0.71522194
0.5245127
0.51233524
0.6533626
0.5195358
0.12497924
0.096797444
0.03610401
0.058048546
0.06532666
0.09466887
0.25934514
0.22354884
0.121942766
0.0031573018
0.0009960083
0.0003549143
0.000114933595
5.7128887e-05
4.236247e-05
1.866016e-05
2.8484481e-05
1.37009e-05
1.3668483e-05
5.370893e-06
4.4045305e-06
1.6725094e-06
5.1916522e-06
2.935659e-07
4.6831536e-07
7.192763e-07
7.2787566e-07
4.1458608e-07
6.0641382e-06
1.11107e-05
4.9054608e-05
0.0001062498
0.00056648976
0.00043389676
0.00030934004
0.7878189
0.81926465
0.86251473
0.7170679
0.79938114
0.78388697
0.6730234
0.745163
0.6638559
0.7878818
0.5800986
0.5426305
0.40609753
0.09742235
0.28338256
0.14876464
0.30279267
0.3833361
0.15236512
0.0039132508
0.0035618963
0.011475325
0.0042998455
0.045609225
0.06145772
0.0035378404
0.010650982
0.0014891542
0.00040232876
0.00051396457
0.00037584253
0.00032308514
0.00010089299
0.00016598511
9.0639325e-05
0.00011315538
0.00035875282
0.00015494735
0.0006568841
0.00023665624
0.00049135333
0.0015942133
0.04054086
0.018342897
0.004418447
0.0055844835
0.0086234445
0.005268234
0.012774332
0.006364491
0.042852346
0.04163117
0.011543841
0.01363173
0.0041115168
0.0066216253
0.002751079
0.0021123637
0.00091260596
0.0015713419
0.46466044
0.5877848
0.48332357
0.41869533
0.54766935
0.66227245
0.6421414
0.8302227
0.6816854
0.849278
0.7083079
0.90110624
0.98052776
0.97263676
0.9393309
0.6384762
0.86960375
0.5170544
0.9683644
0.91673476
0.9158139
0.9163867
0.91607225
0.47817516
0.4280617
0.5232392
0.5215036
0.5706278
0.29014426
0.29662502
0.5955013
0.5427206
0.6878916
0.6393313
0.54520977
0.14664547
0.2119008
0.047986913
0.004736627
0.00063382543
0.00029199576
7.391945e-05
4.206245e-05
8.609204e-06
5.4019556e-06
4.290937e-06
2.0263185e-05
7.604997e-06
6.428202e-06
4.5851662e-05
1.8233053e-05
0.00015477222
0.00029296923
0.1819458
0.088545874
0.04110755
0.366338
0.4043086
0.18785542
0.2513434
0.20260173
0.56705064
0.4259844
0.28885958
0.6814407
0.4342519
0.85614604
0.8033237
0.618984
0.86854315
0.5002054
0.30442455
0.3038058
0.5516817
0.54759604
0.73448825
0.80986637
0.92142755
0.6505055
0.42153153
0.23278067
0.17938408
0.31451976
0.56231755
0.28913462
0.6293345
0.4793839
0.23772104
0.30991957
0.27131104
0.5374911
0.3309382
0.16747057
0.016542336
0.013247059
0.016002372
0.011641082
0.003424487
0.005158882
0.011133289
0.0033632158
0.0059977453
0.004359477
0.010404729
0.024168484
0.0008343799
0.0013111075
0.00014124063
6.665796e-05
5.177876e-05
0.5867284
0.6812943
0.5441732
0.6022259
0.7133286
0.7837867
0.8005963
0.56806594
0.5935939
0.34069157
0.08829942
0.19337851
0.17127167
0.13106625
0.4810084
0.22036925
0.37564448
0.7241804
0.85530454
0.67950517
0.9395558
0.9499214
0.91999245
0.9826513
0.9665168
0.9837467
0.9819589
0.97915775
0.98302746
0.9638614
0.9655907
0.95384264
0.96385974
0.96737695
0.961954
0.94064265
0.8407948
0.95890373
0.94510835
0.96866375
0.97285163
0.94862026
0.95662487
0.96968573
0.9842233
0.9840761
0.95086664
0.976459
0.9642933
0.9915051
0.98334724
0.9757338
0.9525008
0.9469823
0.9904006
0.9774444
0.8958231
0.91957724
0.8522377
0.9069857
0.8634873
0.95352095
0.4889474
0.9097628
0.9068731
0.92752916
0.8546947
0.87363154
0.8589772
0.9113447
0.90400934
0.7170589
0.7163379
0.4166847
0.28542125
0.30931076
0.060350623
0.064486474
0.032370176
0.022765785
0.0013568125
0.06495745
0.05544284
0.26096156
0.15209045
0.119649686
0.15574518
0.5206991
0.45783135
0.46197402
0.88831055
0.94365066
0.9883598
0.9724347
0.9629241
0.987182
0.9740849
0.94911534
0.96807
0.96290976
0.91701424
0.8917856
0.9890105
0.9325774
0.91653043
0.94812566
0.93752795
0.9593975
0.93499666
0.96703064
0.88758403
0.9468551
0.90505487
0.91044044
0.9486197
0.8845261
0.77645063
0.83632195
0.7793526
0.89329106
0.82793915
0.67567956
0.60485995
0.7747966
0.272278
0.11809784
0.44418985
0.42905474
0.5543111
0.5210235
0.48895824
0.57605606
0.6752534
0.7031578
0.9094529
0.75407094
0.85585386
0.83378714
0.7000072
0.8455638
0.51901
0.21496025
0.2692233
0.09026948
0.0055978503
0.0025977695
0.01243617
0.002781528
0.008540043
0.0020965503
0.0039053038
0.0031909538
0.0014397728
0.0042376877
0.03198063
0.012532156
0.009780901
0.08155182
0.16187201
0.15321195
0.113563925
0.34364584
0.37500235
0.42158946
0.46978897
0.20631018
0.1570927
0.19994557
0.15731104
0.023985319
0.3530457
0.32476696
0.13360003
0.1536193
0.14607106
0.14242001
0.037543908
0.015134081
0.13984145
0.0066049844
0.0016115162
0.00086165156
0.0012536282
0.007873693
0.10646865
0.353743
0.36452207
0.48802447
0.4045709
0.17322952
0.23164208
0.07148714
0.024810882
0.08566606
0.00024093258
0.00016539502
0.12358465
0.008173518
0.0054861438
0.008586123
0.0066279946
0.04560295
0.0099051315
0.004518694
0.000787081
0.00027231863
0.00035301782
0.0014962573
0.001373374
0.0025572302
0.006464166
0.05243969
0.091021255
0.18517396
0.15364574
0.34227613
0.4867363
0.13305093
0.1494566
0.14970075
0.08566861
0.03135741
0.004686444
0.0003986833
0.00012347767
4.108365e-05
0.0002255404
0.0012891699
0.00079012197
0.0010947266
0.0004196943
0.00093332044
0.00052753475
0.0002887848
0.0003344
0.00021010173
4.5488527e-05
2.3456994e-05
1.2150354e-05
1.0674487e-05
2.6896714e-05
1.4630058e-05
1.0807567e-05
9.000397e-06
9.839868e-06
2.75739e-05
8.4544656e-05
0.00019720681
0.00029828047
0.00014913127
0.00023732509
9.203381e-05
4.696963e-05
2.720089e-05
0.84179133
0.61946243
0.45072028
0.4508667
0.3875374
0.25908348
0.2905772
0.16406418
0.14557695
0.23131825
0.37454885
0.32554194
0.43939987
0.6628845
0.7175178
0.7383263
0.60029614
0.50597596
0.5738251
0.79699653
0.7810325
0.7632357
0.88646936
0.83836347
0.87775236
0.90485907
0.91782975
0.70321006
0.71130353
0.5990207
0.6575956
0.654176
0.54602313
0.7064086
0.72746706
0.7865674
0.7192565
0.72871804
0.84132886
0.82487774
0.76795226
0.7574987
0.6333266
0.5829897
0.51161784
0.345603
0.5757461
0.46447426
0.56480294
0.19283687
0.24210781
0.114880234
0.066917725
0.010836343
0.003207082
0.007615824
0.0027269854
0.0023511045
0.0015424833
0.0022866041
0.04167507
0.051435295
0.35799766
0.75021076
0.5825258
0.25876865
0.15976287
0.031210672
0.17021585
0.0030374553
0.0004040325
0.0005864109
0.0014429146
0.0005036524
9.641247e-05
6.640241e-06
4.4316607e-06
9.042416e-06
1.9479962e-06
4.5948345e-06
2.0256011e-06
2.6598698e-06
0.27206025
0.25175786
0.60935324
0.49076632
0.16114
0.18861519
0.31696174
0.64111346
0.5496797
0.6296196
0.79075193
0.769625
0.6457374
0.55289996
0.32349688
0.31376627
0.11407895
0.36591795
0.10396314
0.14817114
0.28117526
0.18814886
0.11009577
0.072018854
0.078753084
0.052409284
0.10615791
0.07901196
0.1930708
0.10893098
0.5160158
0.566798
0.1849862
0.09909096
0.323966
0.49497223
0.65733004
0.77974725
0.8278141
0.854778
0.70948416
0.7314028
0.55849445
0.7102522
0.574401
0.29584405
0.13004693
0.26230127
0.20391947
0.16787286
0.40019622
0.67448306
0.37643653
0.17545797
0.04126527
0.017938014
0.07071235
0.018313874
0.03479461
0.008989813
0.0016476373
0.0020768207
0.0033931562
0.001205728
0.007073002
0.0017545192
0.0057094926
0.00032670103
9.495328e-05
6.0456743e-05
0.6650718
0.8497858
0.8669714
0.9459019
0.967838
0.96956974
0.9793427
0.9520284
0.9479104
0.9484466
0.92677313
0.8309183
0.835718
0.87949485
0.87119967
0.9003885
0.90787435
0.92038774
0.9351137
0.8868735
0.9134101
0.9389465
0.89465153
0.8802303
0.8524081
0.93615144
0.9158078
0.9631062
0.947026
0.96297234
0.9259228
0.9327198
0.967029
0.9680351
0.9612138
0.92777425
0.95088774
0.8385377
0.9566364
0.97087157
0.9443436
0.9524555
0.9447716
0.92399055
0.9308474
0.98689485
0.98032045
0.96715957
0.98306847
0.9655326
0.96372896
0.9644895
0.9677655
0.9858846
0.9791779
0.9630557
0.92687154
0.936977
0.9134347
0.93288755
0.8778782
0.9017782
0.9525989
0.9377149
0.8798635
0.92840594
0.94741374
0.93966335
0.8994965
0.8690693
0.8807489
0.9239208
0.9641698
0.8513725
0.90837884
0.95022875
0.9751405
0.973152
0.9733777
0.9605666
0.9658784
0.9451779
0.97268254
0.9162292
0.8306972
0.88228565
0.9005442
0.8533783
0.7341255
0.577859
0.58477074
0.7534683
0.6540242
0.69558465
0.09631782
0.14638007
0.32443777
0.100561894
0.0037824665
0.0011439295
0.0009057152
0.0013759898
0.0007066601
0.00037851845
0.0009033736
0.0026445691
0.0072002443
0.0030506428
0.0031873474
0.0014238097
0.002390134
0.023683008
0.120285474
0.17105432
0.31701595
0.7172122
0.7737405
0.8006033
0.6806614
0.4349177
0.37598556
0.526746
0.759275
0.78283733
0.857948
0.89933467
0.76280576
0.6544877
0.9084018
0.7086415
0.6710336
0.56768996
0.7444732
0.8048417
0.6330202
0.5645925
0.4163264
0.44697747
0.5164073
0.53225327
0.64897066
0.6033173
0.587693
0.60449964
0.7070683
0.53287584
0.65072745
0.6161205
0.7676291
0.7184567
0.49612495
0.88877946
0.85152185
0.84800434
0.8421805
0.88980705
0.8745775
0.8062375
0.8164151
0.89171404
0.9256116
0.9169447
0.8796397
0.90832496
0.91115224
0.94442207
0.92010003
0.8646945
0.84303
0.7636158
0.82575107
0.9246552
0.86848545
0.9435782
0.8916843
0.9230895
0.88431317
0.93708646
0.9655507
0.8852375
0.8502643
0.9370032
0.8752787
0.78846
0.8829879
0.87293166
0.8515863
0.9449456
0.9157769
0.9677232
0.99059534
0.97929436
0.960829
0.9785175
0.98822486
0.9701432
0.9220954
0.93968225
0.9408664
0.97348535
0.96313643
0.93261737
0.97404975
0.9726644
0.9747586
0.97782576
0.88603884
0.89536667
0.7437557
0.6081685
0.3872527
0.6568947
0.53605455
0.68744975
0.69859403
0.6909198
0.79149765
0.87389433
0.91030616
0.94678265
0.92924505
0.9717642
0.96373814
0.9714389
0.98405355
0.9710831
0.97386837
0.9725186
0.93783355
0.9715353
0.94670165
0.963357
0.93582064
0.9158574
0.9287656
0.9313468
0.9564798
0.9429725
0.93059516
0.91016936
0.93654233
0.9493474
0.978019
0.96957356
0.9612675
0.9761835
0.98226756
0.96722233
0.9313892
0.9453591
0.97496915
0.9147122
0.8490185
0.91189045
0.9378705
0.90166724
0.82803833
0.9157379
0.74117756
0.8890462
0.8852594
0.9274309
0.9388083
0.9339114
0.9617155
0.96366143
0.9763663
0.93136925
0.93502903
0.9197675
0.8981852
0.9080245
0.91013265
0.8882943
0.88499224
0.8601764
