1
0.9999325
0.9999962
0.99987936
0.99999547
0.9999981
0.9998889
0.9999877
0.9993569
0.99993634
0.9999926
0.9999975
0.9999982
0.9999993
0.9999989
0.99999845
0.9999975
0.9999914
0.9999951
0.99999464
0.9999981
0.99999464
0.999995
0.9999982
0.9999962
0.99999857
0.99999917
0.9999988
0.999998
0.9999994
0.99999774
0.99999857
0.9999951
0.99999416
0.9999956
0.99999356
0.9999924
0.9999925
0.9999949
0.9999937
0.99999094
0.999995
0.999992
0.999997
0.99999964
0.9999995
0.9999989
0.9999981
0.99999726
0.9999945
0.9999939
0.99999166
0.9999943
0.99999547
0.9999951
0.99999654
0.9999937
0.99999094
0.9999858
0.99999547
0.9999964
0.99999297
0.9999958
0.9999945
0.99999774
0.9999988
0.99999845
0.99999774
0.9999989
0.99999917
0.999995
0.9999964
0.9999976
0.99999666
0.99999595
0.9999902
0.9999975
0.99999785
0.9999968
0.99999654
0.9999906
0.99999404
0.99998856
0.9999503
0.9999527
0.99995375
0.9997818
0.99798286
0.9988637
0.9988111
0.9998016
0.9999615
0.9999682
0.99998164
0.9999629
0.9999435
0.99982494
0.9998605
0.9997347
0.99991524
0.9999366
0.9999211
0.9998522
0.99954873
0.99916506
0.9956781
0.99766266
0.99811816
0.9934453
0.9996227
0.99993026
0.9999454
0.9998431
0.9997259
0.99978954
0.9995535
0.99782723
0.9920432
0.9869658
0.99785584
0.9979353
0.9786784
0.885772
0.92307264
0.8161196
0.9761352
0.9984577
0.9986047
0.99900275
0.9995523
0.9998723
0.99996924
0.999987
0.9999963
0.9999815
0.9999733
0.9999707
0.99996936
0.9998604
0.9998926
0.999967
0.9996158
0.99905926
0.9900698
0.99614245
0.9838885
0.98064214
0.9970592
0.9984522
0.99985635
0.99971503
0.9990652
0.99981314
0.99993765
0.9996402
0.99893814
0.9977843
0.9975193
0.9955564
0.9986572
0.99595475
0.9975561
0.99596065
0.99821365
0.9989071
0.99917823
0.999201
0.9987858
0.9965407
0.9990771
0.9998665
0.99979705
0.99992275
0.99982184
0.99964976
0.9997044
0.99979717
0.99977046
0.9994956
0.99923086
0.9993907
0.99897987
0.9990472
0.998295
0.9979372
0.9984988
0.99667716
0.9983613
0.9984687
0.99831414
0.9968148
0.9971167
0.99827206
0.9987846
0.9981883
0.99811965
0.99322575
0.99127805
0.99193054
0.9906556
0.9905591
0.97457904
0.98077744
0.9753136
0.98574615
0.9841155
0.98824674
0.9880725
0.9917635
0.97960585
0.9970289
0.99695337
0.9950039
0.9983937
0.9987184
0.9985468
0.9993274
0.99953306
0.99942905
0.99970907
0.99987316
0.9999081
0.9996557
0.9995572
0.9987766
0.99902844
0.99905246
0.99938965
0.99951494
0.9997259
0.9999559
0.9999522
0.9999081
0.999944
0.99993205
0.99996114
0.9999629
0.9999534
0.99992883
0.999892
0.9997861
0.99983466
0.99939656
0.9988171
0.9995403
0.9993612
0.9996333
0.9996723
0.99955016
0.99959964
0.99934596
0.99958473
0.9991472
0.99762195
0.987805
0.9885633
0.9769792
0.973034
0.94400054
0.9864292
0.9580041
0.98076093
0.99531186
0.99218565
0.9961133
0.9921897
0.99534214
0.97662455
0.9956512
0.99520844
0.99689424
0.9966898
0.96012956
0.9192434
0.90225524
0.776395
0.573325
0.8816058
0.7957422
0.9363648
0.9740857
0.99527186
0.99865985
0.99976104
0.99997497
0.99998033
0.9999932
0.99999845
0.99999905
0.9999976
0.9999957
0.99999654
0.9999926
0.999987
0.99998903
0.99998724
0.99995124
0.9999527
0.9999399
0.9998203
0.9995571
0.9988115
0.9986376
0.99792385
0.9969885
0.99916637
0.9987264
0.9996131
0.9995906
0.9997286
0.999944
0.99993396
0.9982516
0.9993204
0.9983753
0.99997604
0.99995553
0.9998622
0.9999113
0.9999192
0.99985147
0.99974674
0.9998109
0.99944633
0.9995703
0.9992169
0.9996018
0.99958366
0.99974865
0.99935716
0.9939138
0.9867756
0.9932207
0.98843676
0.9796735
0.99013317
0.9887565
0.9925607
0.9852911
0.9901354
0.99372756
0.9983821
0.99870825
0.99868196
0.9991722
0.9983962
0.9991479
0.9983151
0.99830353
0.99736685
0.99591196
0.99817204
0.9980332
0.99791056
0.9944713
0.99176264
0.9825911
0.9779539
0.9848583
0.9779675
0.9476226
0.9914997
0.5874024
0.22258691
0.26586658
0.47841534
0.7477744
0.4852995
0.9251666
0.97982055
0.7452504
0.9876202
0.9910329
0.9965892
0.99876654
0.9962837
0.9893338
0.99169636
0.9457048
0.9940705
0.99803823
0.99961805
0.9999205
0.99996054
0.99998033
0.9999752
0.9999734
0.9998878
0.99972075
0.9998349
0.99964905
0.9995388
0.99906176
0.9981122
0.99671113
0.9973592
0.9960246
0.9958514
0.99620616
0.99759847
0.99576026
0.98867583
0.8527598
0.6730259
0.40436172
0.4928553
0.37160364
0.6407409
0.8246138
0.6515884
0.7169339
0.6092005
0.85203433
0.7297686
0.940691
0.9503698
0.9442833
0.8977313
0.71565455
0.6414895
0.5706016
0.7540326
0.8848446
0.7525564
0.8164991
0.73482174
0.93351585
0.79082125
0.64498293
0.5249269
0.42337492
0.4374422
0.5519378
0.83788115
0.77372295
0.9714769
0.9536793
0.9355234
0.9684236
0.94319874
0.910961
0.94115293
0.9887582
0.9905998
0.9505644
0.9470032
0.95601565
0.9304064
0.697637
0.39118236
0.79138434
0.9583516
0.9400532
0.86743444
0.8868922
0.7346456
0.4826996
0.36768568
0.58937377
0.35735437
0.4792738
0.85601926
0.9427891
0.8952396
0.89778256
0.9448213
0.9710307
0.9188621
0.8816758
0.7310296
0.56102216
0.7673994
0.75980765
0.9584981
0.9020461
0.8730441
0.92558753
0.97102046
0.96634245
0.98064524
0.9888405
0.9784896
0.9615033
0.989801
0.99467
0.9879469
0.9803935
0.98445755
0.994972
0.99351525
0.960725
0.72984827
0.7571229
0.58392453
0.42521974
0.3632901
0.26310837
0.15449943
0.08547676
0.28668913
0.22424957
0.11560576
0.22373232
0.37464324
0.8814605
0.957161
0.85054
0.5948515
0.9259641
0.5507622
0.7614336
0.8784053
0.98842686
0.9804632
0.9885916
0.9794962
0.7881134
0.72696686
0.710416
0.89235544
0.9410993
0.97694427
0.9867753
0.97672856
0.99263096
0.99817216
0.99409145
0.9919647
0.98399216
0.9893953
0.9840763
0.9639169
0.96980333
0.9876018
0.99571687
0.9978927
0.9986413
0.99938715
0.9992667
0.99889815
0.99861825
0.998774
0.99830663
0.99756575
0.99851483
0.9984975
0.9949449
0.9937866
0.98315954
0.9907781
0.99732757
0.99682224
0.9771385
0.98779184
0.99072486
0.9689528
0.931562
0.9398312
0.94898653
0.9852107
0.9858219
0.9966509
0.9985592
0.99811745
0.9947143
0.9957877
0.99120504
0.99383426
0.9950518
0.9967152
0.9977016
0.9954839
0.9934843
0.9890798
0.99551743
0.9979826
0.99782467
0.9982267
0.9984322
0.9942168
0.9930821
0.98810405
0.9943374
0.9946556
0.99263215
0.9943346
0.9893385
0.99267393
0.99217814
0.9918516
0.9971987
0.99381363
0.9928799
0.99324244
0.9985576
0.996696
0.9951338
0.9864514
0.98645043
0.97098607
0.9819566
0.98562664
0.9745598
0.96647996
0.97851074
0.9825491
0.9327553
0.9749683
0.97199035
0.97472906
0.98877037
0.9882598
0.99199826
0.9974746
0.99728274
0.9972531
0.99565506
0.9873552
0.9881356
0.993458
0.98339915
0.99444383
0.98325664
0.9709935
0.86276376
0.7321277
0.4379231
0.65314096
0.5926264
0.95203686
0.97496355
0.9427559
0.9472171
0.98583096
0.9899435
0.9914621
0.9985807
0.997872
0.9976821
0.99836
0.9979557
0.9976248
0.9993741
0.99948955
0.99792165
0.9989967
0.99648595
0.99403054
0.98235184
0.9966403
0.9992611
0.99934894
0.99851817
0.9983059
0.9989513
0.998936
0.9992562
0.99794835
0.9989691
0.9994553
0.9969206
0.9765911
0.9466338
0.9814
0.905178
0.9772174
0.9977398
0.998538
0.9965
0.98538536
0.9858872
0.9749135
0.96572644
0.98127234
0.9802201
0.97683346
0.9756203
0.9544901
0.8721694
0.9505952
0.97101206
0.97012883
0.9785538
0.99301153
0.99835926
0.99643326
0.9939029
0.98691076
0.9770567
0.9815838
0.9879583
0.98155206
0.9844563
0.9907419
0.9884991
0.98687625
0.9865079
0.9875485
0.9790623
0.9806804
0.96269
0.9065204
0.9405208
0.96494293
0.95751905
0.9871408
0.9681227
0.97903
0.9663418
0.97718906
0.94659173
0.97237813
0.98485154
0.993807
0.9962739
0.98119056
0.9747654
0.9803018
0.9925961
0.9929262
0.9942688
0.9922287
0.9960233
0.9945557
0.9981888
0.9955428
0.990949
0.99390244
0.9800008
0.9835315
0.9868998
0.971807
0.9895615
0.99526155
0.99658966
0.99052835
0.9932111
0.99892884
0.99870515
0.998757
0.99956995
0.99973994
0.99995136
0.999729
0.9991202
0.99932945
0.9997292
0.99971145
0.9992436
0.9870024
0.9854035
0.97966135
0.9327049
0.92813987
0.87102705
0.83240634
0.85760295
0.8663942
0.90987766
0.92233384
0.81585586
0.39459783
0.6608046
0.7346244
0.36731356
0.8984088
0.98566365
0.957585
0.94211626
0.8288338
0.83862096
0.80281436
0.9155634
0.9486141
0.9797361
0.95876575
0.985123
0.9670445
0.98176503
0.9916905
0.987513
0.99662066
0.9938783
0.9805798
0.98556817
0.9798306
0.97240406
0.9583296
0.9386356
0.8820589
0.88363457
0.91389275
0.9764525
0.97906667
0.98550516
0.99487877
0.99482036
0.9959835
0.997729
0.99862456
0.9908591
0.97706544
0.9763323
0.98134834
0.986186
0.97005916
0.9782738
0.9762744
0.9770239
0.9786558
0.8785088
0.8624171
0.9241926
0.74053943
0.57297647
0.78409874
0.76465243
0.85716337
0.62880915
0.5264726
0.77750087
0.827384
0.7859185
0.9194934
0.9450679
0.96456313
0.9356628
0.9638834
0.96013224
0.9568394
0.8791937
0.83991563
0.8228767
0.9127069
0.87941897
0.9217163
0.8529543
0.8242201
0.9563135
0.87988603
0.87118644
0.91662014
0.85369384
0.93475646
0.83310974
0.8893736
0.80865633
0.82969064
0.9038641
0.94592303
0.83346534
0.97730815
0.93461293
0.96728224
0.9607498
0.9763184
0.98405856
0.9651068
0.924336
0.98518676
0.9886309
0.9807638
0.9752147
0.9547549
0.90301824
0.9215995
0.97834605
0.98878294
0.9971187
0.9980136
0.9959823
0.9958897
0.986179
0.95248944
0.97215265
0.94832385
0.95010465
0.98166466
0.996372
0.99864537
0.9990257
0.9995505
0.9989813
0.99940526
0.99961865
0.99982506
0.99981576
0.99981755
0.9997495
0.999113
0.9992674
0.9976845
0.9917911
0.9945412
0.98848337
0.96824783
0.9687061
0.9603626
0.9434889
0.9714769
0.9862184
0.9745768
0.97589535
0.9954875
0.97027034
0.98198664
0.9961195
0.99647564
0.9987135
0.998097
0.99909055
0.9992906
0.9991935
0.9914124
0.9982583
0.9965454
0.99896085
0.994615
0.9788157
0.98777175
0.9870064
0.99229056
0.987916
0.97733885
0.94114566
0.9768976
0.95186293
0.9816945
0.98010945
0.99145186
0.99437875
0.9956449
0.9969348
0.99669445
0.97361
0.97377896
0.9749653
0.9949228
0.99130297
0.985911
0.933428
0.8503164
0.6860739
0.21116257
0.36259514
0.6431224
0.85059386
0.9328696
0.868696
0.9010657
0.8272818
0.5105207
0.50043494
0.35075936
0.67209476
0.85757804
0.9502165
0.971782
0.9934034
0.9826811
0.9932121
0.9683875
0.9271575
0.9895957
0.9885007
0.9916334
0.97658837
0.9795853
0.9799125
0.98918205
0.9732564
0.9786306
0.9837801
0.97709024
0.9846169
0.9893038
0.98313254
0.99473983
0.99121034
0.9896741
0.9845429
0.97967005
0.98540455
0.9695384
0.9414864
0.9523517
0.9037985
0.9375736
0.97350186
0.8963482
0.9607631
0.9442248
0.9390376
0.9244833
0.935742
0.9284612
0.9241066
0.9695729
0.9210273
0.9211791
0.87272316
0.83248866
0.50123227
0.34320322
0.37230125
0.54924685
0.60870224
0.6587531
0.874394
0.9800601
0.98114693
0.9813378
0.94069016
0.9540943
0.9527375
0.9510869
0.94105464
0.95326
0.9828462
0.97734356
0.9951959
0.994936
0.99267054
0.99028426
0.9738013
0.9764473
0.99511683
0.9894936
0.9912059
0.98867255
0.99025834
0.96789306
0.8970085
0.9347937
0.9438738
0.9789411
0.9748692
0.9791494
0.9586712
0.9547012
0.987153
0.98554426
0.9754529
0.9847009
0.98234826
0.9912574
0.9582295
0.39958987
0.15701002
0.30952686
0.77845615
0.70942867
0.60869217
0.15868858
0.75572133
0.8131843
0.48380327
0.32819477
0.34303054
0.34853497
0.091400556
0.9285458
0.9584145
0.9881434
0.98384905
0.99106824
0.9866926
0.99182385
0.98179126
0.98711294
0.9908093
0.9827428
0.99032146
0.9935307
0.98160386
0.99207085
0.9895886
0.9763991
0.97401536
0.98107576
0.97785395
0.9856204
0.98872375
0.99033946
0.982248
0.98368835
0.982496
0.93717325
0.9298547
0.9663562
0.9702204
0.92184794
0.9432406
0.9470644
0.98127675
0.9712216
0.98197883
0.9888642
0.9869665
0.9910074
0.9945732
0.99115026
0.9723769
0.9936494
0.98511374
0.9970817
0.98344076
0.97232336
0.9855533
0.98774105
0.9599528
0.9850641
0.98335993
0.99409086
0.9833497
0.9838266
0.9815655
0.99394256
0.99602306
0.99610186
0.9986959
0.9978097
0.99828833
0.9993049
0.999074
0.99961144
0.99956244
0.9987551
0.99808854
0.99553216
0.99435586
0.98776674
0.99475044
0.9964725
0.9837652
0.9978503
0.99391526
0.9978198
0.99546885
0.99660134
0.99786747
0.9952152
0.9996424
0.99983895
0.9994469
0.99896836
0.99512625
0.99684083
0.9955642
0.9962813
0.99047273
0.9974316
0.99717677
0.99688196
0.9989002
0.9962135
0.9934668
0.9985896
0.99891365
0.9964355
0.99897975
0.9978713
0.994089
0.9882848
0.99723
0.99532783
0.9980788
0.99237967
0.99815875
0.9980186
0.99842536
0.9984262
0.9985923
0.9986432
0.99214727
0.9960258
0.9830111
0.9825204
0.988301
0.9901944
0.9919116
0.98709744
0.994668
0.9921591
0.996406
0.9948822
0.9977424
0.99558395
0.9960576
0.9952969
0.9948354
0.9974269
0.99754447
0.99811506
0.99654925
0.993761
0.99710375
0.9988329
0.99881834
0.99830085
0.99880016
0.99869627
0.9996215
0.99929035
0.99947006
0.999337
0.9988481
0.9960135
0.9859795
0.980123
0.96010387
0.9567811
0.9617721
0.941329
0.9329223
0.9759645
0.9725591
0.9959286
0.9981933
0.99851316
0.99842155
0.99917185
0.9971209
0.99892455
0.9966949
0.9957949
0.9951623
0.99324507
0.9753586
0.97773266
0.9709897
0.9754794
0.9715465
0.96710825
0.9653026
0.97372335
0.9868482
0.9850455
0.9948026
0.9959627
0.9972109
0.98394
0.9913886
0.9948807
0.9946233
0.9885427
0.99158853
0.99248344
0.9987558
0.9992804
0.9987109
0.9996829
0.9988997
0.9994537
0.9991629
0.9988261
0.99862945
0.9989471
0.99829787
0.998312
0.9880527
0.9906571
0.9975019
0.99921596
0.99363697
0.99027133
0.9750636
0.96811813
0.6088078
0.27031088
0.07886212
0.30927056
0.49857345
0.44558045
0.34506172
0.8109318
0.89507407
0.90836096
0.9421183
0.9880944
0.978924
0.859578
0.9190483
0.95275193
0.81773406
0.25144747
0.16053285
0.44337904
0.21219693
0.0817475
0.18429647
0.23731944
0.3717667
0.7858642
0.7759858
0.94885737
0.9784509
0.9894995
0.99831176
0.99913365
0.9994312
0.9996792
0.9992986
0.9985259
0.99718696
0.99763143
0.99788433
0.9996138
0.9986249
0.999006
0.99578744
0.9942905
0.99634117
0.99225086
0.9927167
0.9920655
0.9923568
0.9949674
0.9930856
0.9942478
0.99867696
0.9991761
0.9976675
0.984559
0.9799911
0.97794944
0.9772323
0.98795074
0.9929422
0.9954216
0.99631363
0.9944654
0.9953099
0.97581464
0.9713147
0.97512484
0.9672628
0.9787233
0.93102896
0.86797196
0.7828504
0.50508916
0.8189272
0.6264661
0.9155478
0.9256043
0.86989313
0.83586925
0.9180809
0.9756344
0.98925006
0.99321765
0.997015
0.9963619
0.99253863
0.99765223
0.99873596
0.99926907
0.99974126
0.99984133
0.9998348
0.99982613
0.99980813
0.9997422
0.9998111
0.99980944
0.9995635
0.9997609
0.99979347
0.9997961
0.9998658
0.999833
0.99970764
0.99978596
0.9989178
0.9990068
0.998054
0.9966916
0.9780913
0.9739769
0.9832999
0.9633915
0.936359
0.9396776
0.93584514
0.94054586
0.98193085
0.9352433
0.89204013
0.7417461
0.43463945
0.016590727
0.71541923
0.7931617
0.94534385
0.9695005
0.93101037
0.8061734
0.91294986
0.97782886
0.9914784
0.9954886
0.9974233
0.99927443
0.99918026
0.99736804
0.99748284
0.99744475
0.9992557
0.99922943
0.9998752
0.9997315
0.9998779
0.9998357
0.9997234
0.9991819
0.99788
0.99938667
0.99735945
0.9899094
0.9890436
0.9950976
0.96139306
0.9369866
0.7940043
0.3300285
0.45258117
0.5070099
0.646223
0.86925644
0.799473
0.92395735
0.94028974
0.93916565
0.8880095
0.8531989
0.89755064
0.90668523
0.8673684
0.9147046
0.9608787
0.92217356
0.96444696
0.93327564
0.93061376
0.9200417
0.89334804
0.9263233
0.8516256
0.8849314
0.8500432
0.82465667
0.9198185
0.8767191
0.9157192
0.88744026
0.60573095
0.5151995
0.6026401
0.59625435
0.64177495
0.41763988
0.50299424
0.7944252
0.90134305
0.91405815
0.8889296
0.9008902
0.8999123
0.9733542
0.99368966
0.9995591
0.99977237
0.99958855
0.9995478
0.9970426
0.9800624
0.99346864
0.9935314
0.99987817
0.9998252
0.99953437
0.99778783
0.9995735
0.9997316
0.99978596
0.9997092
0.99798405
0.9981198
0.9943376
0.99514836
0.9938198
0.98392683
0.9907334
0.99725145
0.9992003
0.9992644
0.99929047
0.9988846
0.99909604
0.99965703
0.9994541
0.99939656
0.9991736
0.9995703
0.99974686
0.99978465
0.9998547
0.9997807
0.99979144
0.9997811
0.9997669
0.9995604
0.9985656
0.9997342
0.9998172
0.9993704
0.9997911
0.9997712
0.9996903
0.9998499
0.9999336
0.9996437
0.9998466
0.99974126
0.999877
0.9999281
0.99967444
0.9995788
0.9988192
0.9996351
0.99985373
0.9988959
0.9955687
0.99472445
0.9985384
0.99843544
0.99970764
0.99981123
0.99996495
0.9999201
0.9999608
0.9999459
0.99904865
0.9994779
0.9979729
0.99846566
0.99796957
0.9986972
0.9987613
0.9979869
0.98762614
0.9814239
0.9622084
0.93087417
0.96319956
0.9975847
0.99670887
0.99773586
0.99215335
0.9913009
0.9976088
0.99900085
0.9994748
0.998432
