1
0.9999888
0.99999714
0.99998033
0.9999603
0.9999875
0.9999864
0.9999883
0.99996066
0.9999608
0.9999249
0.9999635
0.99997485
0.9999683
0.99997985
0.99993956
0.99995995
0.9999329
0.99988306
0.9998983
0.99982977
0.9998735
0.9999356
0.9998816
0.9998847
0.999795
0.9998381
0.9997881
0.99993
0.9998568
0.9999387
0.9998273
0.9997917
0.99969625
0.99967873
0.9995516
0.99963784
0.9996828
0.9993235
0.999869
0.9996555
0.9995291
0.99987423
0.99980634
0.99965096
0.9991721
0.9997228
0.9994985
0.99981695
0.99960107
0.9995364
0.9991757
0.9994904
0.9994567
0.99963605
0.99964297
0.9997249
0.9996979
0.9997105
0.9996408
0.9991748
0.9991339
0.9995441
0.99829143
0.99893075
0.99762756
0.9998853
0.99969006
0.9997656
0.99972504
0.9997985
0.9997656
0.9995086
0.99979323
0.9997718
0.99960357
0.99979407
0.99990165
0.99989045
0.9998685
0.9996666
0.9996093
0.999876
0.99974555
0.99980897
0.9996562
0.99978584
0.9998344
0.9998216
0.9997551
0.9997398
0.99985135
0.9999418
0.99995685
0.9999237
0.9999211
0.99996734
0.9999422
0.9999188
0.9999279
0.99994755
0.9999113
0.9998462
0.99977404
0.99995553
0.9997327
0.9998884
0.99986315
0.9999131
0.999806
0.9998846
0.99991024
0.9998599
0.9996922
0.9998894
0.9999088
0.9999094
0.99984896
0.99986506
0.9998721
0.99986255
0.99987733
0.9998634
0.99981874
0.9996475
0.9994955
0.9981774
0.9954137
0.9894002
0.9621178
0.9768981
0.97977144
0.9768877
0.9919139
0.9912827
0.99446917
0.99646264
0.9980628
0.9973482
0.99673307
0.99745613
0.99837387
0.99892753
0.99903417
0.9984516
0.99856263
0.9983045
0.99402446
0.9871935
0.961597
0.90809125
0.8273365
0.7902521
0.9527553
0.9535304
0.9655666
0.9215159
0.97485864
0.9538758
0.92290676
0.9495999
0.9662805
0.90011585
0.9486589
0.9859373
0.986932
0.98065776
0.9859117
0.98297274
0.9707146
0.9666513
0.9548164
0.8727781
0.6766584
0.58146137
0.29897335
0.21236107
0.12853923
0.16755861
0.1598756
0.8945737
0.474513
0.5379268
0.85313076
0.9565188
0.96383494
0.9908097
0.9750479
0.9678693
0.9818641
0.9925209
0.99511504
0.9948775
0.98740107
0.98008597
0.96329445
0.94084215
0.86506534
0.62973243
0.6771796
0.7954311
0.7414153
0.8174976
0.8048177
0.7509272
0.77132654
0.8139024
0.9081684
0.8812419
0.8976582
0.9703038
0.8903436
0.9422437
0.92122597
0.9622082
0.84094906
0.705577
0.6929951
0.84881055
0.84135514
0.9115181
0.8776942
0.87158626
0.88465804
0.92904866
0.8437174
0.90845025
0.9342795
0.9340753
0.9683652
0.9704635
0.98213756
0.9646021
0.9515915
0.97845066
0.9682542
0.9356271
0.76593995
0.614449
0.7083234
0.566666
0.5346519
0.373342
0.47196433
0.44648936
0.495944
0.44194922
0.5478733
0.4362686
0.5640745
0.58073467
0.37901458
0.14731568
0.44288683
0.49338326
0.22915725
0.09431478
0.17716664
0.11705847
0.21770993
0.100072466
0.11276124
0.7848911
0.7773617
0.7007104
0.5079424
0.44392914
0.3288848
0.41902733
0.35326895
0.52538514
0.32520396
0.43027323
0.4165702
0.6064019
0.48011968
0.38201228
0.4229404
0.3372568
0.41334733
0.6207971
0.5581546
0.6846085
0.34555745
0.45114952
0.37740758
0.25074124
0.16676053
0.07869345
0.20840572
0.54545677
0.70403826
0.5406243
0.7551834
0.62797827
0.7173728
0.5991418
0.4875684
0.6934658
0.49259055
0.6887643
0.89280975
0.8752241
0.94666237
0.9586
0.979185
0.9697017
0.97113514
0.91157824
0.954452
0.9261654
0.72212726
0.8387284
0.4657095
0.37551042
0.4743327
0.40249592
0.49334356
0.8704681
0.9257642
0.9696656
0.9592438
0.964778
0.9749315
0.99646986
0.99803406
0.99707425
0.9957521
0.9921658
0.98417616
0.9228464
0.93749756
0.8965911
0.901871
0.8061127
0.8886179
0.946139
0.97965497
0.9927194
0.9924098
0.9920358
0.998403
0.9984836
0.99742496
0.99936146
0.99940705
0.9987411
0.99664223
0.98808753
0.9864218
0.98821867
0.98839694
0.9943836
0.98636717
0.9817078
0.97340786
0.99244577
0.9977155
0.998696
0.99861395
0.99577916
0.9872416
0.95079625
0.77611613
0.69014347
0.9669463
0.9070211
0.964661
0.96941984
0.9179737
0.7776615
0.78634965
0.57527703
0.8502632
0.8858341
0.89357376
0.96229714
0.98271745
0.99075854
0.9937024
0.9901016
0.9799784
0.9919778
0.9810776
0.9951467
0.993971
0.9857626
0.97665715
0.9722045
0.94167113
0.64748055
0.39965513
0.24395551
0.60548234
0.87501967
0.9008894
0.9615753
0.9860941
0.97064835
0.9854914
0.92905945
0.9430347
0.97805667
0.95255953
0.98768777
0.9797763
0.92766017
0.96439946
0.9671061
0.97505164
0.9447071
0.9598086
0.9040843
0.93354523
0.941567
0.94649667
0.9604595
0.98377824
0.96084917
0.8021406
0.88266706
0.84227073
0.9170682
0.9320714
0.8869738
0.84057885
0.78039414
0.64124364
0.86785764
0.6475303
0.75589293
0.85613877
0.6966021
0.31942305
0.38438904
0.1761328
0.1733649
0.19574958
0.058825538
0.06969831
0.05872958
0.010352658
0.025360432
0.03695136
0.004012208
0.003173084
0.0040840236
0.0062015895
0.011557621
0.0069431146
0.017461013
0.75385123
0.95388883
0.9661994
0.96385187
0.9725838
0.93831885
0.9315749
0.95268536
0.9595658
0.9554418
0.94518876
0.94353116
0.8208802
0.62657505
0.71637326
0.48270854
0.4646805
0.7038372
0.7288596
0.6988413
0.9007021
0.9444461
0.960135
0.9566568
0.9666745
0.9662476
0.9182427
0.92343795
0.8814346
0.9476233
0.92589176
0.9507421
0.97380406
0.98402447
0.96604544
0.97854304
0.93868023
0.9323033
0.9714707
0.97092694
0.9755245
0.9657804
0.9648648
0.9448918
0.96057034
0.9569132
0.94729424
0.9698074
0.9616645
0.96660936
0.9549058
0.90813094
0.94300497
0.9782599
0.93465924
0.89844435
0.90016925
0.8659338
0.7969259
0.94901186
0.91213447
0.95926595
0.9680778
0.9651259
0.95968705
0.955496
0.94097304
0.9453462
0.91242695
0.9159298
0.91552955
0.88328695
0.9312955
0.96219784
0.9784823
0.9911651
0.98590475
0.9793042
0.98700935
0.98984843
0.9915392
0.9923489
0.99046093
0.9894163
0.98328096
0.980394
0.98250616
0.973638
0.9653016
0.98154193
0.97307825
0.9349824
0.8805362
0.95926553
0.95507807
0.9679483
0.9522855
0.98297346
0.98811686
0.98982704
0.9792148
0.99378234
0.9870242
0.9855827
0.97581756
0.9908857
0.9738546
0.9773123
0.96990144
0.96982074
0.95821095
0.9775032
0.9671066
0.995915
0.9981622
0.9949588
0.9932935
0.99613994
0.9947048
0.9874228
0.9918426
0.9867822
0.9916889
0.99570066
0.99643576
0.9900962
0.9857211
0.97774863
0.98571813
0.98729324
0.967924
0.97776514
0.96835995
0.98698425
0.978994
0.97854257
0.99037486
0.9726522
0.96390045
0.975414
0.96882904
0.9687057
0.98471916
0.9777443
0.9919512
0.9708208
0.9667008
0.9787217
0.97481596
0.9771851
0.9664892
0.97728604
0.9807562
0.98082614
0.98485273
0.99220324
0.9907065
0.9729547
0.96424913
0.89822197
0.89334303
0.9422459
0.9586019
0.98287314
0.9660562
0.9397978
0.9437234
0.922964
0.8723624
0.8507192
0.8764529
0.91729885
0.83727384
0.8565459
0.9286571
0.91983116
0.9376583
0.96100074
0.9779116
0.9795838
0.98239154
0.98182684
0.9790572
0.98465466
0.9918052
0.9871121
0.9939804
0.9879929
0.99599624
0.9969247
0.9970624
0.99849606
0.99874854
0.998965
0.99881184
0.9982217
0.99591225
0.99638903
0.9959066
0.9973225
0.996807
0.9958639
0.9972639
0.99811304
0.9991277
0.9992181
0.99900645
0.9988832
0.9982692
0.9857054
0.97898346
0.9752315
0.9870784
0.98457736
0.93551993
0.9616055
0.9228393
0.8184792
0.40340152
0.3348506
0.5709585
0.7016256
0.6067243
0.9553863
0.8806974
0.12393457
0.025672974
0.13362099
0.09717722
0.27869117
0.4556116
0.3316999
0.3229407
0.5559813
0.35609502
0.17678274
0.36325586
0.19599622
0.59308857
0.7377299
0.63216996
0.7381484
0.9033493
0.94678277
0.9659901
0.9689538
0.9361527
0.9830246
0.9792997
0.9910398
0.99345016
0.9936679
0.99465877
0.9946966
0.9948972
0.99251735
0.992849
0.9952384
0.99651104
0.99194896
0.99606776
0.99558014
0.99888116
0.99927086
0.99887675
0.9985764
0.9985844
0.99804366
0.9966319
0.9966724
0.9974553
0.99703574
0.99451655
0.99374855
0.99081063
0.993407
0.9869266
0.9865906
0.98513794
0.9833816
0.9923751
0.99645597
0.99433446
0.98487675
0.99677616
0.9981337
0.9986657
0.9931323
0.9891579
0.9870574
0.9928974
0.96719956
0.933455
0.9416531
0.9770338
0.9731627
0.9947242
0.9907731
0.97920257
0.96040976
0.95028
0.94029975
0.9848905
0.97595406
0.9557235
0.9674817
0.9499435
0.96572244
0.4868999
0.10354613
0.6184961
0.67968684
0.74231297
0.74903053
0.9275528
0.8361317
0.7171434
0.72493416
0.31514567
0.63704264
0.76445395
0.78181434
0.8303719
0.9342618
0.8531681
0.7230704
0.7589842
0.8660922
0.77007765
0.59960866
0.7236677
0.7690154
0.80807805
0.86487955
0.949656
0.9210479
0.9310718
0.91653794
0.9612414
0.95070446
0.98002785
0.98359907
0.96489114
0.9886713
0.99788374
0.9975788
0.9952598
0.98787665
0.97642285
0.96675503
0.8692853
0.8929174
0.8669338
0.91723996
0.86493087
0.6134387
0.44113323
0.38996348
0.51947814
0.60420316
0.51161945
0.44317994
0.6795269
0.64161056
0.6213481
0.7884836
0.7306067
0.7762483
0.83527344
0.71437824
0.7397023
0.85024846
0.864442
0.8508541
0.9060603
0.89416826
0.9195351
0.936194
0.9332805
0.9373952
0.9452756
0.9265326
0.9278706
0.91287774
0.8094405
0.76968676
0.6920985
0.6257103
0.7059989
0.6427919
0.7595671
0.84205663
0.5231383
0.583971
0.5612673
0.64949197
0.50948673
0.59523475
0.5068368
0.4293575
0.666299
0.8091489
0.6143138
0.67403007
0.8214661
0.51747674
0.71424055
0.6139985
0.75436383
0.6377366
0.58907366
0.58831835
0.519945
0.6846928
0.7461412
0.7934777
0.7562082
0.82002926
0.63731176
0.6604865
0.6945542
0.5168347
0.7155327
0.74587095
0.687919
0.9191282
0.9567034
0.9337503
0.9375638
0.91359466
0.9557205
0.8710781
0.95847833
0.96981245
0.9548081
0.9491499
0.9497514
0.9835331
0.9733898
0.96129775
0.9106309
0.966153
0.9728776
0.97830874
0.9814109
0.9773183
0.98286
0.9318673
0.96721053
0.9572253
0.96108747
0.96074384
0.9460376
0.9391703
0.97742
0.9199668
0.8824064
0.86649746
0.88803905
0.7505484
0.65149146
0.7056365
0.66285217
0.5858866
0.34146965
0.5486363
0.56981987
0.7215409
0.60406756
0.39300063
0.64060134
0.81369966
0.91998094
0.92655915
0.94217736
0.9659156
0.9849881
0.97974694
0.95535356
0.96681476
0.9307029
0.9121778
0.9429763
0.97681445
0.8460741
0.66761404
0.66546834
0.5925494
0.6133367
0.4931916
0.41946813
0.45812762
0.42088145
0.40497205
0.69329274
0.67691326
0.7131196
0.68158966
0.67334765
0.74375886
0.74503785
0.7977365
0.83268553
0.8958307
0.9249545
0.87641263
0.9448511
0.9161904
0.9201321
0.9702773
0.9626768
0.9915079
0.9786742
0.9647078
0.97640944
0.9643181
0.9780448
0.97936743
0.98792726
0.9864976
0.9944469
0.9888306
0.9898359
0.98664945
0.9863288
0.9706471
0.95744956
0.94052064
0.9582323
0.9295045
0.9294277
0.909335
0.8985212
0.8359255
0.6633127
0.61330384
0.19990538
0.08534488
0.107736945
0.061754383
0.42696744
0.7207468
0.7673064
0.7421233
0.74560696
0.6879374
0.49727708
0.6111894
0.52651876
0.598222
0.67056304
0.52747226
0.6882005
0.70290166
0.7341577
0.85575396
0.90672225
0.8741771
0.7848668
0.83704054
0.79127824
0.89819735
0.7720673
0.7328895
0.8204213
0.620018
0.6592293
0.5018777
0.6459029
0.825292
0.8949264
0.93577886
0.9111067
0.9627282
0.98638165
0.9593529
0.9690314
0.9127098
0.85016
0.73163843
0.4751668
0.9064019
0.9530134
0.9729845
0.9680181
0.9654227
0.94989586
0.903316
0.9613852
0.93028533
0.94032305
0.8310397
0.8933022
0.9450397
0.88435733
0.8776406
0.89742345
0.8142589
0.8578504
0.9169131
0.91046417
0.8531399
0.75878143
0.71782273
0.809464
0.8045838
0.9087533
0.88791686
0.8134292
0.7943222
0.7485138
0.73143405
0.7244061
0.7767182
0.6872229
0.7800859
0.8341774
0.8939491
0.8921676
0.76859564
0.7287952
0.71016955
0.88441396
0.81719095
0.7849511
0.8139762
0.93036395
0.9568096
0.9755779
0.9727605
0.96956146
0.98874146
0.949347
0.9342925
0.90881294
0.90632695
0.93973434
0.9500642
0.92175376
0.90922934
0.9307153
0.9109252
0.92969364
0.9405972
0.8992724
0.9181023
0.94987
0.88629776
0.92709154
0.8509772
0.9110284
0.9257357
0.92672807
0.90998137
0.7660761
0.9240091
0.9142068
0.9359923
0.93111575
0.96606046
0.92648304
0.9552924
0.96966124
0.9519233
0.9731742
0.9666655
0.9620727
0.9495571
0.9515391
0.94871044
0.9497184
0.9068089
0.8992966
0.87483424
0.911652
0.86541146
0.925604
0.9310421
0.91288424
0.876788
0.95549405
0.8582102
0.8166228
0.63354534
0.33797124
0.63137084
0.837836
0.88213396
0.8501178
0.8323936
0.77802163
0.92067087
0.8565226
0.9026165
0.9170697
0.9366621
0.9573991
0.8982378
0.8994441
0.9184996
0.8582448
0.9066378
0.78374416
0.9352717
0.862744
0.8826561
0.87579703
0.78884834
0.94728184
0.8409301
0.54918724
0.4881275
0.6528835
0.84452087
0.98282003
0.96062136
0.941277
0.78776944
0.6193621
0.35145092
0.79161984
0.4589457
0.37317812
0.56380284
0.5135557
0.61737365
0.29819202
0.21430832
0.48801878
0.5590691
0.37066275
0.63008755
0.77071136
0.89909244
0.87847674
0.8920116
0.9200082
0.9529783
0.9175585
0.9645416
0.9802536
0.98089325
0.97276545
0.98952675
0.98637736
0.9714991
0.97631913
0.9809003
0.95320964
0.9876545
0.9304998
0.9455171
0.95532894
0.9422276
0.9245235
0.9416111
0.9494383
0.9726202
0.9825554
0.98529434
0.9739527
0.9739378
0.8921782
0.85617226
0.75406015
0.5257795
0.74827814
0.85576874
0.90410614
0.9802506
0.9748293
0.9853206
0.9663363
0.9198157
0.9332833
0.9540713
0.9519438
0.94569695
0.93781555
0.96262556
0.95854205
0.9766459
0.9868596
0.99651176
0.99795145
0.998514
0.99790406
0.9984397
0.9977191
0.99560827
0.9881706
0.99304587
0.99032974
0.98897856
0.9776153
0.98451257
0.98680973
0.9927562
0.98041326
0.982655
0.9728803
0.9648848
0.9578307
0.9838238
0.98410255
0.96132034
0.97226125
0.9542548
0.9910198
0.98351777
0.9722855
0.9840226
0.9845575
0.990003
0.96998346
0.98803574
0.9853397
0.9820508
0.984583
0.984242
0.9757815
0.9489445
0.97158235
0.9668432
0.9612107
0.9253574
0.9334204
0.9223952
0.9516087
0.9588057
0.92119205
0.9220072
0.9608191
0.9732111
0.97894645
0.98807204
0.98564154
0.98806983
0.9795955
0.98472935
0.98547655
0.9603898
0.95481694
0.9516574
0.9760015
0.96949995
0.8692501
0.9279251
0.9287329
0.9340569
0.95547587
0.9693384
0.937207
0.95144975
0.91813093
0.8533383
0.885843
0.887154
0.7900261
0.59751326
0.4163592
0.39407286
0.39882144
0.29808536
0.40921602
0.3450094
0.4752991
0.5293941
0.94511956
0.88367516
0.8558548
0.82082564
0.89019686
0.892678
0.911517
0.86480093
0.83276165
0.8409125
0.9752855
0.9555561
0.94854116
0.6646423
0.77399635
0.5589529
0.5001516
0.1050191
0.19160254
0.33043456
0.26838276
0.5607715
0.5411846
0.21449475
0.6458127
0.64596325
0.46832
0.5354193
0.4451415
0.24579565
0.07506141
0.057192188
0.037231103
0.011316005
0.0019333086
0.0012987939
0.00051895354
0.0021575545
0.005613964
0.3783662
0.2903256
0.2947843
0.4742051
0.6077407
0.74226564
0.5915472
0.6024615
0.5764182
0.8518875
0.9470873
0.9875404
0.9909978
0.9852667
0.9956995
0.995568
0.9929033
0.9909541
0.9768623
0.96931267
0.8818114
0.74980897
0.69449896
0.5686046
0.6380793
0.45730725
0.8824738
0.967479
0.93122756
0.8188183
0.8893942
0.93162316
0.922471
0.89589024
0.91252345
0.9416357
0.76022387
0.7526432
0.9081688
0.9322339
0.9627578
0.96054745
0.97936857
0.9897002
0.9824225
0.98978627
0.9784701
0.9801933
0.9852937
0.984553
0.9811652
0.98976177
0.9768588
0.9341965
0.9679994
0.81929886
0.8909019
0.8125486
0.8617763
0.87299854
0.9823168
0.98267233
0.98377025
0.98820335
0.99044293
0.97941226
0.972524
0.9677316
0.9790092
0.9802408
0.9839999
0.9885888
0.98126614
0.988787
0.9803019
0.98704
0.9889374
0.99169743
0.9840364
0.9688467
0.96515846
0.9720677
0.87249017
0.9514966
0.9239473
0.8824784
0.8767109
0.82914424
0.9173121
0.96380323
0.9653706
0.968441
0.9713507
0.9785807
0.95180804
0.89073044
0.83923554
0.88638484
0.88622314
0.8476359
0.9460088
0.97263664
0.95190006
0.960051
0.956746
0.82414633
0.9537473
0.85862
0.7849377
0.7137449
0.3942594
0.48805034
0.44036645
0.785408
0.62390375
0.58568984
0.73478496
0.80658597
0.78003365
0.8170394
0.7366743
0.7782681
0.9158402
0.9539463
0.97493386
