1
0.99999106
0.9999565
0.99995494
0.9998354
0.9999131
0.9998299
0.99975556
0.9992811
0.9983878
0.99897015
0.99826705
0.99895406
0.99971646
0.9997569
0.9995908
0.9995034
0.9992742
0.9993988
0.9989058
0.9994753
0.9991078
0.99927014
0.99854517
0.9985555
0.9974476
0.9986389
0.999506
0.9991743
0.99964595
0.9997509
0.9992969
0.99936455
0.99940395
0.99973077
0.99970144
0.99979395
0.9998847
0.999889
0.9999125
0.99990785
0.9999534
0.99985397
0.99990475
0.9999453
0.9999603
0.9999707
0.9999602
0.99997187
0.9999702
0.9999398
0.99996734
0.9999429
0.99992406
0.9999454
0.9999217
0.99993134
0.9997743
0.9997303
0.99917513
0.9993899
0.9996488
0.99911886
0.9991387
0.9979831
0.9974492
0.9890097
0.99748766
0.99738127
0.99211806
0.99607384
0.9986828
0.9951316
0.99701214
0.99486023
0.9948754
0.99373627
0.98852915
0.98883796
0.94321436
0.9351765
0.95178956
0.9270927
0.81454635
0.8274762
0.8896146
0.9343696
0.919297
0.9358615
0.96256715
0.97198325
0.96196645
0.9213237
0.97075975
0.9790283
0.9421408
0.95337605
0.9618255
0.96609426
0.957288
0.948655
0.95335567
0.9248956
0.9402496
0.97002745
0.97702956
0.9790789
0.99061614
0.99670047
0.9962309
0.99597013
0.99215746
0.9879677
0.9907703
0.9840625
0.98373014
0.9815586
0.9785487
0.97523177
0.8855027
0.93284774
0.902495
0.9948428
0.9887543
0.9822641
0.9654499
0.9710283
0.9793539
0.98852974
0.97360724
0.9785201
0.9981001
0.99682236
0.9991498
0.998365
0.99928695
0.99917066
0.9984542
0.9899974
0.98273057
0.97542566
0.96571344
0.985992
0.95842093
0.9765221
0.9717676
0.9621009
0.95403975
0.88654363
0.976552
0.99144465
0.99141884
0.98533684
0.97754264
0.97397965
0.9872203
0.99429095
0.99246264
0.99649835
0.99240714
0.99550265
0.99828315
0.99788386
0.9960925
0.9974106
0.99708205
0.9984522
0.99979335
0.9987948
0.9997681
0.9988827
0.9997242
0.9997867
0.9997806
0.9998877
0.999796
0.999757
0.9996119
0.9997123
0.99954647
0.99951124
0.99949586
0.9992348
0.9986333
0.99660873
0.9944055
0.9962525
0.9986406
0.99832433
0.9991788
0.9990814
0.99915683
0.99854636
0.9971047
0.99774456
0.99382484
0.9919871
0.9937156
0.9983797
0.99748456
0.9973647
0.9767308
0.9807482
0.9869846
0.99015254
0.9966905
0.9982722
0.9964185
0.99215114
0.99437535
0.9744747
0.9839625
0.9421442
0.9379397
0.973278
0.97058254
0.98275155
0.95540535
0.853213
0.46614712
0.43092847
0.17240675
0.4545209
0.31047073
0.48940766
0.28738317
0.180284
0.7866652
0.019176433
0.019879125
0.07454955
0.22353986
0.060959063
0.07187687
0.112592466
0.25994834
0.24129634
0.1725244
0.36055124
0.42999625
0.14427933
0.0964895
0.11010862
0.117269516
0.09478119
0.08057113
0.058623474
0.021877222
0.013927273
0.04477685
0.016465435
0.0064692213
0.0009276359
0.003676559
0.004385192
0.0021863992
0.003300709
0.002805858
0.004823808
0.0044074403
0.005667309
0.0037827487
0.0026236507
0.0071824295
0.0028621342
0.004504378
0.016567435
0.006088116
0.013590431
0.015248076
0.022883942
0.012224889
0.01292411
0.015975073
0.010422906
0.008773869
0.017781042
0.0231479
0.018281836
0.02251767
0.042563923
0.03694914
0.05677084
0.04479821
0.060453348
0.08435454
0.9265077
0.9898185
0.9966762
0.99338806
0.9839639
0.99038553
0.99706084
0.99965405
0.99934334
0.9992091
0.997247
0.9926537
0.987541
0.99643695
0.9940826
0.99414176
0.9987393
0.9990126
0.99503124
0.979329
0.98496675
0.9875508
0.98391324
0.96797657
0.9962748
0.99603385
0.9969336
0.98217785
0.98280925
0.9657525
0.94993037
0.8341201
0.90988755
0.8133747
0.573556
0.8041732
0.927496
0.70006347
0.83646786
0.53476274
0.45237607
0.5397632
0.4994776
0.50468016
0.21448752
0.07832453
0.012988896
0.09108717
0.040044315
0.013886548
0.0023070772
0.002075335
0.0032906998
0.0060393275
0.9548756
0.9963922
0.99774134
0.99927
0.99918276
0.9966899
0.9993457
0.9987739
0.9994106
0.99966216
0.99887353
0.99876416
0.9988587
0.9992938
0.9950905
0.99573475
0.99669313
0.99655247
0.9855285
0.9976471
0.9826329
0.9698382
0.9878329
0.9897885
0.9945755
0.99286497
0.9767869
0.9478223
0.98479027
0.97989136
0.94409585
0.9407873
0.8782545
0.8573981
0.71509755
0.6192134
0.46613434
0.67266756
0.78527796
0.50483745
0.85932493
0.8506463
0.09889233
0.030769933
0.01069626
0.024612458
0.0017741557
0.016211554
0.051273298
0.017640432
0.0030071666
0.0050564734
0.012243755
0.0632347
0.013902699
0.0015044076
0.00095925137
0.0005899249
0.00044999368
6.0668353e-05
6.0079046e-06
8.075856e-06
4.033147e-06
2.9323314e-06
2.1182248e-06
1.563587e-06
4.4048456e-06
1.6267872e-05
4.6800615e-05
9.982241e-05
0.0001733523
0.0001372418
0.00013457301
0.00034888135
0.000406526
0.0012530932
0.00042565382
0.0007617845
0.002673011
0.00016199236
0.0011191079
0.0050885924
0.0021388787
0.0013014872
0.0011220295
0.0008027967
0.0002318159
0.00023033447
0.0003106733
0.00023042719
0.004601218
0.0051800814
0.002200998
0.00067310705
0.00069130625
0.001666292
0.0049379314
0.006534929
0.031069996
0.035258062
0.019132797
0.030762495
0.1462836
0.14009362
0.08351978
0.057695307
0.2658662
0.16503619
0.2481825
0.29298547
0.15090218
0.5581794
0.77548736
0.5719724
0.897657
0.85191286
0.9413295
0.8623108
0.856779
0.91033006
0.9651343
0.9781084
0.9823078
0.99116373
0.99494606
0.9910753
0.9961389
0.9982339
0.9711978
0.9354219
0.7677591
0.2574178
0.16463934
0.2839829
0.590368
0.94541705
0.88458264
0.8877907
0.8626045
0.9314478
0.8847452
0.9305234
0.8501085
0.90496486
0.8909924
0.94172317
0.9118393
0.9596421
0.9727098
0.8970044
0.85675365
0.6684135
0.52650225
0.5805213
0.6322749
0.3277627
0.25330952
0.29320437
0.52465904
0.2849878
0.5576023
0.23039202
0.27821133
0.07881928
0.0464822
0.006203241
0.0009509918
0.00014249569
1.46482635e-05
4.25141e-06
7.2859075e-06
9.326099e-06
4.3812965e-06
7.290439e-06
9.406515e-06
8.304769e-06
7.442068e-06
4.9586038e-06
5.9721897e-06
5.6855897e-06
3.5921416e-06
3.3152257e-06
4.522896e-06
9.018647e-06
6.4385586e-06
6.495149e-06
1.4138557e-05
6.3766092e-06
1.0817466e-05
1.0093944e-05
2.4048173e-05
6.326364e-06
5.6197214e-06
8.255204e-06
7.502346e-06
6.4981964e-06
3.0786872e-05
1.875851e-05
1.9195728e-05
2.1206453e-05
2.2739043e-05
3.078975e-05
3.7889287e-05
9.1317575e-05
0.00026321647
0.0001848852
0.00015566855
0.00024932428
0.0003609689
0.0008952189
0.00038323022
0.00037097125
0.00039942627
0.001307777
0.0013182956
0.0019691077
0.012372784
0.021803696
0.044742968
0.025828669
0.014341923
0.009220262
0.013752277
0.017375158
0.07037229
0.057185896
0.06298341
0.07746759
0.004117286
0.0018203738
0.0019127723
0.0014281451
0.001412244
0.02063578
0.0057069627
0.07718062
0.15011041
0.2583753
0.18722488
0.085350305
0.2502728
0.25838494
0.19939314
0.21575913
0.20955144
0.47294056
0.22647569
0.23916394
0.26534605
0.28833136
0.73376435
0.7653612
0.8140701
0.8043357
0.75252867
0.96248233
0.9151424
0.95028895
0.9811699
0.94676065
0.942882
0.90358
0.94552875
0.9897922
0.9197239
0.9606449
0.95413804
0.9674413
0.97307897
0.9896431
0.9892797
0.9896773
0.9920928
0.9936411
0.9954021
0.9870761
0.9766466
0.9731247
0.9785285
0.9169877
0.7203672
0.27695015
0.005175827
0.0011841469
0.00027213828
8.703182e-05
5.2172945e-05
2.1022997e-05
2.3553492e-05
1.6958944e-05
1.9920411e-05
2.7481177e-05
1.5763218e-05
3.7998783e-05
3.204201e-05
4.858409e-06
1.3146251e-05
1.5538622e-05
1.623342e-05
1.2448124e-05
2.2156242e-05
6.069924e-06
9.916133e-06
5.5883015e-06
1.0108952e-05
2.2868022e-05
1.25083025e-05
6.004445e-06
6.220466e-06
5.5915425e-06
3.071852e-06
1.0010036e-05
1.21346875e-05
6.7560873e-06
6.5778186e-06
2.8890568e-06
3.1516402e-06
3.8357425e-06
3.4195095e-06
7.900165e-06
1.8990528e-06
3.2713635e-06
4.3407385e-06
2.9242437e-06
4.0037303e-06
3.445317e-06
5.087006e-06
3.9479114e-06
3.6922504e-06
3.8377952e-06
6.2295967e-06
4.0025243e-06
8.103151e-06
9.172138e-06
5.095381e-06
1.400454e-05
1.9127605e-05
0.6994018
0.7101032
0.869435
0.9908117
0.9966254
0.9963007
0.9971004
0.98684573
0.9864036
0.9840963
0.9856619
0.97838926
0.98634315
0.9867763
0.9712451
0.95557284
0.93561447
0.91538626
0.5686808
0.14535248
0.0552468
0.0315825
0.15403165
0.11591037
0.09792555
0.2707331
0.497784
0.50916487
0.43322235
0.55862004
0.4573101
0.41944912
0.47526664
0.32098797
0.4964157
0.5041789
0.89373237
0.9376432
0.9064874
0.8733198
0.66067344
0.92354894
0.6119783
0.61761075
0.64847106
0.6386491
0.46672815
0.2817092
0.3756114
0.5537776
0.34564528
0.16552623
0.08805162
0.16438098
0.27378434
0.22363828
0.1366224
0.16199543
0.11939405
0.05233065
0.034197178
0.026754025
0.029210402
0.023809891
0.06467017
0.066181295
0.08404277
0.14270572
0.09022551
0.17020893
0.15378803
0.13912134
0.08543041
0.12679891
0.2652544
0.39035198
0.32475916
0.3287348
0.07906667
0.023178522
0.030305356
0.0067561
0.0024232306
0.007085638
0.002968141
0.0073369793
0.013229893
0.007197634
0.016819796
0.008502399
0.032130886
0.022241034
0.055961706
0.04920424
0.012124245
0.010503047
0.00663937
0.014439552
0.0077229245
0.0032873112
0.0007412338
0.001521013
0.0014886424
0.0041418695
0.0007878796
0.0013877408
0.0016377291
0.0012961964
0.0022030366
0.0036667224
0.09165055
0.26692238
0.1430165
0.049207807
0.031161737
0.04135098
0.017819047
0.01810929
0.06688611
0.21683352
0.29430884
0.19584751
0.2896355
0.1298028
0.102592565
0.31107455
0.087896846
0.42394066
0.23902167
0.26406258
0.2809013
0.23427396
0.25460157
0.41325805
0.3288582
0.38147312
0.44670352
0.55276394
0.4185452
0.20349409
0.10190931
0.09692896
0.16629398
0.08517447
0.10135326
0.03290625
0.03980476
0.018023934
0.030094534
0.047637854
0.016567575
0.065038614
0.049390353
0.08138237
0.14421648
0.13703436
0.34693003
0.480211
0.58804137
0.53314203
0.38919005
0.3061779
0.134011
0.37155056
0.1957949
0.38234335
0.234191
0.16331209
0.022813242
0.006957813
0.082489796
0.009612525
0.055910137
0.094058864
0.024179168
0.30259112
0.3437577
0.35412383
0.5674006
0.64464015
0.6372774
0.57095456
0.87784374
0.632098
0.77100015
0.571712
0.22388679
0.15607813
0.06721186
0.018256586
0.053132296
0.06993446
0.04334173
0.062128514
0.29213843
0.3545855
0.7741916
0.8591713
0.30231762
0.9241465
0.95657784
0.9791286
0.9787976
0.9818081
0.9797233
0.8921333
0.8763103
0.8401837
0.3175514
0.3859559
0.42961764
0.25678006
0.23138046
0.044393912
0.009674181
0.0016648853
0.000962981
0.0013101086
0.00074963
0.0018165169
0.0005091012
0.0002192164
0.0010896666
0.0010404418
0.0019138849
0.00050868554
0.001052176
0.00097635377
0.042924277
0.04116461
0.09164188
0.08713539
0.12491961
0.090237446
0.30551824
0.32651734
0.34711114
0.17894506
0.36675057
0.59104866
0.47487345
0.6139434
0.34019223
0.48307636
0.7597175
0.7919015
0.86994815
0.9033302
0.93720764
0.8763553
0.9697148
0.9075867
0.93195945
0.98036516
0.94162196
0.9819396
0.9713098
0.9112633
0.96413445
0.9390352
0.8564683
0.83890915
0.89866245
0.8827403
0.9234302
0.82225454
0.94746494
0.92901295
0.66187036
0.5477915
0.09451717
0.075409986
0.005911069
0.018686412
0.0060719256
0.0019093488
0.0012236871
0.0017700577
0.0031273407
0.0044826567
0.006051798
0.01291522
0.12660882
0.51306874
0.96421355
0.88087595
0.9075606
0.8102673
0.5063386
0.5680763
0.45334753
0.27877882
0.24505843
0.36955035
0.24332848
0.12078326
0.08465786
0.052938513
0.003982582
0.1827842
0.008397613
0.0008546241
0.0024506731
0.0010276302
0.17715263
0.086195454
0.34515095
0.2701527
0.42596975
0.25529778
0.15424097
0.35879314
0.29214156
0.1353398
0.07577108
0.094846554
0.034555282
0.08282037
0.02153747
0.03974868
0.039457425
0.029206265
0.032492984
0.021808473
0.039572176
0.03939423
0.02373092
0.026590826
0.037115373
0.0161265
0.020312974
0.034100704
0.019060345
0.03240749
0.13181947
0.12828784
0.5173218
0.7141911
0.44515097
0.5890745
0.6262502
0.6723128
0.5497748
0.61052823
0.7198494
0.77407265
0.7410094
0.8754161
0.9147037
0.7953576
0.6674888
0.91486865
0.94287413
0.92447615
0.94426364
0.9533793
0.9446039
0.94876593
0.97046113
0.9411338
0.9867569
0.96510106
0.9562518
0.95943916
0.95010704
0.8840673
0.96143025
0.9519067
0.86768556
0.96442175
0.8794082
0.77352834
0.80892634
0.83265513
0.7467896
0.6984439
0.8345651
0.8342025
0.87892526
0.8876093
0.8312362
0.7553802
0.7214902
0.8043341
0.8358485
0.88505536
0.9396706
0.89935935
0.9248753
0.8987455
0.9030059
0.96877563
0.78483844
0.85652333
0.89880663
0.9172187
0.87653637
0.89233977
0.93859625
0.88483113
0.8519214
0.8209236
0.84039897
0.87627465
0.9280668
0.9269889
0.9523769
0.98178506
0.96293664
0.9396067
0.95751524
0.9867337
0.97996897
0.9512026
0.9483287
0.85959774
0.9771061
0.97084045
0.9644121
0.9470778
0.9505461
0.9549776
0.9705392
0.93708104
0.9573848
0.93264914
0.96746707
0.9816777
0.87963194
0.9487348
0.96858144
0.9840073
0.99415237
0.99743867
0.998106
0.99791473
0.9856026
0.984897
0.98227537
0.9947589
0.9820186
0.98784685
0.9826903
0.99705505
0.99688184
0.9969567
0.9952715
0.985692
0.98579144
0.9633563
0.9665014
0.9588368
0.98383266
0.9928792
0.9870783
0.9849504
0.98894215
0.98877454
0.9871492
0.98416984
0.98636484
0.9879937
0.994918
0.99648654
0.9961422
0.9846539
0.98462313
0.9676055
0.870052
0.8335857
0.5984073
0.6578991
0.1596332
0.13484715
0.041394915
0.027860174
0.007886042
0.32863656
0.23848324
0.25709856
0.56003344
0.5100556
0.5358524
0.46669307
0.2691857
0.36768755
0.566724
0.526531
0.8211164
0.9284126
0.88844913
0.86973137
0.9217592
0.9230463
0.96804374
0.9327436
0.9517443
0.9595383
0.94865197
0.8990529
0.82285565
0.85841435
0.83435476
0.8112847
0.8680637
0.7420692
0.77631783
0.8763225
0.77120924
0.89403075
0.9612436
0.9947261
0.9954007
0.97201073
0.9592618
0.9595442
0.9720523
0.9577423
0.95705414
0.99403596
0.98936975
0.9883718
0.9942814
0.99100786
0.988494
0.9779348
0.88312113
0.90599966
0.9250995
0.83994776
0.56203485
0.36382562
0.7165573
0.7208121
0.8024911
0.80230707
0.6821295
0.8026336
0.85723233
0.84315205
0.8920432
0.81693447
0.8454357
0.88844526
0.890316
0.88407135
0.78910476
0.7658176
0.75910795
0.6115762
0.8639629
0.7643157
0.8968239
0.86433667
0.9098858
0.89342475
0.91821223
0.9216787
0.92336047
0.8843715
0.9724158
0.9825318
0.9935866
0.9879749
0.9848567
0.99453413
0.9898533
0.9882067
0.99003965
0.9919836
0.9927067
0.99329126
0.99667895
0.99867934
0.9996599
0.99973816
0.99974865
0.9997009
0.99967897
0.9994517
0.99957865
0.99737334
0.9982798
0.99417984
0.9963123
0.99108887
0.96778107
0.9476626
0.84046406
0.86539394
0.9670884
0.9394013
0.95161605
0.885999
0.8827055
0.94495505
0.9531115
0.82598263
0.95856845
0.9305063
0.7110401
0.69238144
0.6522361
0.546607
0.5983019
0.57128584
0.2738413
0.18094133
0.07420218
0.12563114
0.117060326
0.08733264
0.019899806
0.023979839
0.009395719
0.06150425
0.017550988
0.033658203
0.0063277255
0.29226783
0.36457253
0.35501906
0.3897136
0.29440147
0.2901602
0.2074683
0.14384276
0.16728684
0.19722591
0.15494591
0.2407832
0.35143468
0.6386823
0.6468091
0.5826497
0.66524196
0.7461949
0.6725513
0.84662163
0.6997535
0.6592452
0.5414081
0.6355468
0.64420104
0.74239135
0.7369139
0.657548
0.43519825
0.35810682
0.3189207
0.28080744
0.23298651
0.16300546
0.08191446
0.21934015
0.10217503
0.20974584
0.30681583
0.4571355
0.33334526
0.36496928
0.28510442
0.42289677
0.72744095
0.4874264
0.48091757
0.3801476
0.3651224
0.4064859
0.40413478
0.35816067
0.27186188
0.37499008
0.42898113
0.3673956
0.15905204
0.2599438
0.20355655
0.095955685
0.13407828
0.068324104
0.13249838
0.20208111
0.27289215
0.13102546
0.006038898
0.013950224
0.031572036
0.025158338
0.0076286215
0.0058743814
0.0066026943
0.005321069
0.004019049
0.0015523982
0.012309624
0.008003501
0.003309625
0.0029539256
0.005798116
0.0041871425
0.0023503955
0.0017099865
0.004417208
0.0017529898
0.00076708617
8.371122e-05
4.988873e-05
0.00017896805
0.00027937978
0.0005056081
0.00071453
0.0005009333
0.0005209553
0.0005165198
0.00089348044
0.00089261093
0.005660598
0.008523899
0.046306156
0.024244549
0.023807043
0.029904181
0.015511969
0.015061596
0.07309679
0.06670273
0.03161611
0.030095799
0.007168718
0.0073741907
0.030698733
0.044900272
0.061641928
0.062272586
0.078875944
0.12709135
0.052257843
0.027294723
0.028949592
0.05478059
0.008997712
0.012126052
0.0044000894
0.00258792
0.0006469298
0.000867227
0.0008916966
0.0010572256
0.0011903854
0.0027533271
0.029732067
0.03586878
0.050384518
0.08172049
0.06888935
0.30190608
0.33378384
0.233289
0.20988415
0.5118424
0.6913999
0.67927486
0.48602054
0.31100157
0.20448765
0.07068513
0.023312608
0.015445452
0.10395447
0.32287785
0.44715518
0.6406582
0.5048029
0.26615012
0.1541856
0.24129277
0.014155699
0.002999191
0.003250833
0.0024175593
0.0008356921
0.00066091056
0.0011015512
0.000635418
0.0019270886
0.004538358
0.001449756
0.0070654303
0.031519752
0.025629666
0.014491472
0.036732532
0.055592872
0.33670124
0.33812723
0.67622674
0.8576201
0.93907565
0.83848816
0.7043529
0.3419166
0.6064709
0.46162394
0.03732448
0.057709824
0.003475503
0.011242505
0.013673873
0.0035561481
0.0011967083
0.0008106801
0.0004570505
0.00026368545
0.00019330162
0.00013231524
0.00065357133
0.0006244328
0.0016644732
0.0020006038
0.0027558787
0.0018568981
0.0024426524
0.0017156473
0.0036755987
0.00219039
0.0029884512
0.004833987
0.0029119179
0.029770048
0.08710482
0.0033093414
0.0016531438
0.00064869307
0.00034961483
8.6698994e-05
0.00018174047
7.784846e-05
2.913274e-05
0.6238634
0.6701604
0.82193285
0.9340246
0.9842754
0.9944548
0.9928578
0.9952485
0.9971595
0.9926838
0.9923454
0.99708325
0.9952644
0.9938519
0.98943806
0.986115
0.9885632
0.9850366
0.9779986
0.9624997
0.8997686
0.9020512
0.8709314
0.8149899
0.9073931
0.7869943
0.6350506
0.59971654
0.36562017
0.1778916
0.17472112
0.057070833
0.087811805
0.39719164
0.12895866
0.0789028
0.029031863
0.00853076
0.007303355
0.005517541
0.0059673735
0.006388478
0.0028506618
0.0028574958
0.002803451
0.0047745197
0.02496153
0.007436924
0.011645341
0.007887326
0.009532331
0.0071037225
0.0036770306
0.010108645
0.006943207
0.003905133
0.0053822775
0.0036917534
0.0012939477
0.00063858647
0.00070084905
0.00017083614
0.00012065241
4.544543e-05
3.4185392e-05
2.381384e-05
9.711707e-05
0.000119645796
8.744402e-06
5.9938888e-05
0.000144573
8.997837e-05
6.759018e-05
8.054256e-05
6.6235574e-05
5.7504392e-05
8.073841e-05
5.051814e-05
4.234054e-05
3.343704e-05
4.9933857e-05
3.6497608e-05
3.2000207e-05
3.0486699e-05
4.6884557e-05
7.18358e-05
0.00019213973
0.00021098864
0.00015561987
0.00013745711
0.00015785612
0.00021954082
0.0004043537
0.0005908022
0.0002886871
0.00037560324
0.0004934465
0.00043767178
0.00029191535
0.00041143977
0.00035504732
0.0005928583
0.00024398518
0.00017110052
0.00026260313
0.000109561224
0.00010018526
9.169043e-05
8.329237e-05
0.00019305995
8.161577e-05
0.00025861178
0.000114686605
0.00015312608
9.411546e-05
0.00016878193
0.00011386813
0.00034280238
0.0003299419
0.0009091616
0.00058601785
0.0009033529
0.0011273045
0.0012519731
0.0013651118
0.0013553532
0.00059273455
0.00023873648
0.00036924076
0.00042285316
0.0006028345
0.00087686186
0.0004210708
0.00071652286
0.00045658607
0.0010969469
0.0010723814
0.0013543415
0.001666652
0.00237969
0.0015317058
0.0024081394
0.002790266
0.0017635451
0.00238041
0.0010062353
