1
0.9999716
0.9999262
0.9999546
0.9999318
0.9999472
0.99994576
0.9999337
0.9999225
0.9999393
0.9999013
0.9998048
0.99982977
0.9998598
0.9999237
0.999918
0.9999552
0.9998934
0.99976104
0.9995869
0.999091
0.9988488
0.9982576
0.9959961
0.9965815
0.99873847
0.9984377
0.99579066
0.9961421
0.99423814
0.9945851
0.9953129
0.99461585
0.9949892
0.9886403
0.98554707
0.98371243
0.99477553
0.9891605
0.9784671
0.99009424
0.9957694
0.99435294
0.98197573
0.95764124
0.9766484
0.98947185
0.99065316
0.99468565
0.9938692
0.9910829
0.9895633
0.990669
0.99631625
0.9917555
0.9945045
0.9953016
0.9891902
0.9905213
0.9500869
0.9672657
0.97196275
0.9634088
0.979154
0.9969156
0.9918143
0.99053264
0.9881649
0.9770552
0.9704958
0.9607982
0.9434296
0.9757533
0.969437
0.9847627
0.98697424
0.9790552
0.98937255
0.983582
0.96666193
0.96541524
0.9854022
0.9658685
0.94339895
0.98334175
0.98111343
0.99134505
0.986264
0.9812305
0.9384347
0.92922866
0.9004317
0.8095767
0.88563144
0.9249938
0.951074
0.9765087
0.9923913
0.9877879
0.9672928
0.97301966
0.9714244
0.9188762
0.9030907
0.68383306
0.2471462
0.17072739
0.17274497
0.03552022
0.009354766
0.05758919
0.47367778
0.8042601
0.9439963
0.98926777
0.9920087
0.98637956
0.9950358
0.98126745
0.9603648
0.95287484
0.9505925
0.90785193
0.9384841
0.945156
0.90963227
0.89646024
0.86688304
0.874839
0.95961434
0.91297334
0.9678522
0.97924757
0.99091
0.9940685
0.9952531
0.95608246
0.9641039
0.975805
0.9317166
0.85529846
0.9313024
0.8510169
0.8463126
0.7773986
0.7281563
0.83506274
0.9220328
0.9690582
0.98273164
0.98327637
0.9902395
0.996075
0.9982108
0.99522984
0.9968567
0.99857986
0.99732983
0.99745494
0.99399936
0.9929537
0.99503964
0.9866729
0.99172825
0.9893066
0.99684167
0.99733645
0.99827385
0.99955255
0.9989875
0.9996537
0.99914813
0.99873716
0.99728656
0.99775946
0.99746835
0.99084353
0.98487073
0.873367
0.8364235
0.6650187
0.3890511
0.310847
0.07935918
0.085568324
0.053104255
0.0026426755
0.0008678879
0.5436024
0.7959225
0.5815075
0.75627583
0.43727472
0.3356792
0.45222938
0.4648949
0.5173564
0.49322423
0.5119275
0.695844
0.7939202
0.85330576
0.8538988
0.90122
0.9362652
0.96456116
0.9833757
0.9804591
0.98867756
0.98408234
0.99521255
0.97741127
0.96630657
0.9792627
0.97278994
0.9772883
0.9751441
0.9861099
0.9651268
0.97321147
0.97212416
0.9710632
0.97802424
0.990419
0.98800206
0.98917353
0.97361076
0.9141016
0.9221104
0.86311173
0.89907354
0.8810482
0.791638
0.90673804
0.9005307
0.9349321
0.8005725
0.74454343
0.88041043
0.9495828
0.9697179
0.95401585
0.9579495
0.98199445
0.9734934
0.9594123
0.9685269
0.9528223
0.9006641
0.9395044
0.9601281
0.97426593
0.9554487
0.93864423
0.89941615
0.93921995
0.947906
0.84098756
0.9305433
0.9069351
0.9238323
0.6542879
0.81860334
0.89636993
0.7988137
0.794667
0.89991575
0.79262555
0.8569151
0.76400965
0.7746381
0.75549173
0.769671
0.9379414
0.8567359
0.7865431
0.6412247
0.7653436
0.5814199
0.5360264
0.7985926
0.80024207
0.7969056
0.5351977
0.7686124
0.53340256
0.27628547
0.52947605
0.15643588
0.64063764
0.52962697
0.48566443
0.50037056
0.45524403
0.7127331
0.7253619
0.92081285
0.85029584
0.71691376
0.7208407
0.4025287
0.61140025
0.68215764
0.59722996
0.52247536
0.59668916
0.2794813
0.6627464
0.47250083
0.49918512
0.33442703
0.51868004
0.57371473
0.84909856
0.8771584
0.93629307
0.9558056
0.94761884
0.983602
0.96855867
0.95764714
0.93433696
0.814182
0.90227175
0.92892975
0.9157849
0.92451334
0.8578757
0.8958246
0.8863483
0.72932494
0.7753175
0.8013724
0.8303782
0.7364718
0.8481903
0.91021836
0.8813368
0.6358654
0.54362816
0.2745493
0.19471991
0.18490657
0.19342004
0.31905237
0.3912988
0.88771385
0.92653656
0.92183286
0.9268363
0.9209117
0.8715041
0.9340869
0.9011801
0.947423
0.86859787
0.9536396
0.90350795
0.9187687
0.79642975
0.87422204
0.8951262
0.88909453
0.92916054
0.9204093
0.88078815
0.8794817
0.8593498
0.8989524
0.56140983
0.79797083
0.74005103
0.8839737
0.73902565
0.8300544
0.9316148
0.8302715
0.7519195
0.77075565
0.7497086
0.8072542
0.80830604
0.8377637
0.73532146
0.7269223
0.66354275
0.7891268
0.776757
0.843099
0.7397938
0.6852749
0.7300995
0.48516428
0.47831917
0.24967752
0.56268734
0.32199085
0.70086294
0.6652889
0.58940786
0.36049795
0.28692013
0.289884
0.401972
0.40032554
0.24822564
0.4075876
0.33980206
0.27305546
0.4603015
0.342495
0.26762846
0.31003907
0.39830253
0.2772722
0.2676034
0.5854835
0.5253524
0.4365749
0.22549005
0.35049522
0.5297587
0.34901577
0.445061
0.41254005
0.3399411
0.36080632
0.31592607
0.597702
0.4102247
0.37876883
0.17209436
0.28674492
0.27530468
0.28117162
0.30917573
0.3466083
0.40375614
0.37281573
0.49211535
0.57940876
0.5044422
0.48493424
0.29194492
0.48228014
0.20855066
0.4708548
0.36979717
0.34549734
0.3545522
0.36690822
0.40953833
0.4782434
0.24506737
0.46716928
0.4848964
0.31373417
0.5713077
0.4140278
0.18973428
0.34538335
0.59733194
0.4501386
0.47082257
0.5589252
0.5033008
0.5674622
0.40451673
0.40852293
0.3019789
0.3920822
0.47627217
0.49235326
0.42599007
0.4285973
0.23315966
0.14954644
0.24892424
0.36916676
0.29726738
0.18963848
0.24381
0.14811116
0.20424397
0.25330308
0.24163899
0.31239238
0.19159943
0.46131286
0.23917525
0.20215046
0.258728
0.2910992
0.13484783
0.23993948
0.21925616
0.15108222
0.25110483
0.2477761
0.14798604
0.06398116
0.16620699
0.12957855
0.020467749
0.00058294664
0.00051246886
0.00032727027
0.0005727657
0.16772667
0.6131348
0.7994145
0.7375161
0.8291445
0.95908487
0.86556584
0.7882299
0.6712479
0.5866939
0.3827608
0.13374062
0.0395166
0.0048454464
0.002489717
0.0015647486
0.0010893844
0.0033156704
0.00869872
0.005905865
0.005395634
0.008148106
0.041176964
0.014691322
0.05644453
0.06940478
0.13549718
0.5267708
0.8368487
0.9615403
0.8850601
0.8827091
0.8972502
0.82785153
0.69839364
0.28199306
0.1257011
0.06755108
0.026754072
0.004849044
0.116566986
0.08815008
0.011855752
0.0070106597
0.00982233
0.046046916
0.009231644
0.057333697
0.007604052
0.11160204
0.21463692
0.5506498
0.706317
0.62298167
0.46802792
0.5124444
0.5268378
0.56297183
0.5709104
0.40154782
0.3154968
0.26777217
0.30922678
0.17886263
0.27686438
0.09142311
0.03386799
0.10053677
0.040358
0.036230844
0.020938687
0.0060659056
0.009420436
0.006934756
0.011405272
0.0047236774
0.003955961
0.004006037
0.0019724634
0.005039326
0.0016425247
0.0006053411
0.0001178259
0.0002556937
0.000489894
0.0015961698
0.8357086
0.9575887
0.9714531
0.9708015
0.96874255
0.9603017
0.96988374
0.94829124
0.9512125
0.9529214
0.9411231
0.9306189
0.84208995
0.8684565
0.8527558
0.8953253
0.89025724
0.87678856
0.8373594
0.86645615
0.8301162
0.8440971
0.78785986
0.6290371
0.52981216
0.83105105
0.52848613
0.49146247
0.29324692
0.36592296
0.34208837
0.5950318
0.81790257
0.9457163
0.94367814
0.89920026
0.9864704
0.9634039
0.9630184
0.94231606
0.94468147
0.8452148
0.67274123
0.67575204
0.65564543
0.6181795
0.72291535
0.72369814
0.8049776
0.8978261
0.83913404
0.88625336
0.8100699
0.5501509
0.47010309
0.5881088
0.63108975
0.696345
0.83352166
0.83951604
0.9506235
0.87462693
0.9279534
0.862895
0.75760865
0.3896266
0.619793
0.5242059
0.72051656
0.45988032
0.64276445
0.83904463
0.77422595
0.8618367
0.85905576
0.85468495
0.89490855
0.665254
0.6913249
0.42531896
0.45775345
0.6376507
0.5823603
0.35084888
0.43808618
0.53775316
0.6018123
0.31505066
0.60260236
0.13579345
0.07017804
0.108576566
0.03494999
0.3419652
0.15636513
0.113125235
0.336406
0.24157189
0.40802744
0.27780607
0.7230125
0.69570905
0.67462605
0.7483176
0.6013497
0.7824957
0.5251597
0.75496656
0.74924374
0.7845201
0.8538583
0.90009826
0.95382047
0.9447937
0.88671046
0.9158116
0.5827974
0.52721465
0.39739597
0.60942495
0.34713066
0.24456605
0.21862091
0.43267834
0.36773226
0.35406664
0.25967348
0.15118203
0.11383131
0.1116088
0.005774048
0.0028057138
0.004002545
0.10609354
0.15989423
0.147445
0.3131915
0.5573987
0.6150215
0.6489008
0.39728957
0.31103352
0.30094394
0.24015145
0.31554508
0.2897887
0.29894218
0.66931224
0.66368973
0.7478904
0.59765124
0.68662286
0.34358487
0.50239205
0.3578107
0.3722908
0.2458426
0.43570605
0.49223927
0.3235796
0.26375067
0.24871528
0.18025489
0.12753575
0.08393013
0.1030335
0.17434493
0.21439232
0.1292892
0.06973483
0.063884206
0.02307705
0.004850549
0.004246129
0.0063326466
0.027475365
0.09875504
0.07146775
0.006827355
0.07205753
0.22791854
0.26750046
0.18322599
0.08671838
0.2845368
0.16225378
0.14544448
0.0016218517
0.0024290886
0.0023168738
0.0018061969
0.0019685454
0.0029297487
0.0018479406
0.0013382514
0.0017593246
0.0011503702
0.0036226425
0.02097418
0.1236375
0.14927791
0.26217914
0.14319518
0.07046325
0.024837561
0.05828137
0.01959205
0.007080514
0.0033493694
0.043699533
0.08276038
0.21758713
0.041398816
0.098259605
0.060639057
0.10519671
0.24071695
0.034938898
0.05411805
0.052076567
0.013164687
0.07358261
0.03407489
0.0042025093
0.013516365
0.108300894
0.038881734
0.027312286
0.17284924
0.038810495
0.05763268
0.13591415
0.29005587
0.108995005
0.20270447
0.153433
0.13805243
0.17552988
0.12060737
0.11228744
0.031679243
0.30413637
0.3329726
0.2994267
0.45350343
0.46500805
0.34855044
0.40164286
0.50564706
0.51697934
0.7904214
0.6964977
0.56017345
0.5974495
0.54296696
0.40609086
0.40887573
0.654724
0.5956337
0.8368847
0.45399708
0.54522294
0.52080625
0.6143484
0.5479325
0.73999774
0.6492462
0.68112195
0.49208143
0.607828
0.58338994
0.6298042
0.7004489
0.7451594
0.67443275
0.83735675
0.8548405
0.82134384
0.8466571
0.86233634
0.7646779
0.78724915
0.9449179
0.94676185
0.9259128
0.8900907
0.8693255
0.92320704
0.8885478
0.7793421
0.7707603
0.50117856
0.49244216
0.6849192
0.71506435
0.7971402
0.73414576
0.75691307
0.73515016
0.6789977
0.7464076
0.54247683
0.58102083
0.38371444
0.50249857
0.5209554
0.71572673
0.7409202
0.5274796
0.31405637
0.38048756
0.3768893
0.40560988
0.2958033
0.3959555
0.32783318
0.4018751
0.34717658
0.27046192
0.4990639
0.45035285
0.34018806
0.30649024
0.36486328
0.58064264
0.87988067
0.7948273
0.7535415
0.49574935
0.82245535
0.7045467
0.8831205
0.86756665
0.87332255
0.78821117
0.75399804
0.7452168
0.8131099
0.8382782
0.75739056
0.7037778
0.7418657
0.58465165
0.49900725
0.30068433
0.24507745
0.3708674
0.7232409
0.62628835
0.70421493
0.86343527
0.87589735
0.9085048
0.9722178
0.9459648
0.94676405
0.9502871
0.96104705
0.8963657
0.8916484
0.8569705
0.9131396
0.95347726
0.9621078
0.90934956
0.9470316
0.8606378
0.8878415
0.9053324
0.9250503
0.95383847
0.9614362
0.9484852
0.93408
0.97065955
0.9803743
0.99203694
0.991
0.93819565
0.9730911
0.9770056
0.9858483
0.9935214
0.99122965
0.99440706
0.98500186
0.97743076
0.97756344
0.9886136
0.9885316
0.98997235
0.99415475
0.98078096
0.99518096
0.9928895
0.98412895
0.9869518
0.9800423
0.96187556
0.96359134
0.9173689
0.8780635
0.79490215
0.96442175
0.9380245
0.8094903
0.56889045
0.43464446
0.44738248
0.39762184
0.38082823
0.3011322
0.27131432
0.3775664
0.60740554
0.78974575
0.9687505
0.90736955
0.9780376
0.97751087
0.9514379
0.85639876
0.772514
0.8851992
0.88973194
0.92469907
0.87318665
0.91153985
0.9356396
0.88347405
0.90645283
0.8839878
0.7548516
0.77215177
0.8607403
0.7369803
0.65730864
0.5685763
0.67457736
0.65673995
0.81311136
0.6784588
0.50009733
0.41827676
0.4829702
0.65907913
0.2678201
0.29789796
0.29062897
0.3636367
0.33468047
0.19224636
0.22034293
0.25388622
0.29884982
0.17585549
0.06204485
0.18321936
0.056379847
0.041221414
0.03676461
0.023669325
0.03826119
0.09417573
0.31992936
0.25344118
0.24720621
0.25802442
0.27736348
0.2817363
0.3079837
0.2800899
0.3395347
0.24173565
0.16689667
0.2007747
0.41623494
0.24863374
0.44645634
0.6282472
0.44041026
0.2929104
0.44574985
0.41086373
0.31403905
0.42272276
0.44803202
0.3085512
0.38531017
0.38799563
0.34935227
0.13332395
0.13588627
0.07335031
0.1644079
0.37034926
0.4036553
0.3573889
0.35579136
0.23455818
0.2529156
0.41918203
0.48540694
0.36047572
0.44416705
0.7249943
0.7377414
0.825654
0.57852995
0.7684654
0.76981884
0.8612034
0.8383457
0.8096452
0.8763983
0.73956764
0.73581
0.6108537
0.62353444
0.58990383
0.48005155
0.524769
0.6050713
0.7153853
0.7901291
0.76493
0.795254
0.56346184
0.67600846
0.64026487
0.4344122
0.60040045
0.3130817
0.26525038
0.42271823
0.4896435
0.7399081
0.59090984
0.435798
0.16253075
0.09651299
0.1484639
0.17361872
0.2561635
0.39531907
0.18557909
0.08237908
0.20148538
0.3579628
0.43314236
0.19477636
0.4365842
0.22002964
0.29206175
0.7801
0.7494883
0.7303988
0.44643357
0.4534349
0.31567648
0.23854059
0.50587535
0.28653353
0.49942005
0.42244294
0.35419786
0.48600686
0.25412536
0.14511482
0.055165485
0.02213587
0.0032402694
0.0014339746
0.21866567
0.80300343
0.88957757
0.7188404
0.40952706
0.60609394
0.59967655
0.52313113
0.48238447
0.40627477
0.6425399
0.7303419
0.90519863
0.9325471
0.856939
0.6586963
0.5383417
0.49651688
0.35256714
0.614403
0.42405108
0.6213355
0.5803228
0.6889204
0.5499425
0.541387
0.78908277
0.72007203
0.88930726
0.9046821
0.86384207
0.9183608
0.84641516
0.8567091
0.7520246
0.6797189
0.63038945
0.6859599
0.67672336
0.51643866
0.27370608
0.5015978
0.27264535
0.3833486
0.39990157
0.5208456
0.7087354
0.6765856
0.5668507
0.709681
0.62676734
0.6437685
0.44310173
0.57997096
0.56282836
0.6970973
0.6855382
0.74769986
0.53672904
0.807059
0.8971518
0.86489904
0.84038305
0.85034007
0.54227686
0.55171824
0.58134085
0.44677198
0.3708606
0.6120228
0.5833428
0.57245535
0.56821513
0.73980093
0.58730674
0.66235167
0.83524954
0.8158839
0.75424236
0.5073164
0.7275198
0.7676091
0.7052045
0.6126862
0.75407165
0.84557337
0.8730971
0.88559705
0.837807
0.80837023
0.6906838
0.7516604
0.83455974
0.59886265
0.6744354
0.6549301
0.80961525
0.678916
0.83779997
0.56996226
0.5206325
0.16990444
0.10982561
0.17149349
0.041711263
0.01608541
0.007800064
0.005545361
0.005826121
0.003736884
0.0022905304
0.003069125
0.0015191024
0.0011424251
0.001840856
0.0038982395
0.008207946
0.00673762
0.0061840797
0.0061963303
0.00707871
0.008304398
0.003831495
0.005327304
0.010317416
0.008733158
0.01113897
0.0047749165
0.003517943
0.0062873755
0.02495675
0.0072328937
0.1883893
0.15754469
0.005500393
0.004245137
0.0031848927
0.0024178743
0.009113271
0.24390417
0.37656486
0.55061996
0.5128011
0.6631444
0.7268214
0.7767145
0.8329598
0.77346474
0.7208984
0.8704207
0.9287489
0.74677145
0.8307558
0.7961381
0.8905346
0.8332219
0.85695
0.88095874
0.88473374
0.9145355
0.9228275
0.9122021
0.9410755
0.8425899
0.61001796
0.76502794
0.7095825
0.7859884
0.6172534
0.65124446
0.59536296
0.6622347
0.6324783
0.7777263
0.8243628
0.757183
0.8965332
0.90266794
0.90826946
0.9590816
0.93978435
0.93932277
0.94828534
0.9321799
0.94478244
0.97362524
0.91697496
0.4414976
0.69632816
0.5826533
0.3187076
0.13340092
0.14176658
0.040690497
0.09942187
0.23138253
0.09307654
0.23738234
0.37829876
0.37432224
0.3682047
0.23333403
0.1835843
0.35075337
0.7404572
0.86833036
0.8566567
0.8966837
0.9316753
0.8906969
0.905795
0.8991442
0.94783396
0.95077825
0.9549322
0.91298556
0.9894399
0.91459304
0.96108395
0.9336442
0.9374243
0.88530785
0.71072096
0.8517951
0.67244184
0.6863525
0.74988663
0.7277352
0.5544117
0.7515022
0.41776225
0.70997024
0.64056265
0.6376318
0.6003064
0.62827826
0.74246496
0.7050411
0.65848845
0.72827035
0.5943562
0.73569036
0.5803322
0.63841456
0.5774308
0.59365225
0.47947234
0.51349485
0.41255966
0.5669994
0.769963
0.5695161
0.3951313
0.38815498
0.5144017
0.69239753
0.7035723
0.66842073
0.4726321
0.63597023
0.5530249
0.71367866
0.6730001
0.75395274
0.6234047
0.49486867
0.63489467
0.5906128
0.7018668
0.7629825
0.55824584
