1
0.9999999
0.99999976
0.99999976
0.99999976
0.99999976
0.9999999
0.99999976
0.99999964
0.99999976
0.99999976
0.99999976
0.9999999
0.99999976
0.9999999
0.99999976
0.99999964
0.9999994
0.99999964
0.99999964
0.9999994
0.9999987
0.9999981
0.999997
0.99999785
0.99999607
0.999992
0.9999933
0.99999607
0.9999924
0.9999788
0.9999641
0.9999691
0.99996674
0.99998856
0.9999871
0.9999925
0.9999969
0.9999976
0.99999833
0.9999989
0.9999988
0.99999845
0.99999905
0.99999774
0.999998
0.9999976
0.99999595
0.9999932
0.9999887
0.99998796
0.9999877
0.99996746
0.9999794
0.9999504
0.999969
0.999962
0.9999646
0.9999498
0.99998105
0.99999094
0.99999034
0.99999154
0.9999933
0.9999968
0.99999666
0.999995
0.99999297
0.9999901
0.9999869
0.99999833
0.99998736
0.9999862
0.99998546
0.9999894
0.9999932
0.9999975
0.99999535
0.9999889
0.9999902
0.999997
0.99999416
0.9999981
0.9999949
0.9999924
0.9999913
0.9999889
0.99999
0.9999918
0.9999889
0.99998784
0.99998546
0.9999893
0.9999871
0.99998236
0.9999938
0.9999914
0.9999963
0.9999949
0.99999356
0.99999166
0.999984
0.9999888
0.9999857
0.9999722
0.99998415
0.9999875
0.9999864
0.9999875
0.9999863
0.9999808
0.9999821
0.99998224
0.99998856
0.9999938
0.99998903
0.9999819
0.9999802
0.9999846
0.99998164
0.9999747
0.9999666
0.9999497
0.9999571
0.999974
0.99997234
0.9999474
0.9999484
0.9999472
0.99997365
0.99998116
0.99997747
0.9999666
0.9999634
0.99993026
0.99996877
0.99993265
0.9998789
0.99981695
0.99979526
0.99987495
0.99983156
0.99950635
0.9994773
0.9991297
0.99936026
0.99938047
0.99678695
0.97843176
0.9092333
0.9517294
0.8781675
0.82604706
0.9383094
0.88570625
0.8271262
0.9252945
0.9874061
0.98767066
0.99297136
0.9907342
0.95385325
0.9733462
0.9139107
0.9500727
0.74710256
0.7485788
0.8649888
0.9076097
0.8510969
0.8728221
0.9906647
0.9925103
0.97677326
0.97005713
0.9872075
0.97561747
0.9823331
0.9746352
0.9563403
0.923701
0.9290012
0.9258937
0.92212206
0.97309047
0.98239267
0.9916094
0.99150145
0.9815092
0.9949227
0.99531907
0.9982893
0.9973448
0.99871385
0.9991998
0.9983752
0.99699724
0.989976
0.98051125
0.98147225
0.9920643
0.9721409
0.9699498
0.97925925
0.97671014
0.96088964
0.9629316
0.9661816
0.9310224
0.9889843
0.9972367
0.9986362
0.9968144
0.9990741
0.9985354
0.9975193
0.99529195
0.9891482
0.9951434
0.99373865
0.99249285
0.99394506
0.99764866
0.9986243
0.99939895
0.9995578
0.99850947
0.9960288
0.9768545
0.9798508
0.977775
0.9871
0.99172735
0.9977113
0.9984463
0.9989806
0.998423
0.9970144
0.9988123
0.99903727
0.9986608
0.9982515
0.9980774
0.99769574
0.9973959
0.9971103
0.99926215
0.99958843
0.9998658
0.99985754
0.99981505
0.999902
0.9999101
0.99986386
0.9996567
0.9998331
0.9999491
0.99994993
0.9999666
0.99998367
0.999987
0.9999778
0.9999182
0.99997056
0.9999629
0.99998176
0.99997616
0.99993587
0.9999392
0.9999794
0.99999225
0.9999809
0.99998784
0.9999907
0.99998
0.9999839
0.99998295
0.9999832
0.9999654
0.99995553
0.999915
0.9998797
0.9999281
0.99984443
0.99963486
0.99981695
0.9998129
0.99974674
0.99989283
0.9999627
0.9999261
0.9999442
0.99987996
0.9998068
0.99985147
0.9996836
0.99945873
0.9986852
0.9997366
0.999671
0.9996898
0.9998425
0.99945396
0.99918824
0.9992853
0.9996791
0.9995615
0.9996575
0.9995915
0.9995308
0.9995863
0.9996785
0.9995807
0.99948514
0.99721426
0.99987996
0.99993336
0.99989724
0.999843
0.99985456
0.9999293
0.9999739
0.99997044
0.9999479
0.99995327
0.9998975
0.99992704
0.99981207
0.99973696
0.9997009
0.99963474
0.99962056
0.99945074
0.99952114
0.9994993
0.9990533
0.99890435
0.9984882
0.9983829
0.9971342
0.99701357
0.9950531
0.9974909
0.99242204
0.9902378
0.9959996
0.9941115
0.9968881
0.9985903
0.9984579
0.98412263
0.9945269
0.9921978
0.9983315
0.9989397
0.9979067
0.99669814
0.99662316
0.996847
0.99787736
0.9981352
0.99345547
0.99571615
0.99652773
0.99018985
0.9847015
0.99512154
0.99819094
0.9984963
0.9987325
0.99289626
0.99367213
0.99827147
0.99784935
0.9972217
0.99789447
0.99810094
0.9969945
0.9958494
0.9975612
0.99511516
0.9824332
0.9692598
0.9498982
0.9691009
0.9602965
0.96007967
0.94042957
0.9652094
0.8977374
0.76189494
0.94730014
0.96236646
0.9575653
0.9210632
0.8955221
0.90898687
0.96668977
0.9893454
0.99524975
0.999033
0.9987771
0.9980166
0.9992167
0.9993692
0.9993906
0.99784505
0.9985586
0.99905163
0.9989335
0.9997129
0.9997255
0.9988255
0.99824
0.9932734
0.97400814
0.9279821
0.95437026
0.972486
0.9630849
0.97395486
0.96652013
0.956411
0.9540682
0.9479767
0.90363866
0.82822096
0.970132
0.99905854
0.9991327
0.99802953
0.99812084
0.98807305
0.99851495
0.99048865
0.9951945
0.9947948
0.990211
0.99669135
0.9968995
0.99604034
0.9158446
0.9149915
0.9109113
0.8354887
0.8560352
0.9093506
0.97952807
0.99891615
0.9997087
0.99954814
0.99991035
0.9998273
0.99970055
0.99980205
0.99987626
0.99993205
0.9999119
0.99985325
0.99998
0.99976796
0.9999639
0.9998698
0.99945027
0.99723697
0.99319035
0.9969013
0.9958488
0.99443215
0.98613095
0.9796443
0.9915793
0.999126
0.99961627
0.999041
0.99401784
0.99248743
0.9935179
0.9830799
0.9928885
0.99261075
0.9950675
0.98143125
0.9530479
0.9540227
0.8956504
0.84021133
0.51269436
0.9960175
0.9998161
0.999905
0.9999379
0.9999291
0.999933
0.9999492
0.9998417
0.99992204
0.99984944
0.9998055
0.99987245
0.9998097
0.99974185
0.9999683
0.99997497
0.9999114
0.9999113
0.99989414
0.9997795
0.9998661
0.9997248
0.9997116
0.9997141
0.99904424
0.9997601
0.9995696
0.99993956
0.99992657
0.9999435
0.99989045
0.99994874
0.99995255
0.9999807
0.9999907
0.9999933
0.9999937
0.9999932
0.9999968
0.99999714
0.99999607
0.9999969
0.9999969
0.9999944
0.9999962
0.99999833
0.9999974
0.99999785
0.9999982
0.9999951
0.9999943
0.999992
0.99998987
0.9999902
0.99998546
0.99997663
0.9999796
0.99997234
0.9999691
0.9999752
0.999974
0.99994385
0.99990785
0.99984765
0.99980277
0.9997539
0.99987745
0.9997379
0.999739
0.99978334
0.9996112
0.9997253
0.9996686
0.9990677
0.9994035
0.9974069
0.99952483
0.9995678
0.99932516
0.9994281
0.9998679
0.9999529
0.999767
0.99950147
0.99731284
0.9969836
0.9793102
0.999199
0.997988
0.9986444
0.99382764
0.99360764
0.99541855
0.998596
0.9997117
0.9998078
0.99994814
0.9999783
0.9999707
0.9999641
0.99996114
0.9999641
0.9999745
0.9999318
0.99989533
0.9997446
0.9990859
0.9979401
0.9968856
0.997733
0.9990343
0.99813277
0.9994191
0.99606127
0.99056727
0.9848626
0.9793652
0.92938155
0.87996686
0.8829887
0.78932697
0.99973553
0.9992144
0.9925183
0.9963343
0.997689
0.99772316
0.99724627
0.9974395
0.99523336
0.9955283
0.9973775
0.9978575
0.9976158
0.99969196
0.9993917
0.9988305
0.9918854
0.9872509
0.9926422
0.9863842
0.989129
0.98329043
0.99248344
0.9931717
0.9809207
0.9880043
0.98572135
0.98167074
0.96312726
0.9772843
0.98861396
0.9727304
0.9484892
0.96603304
0.8907074
0.96797913
0.9683262
0.95314604
0.97238296
0.97518027
0.95319825
0.9851289
0.9753656
0.9186523
0.98828983
0.9976198
0.9982774
0.99988663
0.999895
0.99993587
0.9999393
0.99997437
0.9999726
0.9999771
0.9999552
0.999949
0.9999249
0.99991894
0.9998976
0.9999325
0.99993074
0.9999571
0.99997556
0.99993575
0.9999453
0.99997544
0.9999678
0.99998593
0.99994886
0.99991274
0.99992824
0.99992824
0.9997315
0.99964464
0.9989881
0.9996136
0.99730116
0.9928428
0.99819595
0.99111533
0.9957153
0.99753964
0.9984931
0.9985228
0.99921274
0.9995378
0.99920326
0.9981896
0.99729306
0.9953219
0.99615026
0.99228173
0.98458904
0.96891475
0.9450887
0.8439531
0.94770545
0.92817736
0.90413314
0.968604
0.9687737
0.93808997
0.9746611
0.97113264
0.9838982
0.9720034
0.89359474
0.69850314
0.6374697
0.35801068
0.24253197
0.36211142
0.29689106
0.40433845
0.45996362
0.07263211
0.017519148
0.14409618
0.10318824
0.4549952
0.21685559
0.5289273
0.2642034
0.07789203
0.018051391
0.0032724782
0.0025631397
0.91400033
0.9993698
0.99953365
0.99965084
0.9992704
0.9987112
0.9987777
0.9989681
0.99950147
0.9996056
0.99985147
0.9999056
0.9998313
0.9996984
0.9996915
0.9998584
0.9997749
0.99973124
0.99966025
0.9992719
0.9984724
0.9960163
0.99616075
0.9981468
0.98959106
0.9822849
0.97765154
0.90929663
0.4551587
0.66449803
0.2611339
0.41744715
0.032053053
0.057955015
0.04240077
0.026732266
0.014127414
0.005376093
0.0016634434
0.0006330099
0.0010610137
0.00084714673
0.00050520006
0.00085159065
0.002247437
0.002305431
0.0017844101
0.000511253
0.0023004627
0.0024123853
0.0021676063
0.0019280831
0.0018056879
0.6871632
0.48292726
0.39439714
0.9743595
0.99151117
0.98801416
0.971347
0.9910794
0.93810654
0.7272657
0.97045386
0.9895504
0.9507157
0.981141
0.921663
0.6286608
0.32788935
0.38255826
0.33257335
0.5362618
0.6899871
0.7918992
0.9235208
0.96159065
0.98185056
0.9680917
0.97443897
0.9687006
0.9497539
0.9439971
0.9125873
0.9234498
0.97375983
0.9886496
0.9800106
0.97803706
0.9691622
0.9105594
0.9142786
0.7424087
0.5901912
0.7120045
0.74139297
0.61089283
0.45223868
0.63942444
0.85744894
0.98671734
0.994426
0.99282646
0.9958547
0.9899532
0.98757553
0.98414963
0.9865335
0.980194
0.98138577
0.986193
0.98168784
0.98160213
0.9888704
0.99646497
0.9810672
0.9941227
0.99919635
0.9994578
0.9995809
0.9995129
0.99973077
0.99982554
0.99990654
0.99984145
0.99996984
0.99989295
0.99988854
0.9997813
0.99973005
0.99925715
0.99917895
0.9994338
0.9989078
0.99948716
0.9995763
0.9995536
0.9998272
0.9995852
0.99943286
0.9981998
0.99834085
0.9967861
0.9963451
0.9961557
0.9960609
0.99491394
0.9956905
0.9941012
0.9926286
0.9965927
0.9975731
0.9988784
0.99840504
0.99919456
0.9986368
0.99945325
0.9989748
0.9933483
0.9960616
0.99274147
0.96994936
0.9553442
0.9446152
0.98754233
0.94980526
0.9316237
0.89785665
0.9667378
0.9499448
0.98407114
0.9674355
0.98555225
0.9918099
0.98968303
0.99102914
0.9907783
0.9952349
0.9907549
0.9953112
0.97354984
0.7958537
0.8889744
0.7115081
0.61584145
0.20378795
0.0773603
0.17610817
0.06482683
0.089411765
0.19675545
0.5034179
0.7296898
0.6522396
0.8275102
0.9127642
0.9348986
0.8963098
0.90392923
0.8943091
0.9723312
0.96270996
0.9274527
0.9389778
0.8470607
0.7838326
0.2612921
0.75137895
0.7224574
0.933712
0.49340186
0.89165366
0.9016528
0.77255285
0.78326344
0.8114136
0.86015725
0.7845726
0.48946476
0.70112586
0.08462644
0.0178997
0.01503169
0.004245139
0.09333713
0.03734487
0.032952588
0.0051397183
0.0034095224
0.0026378287
0.004450424
0.0047504087
0.0057152263
0.052272346
0.0056111594
0.38197976
0.96960217
0.9965096
0.9991211
0.9996947
0.9998436
0.9998977
0.99991286
0.99987805
0.99979466
0.9999014
0.99993753
0.99993634
0.99997044
0.9999857
0.9999893
0.99997616
0.99997425
0.99995136
0.9999019
0.9998585
0.9998217
0.99985576
0.99396473
0.99893755
0.99953294
0.99980575
0.9994092
0.999731
0.99981076
0.99953926
0.9994646
0.99969566
0.9998313
0.99969065
0.9997944
0.99985826
0.9998846
0.99986875
0.99990284
0.99991643
0.99994755
0.9999635
0.9999652
0.999962
0.999974
0.99994457
0.99996746
0.99987197
0.99995315
0.9999614
0.9999465
0.99993753
0.9998233
0.9998702
0.9998913
0.9999287
0.99996364
0.99992526
0.9999622
0.99990785
0.99983776
0.9994779
0.9992829
0.99754024
0.9968747
0.99766636
0.9985267
0.9973974
0.9921606
0.97573155
0.9862228
0.9531809
0.9597704
0.9559484
0.9738321
0.94852316
0.9054134
0.9693247
0.96284455
0.97242355
0.97117144
0.993327
0.99192154
0.9963528
0.9874071
0.9880604
0.98799264
0.9881351
0.99007004
0.9911919
0.99337995
0.9879084
0.98868424
0.99006325
0.9914655
0.98188007
0.96621734
0.96551305
0.9463065
0.9366618
0.91481555
0.8726261
0.90527904
0.91150194
0.96479577
0.9571656
0.94432724
0.885268
0.83759516
0.91985404
0.9687118
0.99528766
0.98973316
0.9943153
0.98667204
0.9973935
0.9948502
0.99804604
0.9966097
0.9981059
0.99788684
0.99829096
0.9967705
0.9961062
0.9991634
0.99827385
0.99797946
0.99834204
0.99841666
0.9907154
0.9961434
0.98904115
0.99638295
0.9980326
0.9956826
0.9977246
0.997609
0.9957878
0.99293643
0.99628264
0.98810285
0.99269557
0.9893499
0.99031854
0.9760164
0.9829829
0.9096514
0.9505103
0.9517587
0.9709113
0.9881421
0.96198696
0.9485166
0.9684512
0.52098316
0.049998052
0.21835752
0.12393714
0.12560862
0.24917853
0.059754495
0.16655672
0.2747555
0.26306206
0.50259435
0.42087403
0.46189216
0.5686402
0.7502591
0.9048179
0.5333461
0.66676795
0.13619825
0.7781848
0.45509982
0.48841193
0.3255765
0.28149506
0.25446114
0.5994023
0.6550534
0.89755017
0.9392046
0.91058296
0.94388056
0.91020584
0.972727
0.97643095
0.9900727
0.998679
0.9967656
0.99402773
0.99774724
0.99686277
0.9975037
0.99958426
0.9986958
0.9957417
0.99562824
0.95272845
0.97206974
0.9687045
0.99359024
0.9812552
0.9849311
0.984832
0.9875816
0.98908293
0.99168855
0.9932997
0.9935638
0.9848467
0.98506874
0.97928464
0.9917902
0.99016726
0.9975031
0.99498415
0.99770087
0.99757
0.9945392
0.9989613
0.9969777
0.99820435
0.99835074
0.9965605
0.99940383
0.9987149
0.99862766
0.99952245
0.998334
0.99270684
0.9974452
0.9802698
0.78654283
0.6128033
0.38330165
0.18959118
0.12800126
0.10042358
0.67355114
0.30387303
0.21055429
0.40430343
0.9791877
0.9993237
0.9998654
0.999949
0.99996936
0.99996185
0.9999641
0.9999348
0.99978346
0.9990489
0.9971112
0.9924493
0.9456721
0.89188224
0.37740564
0.4650556
0.075157076
0.22111718
0.33304435
0.41133627
0.46802944
0.27195635
0.1473603
0.095735975
0.007656783
0.00017041928
5.8709164e-05
1.7296705e-05
1.03991415e-05
0.00010247315
0.0009121026
0.0004264143
0.005956137
0.0008114869
0.0010225334
0.0013363754
0.00074047036
0.0006053264
0.0031846492
0.039373137
0.0012823866
0.0034394844
0.0017028238
0.00028055103
0.0023194544
0.0010189703
0.0034658997
0.004372058
0.0028763532
0.0018324676
0.0025233233
0.0013624927
0.001626206
0.0057807914
0.0012610327
0.0010353009
0.00040612707
3.984043e-05
2.0130059e-05
1.9359697e-05
3.395775e-05
0.00010192944
0.00025305597
0.0008484731
0.0006502957
0.00058413524
0.90022403
0.99983764
