1
0.9999994
0.99999976
0.9999999
0.99999976
0.99999964
0.99999964
0.9999994
0.9999993
0.999998
0.999998
0.99999356
0.9999951
0.99999285
0.99999154
0.9999927
0.99999154
0.99998546
0.9999901
0.9999908
0.99999523
0.99999464
0.99999416
0.9999951
0.99999404
0.99999166
0.9999939
0.9999939
0.99999297
0.99999225
0.99999356
0.99999547
0.99999
0.99999547
0.9999937
0.99999094
0.9999949
0.99999154
0.9999825
0.99998236
0.99996495
0.9999634
0.99996316
0.99997663
0.9999908
0.9999896
0.9999753
0.9999707
0.9999298
0.99968207
0.9985115
0.998659
0.99916923
0.9973272
0.99803025
0.99512815
0.9928362
0.98092157
0.97365934
0.9231592
0.926859
0.9804347
0.99193126
0.9998764
0.99997747
0.99998224
0.99997234
0.99990225
0.99897504
0.9971968
0.98244953
0.9674599
0.9771041
0.9243668
0.96544135
0.9420649
0.8692482
0.9715257
0.98169315
0.98392177
0.9889725
0.9884742
0.9965456
0.99720997
0.9968412
0.9985057
0.999358
0.9987915
0.9988549
0.9986111
0.99807405
0.9986765
0.99943894
0.9996426
0.99973196
0.99975795
0.9998299
0.9998685
0.9999652
0.99997246
0.9999881
0.99999475
0.99999464
0.99998856
0.9999554
0.9999447
0.9999436
0.99996674
0.99998534
0.99998116
0.9999249
0.9997594
0.99977225
0.9996069
0.9988697
0.9995161
0.99977034
0.9999068
0.9998938
0.99975115
0.99989545
0.9998385
0.9998946
0.9999069
0.99990344
0.99995136
0.9999896
0.9999933
0.99999595
0.99999154
0.99998415
0.9999831
0.99998164
0.9999844
0.99997747
0.99997723
0.9999771
0.99993515
0.99994075
0.9999293
0.99991286
0.9999622
0.99983656
0.9976647
0.9991381
0.9960562
0.9964444
0.99461824
0.99672556
0.99525625
0.99236405
0.99416924
0.9995097
0.9998714
0.9999732
0.9999504
0.9999335
0.99967635
0.9998536
0.99956936
0.99975425
0.99743336
0.9980325
0.9755584
0.98462206
0.99462515
0.99958855
0.99846953
0.999853
0.99988294
0.9999838
0.9999745
0.9999907
0.9999778
0.99998283
0.99994826
0.99922097
0.9998901
0.99992967
0.9999267
0.99986947
0.99982435
0.99984145
0.99985707
0.999355
0.9997969
0.9998791
0.9996803
0.999629
0.99818015
0.99981123
0.99942183
0.99949896
0.9995165
0.9990507
0.9981523
0.9966993
0.9977794
0.9049877
0.96150124
0.91074044
0.96802384
0.9782159
0.9176669
0.902395
0.74378246
0.89012384
0.9746012
0.89863175
0.9647857
0.8806136
0.97561306
0.99731344
0.9890982
0.9804822
0.9590045
0.9946773
0.99907875
0.9988669
0.99701935
0.99786514
0.99835616
0.99927396
0.9985221
0.9965822
0.994545
0.98960644
0.98177713
0.97290695
0.7012532
0.9726493
0.99489486
0.9976915
0.99954283
0.99998903
0.9999943
0.9999926
0.9999875
0.999979
0.9999846
0.9999895
0.99999297
0.99998593
0.9999831
0.99999225
0.999992
0.9999864
0.99997306
0.99995327
0.99990976
0.99986064
0.9999336
0.99901927
0.99986243
0.999907
0.9897606
0.9992322
0.99914026
0.99951255
0.99923885
0.9987828
0.99908185
0.9988772
0.99925894
0.9984238
0.9988564
0.9992368
0.9996413
0.99983895
0.9999778
0.9999882
0.99998546
0.99999154
0.99998784
0.9999827
0.99998295
0.99992716
0.99989057
0.99985635
0.99963427
0.9954869
0.9941555
0.9662528
0.9771683
0.98373854
0.96027267
0.98335385
0.92226875
0.98875266
0.9963691
0.99865973
0.99992454
0.9999777
0.9999219
0.9999604
0.9999746
0.99998105
0.99998355
0.9999933
0.9999949
0.9999926
0.99999166
0.99997175
0.9999387
0.99993587
0.9999689
0.9999734
0.9998609
0.99814975
0.9912689
0.96123415
0.9852684
0.92781526
0.97633386
0.99201304
0.9574999
0.9380419
0.9615525
0.8985021
0.9579009
0.9614101
0.9837002
0.9652403
0.9756817
0.9817582
0.9951651
0.9906308
0.99265164
0.9892586
0.9821797
0.9851503
0.97557914
0.95419884
0.89559275
0.8798913
0.85341746
0.89352524
0.5637919
0.87374324
0.93416405
0.99611974
0.99788886
0.99948066
0.9999126
0.99995375
0.9999833
0.99997544
0.9999838
0.9999776
0.9999689
0.9999825
0.9999846
0.9999716
0.9999553
0.99996006
0.99994755
0.99998415
0.9999665
0.99993277
0.9998524
0.9999057
0.9999126
0.9997956
0.9998772
0.99972683
0.9994172
0.9859638
0.9830269
0.9421733
0.8739625
0.98200315
0.96630806
0.9553259
0.97226197
0.9746524
0.9914247
0.99287194
0.997047
0.99909925
0.9994168
0.99935466
0.99960977
0.9990017
0.99880564
0.9986493
0.9987436
0.99963033
0.99903035
0.9998541
0.9992143
0.99969244
0.99982506
0.9998448
0.9996352
0.9991352
0.9982659
0.9970175
0.9957616
0.98342574
0.9898426
0.98549867
0.9804849
0.9612054
0.9745524
0.975801
0.96014047
0.9630767
0.93395203
0.9491591
0.9604269
0.93285406
0.8935319
0.89047515
0.9533573
0.9174086
0.9667165
0.98373103
0.9817826
0.99041885
0.9940633
0.9953719
0.9979346
0.9981462
0.99805284
0.9939214
0.99735945
0.99618274
0.9976203
0.99788624
0.9986161
0.9971969
0.9825937
0.99564075
0.9957497
0.9334476
0.98750335
0.98478377
0.97722036
0.96822506
0.979261
0.76036346
0.9233231
0.9594395
0.9616454
0.9090179
0.9364789
0.9533639
0.9652786
0.95672023
0.9764273
0.9870755
0.9886016
0.99791294
0.99987435
0.99954116
0.99950266
0.99975914
0.9996866
0.9999541
0.99997115
0.99998724
0.99998236
0.99995375
0.99998546
0.9999502
0.999944
0.9998919
0.9996624
0.9989145
0.99696094
0.9854977
0.98929673
0.95929235
0.9753812
0.96066463
0.9581905
0.97601503
0.9670429
0.9556187
0.97908026
0.9584731
0.9685089
0.99513453
0.988777
0.97495824
0.9483511
0.952125
0.91280645
0.96558595
0.982139
0.9875936
0.9764944
0.8581331
0.9511108
0.9731866
0.9892865
0.9790867
0.9933357
0.9963413
0.9983912
0.99843985
0.9976404
0.999655
0.9992926
0.9972573
0.9957145
0.99737287
0.9899872
0.9930004
0.9872738
0.9974547
0.9916681
0.9996214
0.9954507
0.986452
0.96773773
0.97404927
0.97283506
0.92247605
0.8750375
0.9412168
0.91897017
0.844713
0.88397425
0.91367805
0.87846684
0.84383047
0.87257916
0.93819207
0.95913434
0.9389881
0.9818381
0.9679294
0.9821551
0.99210346
0.98906696
0.992416
0.9871001
0.9894489
0.9874227
0.9902074
0.991295
0.98940045
0.99277955
0.9954057
0.9976701
0.9971812
0.9909758
0.9933555
0.98632205
0.9920231
0.996648
0.9961773
0.9923489
0.9780723
0.93953615
0.9330709
0.84189653
0.7817493
0.70196736
0.775786
0.7073996
0.7967798
0.92818034
0.99064964
0.98392546
0.9873531
0.9916835
0.9927207
0.9949103
0.9936661
0.98636615
0.99058443
0.9941256
0.99472505
0.9982186
0.996691
0.99647695
0.9962782
0.98616284
0.9862346
0.99140394
0.99425286
0.9984067
0.99801046
0.99652267
0.99668545
0.98609954
0.99463177
0.9974239
0.99671113
0.9971083
0.9948177
0.99750584
0.9989994
0.9952069
0.98949057
0.99350256
0.99464995
0.99471587
0.9926766
0.98899287
0.98166627
0.96145207
0.96556896
0.96710426
0.94793665
0.9714594
0.97346413
0.9665018
0.9560699
0.9772907
0.9658902
0.9862817
0.9855884
0.97761863
0.98010045
0.9880155
0.991991
0.983633
0.9860399
0.98759186
0.9916346
0.991918
0.97463006
0.9977416
0.99789494
0.9962955
0.99027365
0.98954856
0.9897424
0.984883
0.9859803
0.9246649
0.9854176
0.97488165
0.9826748
0.9785187
0.9812119
0.98279107
0.9857415
0.98513097
0.9871197
0.9746796
0.9945608
0.99337256
0.99041957
0.9787264
0.96816194
0.9535529
0.92880404
0.98389685
0.9958181
0.9416556
0.7863812
0.5271247
0.5325498
0.7437047
0.886411
0.970969
0.97110176
0.9685297
0.9867447
0.97551006
0.98372316
0.9816558
0.9802271
0.93857783
0.9435945
0.9196223
0.95343196
0.85064065
0.93072265
0.9477024
0.93752795
0.9202648
0.90043586
0.7958639
0.7008701
0.60373884
0.72815704
0.6259202
0.618918
0.5176984
0.46252453
0.6875481
0.7046614
0.46140623
0.71811366
0.87912995
0.96127737
0.97385037
0.9390583
0.8873723
0.9451779
0.88580406
0.80807793
0.73268646
0.7104914
0.7354312
0.74347484
0.7999633
0.89235497
0.9332018
0.8475079
0.92834055
0.9397476
0.9582671
0.9515218
0.91955125
0.9578067
0.91203046
0.8657329
0.8792096
0.77854604
0.86130697
0.8877176
0.81917137
0.9217257
0.94263405
0.8811684
0.81207466
0.90040696
0.87486017
0.7617254
0.81308687
0.86840785
0.833186
0.85931623
0.87784594
0.8243191
0.9162206
0.9265884
0.97728753
0.9752764
0.9826062
0.9568017
0.87505484
0.7662667
0.8518381
0.5730372
0.6755814
0.46565118
0.099562466
0.2163539
0.4402404
0.27410913
0.0428109
0.05634591
0.36782038
0.43846822
0.21725093
0.2584353
0.1695718
0.06460215
0.06755053
0.1352935
0.022486277
0.03224963
0.008187651
0.008862195
0.0068307896
0.0011857032
0.00047908365
0.0010480139
0.0010121757
0.0038801578
0.009941472
0.011448639
0.012357243
0.014546253
0.0040643625
0.022672301
0.02450498
0.003415678
0.00053622597
0.0012441427
0.0031223036
0.021546425
0.07173903
0.079503514
0.12826365
0.051992726
0.07858531
0.04653661
0.043983247
0.10973011
0.1172796
0.014878151
0.069962315
0.021913478
0.043803025
0.0428124
0.022323254
0.05118641
0.033968803
0.03670963
0.07193654
0.06993929
0.16878292
0.12676044
0.10582019
0.108373344
0.07272733
0.3856347
0.7180544
0.5977056
0.76282084
0.8348793
0.4557797
0.18360314
0.463153
0.71991765
0.8717906
0.75501233
0.8575241
0.95115155
0.9175734
0.9748872
0.97171974
0.9721354
0.970939
0.9628008
0.98133034
0.94891256
0.9637895
0.9191635
0.9189675
0.65488875
0.5934718
0.7188548
0.7032571
0.78237695
0.9214522
0.86958706
0.9459264
0.8774209
0.7189948
0.73401767
0.65024906
0.62767756
0.8198547
0.33321503
0.12375258
0.1820983
0.28561866
0.18543269
0.18870854
0.20699564
0.074758604
0.43775713
0.53627014
0.22162291
0.13815683
0.792935
0.54043674
0.7048981
0.6724834
0.6518267
0.7672318
0.8687348
0.90182894
0.9354298
0.89249057
0.6576345
0.8736363
0.7822103
0.83181316
0.63459575
0.535079
0.73215127
0.7926781
0.85606337
0.74668044
0.50110644
0.610208
0.47973943
0.58306193
0.5439441
0.7041718
0.56509626
0.3866656
0.53229797
0.378961
0.3699661
0.3285905
0.51723754
0.89454347
0.8783871
0.78231734
0.92297715
0.95177704
0.9417461
0.7031315
0.94907886
0.9627401
0.94179803
0.9661588
0.915682
0.94483125
0.91405785
0.9544142
0.9433882
0.8193011
0.9246546
0.9795375
0.84497666
0.51298106
0.5332213
0.4441219
0.32358944
0.2441646
0.21481304
0.3978472
0.05120173
0.40264994
0.118235484
0.14266104
0.26449448
0.4497736
0.18033178
0.94968086
0.25938755
0.9602897
0.64769983
0.9076683
0.95440996
0.99222684
0.99374205
0.9967211
0.9949962
0.98763335
0.984809
0.9922903
0.9977563
0.99751675
0.99533683
0.9902879
0.9800432
0.97532904
0.9949065
0.9789387
0.9877487
0.9943184
0.98916936
0.9901045
0.99799395
0.9970246
0.9971035
0.99718803
0.99427575
0.9967199
0.9949309
0.992679
0.9904604
0.9932414
0.9976804
0.998933
0.99935347
0.9993273
0.99911374
0.999689
0.9987148
0.9991003
0.9991942
0.99876714
0.99916947
0.9983493
0.99812514
0.99508697
0.9974784
0.9974214
0.9976192
0.9983187
0.9987676
0.998271
0.99934584
0.99758554
0.99818665
0.996514
0.9923477
0.9848258
0.9923639
0.9725859
0.95796615
0.9739188
0.9908077
0.98491687
0.9846117
0.981981
0.97783875
0.9709256
0.96742743
0.978746
0.9456475
0.91938627
0.94444704
0.94523007
0.95651567
0.9214656
0.7010226
0.6080074
0.82233405
0.48671553
0.62915313
0.59036726
0.8340523
0.92261285
0.8553211
0.9573087
0.8777273
0.9668541
0.9742352
0.9842427
0.9804227
0.95729154
0.9519402
0.9759085
0.97758716
0.9723322
0.9466705
0.95755905
0.923455
0.93700975
0.89317274
0.8865102
0.90575945
0.9122046
0.9405752
0.91656035
0.95804995
0.97583383
0.9734701
0.9755451
0.9413558
0.97342896
0.9598221
0.9315187
0.97751254
0.97900414
0.9680457
0.96758544
0.98162705
0.93195724
0.90744346
0.829931
0.7714416
0.8537879
0.7201287
0.65864706
0.5554624
0.5848847
0.30083033
0.37303996
0.22973947
0.20867944
0.3147055
0.66164917
0.8376063
0.6849823
0.70068455
0.82012
0.8567093
0.89912665
0.8352871
0.57462054
0.5640373
0.7934549
0.8700365
0.9588819
0.9686363
0.990417
0.97840345
0.97959113
0.9654516
0.975305
0.91386867
0.92317605
0.98511916
0.98304594
0.98214597
0.9908798
0.99865025
0.9986362
0.9965526
0.9994429
0.99524623
0.98732543
0.9788583
0.98746467
0.98626035
0.9956382
0.9991008
0.996662
0.995666
0.99492306
0.99192
0.99353623
0.9959214
0.9660039
0.9870004
0.99575245
0.9326109
0.7749187
0.085983574
0.0046496163
0.015498184
0.0511585
0.1822108
0.45383078
0.96165377
0.9802899
0.448508
0.052821435
0.0039317133
0.032613833
0.0061275214
0.027122486
0.007768284
0.050063238
0.043878943
0.34574416
0.34758142
0.14626056
0.23880541
0.34547523
0.5369298
0.81304884
0.89623374
0.7630026
0.4776611
0.35737574
0.11768071
0.19146247
0.11310276
0.0508665
0.118148535
0.5724239
0.62509274
0.868779
0.9615094
0.9708217
0.98549104
0.97179025
0.9911651
0.9980692
0.9961964
0.99575555
0.99698204
0.9929725
0.9972071
0.99791867
0.9976941
0.9980259
0.9974088
0.9976701
0.9980506
0.99961
0.9991867
0.99980813
0.9999838
0.9999831
0.99981946
0.99975497
0.9991008
0.999292
0.99905914
0.99721634
0.9961046
0.9996625
0.9998423
0.9999187
0.99910563
0.99923337
0.9979122
0.9969975
0.97158945
0.96090174
0.9193793
0.9180099
0.6957645
0.15952739
0.33678794
0.1908571
0.051955674
0.01183936
0.0068334043
0.028935416
0.15078606
0.21627201
0.2871407
0.32291144
0.3562639
0.45207316
0.042447433
0.04148346
0.014702659
0.029742394
0.02411386
0.004218051
0.0046674814
0.00973638
0.0011838682
0.002649277
0.00066175195
0.0015499139
0.011686866
0.0027942038
0.009136984
0.022889404
0.02764499
0.080414325
0.22005688
0.46777186
0.76642346
0.6568523
0.8666553
0.8604857
0.85381365
0.88240993
0.93462044
0.90930116
0.87544686
0.7978564
0.82793146
0.79324013
0.9312844
0.8074701
0.9299984
0.9184639
0.93191284
0.8490316
0.8132009
0.4190265
0.59688795
0.6949631
0.8722368
0.9163059
0.96547216
0.9817976
0.9862505
0.98978466
0.9688423
0.9888087
0.9746017
0.97903013
0.99223375
0.9943116
0.97395205
0.994759
0.99359703
0.97831887
0.9930178
0.97339654
0.98517334
0.97519106
0.9614227
0.98198515
0.95002085
0.9601166
0.92931974
0.9405936
0.9653406
0.98550594
0.9670552
0.9550152
0.94225776
0.9789651
0.97347957
0.98786604
0.9814772
0.9746395
0.9879866
0.9887701
0.99675554
0.9903278
0.98767406
0.99566853
0.9959117
0.99590105
0.99949324
0.9999143
0.99973613
0.9995515
0.99943155
0.99616635
0.99642366
0.9826801
0.99224997
0.9964933
0.9949151
0.99688834
0.9976495
0.9978963
0.9983748
0.99796677
0.9867048
0.98889494
0.9723584
0.9878777
0.991
0.9973022
0.9990969
0.9986677
0.9990496
0.9995247
0.999295
0.999759
0.9995946
0.99860364
0.99298674
0.99148893
0.99281937
0.97224617
0.992276
0.9967853
0.9980051
0.99903417
0.9989791
0.9989773
0.99889565
0.9908827
0.99390346
0.9957086
0.9962537
0.9958906
0.9952916
0.99659914
0.9938589
0.9963481
0.99485576
0.9942636
0.99290645
0.9865123
0.9927175
0.9899198
0.9929974
0.99704486
0.9971917
0.99614596
0.99604696
0.9937342
0.9974892
0.996431
0.9974801
0.99806386
0.99871576
0.99171853
0.9977906
0.99862134
0.9987789
0.9989091
0.9994265
0.99903214
0.9997211
0.99881786
0.99904615
0.99856806
0.9988545
0.99974805
0.9997867
0.99979943
0.99995816
0.9998964
0.99974173
0.9998436
0.9991974
0.9883869
0.97627777
0.9734846
0.98924047
0.9932934
0.9844505
0.99619746
0.9953685
0.9992292
0.9980573
0.9963685
0.99856997
0.9961571
0.9938976
0.97807103
0.9128083
0.9799977
0.882012
0.6540834
0.85494804
0.82593834
0.56462413
0.5886775
0.2480134
0.50757676
0.7481632
0.5664014
0.12342566
0.2205553
0.055864852
0.008124578
0.047388338
0.20395027
0.9457961
0.9561229
0.94094783
0.94060796
0.96723926
0.96685296
0.99548364
0.99218035
0.9982267
0.99966526
0.9999521
0.99993885
0.999813
0.9995654
0.9989555
0.99685425
0.9912909
0.99108785
0.9971692
0.998711
0.9986488
0.99935395
0.9915752
0.97142595
0.89429456
0.7554792
0.8846493
0.86329347
0.9017265
0.957881
0.9739454
0.99250096
0.9913186
0.9940591
0.9871876
0.99543816
0.9968832
0.9975891
0.9992555
0.9995173
0.9989542
0.998941
0.9996805
0.99988246
0.9999267
0.99984276
0.9998
0.9998253
0.9994779
0.9971597
0.9967834
0.9943158
0.99725455
0.9959705
0.9952982
0.99777263
0.9930414
0.9866269
0.97990316
0.99731535
0.992845
0.99627364
0.9942432
0.99648595
0.99836916
0.99851257
0.9981414
0.9977435
0.99821234
0.9962804
0.9947343
0.9921548
0.99222684
0.9862542
0.9837219
0.967533
0.983448
0.9803964
0.97246593
0.9863825
0.97052246
0.99710256
0.9823606
0.9988997
0.99896896
0.9990452
0.99878293
0.99911433
0.9995648
0.9989569
0.9984237
0.9933877
0.99279
0.98846406
0.995423
0.9831867
0.95090425
0.969131
0.9910857
0.97692376
0.94458085
0.95740974
0.9647017
0.9681798
0.8888863
0.89736545
0.8785732
0.96047246
0.98092425
0.9788576
0.99028337
0.9853033
0.979645
0.97746086
0.98038393
0.99438816
0.99960464
0.99980706
0.9998379
0.9999207
0.99992263
0.9999336
0.9997634
0.9999068
0.99982697
0.9997875
0.9997192
0.9999249
0.9998934
0.9999025
0.99968874
0.99968255
0.9973242
0.9993729
0.9996984
0.99963045
0.9975689
0.99434364
0.9918784
0.9895806
0.9952544
0.9818149
0.9851723
0.9903825
0.9873038
0.98840964
0.9908263
0.9882631
0.99656457
0.9950448
0.9938506
0.9973291
0.99160767
0.96165204
0.97909606
0.9760317
0.99671566
0.9998567
0.99987996
0.99993145
0.9999697
0.99994445
0.999818
0.99978226
0.9997036
0.9998305
0.99977165
0.99993324
0.9999471
0.99990594
0.9998035
0.9999114
0.9998317
0.99895656
0.9960477
0.99706215
0.9924959
0.9894645
0.9899635
0.9827838
0.9881903
0.92967016
0.8371341
0.35279512
0.24479733
0.094267
0.36664164
0.1128451
0.12741598
0.05790721
0.041881472
0.18666025
0.12814774
0.05337372
0.025072234
0.05945913
0.11297008
0.09824232
0.12678109
0.115236
0.061772104
0.048327416
0.032758467
0.045509003
0.022492044
0.060850266
0.05620171
0.21177123
0.18243043
0.16441208
0.1580424
0.6451001
0.34915438
0.87634534
0.9554623
0.9589651
0.99207276
0.99443734
0.997866
0.9990582
0.99960905
0.99966526
0.99980265
0.9998934
0.99989605
0.9997334
0.99982005
0.9999323
0.99993
0.9999225
0.9999299
0.999851
0.99978405
0.99938047
0.99754816
0.99721414
0.9986553
0.995465
0.9963366
0.9941518
0.996581
0.9964244
0.99418616
0.9956636
0.99826884
0.99751186
0.9967968
0.9975889
0.99960047
0.9997409
0.9999037
0.9999765
0.9999819
0.99998176
0.99995685
0.99992394
0.99980253
0.99971
0.99973124
0.9996785
0.99968755
0.9994338
0.99929476
0.99854374
0.99792516
0.99918836
0.99720436
0.9932927
0.98945695
0.99712604
0.99726534
0.9989378
