1
0.9999999
0.9999995
0.9999995
0.9999993
0.9999989
0.9999988
0.9999987
0.9999988
0.9999982
0.9999982
0.9999975
0.999998
0.9999987
0.99999917
0.9999987
0.9999975
0.99999774
0.99999726
0.99999857
0.99999905
0.99999845
0.9999927
0.99999857
0.9999976
0.9999976
0.9999974
0.9999938
0.9999968
0.99999404
0.9999944
0.9999962
0.99999726
0.9999964
0.99999154
0.9999964
0.9999949
0.99999225
0.99999046
0.9999962
0.9999937
0.9999871
0.99999285
0.9999951
0.9999912
0.9999919
0.9999924
0.99999166
0.9999902
0.9999887
0.9999821
0.9999918
0.999977
0.9999889
0.999987
0.9999839
0.99995613
0.99988294
0.9999423
0.9998369
0.99985206
0.99990463
0.99977666
0.9998684
0.9999198
0.999887
0.9998771
0.99987364
0.99986887
0.99991775
0.99991786
0.99995935
0.99995804
0.9999639
0.9999796
0.999992
0.99998283
0.99998844
0.9999782
0.9999826
0.99999106
0.99998903
0.9999764
0.99998903
0.9999926
0.9999832
0.9999819
0.999974
0.99998903
0.99997747
0.9999833
0.99998295
0.9999927
0.9999974
0.9999989
0.9999993
0.99999857
0.999995
0.9999901
0.9999931
0.9999876
0.9999889
0.99999726
0.9999745
0.99999464
0.9999957
0.9999918
0.9999981
0.9999484
0.99994075
0.9999393
0.9998733
0.99900925
0.9991233
0.99803966
0.999595
0.99967194
0.99937373
0.99973077
0.99979514
0.9997247
0.9995085
0.999608
0.9992519
0.9993793
0.99916196
0.99659735
0.9980738
0.9929598
0.99590045
0.99649364
0.9969516
0.9905973
0.9962924
0.99646145
0.99649304
0.9964323
0.9947632
0.9839131
0.9927498
0.99463695
0.9941062
0.9949639
0.9961116
0.994572
0.99646664
0.9967013
0.82970876
0.88890433
0.9745248
0.88637435
0.9841899
0.99872893
0.9995436
0.9994242
0.99970275
0.9998517
0.9996847
0.99945265
0.9998154
0.9999609
0.9999894
0.99996436
0.9996805
0.9998801
0.9992843
0.99921
0.9937441
0.9811163
0.96161795
0.9316216
0.82155305
0.5121923
0.69512504
0.77253574
0.9565333
0.9869322
0.9860491
0.99229336
0.99780375
0.99825376
0.9954006
0.99523526
0.992644
0.98468417
0.97248095
0.97755617
0.86747223
0.8567835
0.96935844
0.906379
0.89130044
0.8807038
0.8678751
0.53169096
0.532427
0.7717456
0.87551
0.7021817
0.42372885
0.3009351
0.7495613
0.9879865
0.99935
0.99988973
0.99978286
0.9999279
0.99987435
0.9999132
0.9999627
0.9998735
0.9998658
0.99993885
0.9999634
0.99994445
0.99989617
0.9999573
0.9999603
0.9999441
0.9999237
0.99985886
0.99991846
0.99980134
0.9999356
0.9997919
0.9998386
0.999652
0.9998098
0.9996879
0.9999019
0.99989533
0.9998423
0.9997421
0.9992681
0.99943906
0.99966335
0.9994523
0.9994748
0.9993025
0.9994221
0.99983
0.99980825
0.9998808
0.9999275
0.9999014
0.9998099
0.9998635
0.99985075
0.9997737
0.99977225
0.9998708
0.99982125
0.9998901
0.99979323
0.99990153
0.9998828
0.99973124
0.9997682
0.99986184
0.9998301
0.9998404
0.99985564
0.9998616
0.9996191
0.9994855
0.99810684
0.99792105
0.9985135
0.9987979
0.99953127
0.99962616
0.999876
0.99974114
0.9998996
0.9999647
0.9999398
0.9999472
0.9999378
0.9999646
0.9999858
0.9999913
0.99998164
0.9999701
0.9998505
0.99994457
0.99984884
0.99993694
0.9998646
0.99603075
0.9927475
0.9892274
0.9935457
0.97920567
0.9928281
0.99346256
0.95227253
0.9851474
0.9915183
0.97815794
0.9805007
0.99710685
0.9943294
0.9964194
0.99766064
0.99208575
0.9952461
0.98908186
0.9963846
0.9933308
0.9810463
0.9945405
0.98992175
0.9904103
0.99438334
0.9978162
0.99630725
0.99525404
0.99396825
0.9931573
0.99518174
0.99828535
0.9994349
0.9992912
0.9992442
0.9986124
0.9995505
0.9991258
0.9994468
0.99922204
0.9983247
0.9994702
0.9990971
0.99767727
0.99847597
0.9993455
0.99958056
0.99720395
0.997285
0.9896834
0.9943151
0.9853579
0.9937152
0.96974504
0.97992146
0.93728983
0.9431537
0.9632315
0.9886153
0.98060834
0.98446953
0.96666056
0.9053122
0.9541628
0.99418795
0.99614465
0.9972583
0.99702626
0.9906405
0.99270564
0.99170977
0.9911917
0.99328184
0.9836962
0.98839056
0.9945556
0.9880647
0.9922558
0.9884362
0.9859679
0.99264014
0.99024814
0.9923832
0.98966867
0.99082327
0.98702776
0.9892063
0.9915986
0.9956903
0.99611557
0.9929119
0.9917177
0.99648166
0.9930864
0.99857295
0.99789906
0.9942806
0.99601823
0.99854565
0.9972097
0.99742484
0.99516344
0.9967307
0.99534225
0.9945269
0.9956773
0.9959533
0.9951905
0.9916236
0.97870916
0.97301596
0.92815876
0.93811077
0.8819915
0.79179555
0.8004633
0.64000744
0.892935
0.979038
0.9869327
0.9921147
0.9871312
0.974643
0.9676504
0.97337013
0.9894828
0.993525
0.99298954
0.9912334
0.9917082
0.99623233
0.9939703
0.9986338
0.9973579
0.9954318
0.9933153
0.997079
0.998338
0.9858744
0.987665
0.98276085
0.9785534
0.9946872
0.9883383
0.97825235
0.94899833
0.66045624
0.21172304
0.0107868975
0.002104989
0.25086156
0.7460002
0.7505785
0.93372285
0.9610821
0.97506577
0.9874873
0.991388
0.9859672
0.9861314
0.99201924
0.9845776
0.99602294
0.98493385
0.98906493
0.9811422
0.9703977
0.9666644
0.96408945
0.97489864
0.99035573
0.9902956
0.9827024
0.9898455
0.98782396
0.981062
0.9932486
0.98499185
0.9860578
0.99152935
0.99629444
0.9908562
0.98394036
0.9893183
0.98222715
0.97142315
0.98067564
0.97548455
0.9780964
0.98584706
0.9914465
0.99059135
0.9747688
0.97227997
0.96695197
0.9142345
0.93545526
0.97705954
0.9700153
0.9620023
0.9482954
0.9718613
0.9765633
0.98531336
0.9772415
0.9883543
0.972014
0.98609644
0.9822923
0.97488356
0.99204844
0.9920002
0.98953515
0.98278415
0.98529285
0.9876703
0.96728843
0.9859642
0.9883726
0.9949668
0.9932371
0.998953
0.9986859
0.9982408
0.9957189
0.9993001
0.9986094
0.9987931
0.9989754
0.99761033
0.9992279
0.99896455
0.99910176
0.99939823
0.99903905
0.9971324
0.98147076
0.98889995
0.98676074
0.99556535
0.9948677
0.9887827
0.99494886
0.99776506
0.9984602
0.9950596
0.9833897
0.9988813
0.9966539
0.9986092
0.9990734
0.9992373
0.99951506
0.9997423
0.99906725
0.99883026
0.99888235
0.99905485
0.9975885
0.99868494
0.9986822
0.99933976
0.9996464
0.9999349
0.999899
0.9998778
0.9997619
0.9998167
0.9998079
0.99976593
0.9998807
0.9999175
0.99992
0.99994373
0.9999074
0.9999031
0.99988747
0.9996137
0.9995074
0.9988005
0.9991353
0.99852246
0.9985055
0.99670607
0.99747247
0.9975465
0.9957229
0.9975737
0.99452555
0.97344434
0.9881048
0.9943784
0.9937669
0.989273
0.99668413
0.9976037
0.99746335
0.9971091
0.9989135
0.99967515
0.99964464
0.9995408
0.99867296
0.9991848
0.9932736
0.9924942
0.98964757
0.9933878
0.98835564
0.98274153
0.98460346
0.9888044
0.9862068
0.92653704
0.8880563
0.9340181
0.827178
0.9823417
0.99846834
0.9984295
0.9951539
0.9956377
0.9907962
0.9984883
0.99967945
0.9994717
0.99888283
0.9994654
0.99852484
0.9981008
0.9977106
0.9982132
0.9975362
0.9986779
0.99800295
0.9969627
0.9985985
0.9986701
0.995025
0.99857736
0.9975247
0.9976757
0.9965933
0.9954986
0.9957236
0.9946955
0.9972747
0.9992693
0.9997476
0.9995945
0.9998247
0.9998603
0.99983644
0.9999038
0.9998913
0.9999535
0.99987423
0.99994755
0.9999391
0.9995648
0.9998192
0.9998276
0.99957746
0.99907947
0.9992105
0.9990695
0.999734
0.9995815
0.9995573
0.9996138
0.99963427
0.9997701
0.9998627
0.99973935
0.99988747
0.9998006
0.99995637
0.99993134
0.9998729
0.99993086
0.9998497
0.9998789
0.9994862
0.999666
0.9993038
0.9991893
0.99946254
0.9995938
0.99980074
0.99994695
0.99946254
0.99943477
0.9997719
0.9990596
0.9996178
0.9991478
0.9988165
0.999353
0.99958867
0.99958533
0.99806756
0.9893016
0.98913026
0.9843204
0.90405726
0.9556789
0.9894872
0.89976275
0.53027755
0.6648222
0.90640265
0.94843686
0.9499862
0.9763367
0.9876819
0.9990245
0.9928806
0.9944284
0.9928838
0.97553617
0.98694056
0.9488108
0.9752848
0.8997693
0.936043
0.62803215
0.7125644
0.47509155
0.3285096
0.48743117
0.8134022
0.8230398
0.9618036
0.98215896
0.9941307
0.9957818
0.99764794
0.99790335
0.99877125
0.99907637
0.9997141
0.9996946
0.99977237
0.99867
0.9987752
0.9940105
0.9952819
0.9924562
0.9990514
0.9896953
0.9951137
0.9951692
0.99891174
0.9978461
0.99828476
0.99886477
0.998628
0.9996741
0.9996996
0.99989915
0.99975544
0.99943143
0.9995449
0.99949944
0.9964735
0.99923587
0.9990374
0.9938921
0.9851189
0.972973
0.95152336
0.87103367
0.7325244
0.66062975
0.15063407
0.14492922
0.16569458
0.12576519
0.11493786
0.5645571
0.7620981
0.8932398
0.8231418
0.44742066
0.6256883
0.9801635
0.97559863
0.9718298
0.91014934
0.9713387
0.9971008
0.99691653
0.9966157
0.9981681
0.99927765
0.9986884
0.99905294
0.9987343
0.99811316
0.9986625
0.99900454
0.9994721
0.99866796
0.99287426
0.99785715
0.99912924
0.9981957
0.9989912
0.99765766
0.9984332
0.9959871
0.9836817
0.9730916
0.98138934
0.9792053
0.9877834
0.98015916
0.95209605
0.97198874
0.966563
0.9851088
0.962851
0.55467224
0.24528787
0.09238966
0.3397069
0.25891343
0.34519246
0.81768775
0.30432695
0.32840547
0.0750491
0.26720396
0.56270117
0.3730633
0.40473825
0.33542758
0.34717533
0.38640705
0.76813245
0.84009105
0.79446995
0.3675966
0.43350062
0.46230984
0.3389556
0.08906282
0.12375603
0.18000501
0.2191074
0.45055288
0.476892
0.10078732
0.10744377
0.06836262
0.19205517
0.16735314
0.075633705
0.027185364
0.077840716
0.08156511
0.025286295
0.0016690879
0.0007148188
0.0021822066
0.0026910023
0.065106444
0.04219137
0.0035288013
0.0024063862
0.0027650464
0.0020039293
0.19688727
0.178316
0.40962192
0.50154513
0.45994973
0.5232602
0.55238605
0.6220059
0.6975654
0.72227514
0.69448537
0.8185772
0.7236508
0.925981
0.8970589
0.83791673
0.7639331
0.9167661
0.7783985
0.68699735
0.78461677
0.9280711
0.78550917
0.90825003
0.85932404
0.8797866
0.79087585
0.6514178
0.6280145
0.55661976
0.5729898
0.644114
0.80544096
0.7128089
0.91342443
0.967589
0.97457063
0.98442405
0.98135513
0.9778049
0.96857697
0.9616017
0.97434944
0.6831712
0.5640051
0.5009427
0.75221753
0.47041443
0.81706154
0.82947046
0.89821935
0.90095943
0.6397405
0.91348004
0.85157853
0.8681232
0.97182345
0.8784751
0.8699684
0.8718764
0.9299905
0.8949181
0.951464
0.95645505
0.95643824
0.92760885
0.9854505
0.97157574
0.9832187
0.9844124
0.9538334
0.9692308
0.9462886
0.9154517
0.9385712
0.94429195
0.94100195
0.93180114
0.9449592
0.9400023
0.9525615
0.9794967
0.9797325
0.9502043
0.9543102
0.8921147
0.8953928
0.97105104
0.94668
0.9521141
0.9711043
0.9588997
0.9003578
0.9488604
0.9477275
0.986251
0.9884962
0.94485164
0.76328623
0.85698414
0.6417226
0.85468096
0.92935085
0.93566036
0.8700342
0.95515484
0.82071084
0.97885484
0.9757505
0.9383612
0.9824415
0.99078053
0.93791753
0.97067046
0.97728956
0.97315717
0.9915759
0.97406673
0.9824258
0.9825232
0.97844124
0.9755923
0.9352842
0.97074586
0.93859684
0.9312128
0.9371699
0.88966125
0.88256824
0.92687815
0.91838574
0.88877994
0.9664601
0.9282708
0.9827542
0.9782115
0.9292713
0.81033313
0.71643704
0.9129516
0.93586415
0.94628036
0.93545693
0.9548225
0.93037033
0.7841697
0.81473184
0.5730884
0.6997384
0.30654472
0.5241679
0.41312906
0.473022
0.84188026
0.5247124
0.6776335
0.7662604
0.93524534
0.9309253
0.9214296
0.8720676
0.9563955
0.6289989
0.8231947
0.81249833
0.8328398
0.87676126
0.80427265
0.51364034
0.3903125
0.36099732
0.17868686
0.30623356
0.118014336
0.13708314
0.38105893
0.14176317
0.3347145
0.84124917
0.74182576
0.8155577
0.9334189
0.9909588
0.9622379
0.93329185
0.98863727
0.96068555
0.99353397
0.9810178
0.98320043
0.98477376
0.9926179
0.9793361
0.92123395
0.9043019
0.8124026
0.5777453
0.6862636
0.6954676
0.83308834
0.82065576
0.56230134
0.40418243
0.9422745
0.9793535
0.9575126
0.9699089
0.939331
0.84326273
0.768392
0.77404207
0.8476458
0.8488328
0.9179089
0.84997284
0.9043542
0.97115356
0.94568145
0.9653459
0.9843598
0.9158101
0.90285003
0.93352926
0.82076377
0.74505806
0.7781737
0.83700764
0.9697272
0.95615906
0.837284
0.7785741
0.8891015
0.7835105
0.9269068
0.9337578
0.97983664
0.89218235
0.8237276
0.88864046
0.979738
0.98997724
0.9648948
0.97708124
0.98073053
0.8668449
0.847632
0.91009897
0.87107563
0.88907987
0.8832808
0.44267607
0.9192111
0.8359621
0.78052956
0.8292715
0.9037006
0.6432612
0.40799433
0.616405
0.41903076
0.56509995
0.4750188
0.50599235
0.60975033
0.16320693
0.07803812
0.042696968
0.14356181
0.05470922
0.026374314
0.010723572
0.006751996
0.0001922805
0.00053980574
4.137397e-05
1.2169675e-05
1.6758715e-05
1.9172347e-05
7.354287e-05
0.0014925331
0.00031655972
0.00028399326
0.0036845743
0.0007059361
0.0007566076
0.00074604887
0.00041808665
0.0005709379
0.0014161135
0.0011086034
0.0024611098
0.00044400248
0.14909117
0.18831494
0.19956814
0.23246036
0.6919868
0.58162
0.41223425
0.56917304
0.752033
0.71814275
0.9078803
0.908966
0.96089065
0.9904282
0.9843797
0.995369
0.9909471
0.97437876
0.9288216
0.94086736
0.9499379
0.9493258
0.95904815
0.9487214
0.92810905
0.9881607
0.9659715
0.9369027
0.98604196
0.97938716
0.97205275
0.96055305
0.95431125
0.9575407
0.7336944
0.57218814
0.91500777
0.8807308
0.8945546
0.81372356
0.9158067
0.90148264
0.71966994
0.5058786
0.48231798
0.17282297
0.102237806
0.14526604
0.086561084
0.075426884
0.2830957
0.30525783
0.6739966
0.28074664
0.112319
0.6066154
0.82779074
0.77969897
0.9569146
0.9233007
0.91902494
0.89482325
0.9345739
0.821567
0.83612406
0.7486142
0.6094901
0.56897324
0.5841067
0.7826514
0.58584994
0.9393408
0.53068954
0.515382
0.34009558
0.17127043
0.025754923
0.20783307
0.8891544
0.939328
0.9664189
0.9850691
0.9902756
0.9966079
0.99186546
0.9840565
0.99007905
0.98395544
0.9866997
0.97093564
0.9924731
0.99134165
0.9894337
0.9925821
0.9882869
0.9933634
0.99509984
0.9905687
0.9930611
0.9966349
0.99616987
0.9939902
0.9718812
0.97837776
0.97972476
0.9764192
0.9799907
0.98812556
0.9799146
0.97827005
0.9776844
0.9792534
0.9942767
0.9954775
0.9933421
0.9871536
0.98733145
0.98739237
0.98907065
0.9947484
0.98854756
0.9955693
0.9926802
0.9915012
0.98340696
0.9933501
0.9802798
0.9843873
0.9695943
0.9635577
0.96809745
0.97649574
0.9905991
0.97278893
0.9697721
0.97836626
0.987386
0.9808998
0.9550549
0.97116727
0.95205706
0.91435665
0.95478106
0.78738195
0.9364419
0.97627014
0.98477095
0.9853924
0.9964401
0.9955254
0.99649686
0.99876994
0.9993457
0.99927646
0.99940073
0.9988752
0.99934834
0.9995363
0.99912745
0.99820817
0.9972657
0.9830831
0.9824911
0.98888713
0.9867219
0.9910986
0.99189234
0.99183416
0.9985868
0.99844944
0.9992086
0.9988028
0.9994155
0.99954164
0.9993747
0.9991003
0.999551
0.9995914
0.99980694
0.9998217
0.9999418
0.9999114
0.9998603
0.9998355
0.9998609
0.99983704
0.9996111
0.999627
0.9994491
0.9989992
0.99963164
0.99950445
0.99907446
0.9972458
0.99629223
0.99630404
0.9968472
0.9990074
0.9997224
0.9995266
0.9989605
0.9992337
0.9967732
0.9971207
0.99706763
0.9927412
0.93430865
0.95345503
0.970446
0.9628364
0.8281422
0.7519663
0.68062603
0.93009895
0.7293376
0.28396395
0.7540837
0.5245715
0.540784
0.5845172
0.5393701
0.6069701
0.76615554
0.77749485
0.78227895
0.8366792
0.8994523
0.9639029
0.97291857
0.9070429
0.9904648
0.98120075
0.98211944
0.9531868
0.9656064
0.9889292
0.9940916
0.99260944
0.99241734
0.99626726
0.9975534
0.999035
0.99922717
0.9993668
0.99799526
0.99727744
0.99896336
0.9968497
0.9984107
0.9990171
0.9994615
0.99917066
0.9987464
0.99734336
0.9969626
0.9972542
0.9939196
0.993948
0.99871945
0.9983511
0.9985257
0.9994697
0.9987674
0.99892455
0.99868745
0.9966384
0.99895525
0.99961436
0.99893695
0.99965596
0.9999083
0.9997838
0.9994104
0.99972457
0.9997533
0.99983406
0.9998573
0.999864
0.9997676
0.99972814
0.99984396
0.9997154
0.9991099
0.9994281
0.9992478
0.99986804
0.99985087
0.9997253
0.9997576
0.99969447
0.99970573
0.9995272
0.9998734
0.9996536
0.9997694
0.99975115
0.99987304
0.99984837
0.9997942
0.999788
0.99968183
0.9992575
0.9991924
0.99852234
0.9981712
0.99058455
0.9922937
0.9907961
0.9878637
0.9941889
0.992573
0.98603964
0.9865427
0.9926778
0.9934697
0.9948159
0.992543
0.9959739
0.9967062
0.9959545
0.99396634
0.992331
0.9933689
0.99603397
0.9941802
0.99094754
0.99096745
0.9620931
0.9677491
0.9745702
0.9334185
0.9138159
0.86555403
0.9501137
0.93764496
0.97723675
0.98203295
0.95947033
0.97986346
0.9759252
0.98411846
0.9732974
0.9869196
0.9740776
0.9760227
0.937661
0.9478939
0.94122106
0.93837595
0.9680039
0.9224445
0.97447836
0.9500519
0.96301144
0.96862596
0.978297
0.9310368
0.95333564
0.9597392
0.98001087
0.95839894
0.93827957
0.8028117
0.8064543
0.67711765
0.85223943
0.92482495
0.96943295
0.99146616
0.99649304
0.99792224
0.99903345
0.9996362
0.9990392
0.99935156
0.99652606
0.99394566
0.98852146
0.99248624
0.9844753
0.97782683
0.93059534
0.9158472
0.90914655
0.51091695
0.64209914
0.94198394
0.9814295
0.9651609
0.9619061
0.940761
0.98788863
0.9901929
0.9923239
0.9926796
0.9960497
0.98371685
0.98911244
0.9965065
0.9958597
0.98925906
0.98659885
0.9915421
0.9933918
0.99204016
0.9965546
0.98766404
0.9887272
0.9977822
0.99045324
0.99475574
0.98923177
0.9910086
0.9923872
0.9906199
0.9930085
0.99392515
0.9783998
0.9888375
0.9766309
0.97048295
0.9689331
0.98033935
0.9851489
0.9816807
0.9875272
0.98545384
0.9817441
0.98946077
0.98268616
0.9722697
0.98539007
0.99428695
0.9887764
0.968192
0.97881377
0.98054415
0.9661174
0.9677618
0.9607335
0.9774136
0.9670569
0.95976126
0.953948
0.93067425
0.937737
0.9397014
0.86272603
0.9132765
0.8235508
0.92158586
0.8391407
0.9212762
0.9545172
0.78280073
0.5853787
0.36599052
0.33103326
0.44596568
0.2968115
0.51070017
0.65000093
0.602704
0.7944174
0.849238
0.83332354
0.9633686
0.9930234
0.995067
0.98885334
0.9721434
0.9515252
0.77118814
0.7446555
0.7073958
0.73906636
0.9404966
0.80994266
0.61791784
0.6747331
0.71065
0.5516243
0.48107147
0.36343575
0.5052372
0.6548518
0.34628993
0.72132707
0.71561706
0.9813415
0.98092914
0.98667985
0.9563037
0.96570456
0.9611105
0.99157035
0.9756977
0.9838399
0.9814695
0.98323613
0.98525435
0.99550146
0.9929229
0.996252
0.99080396
0.9674384
0.95810723
0.9224302
0.9479477
0.97157943
0.99055636
0.99591076
0.99571484
0.99319804
0.9927699
0.9983847
0.9988501
0.99797875
0.9965366
0.9961689
0.9975363
0.997813
0.98786885
0.9927961
0.9954738
0.99764
0.99604934
0.9966492
0.99040693
0.9849813
0.9756816
0.97740024
0.9520466
0.97548145
0.97392255
0.9836535
0.97624785
0.9847227
0.9847136
0.98895884
0.9873139
0.9893828
0.9867949
0.98475665
0.9933994
0.9888438
0.98121303
0.98790133
0.97137016
0.98630595
0.9822427
0.97459567
