1
0.99999964
0.9999989
0.9999976
0.9999964
0.99998164
0.99998474
0.9999716
0.9999825
0.999972
0.9999788
0.9999782
0.9999597
0.99993646
0.9999337
0.9999089
0.9999021
0.99984217
0.99987257
0.9997002
0.9999385
0.99996555
0.99996376
0.999877
0.99993086
0.99991167
0.99995315
0.99990714
0.9998386
0.99989545
0.9998504
0.9998523
0.9999347
0.99995184
0.9999645
0.99996924
0.9999597
0.99998426
0.9999776
0.999967
0.9999789
0.9999683
0.9999342
0.9997465
0.99950576
0.9996007
0.99905854
0.9996698
0.99883324
0.999554
0.99981254
0.99958545
0.99947184
0.99903727
0.9994536
0.99934524
0.9986621
0.99736446
0.9989561
0.99741
0.99673635
0.9989518
0.99971884
0.99952865
0.9996884
0.9997353
0.9998011
0.999482
0.9996468
0.9989568
0.998818
0.99843293
0.9984664
0.99874735
0.99597114
0.99305457
0.9925532
0.9974124
0.9980798
0.99594134
0.9989041
0.9970139
0.9951905
0.9976404
0.99585646
0.9975673
0.9863301
0.97492254
0.9890609
0.9927429
0.9947562
0.9888158
0.9955023
0.99051696
0.982524
0.9847291
0.94272727
0.9379957
0.9389031
0.93556374
0.927321
0.9892916
0.98916173
0.99701595
0.96848005
0.96886593
0.91178966
0.92489344
0.8465839
0.98493594
0.9971328
0.99807453
0.9992489
0.9983217
0.9990471
0.9988237
0.99895656
0.99861205
0.99885356
0.9988207
0.99926203
0.9996561
0.999835
0.99977845
0.9996069
0.9996172
0.9994684
0.99971277
0.99965155
0.9996424
0.99969804
0.9996387
0.9995826
0.9993814
0.99867934
0.99960166
0.99960726
0.9996662
0.99994373
0.9999018
0.99987936
0.9998772
0.9998419
0.99948883
0.99929655
0.9988562
0.9989336
0.9968035
0.99862516
0.99823904
0.99927896
0.99941945
0.9994217
0.9992455
0.9980263
0.99556136
0.99533737
0.98190916
0.98784584
0.98047984
0.97257894
0.98836774
0.9883605
0.99275655
0.97346693
0.96599436
0.9739106
0.94132096
0.91499287
0.9638306
0.97920156
0.9846777
0.98263156
0.97567356
0.99101627
0.9727606
0.9734354
0.76519495
0.9585661
0.99682593
0.99479717
0.9872455
0.9924723
0.9821848
0.9973882
0.99409664
0.9934956
0.9975067
0.9928617
0.99368805
0.9951355
0.992448
0.99469465
0.9892642
0.9875743
0.99133295
0.99299604
0.9938765
0.99570787
0.9952303
0.9908063
0.99320847
0.9941087
0.98890734
0.9967564
0.9979861
0.99613804
0.99612683
0.9934495
0.987578
0.9731664
0.9462555
0.9627113
0.972762
0.985858
0.9953194
0.9993617
0.9994424
0.9997248
0.9999337
0.9999143
0.99998987
0.99998534
0.99989223
0.9996538
0.9962974
0.9938584
0.9860306
0.98442286
0.98821914
0.9850133
0.99188423
0.96472967
0.9749577
0.95264274
0.9646014
0.8134009
0.92302233
0.9300381
0.83801657
0.9303074
0.86108345
0.98611057
0.98163396
0.99096525
0.9943515
0.99173355
0.9941884
0.98979443
0.99348503
0.9928671
0.9948421
0.99705386
0.9980718
0.99908745
0.99962056
0.99993
0.99990225
0.9999218
0.99991965
0.99971014
0.9993618
0.99976116
0.99995804
0.9999583
0.9999912
0.9999889
0.9999924
0.99999213
0.9999877
0.99998224
0.99996257
0.9999753
0.99992204
0.999856
0.9998728
0.9997886
0.99964535
0.99974674
0.9993703
0.999153
0.9989955
0.99712676
0.98857456
0.94315827
0.88807327
0.8112176
0.3389394
0.38594335
0.20092154
0.5543809
0.74328405
0.821304
0.87159973
0.9306231
0.39987722
0.46652216
0.677217
0.9595286
0.97779673
0.985174
0.9905392
0.9901163
0.9920995
0.9938519
0.99928325
0.9992106
0.99926573
0.99864763
0.9998167
0.99960035
0.99920976
0.99834
0.99709535
0.99674463
0.9963897
0.99646974
0.98971635
0.98504746
0.97839886
0.9591174
0.9380535
0.8384813
0.8042246
0.65569973
0.55926216
0.6824698
0.59614766
0.7199762
0.7903409
0.8554818
0.8940213
0.8926849
0.9333165
0.9489232
0.95323664
0.905898
0.95763075
0.96071327
0.9763688
0.9480565
0.8393572
0.8852444
0.9288095
0.8936574
0.8363286
0.8427804
0.8433908
0.67791736
0.35933796
0.83336145
0.95137995
0.95909345
0.92734826
0.76189667
0.8863714
0.88543534
0.9176426
0.95458025
0.9467537
0.9681038
0.9821015
0.9782574
0.96653306
0.9691881
0.9843443
0.97997344
0.9819295
0.9722258
0.964471
0.9501653
0.9151259
0.8913147
0.85354173
0.7146332
0.733996
0.7354661
0.7224385
0.8200569
0.69306594
0.6003159
0.32642934
0.4557074
0.7086086
0.7292525
0.9191446
0.9341966
0.88728744
0.80731153
0.71531963
0.5876852
0.52211964
0.51897943
0.7455399
0.49990314
0.45978647
0.20341422
0.16854973
0.18593346
0.16189435
0.12255648
0.07109275
0.019226065
0.13144878
0.0093698045
0.008044032
0.11312697
0.17659521
0.08704804
0.044085607
0.1353295
0.19753446
0.22431225
0.12449351
0.16099712
0.047039088
0.013617524
0.0063326713
0.018869368
0.0066857403
0.0007402562
0.00022008721
0.00058291724
0.17841479
0.15747803
0.1696353
0.42275032
0.36806777
0.75218856
0.53339446
0.5421004
0.7423167
0.7268136
0.73664236
0.9021032
0.96873057
0.99283457
0.99302715
0.98811764
0.99103886
0.97722834
0.9610408
0.96044135
0.93152106
0.9691626
0.94273883
0.9828515
0.9829129
0.9683612
0.9820811
0.9585559
0.97461253
0.95836556
0.8837758
0.8860786
0.73600155
0.5687259
0.70803446
0.7485953
0.77133596
0.9064279
0.8325524
0.7795753
0.9090508
0.8319845
0.9647382
0.8791191
0.89033425
0.90755206
0.943953
0.9114813
0.915348
0.913556
0.8388728
0.7087245
0.8450151
0.9340308
0.9752872
0.9606293
0.91906655
0.85802305
0.88298583
0.89778304
0.9405734
0.96445847
0.9526437
0.9453046
0.9639794
0.9554912
0.94411933
0.9813017
0.98827296
0.9715238
0.92719555
0.9275299
0.96219176
0.9539461
0.9615019
0.9862888
0.954402
0.9605764
0.97152925
0.9588222
0.9541034
0.9636657
0.9596309
0.92038924
0.83934873
0.868842
0.90553486
0.90761226
0.9156904
0.8951274
0.7545425
0.68847007
0.7222075
0.86494833
0.8960975
0.8559806
0.82898676
0.90908015
0.8948235
0.7488746
0.8132082
0.6818613
0.31780705
0.60550034
0.47935325
0.5215295
0.71249014
0.62921256
0.67399675
0.6512328
0.59178925
0.7380264
0.6935237
0.8203159
0.8790772
0.8680984
0.9058438
0.88113594
0.8898162
0.7994568
0.87414604
0.85615593
0.945135
0.86612064
0.9086662
0.8526737
0.6957941
0.70481694
0.55343056
0.56792164
0.2096304
0.6887056
0.47416547
0.57461554
0.6180284
0.51278037
0.54929936
0.5077477
0.502552
0.5302681
0.6447624
0.75816774
0.89390165
0.93651164
0.9315157
0.9623663
0.9556742
0.95844483
0.9828622
0.9868917
0.9875887
0.97762305
0.98699504
0.9911718
0.993814
0.9884347
0.9813301
0.9790588
0.96903247
0.9889816
0.9542508
0.9795894
0.98217875
0.9818811
0.97069067
0.9787081
0.98642516
0.9718066
0.96813166
0.9666626
0.9783635
0.9822567
0.98805445
0.97433645
0.952961
0.9670049
0.8828562
0.9395232
0.91494966
0.8156957
0.9303302
0.66357434
0.65731126
0.5688242
0.6272031
0.49606943
0.30440497
0.6841419
0.5644818
0.59130317
0.771112
0.84059346
0.79264325
0.8536085
0.7686542
0.83744466
0.8227245
0.9073943
0.75511605
0.901565
0.8281945
0.90749705
0.7714882
0.71727854
0.84392554
0.8031659
0.73778784
0.5175057
0.51858765
0.5709419
0.5427908
0.8182183
0.674299
0.69813013
0.63340634
0.40500203
0.48418114
0.16475214
0.77477
0.43363234
0.31078663
0.5269452
0.5480417
0.36426106
0.5205556
0.2894465
0.6002176
0.21821381
0.049351193
0.23586436
0.3087451
0.4635885
0.73978543
0.5719478
0.5436866
0.4098142
0.721839
0.68486124
0.5374154
0.82152355
0.84512043
0.8782459
0.91380167
0.83399785
0.75085866
0.7083687
0.83059055
0.7464868
0.68477327
0.8805442
0.72125036
0.77450675
0.67621017
0.49110582
0.7974852
0.56633514
0.7793952
0.76429063
0.8128162
0.5876904
0.8316385
0.7838644
0.8501826
0.84254104
0.90164244
0.9557439
0.9297185
0.9483307
0.94171554
0.97454053
0.9701047
0.9776299
0.9582253
0.9796958
0.986259
0.9895565
0.97377366
0.98892015
0.99372005
0.9373875
0.943928
0.95418566
0.9539222
0.97215176
0.96210676
0.97695696
0.9820978
0.9767274
0.94828975
0.97938925
0.9581764
0.9803627
0.9634405
0.9557025
0.95076066
0.9214087
0.90225136
0.8732308
0.89236104
0.92755467
0.8595767
0.89780366
0.82690835
0.81739694
0.666557
0.56471676
0.5073509
0.5480531
0.7187549
0.5585669
0.7499922
0.67605656
0.64289266
0.58020425
0.5611468
0.4954279
0.6411323
0.6247825
0.55114406
0.660373
0.61982054
0.8609228
0.8418276
0.8672329
0.8616715
0.9085166
0.90202665
0.7980354
0.80314386
0.93587595
0.8825191
0.94884676
0.96185285
0.9561551
0.9332941
0.98301077
0.96957135
0.95713294
0.9782305
0.9868658
0.99510276
0.99473226
0.99682534
0.9955818
0.99664706
0.99669766
0.99854666
0.99854016
0.99803656
0.9975364
0.9943251
0.99834967
0.9981906
0.9977927
0.9981573
0.9976762
0.99858993
0.99694604
0.9961526
0.98964345
0.997451
0.99458706
0.9949019
0.98556745
0.99327785
0.98475075
0.9847674
0.99411714
0.9959073
0.9943961
0.9908669
0.9898616
0.9889535
0.9838383
0.9938257
0.99617934
0.99779356
0.99874264
0.99804866
0.99737096
0.99461997
0.9971027
0.9981335
0.99110246
0.9988311
0.99904186
0.99422014
0.99718577
0.9950482
0.9951526
0.97838485
0.9805267
0.9779181
0.98327094
0.9887468
0.99575186
0.98925346
0.99234736
0.9895773
0.986886
0.9062274
0.8999159
0.9037521
0.93739825
0.9160633
0.93718565
0.87626535
0.86340857
0.8132124
0.848889
0.91205734
0.92570424
0.9704677
0.9717382
0.95085204
0.89800704
0.89965826
0.9081824
0.96485925
0.96466285
0.9696396
0.9456802
0.94916636
0.9661464
0.9437901
0.91889703
0.8929714
0.85596687
0.8676941
0.8496517
0.8354261
0.74287105
0.75722784
0.70917034
0.7608071
0.32817182
0.33485362
0.6464774
0.5586814
0.438348
0.46931335
0.5436133
0.25171858
0.20900182
0.21505724
0.18596889
0.059355367
0.08365322
0.084864184
0.17490439
0.08095902
0.070607625
0.075032204
0.110712275
0.15026706
0.032275617
0.09610757
0.58151656
0.22896974
0.009765465
0.39366227
0.18347079
0.47981575
0.5561721
0.33093816
0.35214293
0.07228648
0.128447
0.25934818
0.52528024
0.370599
0.3130614
0.4536861
0.51018584
0.6320452
0.52233857
0.16459474
0.36519498
0.2406416
0.20033677
0.054501224
0.46487257
0.7845208
0.5113582
0.48235703
0.33271065
0.3177736
0.42518938
0.4886461
0.42753652
0.4446502
0.4678246
0.51813453
0.749431
0.75609446
0.5885505
0.60677624
0.57332736
0.87989444
0.5672122
0.1325301
0.45514017
0.31972852
0.54273313
0.8704906
0.92266196
0.8649444
0.7800137
0.6839491
0.827621
0.65696955
0.5166088
0.75720954
0.9545307
0.8228706
0.8784786
0.90380573
0.917329
0.9463297
0.900626
0.9562
0.90503067
0.95473737
0.89850324
0.8757347
0.634289
0.62482375
0.8667751
0.70532495
0.8065642
0.7897413
0.73359686
0.56915385
0.62929356
0.6192057
0.76972884
0.7391777
0.77434295
0.7697106
0.8124824
0.81141025
0.62950903
0.8875181
0.8100824
0.50980806
0.3803013
0.17614156
0.006912507
0.0107740415
0.42348307
0.23657848
0.06795285
0.040950347
0.03632243
0.00801473
0.004168633
0.0016101517
0.004966775
0.04427104
0.06439942
0.054657258
0.017586453
0.01090904
0.037523814
0.017339148
0.035145134
0.003092535
0.0018097819
0.00093170436
0.0004706954
0.001264251
0.0047046468
0.005857112
0.009622822
0.05647044
0.02678684
0.027204089
0.021819247
0.040017333
0.052462485
0.021468472
0.034085345
0.022432337
0.04529516
0.11037801
0.049926553
0.045459155
0.06502216
0.08326611
0.03244845
0.0064170146
0.04977145
0.07117384
0.012322362
0.024815787
0.010276005
0.009008821
0.011804068
0.009621576
0.0056803348
0.0027823506
0.002606225
0.002366536
0.0007870091
0.0016979825
0.00062839873
0.00081756344
0.00035484188
0.0004776455
0.00049317704
0.00040819467
0.00021168342
0.7684469
0.50028694
0.45521152
0.34467876
0.736294
0.73693025
0.79884845
0.5759767
0.3362975
0.33406284
0.14949451
0.22358161
0.3663396
0.38782445
0.36391428
0.47171524
0.42606038
0.54214525
0.22595057
0.20319244
0.16180953
0.23750705
0.08483162
0.13777842
0.6088347
0.6775562
0.3140286
0.30487308
0.11327188
0.18316017
0.120894454
0.10998767
0.082974955
0.03959029
0.06428029
0.21794076
0.43055242
0.20577683
0.33875164
0.22203211
0.05864736
0.0077269897
0.03565485
0.004326222
0.07846987
0.02917074
0.034024663
0.18060368
0.06591695
0.18188103
0.31051612
0.23717457
0.16895472
0.24926913
0.4244481
0.33284453
0.30539352
0.5356176
0.60648733
0.6998452
0.5391451
0.7550573
0.48548776
0.10604517
0.07049395
0.0067418027
0.1497305
0.39975157
0.21290937
0.29384413
0.47665548
0.38729477
0.501087
0.33453107
0.67494786
0.59105104
0.413117
0.33060408
0.54352814
0.5643752
0.5800504
0.48241496
0.60361326
0.67109025
0.662857
0.503496
0.5437206
0.36393178
0.2250697
0.015337621
0.04434936
0.17789546
0.10465703
0.04884754
0.07566799
0.1117642
0.0692175
0.025870278
0.048080936
0.13286883
0.101012684
0.12781653
0.04590824
0.02377903
0.064006075
0.15721405
0.15735
0.36918592
0.113483034
0.038224097
0.004277744
0.0077450424
0.003902715
0.010350685
0.0603196
0.09704811
0.057958532
0.021835664
0.022776099
0.015079441
0.024103852
0.013327097
0.05215961
0.101631366
0.035642326
0.017803248
0.014725139
0.0054368246
0.0030597637
0.0054261405
0.016554566
0.11390443
0.22437818
0.22135833
0.24363056
0.15668416
0.11219535
0.047272965
0.050137706
0.02872483
0.0061470056
0.015620183
0.0055374512
0.004171371
0.0022701037
0.0012808967
0.003467326
0.0064548943
0.0051897345
0.0083792955
0.026453001
0.03647068
0.00197396
0.021689454
0.024793155
0.04788945
0.013139325
0.01283294
0.0021220166
0.002225726
0.018835587
0.047800265
0.014867468
0.5556928
0.7127873
0.9001962
0.88197196
0.6930815
0.3035214
0.34501168
0.19433378
0.22154745
0.26094437
0.5362493
0.09121971
0.07202547
0.054168157
0.22786781
0.2669252
0.83074737
0.5715851
0.5208203
0.36853346
0.23804595
0.09707482
0.09398474
0.0069775693
0.011427832
0.011146641
0.015554653
0.032527998
0.0041059796
0.049712002
0.04041523
0.1287366
0.107205
0.23293667
0.42400116
0.37539902
0.28532532
0.28657004
0.3332815
0.36803016
0.29734588
0.19587472
0.30552348
0.19270186
0.47507274
0.62754864
0.5158418
0.41669312
0.3321691
0.3041169
0.4122776
0.4865249
0.24802855
0.3019251
0.38242918
0.21289599
0.22217892
0.30863732
0.17579608
0.060659647
0.12766363
0.08542304
0.12236118
0.01122421
0.04295706
0.12011462
0.015098934
0.088867344
0.35865286
0.4222554
0.6287325
0.66919446
0.5416539
0.54912484
0.36359948
0.22230141
0.26035926
0.11848363
0.077375636
0.08768518
0.18293956
0.24057654
0.2297508
0.37299654
0.28388372
0.117342785
0.2140069
0.12098177
0.14557703
0.1876494
0.35336637
0.6078712
0.59637934
0.5056179
0.8255895
0.56757134
0.4912
0.5560921
0.5862102
0.74234015
0.9462462
0.95190537
0.81215245
0.9647556
0.922543
0.922747
0.93096334
0.9346723
0.95760083
0.9666485
0.94556826
0.87510467
0.9101516
0.9345991
0.9639449
0.9575503
0.96417934
0.9752991
0.9640322
0.95635897
0.9362291
0.89081424
0.955554
0.98892385
0.99451584
0.9882983
0.9796269
0.9817223
0.9866362
0.99006945
0.9934568
0.9979773
0.9838499
0.98562926
0.93169004
0.9450381
0.84434646
0.82892704
0.8105112
0.69819397
0.7068493
0.9418508
0.76989335
0.62304944
0.35112855
0.5327136
0.6583365
0.8771963
0.9756978
0.98455554
0.9822855
0.98390365
0.9939318
0.9950537
0.99466854
0.99575186
0.9947143
0.9928011
0.9848032
0.97880244
0.9791712
0.97980267
0.9811189
0.9887843
0.98913974
0.9971802
0.99561054
0.99360067
0.9888805
0.96722555
0.9656303
0.9455461
0.971429
0.9135961
0.96820396
0.982988
0.9885478
0.9837977
0.9779743
0.9850559
0.98624367
0.94507486
0.97912264
0.98026407
0.9783237
0.98359215
0.99504143
0.9961002
0.9911411
0.9964055
0.99195224
0.98463213
0.9796901
0.98477465
0.973913
0.98636395
0.9790204
0.98317647
0.9810657
0.99356365
0.99453366
0.9977608
0.99895835
0.9898471
0.99681914
0.99781275
0.99630165
0.99800247
0.99438137
0.99187183
0.9927468
0.99370295
0.9973381
0.99281514
0.99763215
0.9785146
0.98069155
0.9775353
0.98074245
0.9905956
0.9864503
0.9901489
0.9885872
0.99034286
0.9849836
0.9791399
0.98636127
0.9807632
0.97453135
0.977756
0.9728483
0.9720132
0.98953897
0.9951361
0.9974401
0.9966344
0.9977042
0.997755
0.99901307
0.9987612
0.99936813
0.999853
0.9994179
0.9973028
0.9993086
0.99877864
0.99859446
0.99611485
0.99929893
0.9961248
0.99690396
0.99883014
0.9989152
0.99883264
0.99838173
0.9972434
0.9949142
0.9972525
0.9853557
0.9886634
0.990726
0.9954751
0.99240416
0.992987
0.9919477
0.9587843
0.9740339
0.9617264
0.9597206
0.9806847
0.98139185
0.9807926
0.99096745
0.98217094
0.9904689
0.993541
0.99048233
0.99269414
0.9905205
0.9965706
0.9969982
0.99734586
0.99468577
0.9952748
0.9983462
0.99517894
0.99616665
0.9974058
0.99277765
0.9942542
0.997139
0.9987275
0.9984914
0.98826444
0.99628276
0.99802506
0.99580294
0.99670416
0.9977362
0.99303496
0.98772347
0.995811
0.99269426
0.98929745
0.98654
0.99641526
0.9929501
0.9825209
0.9883101
0.990759
0.9885139
0.9929299
0.9847593
0.98348135
0.91743165
0.9262862
0.96071213
0.8526864
0.77860355
0.90830016
0.87282574
0.8585558
0.9072063
0.91759646
0.8954936
0.9142837
0.9112613
0.9041578
0.938823
0.8770481
0.9587034
0.9370575
0.9592168
0.96679884
0.95035523
0.9748643
0.96797144
0.98212504
0.9891767
0.9721557
0.98478216
0.97158134
0.9764181
0.9511057
0.96908194
0.9659137
0.96493274
0.9651406
0.95720506
0.94944954
0.93507004
0.9243462
0.85067
0.8952012
0.72176135
0.7065925
0.70645475
0.94079804
0.9662783
0.9627261
0.9721175
0.97981036
0.93094754
0.903024
0.8464002
0.9265962
0.7716771
0.6599942
0.7651971
0.7564328
0.886285
0.86860704
0.83391535
0.8915899
0.7959264
0.82372147
0.76470554
0.6975343
0.78459626
0.7876316
0.6677731
0.6848154
0.5950257
0.7876081
0.669736
0.6702712
0.5228721
0.243015
0.48861128
0.37088543
0.24373688
0.10711846
0.7477545
0.7462103
0.9062639
0.8477213
0.6053773
0.733675
0.49324396
0.2831816
0.75348824
0.9630829
0.9660972
0.98990726
0.9796367
0.9544393
0.9431964
0.82586175
0.7299422
0.81491923
0.62799394
0.66834825
0.8201575
0.77682006
0.9446774
0.61887217
0.45448622
0.14323965
0.122660466
0.33673707
0.086635195
0.102830574
0.31848678
0.7532736
0.780233
0.72393644
0.9032391
0.8539802
0.83728284
0.3778505
0.40657187
0.16495058
0.099399924
0.08970232
0.2789747
0.20233306
0.15843205
0.2799373
0.7532656
0.7852712
0.7832522
0.82188225
0.9435284
0.8735998
0.950697
0.87338984
0.7562339
0.85202414
0.94289374
0.9678435
0.8829161
0.97060466
0.97603476
0.9664541
0.99423236
0.994718
0.9815655
0.9476883
0.8891185
0.9319354
0.9530024
0.9684982
0.98045087
0.9537668
0.93867564
0.96039623
0.9297602
0.9391885
0.9318483
0.96606
0.97425056
0.98298013
0.987971
0.98040926
0.9730021
0.9763533
0.9919207
0.9864297
0.9904793
0.9912469
0.9790061
0.99386203
0.9899429
0.9921261
0.98028904
0.99590486
0.98885274
0.99091804
0.9911979
0.980717
0.97928476
0.9287818
0.9500441
0.9405316
0.93446237
0.80654263
0.8565315
0.46958825
0.22587632
0.5091203
0.31303242
0.19693808
0.018006722
0.034829956
0.031950463
0.008011751
0.01870362
0.0048115426
0.0038802514
0.04691182
0.03758879
0.028705282
0.034455102
0.052202985
0.062442712
0.044278283
0.046093117
0.060311727
0.05465328
0.1098926
0.036724284
0.01548544
0.27607557
0.1251783
0.5442751
0.6926291
0.86924183
0.88676006
0.8277051
0.9041219
0.83302
0.92896587
0.91482985
0.73838353
0.5879625
0.72014445
0.545186
0.88640773
0.79331785
0.9435023
0.78544354
0.6692943
0.6267063
0.5742309
0.63669676
0.37448856
0.76864773
0.31027922
0.23469631
0.6107645
0.9459225
0.8470457
0.9255287
0.8791036
0.3491653
0.42480576
0.47817543
0.34470302
0.69515
0.6277827
0.7680797
0.7839514
0.5242099
0.86070406
0.8123164
0.9109227
0.9133662
0.9014668
0.69334304
0.80072975
0.7582863
0.72615916
0.7867265
0.8343555
0.9001766
0.9554589
0.90353024
0.76256454
0.7203146
0.9510797
0.98346
0.9754297
0.94777054
0.9454314
0.9125766
0.8619078
0.8412704
0.8278174
0.72432685
0.8605971
0.7449404
0.7273645
0.69797474
0.8371293
0.90424407
0.90595734
0.9185126
0.86472774
0.9155938
0.7774384
0.8031471
0.55543536
0.39810738
0.332811
0.34322223
0.36159366
0.24553433
0.58533126
0.9211877
0.7428997
0.71976364
0.65810823
0.5657044
0.60868263
0.86308956
0.87384117
0.7155107
0.94492006
0.9270229
0.9655018
0.8154218
0.3234693
0.8001129
0.97489715
0.93529433
0.9507224
0.9274002
0.8968107
0.61807394
0.70989263
0.48369473
0.51671636
0.54817444
0.5595836
0.7345074
0.5553655
0.42346326
0.45977324
0.6257065
0.7214801
0.46213752
0.43734604
0.51075345
0.18068242
0.26135385
0.2782635
0.119008966
0.30644986
0.21191531
0.30208874
0.15423526
0.27206233
0.84533685
0.7562428
0.57787293
0.7396576
0.9589425
0.9810075
0.9865904
0.9903938
0.99024093
0.9962186
0.9939633
0.9966222
0.9986015
0.9995679
0.99963737
0.9996644
0.99937516
0.9990709
0.99966574
0.99872464
0.9987631
0.995865
0.9761849
0.9921766
0.99855167
0.9926696
0.97694093
0.9547046
0.96502966
0.9920813
0.98331213
0.98736054
0.9935044
0.9767006
0.98387027
0.9885771
0.97484744
0.9778813
0.9800173
0.9473795
0.94818413
0.9326149
0.9371717
0.8490365
0.8624405
0.8320527
0.8500139
0.8089164
0.7499431
0.900863
0.9404483
0.9609711
0.8981474
0.95625156
0.78337204
0.84843075
0.9176365
0.82423645
0.7653559
0.93104434
0.9010088
0.9234704
0.9039119
0.972082
0.99304914
0.993982
0.99054784
0.96776575
0.9513094
0.94100374
0.87331706
0.9797339
0.9889522
0.9755206
0.9899172
0.99257034
0.99036
0.98530966
0.9908778
0.9877423
0.99313533
0.9875628
0.9660333
0.9480049
0.92511725
0.93791586
0.96518767
0.9462047
0.9432564
0.957112
0.9619682
0.9250785
0.96146774
0.92787933
0.9407687
0.8378811
0.92377055
0.9067439
0.95760155
0.962117
0.917736
0.7357248
0.91627353
0.8985522
0.79170287
0.840444
0.8211314
0.82711476
0.68393916
0.67634237
0.33881438
0.43033084
0.8285789
0.6071648
0.8427657
0.7109549
0.71271443
0.445345
0.5501084
0.5004648
0.2695778
0.37482888
0.4825844
0.46102634
0.28206038
0.30069596
0.17826717
0.0855859
0.18624948
0.045364875
0.03760288
0.18056762
0.15435256
0.438931
0.5275236
0.6108315
0.358093
0.06710997
0.17634359
0.5272674
0.48255
0.78661466
0.932755
0.732682
0.8505112
0.9180414
0.8889559
0.9360404
0.97369397
0.9581353
0.9697785
0.92603475
0.9257955
0.94418776
0.9428144
0.9499844
0.9721643
0.9655897
0.9786447
0.991447
0.9801333
0.9051379
0.9483644
0.8949193
0.91194063
0.85935867
0.88765174
0.94762427
0.85125834
0.6320318
0.60509986
0.75904936
0.86420035
0.73022264
0.61550796
0.7622271
0.8257063
0.7947721
0.8516684
0.8866196
0.9006064
0.8751268
0.8760573
0.96914375
0.8851028
0.77690077
0.71734905
0.17668752
0.0021341434
0.09489696
0.012540397
0.035220664
0.13720189
0.15569049
0.0937742
0.19244297
0.08325628
0.35903475
0.64394355
0.6288655
0.84270084
0.80700207
0.5667812
0.66554224
0.44077003
0.38057923
0.24447998
0.15521416
0.37110984
0.16685739
0.13519141
0.031663064
0.01846103
0.07331322
0.0809185
0.43516013
0.35824534
0.022500716
0.010229311
0.005491693
0.009487747
0.001679498
0.0011715061
0.0049771382
0.0029893292
0.0014515896
0.06513244
0.05202696
0.033498626
0.06900388
0.013531028
0.017129399
0.0036357327
0.14327525
0.12613477
0.07299608
0.124350525
0.5496146
0.6569025
0.48985267
0.7013513
0.6936314
0.8570053
0.8881395
0.8848917
0.9429176
0.94641435
0.9014814
0.5913117
0.84308714
0.68824995
0.7487139
0.7477277
0.7221691
0.7517098
0.6486157
0.7037467
0.698272
0.78398734
0.54662216
0.48186603
0.51953083
0.46011046
0.50133806
0.768223
0.9201528
0.8651503
0.64148575
0.90437657
0.88878435
0.94548494
0.6251854
0.8042701
0.9036561
0.9323683
0.94122285
0.91804975
0.9370291
0.9081411
0.9033848
0.95400923
0.7919359
0.78148174
0.51054364
0.6104966
0.75301844
0.8764433
0.95770216
0.9196923
0.9107227
0.9171218
0.9565581
0.9434062
0.92535514
0.9538818
0.94998735
0.92988276
0.82087624
0.85889643
0.74421865
0.78052384
0.522986
0.5087422
0.56867045
0.63790053
0.56254923
0.6811266
0.8519295
0.9247753
0.9648645
0.95533496
0.9731434
0.9598494
0.9787123
0.9720619
0.9811958
0.9009042
0.63736033
0.70652
0.88393193
0.9059271
0.87995577
0.8044618
0.89968497
0.9489138
0.9151543
0.8615348
0.9677114
0.92243844
0.9630409
0.9092253
0.9092428
0.88192743
0.87827516
0.9310342
0.90885955
0.94045466
0.8649661
0.8857618
0.47628096
0.32338774
0.24937242
0.2563406
0.31635174
0.29608557
0.6201677
0.62091553
0.6774797
0.6933957
0.6178483
0.6362559
0.5714462
0.24896275
0.42040414
0.37921384
0.36548015
0.282542
0.70667225
0.613173
0.65169734
0.79142
0.6875197
0.8614214
0.88036877
0.87428206
0.8965298
0.8909415
0.9352426
0.76175433
0.42188942
0.28873
0.14171769
0.44242442
0.21928881
0.37473252
0.34821635
0.17894086
0.36681297
0.56203973
0.32275376
0.20503896
0.40441805
0.44892713
0.46449402
0.58760005
0.8448927
0.8820993
0.9289395
0.93700755
0.8919741
0.84315795
0.7514492
0.8798658
0.8450101
0.77229536
0.79638255
0.79215765
0.7166006
0.74964654
0.7665781
0.55812055
0.44377226
0.56392837
0.82594454
0.8579188
0.9249371
0.83274865
0.9082781
0.87288845
0.7568084
0.7713426
0.9121451
0.8692475
0.84886414
0.8705436
0.92971504
0.8460427
0.9299913
0.80761296
0.87871563
0.66788507
0.30143562
0.39314562
0.21871895
0.2965972
0.6623197
0.75641054
0.41242293
0.15192783
0.15854208
0.10532477
0.02535506
0.21373798
0.22721791
0.41202468
0.30715805
0.33000755
0.5018993
0.47399193
0.3909426
0.21624364
0.17580691
0.074871905
0.06432711
0.01808914
0.005817946
0.0031599624
0.0036416797
0.0062046195
0.005989708
0.0058706542
0.014786477
0.0040638046
0.0021141777
0.0020956853
0.0021064659
0.0027406693
0.004757421
0.0017749122
0.002317996
0.0012083609
0.000662477
0.0011063542
0.00019701381
0.00017866354
0.6846422
0.6727367
0.56300646
0.5939799
0.3919106
0.6962681
0.64992994
0.65094304
0.61415327
0.73192763
0.4489857
0.39706177
0.48516095
0.5163422
0.25665987
0.21952805
0.21969092
0.16016985
0.19656785
0.20748894
0.22482234
0.33214268
0.23147096
0.2755381
0.43698445
0.35643843
0.6012271
0.41531467
0.18609494
0.41489425
0.20973909
0.33823916
0.5477192
0.26938748
0.06352501
0.48795414
0.35684314
0.39379218
0.3966397
0.58923084
0.5914909
0.6337246
0.5521673
0.35283932
0.4122273
0.5167085
0.42317495
0.218378
0.3446954
0.392303
0.4103539
0.40511975
0.6444886
0.5523942
0.43298253
0.5184769
0.33169052
0.37840402
0.5027965
0.0437011
0.28788003
0.20502047
0.6344829
0.22549719
0.05152148
0.019359367
0.003397085
0.12840447
0.3478185
0.24078497
0.14942844
0.041611847
0.05123021
0.3203571
0.6689433
0.77484554
0.7483828
0.883103
0.86681545
0.86400163
0.46390954
0.43688393
0.45346278
0.4452909
0.6491772
0.21851078
0.26359227
0.3829959
0.46290985
0.2774457
0.19600107
0.39346245
0.42450318
0.6160253
0.61433274
0.62713426
0.6597632
0.61234444
0.7907478
0.8434982
0.7908079
0.75867254
0.74553543
0.913437
0.9314064
0.9475347
0.9171146
0.9300439
0.9102188
0.85664123
0.74830055
0.55216235
0.36547652
0.63024825
0.6573559
0.49225566
0.50750875
0.4109561
0.6126998
0.6204482
0.16262971
0.30524552
0.2506636
0.2703668
0.2527921
0.46695828
0.5962106
0.39002517
0.34870982
0.23920783
0.30847833
0.19405675
0.12399918
0.13001946
0.16637772
0.010063715
0.03583267
0.16585378
0.6472081
0.22737083
0.10674497
0.16432962
0.044817533
0.06488635
0.102684796
0.033889163
0.1443785
0.07297908
0.023413053
0.060061447
0.06676857
0.09054507
0.13697684
0.12603694
0.24945755
0.1353435
0.015215863
0.18514526
0.043084823
0.006466651
0.09322072
0.13543019
0.45117715
0.36532918
0.2596065
0.38024753
0.14474878
0.119319506
0.12703642
0.16464934
0.23235744
0.25357425
0.44363979
0.27406904
0.110349745
0.0064280387
0.052419353
0.03826177
0.12077445
0.1209378
0.10126908
0.105214395
0.06658567
0.15568423
0.1439853
0.18044646
0.14317012
0.040223822
0.32144734
0.28380558
0.21336573
0.119261004
0.21575198
0.20326667
0.14766762
0.037105393
0.10898803
0.13075198
0.20258826
0.23099613
0.22079824
0.2508796
0.30471796
0.35856697
0.40672755
0.4906656
0.48911986
0.36244836
0.24059783
0.45024523
0.4482954
0.3622258
0.3068408
0.5985422
0.5122403
0.26712
0.13560711
0.1905002
0.26717198
0.091216706
0.030250274
0.08854274
0.049585998
0.046435006
0.07303442
0.027863713
0.02894621
0.10248672
0.12510613
0.21579216
0.118312724
0.19811113
0.6261046
0.47807705
0.74365324
0.8521116
0.86642766
0.8452456
0.95645165
0.89583236
0.87502253
0.82432854
0.80984974
0.66251814
0.75901407
0.75954777
0.6036711
0.30175984
0.42168584
0.2886412
0.41054222
0.42522064
0.18080245
0.33203772
0.58077973
0.41603136
0.7755747
0.6172826
0.32548067
0.5250858
0.7796188
0.41726583
0.41784576
0.5790642
0.32211375
0.17840688
0.24493548
0.12977469
0.077734016
0.036880232
0.010439982
0.0043079494
0.025413267
0.008494556
0.02822479
0.033958472
0.020667534
0.04372536
0.04210313
0.15267451
0.29878056
0.053175256
0.08839596
0.32109714
0.30547518
0.18194292
0.18307932
0.37881887
0.2088243
0.2596869
0.30173367
