1
0.9999927
0.999985
0.9999844
0.9999771
0.99998164
0.99996865
0.99993706
0.9999348
0.9999356
0.9999659
0.9999244
0.9999616
0.99991477
0.9999312
0.99990785
0.9999441
0.9999244
0.99991834
0.9999378
0.9999145
0.99987626
0.9999188
0.99992466
0.9998727
0.99995565
0.9999075
0.99989736
0.99992263
0.9999119
0.9998871
0.9998802
0.99984837
0.9999
0.99974686
0.9996966
0.9997422
0.9997371
0.9997936
0.99980754
0.99983644
0.9996228
0.99993336
0.9997851
0.9998883
0.9999194
0.99995756
0.999887
0.99993336
0.99991477
0.9999591
0.99994576
0.9999162
0.9999013
0.99989283
0.99993277
0.99994385
0.99988437
0.9999361
0.9999602
0.99995184
0.9999689
0.99992
0.99987376
0.99979633
0.9999311
0.99995077
0.99996305
0.9999585
0.999964
0.9999652
0.9999447
0.9999014
0.99990153
0.99971217
0.99977034
0.9995467
0.99989796
0.9999187
0.99982786
0.9997048
0.9995364
0.9997198
0.99986017
0.99970907
0.99981874
0.9998148
0.9998733
0.9999212
0.9999305
0.99988294
0.9998945
0.99994946
0.9999616
0.99994063
0.9999474
0.9999392
0.9999385
0.9998951
0.9999299
0.9999224
0.99984384
0.9998497
0.99984074
0.9997795
0.9998185
0.9995753
0.9996692
0.99934834
0.99966526
0.99961436
0.9995695
0.9995389
0.9995722
0.9996935
0.9997718
0.999734
0.99962354
0.99974996
0.9994783
0.9998155
0.9997924
0.9998437
0.99919635
0.9993174
0.99900776
0.9989221
0.99937254
0.99962485
0.99975723
0.9995721
0.9985434
0.9987343
0.99704164
0.9969438
0.997171
0.9964227
0.9964353
0.9933084
0.97640663
0.97934926
0.97976834
0.9847574
0.97837603
0.96086156
0.9630466
0.93483496
0.64601016
0.73180336
0.32063162
0.4615537
0.24087235
0.36975017
0.14907193
0.13227661
0.20824653
0.12745368
0.093946174
0.082679585
0.11423538
0.15991068
0.11250309
0.19785208
0.07051228
0.042533997
0.0759599
0.13940814
0.10475586
0.062895894
0.0583356
0.028464224
0.019026086
0.021175943
0.02045073
0.019295536
0.007904397
0.0035643985
0.005119307
0.0039505335
0.004850604
0.002801208
0.0028153688
0.0054356544
0.0060425396
0.0079442
0.011816888
0.027765693
0.010624551
0.019777335
0.019369604
0.017175887
0.017531425
0.024071794
0.01333936
0.016158262
0.009358246
0.017144017
0.017318508
0.008098716
0.016276559
0.021068402
0.016299091
0.020900104
0.023255276
0.02054062
0.015058428
0.025539601
0.014004482
0.0128376465
0.07154853
0.024852503
0.0141311735
0.013763736
0.015629396
0.010724919
0.013881692
0.01776622
0.0068572145
0.0069575994
0.0069759567
0.008260699
0.0046684295
0.012344609
0.0058670067
0.0069952086
0.009169515
0.007813279
0.010203915
0.01099282
0.0071209637
0.005748398
0.007738331
0.009292697
0.0042409203
0.009431441
0.0059779636
0.007313637
0.007027473
0.01004762
0.008943376
0.006850467
0.009834311
0.0072915554
0.007796178
0.0067438907
0.008423015
0.015244262
0.020038769
0.012023754
0.015306757
0.018572979
0.022504805
0.022573477
0.074489124
0.081322856
0.06030503
0.0822474
0.19417766
0.123551205
0.08793053
0.17368197
0.23649015
0.24190459
0.20645423
0.29766974
0.24995896
0.14803426
0.43640372
0.31880474
0.25111163
0.48421276
0.34157145
0.42800564
0.38692498
0.3616197
0.46488082
0.52478445
0.6157198
0.6385222
0.70896673
0.6525174
0.6431143
0.49931931
0.7389423
0.7108157
0.6858835
0.83333015
0.76211554
0.61451787
0.6343514
0.6718461
0.58595395
0.7064842
0.5236523
0.70735157
0.6680328
0.6701511
0.7810559
0.7492532
0.69967425
0.72864544
0.7308365
0.71758914
0.70879626
0.74295354
0.6057923
0.78022873
0.77364755
0.71579576
0.7303306
0.67558414
0.40668663
0.6673145
0.6698104
0.610421
0.7995512
0.7722822
0.7243353
0.7619001
0.72548056
0.6487608
0.7963543
0.6784423
0.7954287
0.7694968
0.79915774
0.80453545
0.8115211
0.7144353
0.71869427
0.7914099
0.73820585
0.7415812
0.7893786
0.77491385
0.84798616
0.6938445
0.779488
0.73155314
0.756814
0.7790601
0.68009293
0.73449403
0.7254455
0.7410185
0.6258352
0.81754434
0.5735493
0.689925
0.54118335
0.69240713
0.7217674
0.67375326
0.67323846
0.7465497
0.68049645
0.6383255
0.67924196
0.57134336
0.69233114
0.73482347
0.66787374
0.59184414
0.55621713
0.65870756
0.73674697
0.80256987
0.831201
0.7775472
0.77459884
0.80552655
0.859986
0.7682829
0.6968069
0.79483324
0.692948
0.7627586
0.5585026
0.6084441
0.6199555
0.536896
0.55825096
0.6918825
0.7587551
0.6801828
0.789027
0.7044017
0.58828306
0.74607635
0.6984252
0.659567
0.737825
0.6470346
0.52550185
0.6888812
0.65876615
0.69404143
0.6443405
0.77317005
0.63966835
0.7235165
0.76336986
0.75680625
0.7093926
0.79741
0.8025959
0.823015
0.7688696
0.72226715
0.7394662
0.7646716
0.7043714
0.8056879
0.73386765
0.8123784
0.77528095
0.6802786
0.62214386
0.7063615
0.7372223
0.6917223
0.81838393
0.7823613
0.8330549
0.7874557
0.77684134
0.7830584
0.82051474
0.8094414
0.80770963
0.7396136
0.7937237
0.7563089
0.8134938
0.7961618
0.6473876
0.69434214
0.62944853
0.7255152
0.7514333
0.57332563
0.7218713
0.7042091
0.7453278
0.6485527
0.69648063
0.75490636
0.56565386
0.60456413
0.7571137
0.48669145
0.6018133
0.72307914
0.5749286
0.8178554
0.78927195
0.6788157
0.7736947
0.677899
0.65619624
0.48957005
0.65001225
0.45476606
0.47095123
0.69799256
0.68542814
0.6871946
0.704455
0.61544555
0.6131833
0.6053725
0.65187025
0.6436664
0.65861934
0.70088017
0.5727754
0.6472273
0.7205039
0.54760474
0.7867132
0.71187997
0.5915252
0.6484626
0.6644665
0.6185365
0.58664554
0.62993807
0.6875382
0.6133474
0.6590082
0.5223935
0.6460091
0.5747883
0.70087034
0.5663835
0.6123817
0.558537
0.58667314
0.7168779
0.715207
0.56173795
0.5612157
0.46971905
0.46103755
0.3920065
0.34756896
0.3667429
0.31264856
0.21053995
0.18532142
0.24798502
0.22953917
0.044894602
0.06398656
0.086000815
0.14979301
0.2710456
0.12107704
0.18211913
0.19977911
0.26788598
0.32623097
0.23839225
0.22591247
0.16613509
0.19907247
0.28380215
0.34386075
0.4483235
0.527114
0.50734097
0.47523692
0.54985887
0.5776344
0.5094929
0.5663527
0.5052905
0.55001855
0.4588955
0.47701916
0.6513377
0.6039312
0.52491003
0.44434556
0.54707354
0.49104428
0.5209132
0.464589
0.49511635
0.47476846
0.5212279
0.6999013
0.6413448
0.519802
0.59609866
0.5685463
0.65489024
0.6631276
0.69434154
0.63133883
0.41653562
0.31193283
0.36651197
0.45451587
0.36197305
0.21814151
0.39192015
0.38487968
0.32198712
0.28971705
0.32874942
0.27868956
0.25592732
0.258933
0.14905502
0.30530712
0.21132001
0.1444966
0.22666629
0.25341117
0.17358324
0.1385343
0.1269099
0.112830915
0.14456609
0.10727441
0.116329
0.17910638
0.12860338
0.25429642
0.34427238
0.29683092
0.294029
0.37962002
0.34498343
0.27521285
0.19197601
0.38335627
0.54458183
0.7570973
0.75252867
0.75911075
0.8302556
0.8025494
0.7526349
0.81666195
0.88480866
0.76225793
0.6784466
0.72546935
0.7030243
0.67684245
0.47408703
0.6281255
0.4579572
0.54269904
0.37631544
0.16660236
0.3206212
0.2820238
0.3708827
0.36347118
0.44807792
0.7620105
0.41328079
0.4106473
0.30913612
0.26911253
0.37447888
0.2827375
0.08084648
0.11569795
0.17681925
0.14246076
0.095334865
0.035154007
0.027492465
0.032763198
0.00882442
0.034496102
0.03014196
0.05648326
0.04519629
0.010583213
0.17617495
0.14478762
0.24400002
0.06609654
0.018310027
0.0234697
0.036675546
0.018123133
0.0228105
0.01855311
0.013206866
0.01815164
0.020789506
0.014687443
0.033016175
0.07207485
0.02189992
0.030203221
0.012185498
0.017294545
0.008802767
0.011400252
0.081905335
0.014733139
0.013136245
0.36329925
0.17373997
0.17114697
0.29765856
0.1679692
0.27325818
0.19080357
0.16111566
0.097712055
0.13023761
0.22543424
0.21323048
0.02574826
0.057699688
0.03403081
0.016895704
0.026915856
0.024257615
0.030336538
0.015943859
0.007265673
0.003416399
0.007315067
0.0027724719
0.0032346926
0.004123277
0.03325244
0.012946125
0.014616192
0.021865636
0.017560761
0.025243375
0.022579297
0.017977891
0.016353637
0.027327305
0.013244566
0.021321183
0.016336527
0.032583203
0.021441799
0.014032256
0.019121882
0.010707756
0.01633239
0.013192568
0.026962187
0.018464778
0.063701995
0.089614645
0.064044274
0.019848
0.024914464
0.03406504
0.030742569
0.026244394
0.06343605
0.09487037
0.03248896
0.017845036
0.043829158
0.033601087
0.01124225
0.0139524285
0.030713808
0.013855865
0.024292942
0.02183189
0.031537343
0.03172924
0.023126366
0.026680948
0.014192578
0.014216396
0.046642233
0.023844797
0.041503947
0.17744218
0.23994517
0.4169491
0.28373384
0.11931299
0.14590217
0.13994136
0.14690062
0.13360363
0.23432206
0.1476606
0.34796163
0.37218377
0.39006776
0.35417852
0.25268868
0.3889019
0.49222687
0.20122296
0.39343867
0.27803332
0.3118243
0.1930919
0.3361657
0.25828624
0.08089898
0.24305043
0.13171431
0.08330288
0.09542982
0.11284014
0.16332887
0.17125386
0.27482608
0.2774359
0.21903442
0.31624675
0.3293033
0.47003224
0.3160483
0.36000305
0.3737067
0.2027359
0.5016093
0.3794246
0.37035072
0.13789007
0.16029732
0.3065826
0.25529656
0.29431215
0.20818736
0.27544713
0.26551977
0.20244895
0.19553398
0.3943089
0.32334483
0.39040616
0.06783408
0.09339915
0.3208617
0.36132112
0.46227798
0.2510535
0.048448317
0.21517032
0.0423831
0.042862352
0.056790654
0.047118083
0.11428978
0.17033178
0.21526575
0.1917518
0.112135924
0.030208964
0.037809886
0.012667686
0.009348959
0.006391706
0.0053397063
0.007045774
0.004037023
0.0050076963
0.0059962473
0.003896199
0.031119788
0.07320488
0.047862504
0.051305354
0.07593135
0.07261418
0.051119708
0.052741252
0.07506839
0.039230496
0.021234022
0.023726173
0.026415287
0.019449744
0.03422705
0.04896308
0.031011878
0.039795186
0.02139423
0.0448486
0.051608462
0.041245054
0.012401357
0.03252482
0.021002943
0.006302456
0.0667122
0.024301924
0.02029729
0.012467305
0.0073295506
0.0044596405
0.0030776572
0.0043245894
0.10489716
0.092116475
0.12991847
0.067572236
0.035147853
0.021168552
0.04400573
0.02302989
0.041930024
0.042522345
0.009922927
0.012243593
0.0035104293
0.0010818152
0.00222101
0.11300038
0.39911798
0.06668136
0.012123469
0.27062723
0.16670726
0.32898468
0.28008464
0.43747184
0.46260756
0.58094114
0.35875702
0.25404897
0.39410964
0.54715484
0.43955836
0.42494857
0.3045125
0.11416158
0.37671167
0.509815
0.4272838
0.3617541
0.31135038
0.07574488
0.37918887
0.25740173
0.14511542
0.4993128
0.39222574
0.14496782
0.305043
0.14273193
0.23338023
0.05292109
0.09287606
0.17770126
0.101493515
0.07373699
0.17608148
0.30719578
0.13039146
0.6804679
0.41639256
0.45850822
0.3198599
0.15178826
0.34331527
0.38448367
0.40163267
0.20826297
0.21785295
0.37669396
0.4118587
0.58151567
0.32380176
0.39690614
0.560736
0.6506058
0.2530305
0.43557402
0.44213817
0.49451372
0.19039685
0.6653916
0.30218962
0.06911308
0.22392188
0.23043846
0.4732793
0.07299755
0.046574496
0.007636809
0.007760665
0.00206634
0.27697176
0.33044192
0.3171774
0.6605208
0.093830906
0.49121872
0.22075932
0.019953618
0.12904784
0.03320077
0.005621617
0.0072506373
0.0021669155
0.0010421
0.0003078135
0.0012402429
0.019698463
0.014637923
0.0036970696
3.0855088e-05
0.0060365424
0.007954601
0.0049516493
0.005456917
0.005882045
0.00091199746
0.007152142
0.022596499
0.014636644
0.003796143
0.0014710291
0.00083184475
0.0038060811
0.017362904
0.13512845
0.08065457
0.33614758
0.2140102
0.019394815
0.058397416
0.0020408642
0.00011789795
0.0016188972
0.0009854903
0.0046640886
0.020958574
0.014054531
0.011947963
0.011548733
0.0024365124
0.0036447155
0.06394446
0.010392174
0.006441352
0.0023667566
0.018999152
0.010482536
0.0030435333
0.006984643
0.004315118
0.0028528015
0.0029471964
0.0020376563
0.0029283199
0.0010192363
0.0066409702
0.0011363308
0.0027550638
0.005351204
0.08925977
0.020310333
0.00075075706
0.007651748
0.04599729
0.054583278
0.021735882
0.010388383
0.008593395
0.0027811246
0.016817108
0.06669649
0.011382188
0.055424303
0.07420365
0.0381148
0.08433336
0.62779194
0.15959631
0.4762602
0.15910386
0.099249646
0.09228963
0.053597875
0.061186247
0.10822788
0.07082101
0.2086304
0.029666735
0.0526007
0.0689129
0.0798763
0.019573003
0.0008461189
0.00530016
0.013730383
0.110961504
0.5981157
0.28791347
0.25680327
0.36560935
0.47152638
0.12890702
0.118544616
0.41061613
0.5398893
0.4401344
0.093937926
0.6211626
0.39142594
0.4951318
0.20307496
0.14003123
0.075464584
0.11411511
0.16849352
0.24568506
0.1532461
0.3346954
0.5028237
0.58026963
0.38677734
0.2747589
0.22464317
0.115917705
0.1449246
0.20176515
0.3055903
0.15143399
0.005497363
0.20481631
0.45398977
0.14906617
0.14857619
0.030368492
0.006106151
0.00714452
0.0066000996
0.010579838
0.011523429
0.00624251
0.035624877
0.0077850586
0.0013975771
0.0032407823
0.008288305
7.067505e-05
0.0006131515
0.019534215
0.11221923
0.11466877
0.017545087
0.04390596
0.024631085
0.02747738
0.01999242
0.008536452
0.049695946
0.4087842
0.05467632
0.018120563
0.29881707
0.473531
0.2798137
0.20205204
0.041306548
0.07212813
0.35538238
0.30977768
0.10173093
0.043616768
0.0023843776
0.00060588133
0.0012868709
0.00023369066
3.1596534e-05
0.00025839242
0.0028733488
0.10520413
0.41372362
0.32612342
0.53736013
0.4774174
0.326166
0.18981697
0.37209338
0.48295486
0.57130504
0.15070572
0.2750936
0.04867037
0.005897316
0.0058230534
0.06565804
0.19623846
0.6340291
0.5768488
0.55612105
0.124239415
0.20726086
0.2257806
0.09756189
0.14275934
0.008791554
0.022878565
0.03338095
0.006999323
0.02360392
0.029959826
0.014720782
0.032269318
0.0059424606
0.09074579
0.0018335565
0.0077400887
0.023895735
0.031055566
0.07169021
0.017518379
0.010504301
0.005095455
0.006527863
0.013868707
0.018525256
0.007313533
0.0041231383
0.0036205496
0.001481206
0.0015301205
0.011618929
0.11295092
0.051900953
0.014029459
0.00783666
0.011666447
0.003516863
0.004797564
0.018365497
0.0066401972
0.053670216
0.020183928
0.03471952
0.11107897
0.027100222
0.008844755
0.044836413
0.011717572
0.044139303
0.04639331
0.005346163
0.006008424
0.0131840035
0.0039033603
0.042636883
0.023011351
0.023804704
0.010950225
0.0058037722
0.004983159
0.52390677
0.18691443
0.12705584
0.398447
0.2559898
0.4275287
0.29312035
0.3144065
0.20292756
0.15309414
0.43815598
0.42844197
0.34821692
0.4744653
0.37908244
0.21615043
0.296733
0.29323754
0.34869465
0.21771096
0.18300304
0.6555657
0.3577977
0.384897
0.3731324
0.15180384
0.3573092
0.60043126
0.5600015
0.05214372
0.074040554
0.12125025
0.2959026
0.14736362
0.22616549
0.10879506
0.55999357
0.095183425
0.1662062
0.43318138
0.17701131
0.1448296
0.2826549
0.25480226
0.2589949
0.14187744
0.60320973
0.14374357
0.23647963
0.17665662
0.324037
0.18457553
0.20263994
0.12829009
0.37865362
0.16416484
0.04943013
0.0064261355
0.065370016
0.016115654
0.0055678203
0.015383928
0.0038090528
0.0048559285
0.003107887
0.012600174
0.016964257
0.016224464
0.004075201
0.0058182934
0.11629598
0.027649635
0.00955059
0.07379644
0.012752673
0.03052138
0.013645689
0.010824936
0.047673527
0.014174124
0.041552305
0.024662875
0.006094947
0.013878519
0.02147763
0.006843414
0.0043532103
0.0055580256
0.0049821516
0.033150014
0.009444102
0.006135338
0.002577999
0.019816356
0.037410215
0.008515996
0.01596599
0.012686803
0.0038559183
0.047512166
0.0062151104
0.039893564
0.006375706
0.013501159
0.002004384
0.032286976
0.062153343
0.019332372
0.01008841
0.0038873248
0.015593774
0.006194739
0.019545406
0.025420543
0.026144793
0.010216053
0.07473746
0.14690875
0.010203766
0.017431453
0.0109619545
0.08280684
0.011009052
0.079743266
0.017566808
0.018182125
0.15317975
0.02660993
0.010326563
0.08839429
0.0031272322
0.022252515
0.010996755
0.003542064
0.0036597315
0.0034091512
0.02063236
0.007269936
0.006114995
0.0053766742
0.024194593
0.0057259207
0.027822495
0.017919105
0.008273636
0.11172918
0.0137560805
0.009216335
0.020189345
0.04005253
0.0042452123
0.008591547
0.030381093
0.013553551
0.024343776
0.043201607
0.004259986
0.02954535
0.020099666
0.00471806
0.012880399
0.01598608
0.0023031018
0.010828118
0.020670872
0.027866647
0.019551452
0.016464029
0.009064434
0.009541816
0.13726029
0.27209142
0.091525644
0.073570855
0.2018453
0.19432728
0.17991215
0.22823314
0.6610619
0.24376576
0.021117764
0.013358015
0.0045011616
0.024020784
0.0053893477
0.18338375
0.3026966
0.34095746
0.49224946
0.3867036
0.50916034
0.38603005
0.36391914
0.37204096
0.33893543
0.5150213
0.32817617
0.26813912
0.2213446
0.013093858
0.003405733
0.01902107
0.022312852
0.010595793
0.03582523
0.0105425175
0.07022939
0.046681944
0.006875095
0.007221091
0.010977749
0.048620667
0.0074938126
0.00453212
0.010011697
0.008382348
0.009123185
0.0048840335
0.00403303
0.0007401049
0.009938173
0.017101467
0.008938293
0.0037941816
0.0013378474
0.0013606688
0.0031561344
0.036602233
0.006778956
0.0027339319
0.0022495172
0.005544451
0.008165354
0.011685682
0.007083914
0.01318664
0.008984396
0.0051306565
0.007345013
0.00851697
0.0018844976
0.0054965126
0.015116126
0.010548527
0.002000405
0.0025676857
0.003959497
0.0046288553
0.0084971255
0.007714729
0.006620455
0.05336411
0.068254486
0.016190942
0.012062759
0.09341554
0.0018381841
0.0056868964
0.010600649
0.016684838
0.0062110475
0.0067564254
0.033694763
0.0030142455
0.009241989
0.0098934015
0.015703268
0.0074973423
0.0051451805
0.0052711787
0.0019821515
0.006606017
0.014254865
0.014428677
0.02130852
0.011310667
0.14500974
0.0064677745
0.0060539315
0.15869723
0.12003059
0.018059647
0.011364188
0.017076088
0.042972777
0.015357515
0.01423676
0.008638598
0.0044045206
0.009771909
0.012337158
0.016637292
0.005342681
0.014275558
0.01043681
0.008345062
0.0038636937
0.05393739
0.041545413
0.04910522
0.08595213
0.14445783
0.08306434
0.0528267
0.041469228
0.051025074
0.023322353
0.015821302
0.02773904
0.018316086
0.019447569
0.025668697
0.073998004
0.027133048
0.015887026
0.06051071
0.050800845
0.025419753
0.019363498
0.014646233
0.07603745
0.010269925
0.008326587
0.037868552
0.055576503
0.015033828
0.06391883
0.025874684
0.012222067
0.06690065
0.01670266
0.085185505
0.0987748
0.047000542
0.040695325
0.054060612
0.039469033
0.074282795
0.07107902
0.074110284
0.03164345
0.022549497
0.08224475
0.091798596
0.019553766
0.08657911
0.020076348
0.015544516
0.037787817
0.050997764
0.05011165
0.12025399
0.08004015
0.041433286
0.036791377
0.034535475
0.031802695
0.01562665
0.039716765
0.049229685
0.09799416
0.09717403
0.068038516
0.026662117
0.02296975
0.078458615
0.06646864
0.06661776
0.07258713
0.08841119
0.060563076
0.09526612
0.028774844
0.012304008
0.008505712
0.03124293
0.021867823
0.018852647
0.016178846
0.05513203
0.017951526
0.020781035
0.014093206
0.029197166
0.01372842
0.028244417
0.017860712
0.020319875
0.06392392
0.023501102
0.004268477
0.002412905
0.022787573
0.010475337
0.021769937
0.032943413
0.01655573
0.036761057
0.033873603
0.051257227
0.088367276
0.04920683
0.10125307
0.025816888
0.033810522
0.025422806
0.028162265
0.01470096
0.020271419
0.025477732
0.025768602
0.014206638
0.011268145
0.004115971
0.0063587357
0.004409973
0.013978722
0.011895002
0.04559774
0.08328457
0.02392141
0.039972335
0.046619557
0.052592095
0.05937576
0.07244024
0.16881284
0.03843004
0.11109289
0.038887527
0.057649385
0.088417076
0.029868022
0.09094811
0.2214077
0.07272566
0.011006982
0.043698877
0.1148724
0.16739936
0.051575974
0.2237732
0.22903207
0.21178158
0.26058155
0.10791815
0.21842313
0.14300095
0.23219727
0.44721898
0.27693024
0.03732928
0.024082787
0.11997466
0.036116894
0.057089668
0.030554425
0.06265981
0.015167835
0.05271814
0.021169927
0.024759347
0.014932502
0.016609339
0.021503378
0.012544826
0.0075408397
0.011366445
0.0070240633
0.008056754
0.1619149
0.22676012
0.1816263
0.29941544
0.14542095
0.24084632
0.28548464
0.35509032
0.10557879
0.17816108
0.54168886
0.26015517
0.08024861
0.14913277
0.043831617
0.07658087
0.08584423
0.03445426
0.06999254
0.01794623
0.004641269
0.03860559
0.09656676
0.023094276
0.034490686
0.058747835
0.040709447
0.024790645
0.070245154
0.06412487
0.05341758
0.043055184
0.06304358
0.15228099
0.33987758
0.12854843
0.27318484
0.13946396
0.25926268
0.2860554
0.2984039
0.450893
0.26484808
0.20157637
0.29931495
0.4341664
0.18198341
0.19869435
0.098630756
0.25898972
0.50384325
0.2096728
0.34207156
0.39568606
0.38868713
0.44817674
0.34283152
0.42408353
0.37599865
0.24377514
0.009491535
0.054687064
0.19726309
0.06975855
0.026735634
0.007690456
0.009262125
0.00777573
0.008575937
0.0085965
0.006490332
0.007819403
0.01914134
0.051401377
0.12292411
0.18370621
0.237796
0.46675077
0.4947069
0.46202162
0.5926024
0.50795454
0.4717306
0.3779289
0.24112667
0.38251495
0.75777566
0.47094706
0.5197092
0.5230064
0.44121924
0.3355815
0.22926258
0.4701156
0.43607455
0.5053339
0.3422787
0.2637188
0.29049945
0.43423235
0.4814953
0.3637274
0.60671073
0.3785563
0.25268203
0.47532627
0.3914252
0.3336411
0.56890726
0.41785967
0.21324143
0.09941346
0.32060772
0.116932645
0.7919538
0.71029216
0.50049037
0.27327228
0.2341776
0.51043254
0.27266294
0.6058521
0.24151815
0.48272997
0.1822721
0.076335676
0.20908149
0.26339924
0.156654
0.22031327
0.10563305
0.015015523
0.0026554754
0.0052958853
0.0037199906
0.013290217
0.07699693
0.061246384
0.18191133
0.22971748
0.16716094
0.13113782
0.008717117
0.0017630166
0.013717862
0.034699753
0.018907972
0.05894846
0.08616436
0.12118206
0.14053555
0.056404144
0.012056221
0.008134013
0.049272
0.04151213
0.030259358
0.013010824
0.009830437
0.011393911
0.033185996
0.040366206
0.112148665
0.041234303
0.036828298
0.0049694385
0.01615075
0.009970001
0.010667668
0.039215922
0.049216438
0.03150975
0.02015495
0.061587244
0.33699912
0.19021988
0.054359727
0.032993946
0.20613119
0.11352166
0.035624664
0.012310889
0.034638915
0.026787436
0.1999772
0.043414723
0.05027826
0.06859435
0.07528531
0.31740892
0.3771345
0.0029896577
0.009334333
0.0022673984
0.0013609383
0.0014675062
0.00033488145
0.0063175606
0.005333953
0.006128933
0.0021971578
0.11347954
0.017314369
0.23704073
0.3690953
0.095601656
0.2807785
0.17259142
0.20310818
0.13824366
0.2933992
0.20098534
0.10222738
0.17421159
0.2307783
0.10211161
0.0652094
0.017542398
0.42843932
0.2472026
0.29245523
0.15806732
0.12504564
0.12520437
0.056603923
0.07125541
0.004266532
0.0005149564
0.0003965338
0.00045981494
0.00081330846
0.0034436597
0.008260255
0.0011663962
0.0078082825
0.012559175
0.015033504
0.008460971
0.008535367
0.0021442047
0.0036256555
0.006968816
0.024298467
0.021133639
0.028805334
0.005859336
0.042377487
0.008435543
0.042538114
0.02168573
0.045853235
0.076588966
0.027232042
0.052081652
0.06014721
0.21392237
0.18468796
0.19337402
0.40201023
0.3173311
0.0022169729
0.00049299584
0.0024936302
0.15594439
0.22431296
0.21656285
0.06175273
0.05412647
0.008631785
0.013243413
0.013119165
0.16892017
0.5681379
0.44136074
0.16917406
0.113330714
0.08034647
0.0020654928
0.07132787
0.27894792
0.5119624
0.42555156
0.20058015
0.1806797
0.28779384
0.19710629
0.15335314
0.33272925
0.055979
0.1696397
0.08108486
0.14382976
0.0045727794
0.004658505
0.02746073
0.04064384
0.07158655
0.060259696
0.0045339228
0.00032785643
0.5643644
0.027010592
0.5085392
0.19287266
0.26013666
0.2517858
0.18902443
0.4513378
0.3183988
0.48457995
0.09749515
0.019392835
0.025049796
0.14664257
0.084418975
0.07282309
0.0069148284
0.116332844
0.20219818
0.078304134
0.4184928
0.21929428
0.27411672
0.114888266
0.05627179
0.13009138
0.25397733
0.19221053
0.07464696
0.114367396
0.17242663
0.2295779
0.28978005
0.26405683
0.21340989
0.33143145
0.26834425
0.23814785
0.2800959
0.42446172
0.24375343
0.47112635
0.46338564
0.3710192
0.5294959
0.28643662
0.20632207
0.49743986
0.4372404
0.46808368
0.36197168
0.36049196
0.15895556
0.4508539
0.3696081
0.21416885
0.42390576
0.5609467
0.2555373
0.0976624
0.008756754
0.019331029
0.013459219
0.33009025
0.14295867
0.034736447
0.047956336
0.026757967
0.015433941
0.0011770866
0.0036903657
0.011366423
0.0052766064
0.012391951
0.013836867
0.007380329
0.010725484
0.0060817087
0.002967894
0.008976148
0.012258486
0.01263833
0.004712967
0.003162204
0.011568318
0.01696599
0.007142204
0.005101556
0.011540524
0.003201453
0.0050192974
0.024839792
0.00529521
0.018321592
0.005968323
0.040158097
0.02830066
0.040077727
0.0072711306
0.014907911
0.041171085
0.009873151
0.009224772
0.008743359
0.07105416
0.009418033
0.01705741
0.03544529
0.1341463
0.0073835924
0.037887197
0.014909865
0.013616045
0.011452218
0.03546502
0.08715511
0.00960228
0.55168533
0.13515279
0.19925213
0.012725204
0.008166388
0.062268555
0.10138317
0.0036240178
0.028421473
0.034068763
0.024544735
0.035166584
0.017722439
0.04974414
0.0098053245
0.030258799
0.0064020404
0.025576418
0.010516554
0.007720572
0.027451186
0.13850793
0.031134347
0.074551776
0.060064115
0.016109243
0.03555975
0.020703357
0.0076815966
0.01740945
0.008908377
0.11894974
0.03329587
0.017568529
0.06602689
0.010892034
0.012112276
0.049858585
0.049588222
0.0041166935
0.009520912
0.22121029
0.06950442
0.11863396
0.02161637
0.051933564
0.012854367
0.017133027
0.045501895
0.12996547
0.036853317
0.039706912
0.03435728
0.012931186
0.050715577
0.008579736
0.015689401
0.02713954
0.021530196
0.082885325
0.0100588435
0.045935374
0.008086509
0.006851907
0.006425779
0.011683849
0.01573245
0.014247201
0.052529752
0.21554412
0.0024811176
0.0125914505
0.008803566
0.0026148167
0.002153246
0.0055906726
0.0020680875
0.0030095063
0.0047458755
0.002696679
0.005104589
0.004484737
0.00864457
0.009481163
0.012947233
0.012904781
0.06370763
0.0061010076
0.005338256
0.014134893
0.016745519
0.003979126
0.009641662
0.021376597
0.008947151
0.007319025
0.0044748755
0.0069135474
0.014197732
0.005688703
0.00370501
0.0044569955
0.00411112
0.0072405976
0.0028179353
0.016654028
0.0101201935
0.007945473
0.01201242
0.0050259978
0.012440002
0.0076856394
0.004045821
0.004003557
0.0162116
0.0052627996
0.0045624026
0.008810551
0.0055291806
0.007355961
0.014262257
0.010103192
0.003728065
0.043092117
0.006596942
0.007846448
0.011477251
0.016214095
0.007813404
0.0047868434
0.0040679486
0.0027532538
0.008880358
0.013047972
0.026689408
0.013327141
0.0076524075
0.042377636
0.024684008
0.003709677
0.01827271
0.015178966
0.009168647
0.008524181
0.0095291175
0.008028253
0.014130509
0.024312504
0.004494288
0.004545948
0.011421828
0.03857488
0.0052613406
0.009767107
0.008042362
0.005912229
0.07627265
0.013572782
0.0057051876
0.0067934445
0.007856445
0.005875568
0.015956942
0.034329165
0.009946125
0.039390776
0.038372494
0.033014853
0.007914212
0.015585687
0.0043846737
0.013060971
0.010974064
0.011851563
0.03257265
0.0288854
0.03633039
0.011546741
0.0124144275
0.007976551
0.007686992
0.0047747935
0.0052522207
0.010661721
0.023990033
0.0052451896
0.012282787
0.017250795
0.012197418
0.014615615
0.014059065
0.011764824
0.00512161
0.004571201
0.0060416125
0.010411449
0.0056090206
0.0055473517
0.007755255
0.016370991
0.00516059
0.0075902115
0.018848026
0.009050173
0.021681048
0.010792893
0.009299459
0.014983997
0.0039176513
0.005547933
0.017675601
0.01678365
0.022304649
0.005050343
0.0073299604
0.0062403306
0.006085353
0.009269781
0.012364554
0.0062018065
0.007485564
0.010258019
0.010816148
0.0057608257
0.012311514
0.014081912
0.008579046
0.0067379395
0.0053026946
0.015469208
0.0072390186
0.019110812
0.010320459
0.003747811
0.013831916
0.00634866
0.011970084
0.0074399593
0.010643217
0.004807126
0.012645436
0.017963149
0.0079808645
0.014128876
0.013526612
0.02145121
0.007794722
0.013860441
0.015314722
0.0047310786
0.010209189
0.012239511
0.010985984
0.005887367
0.022202032
0.028222004
0.005600203
0.028563358
0.0119308075
0.03873328
0.009949168
0.028019726
0.031812377
0.016260901
0.011502834
0.010640401
0.004346233
0.008837417
0.012620718
0.0064599477
0.013146697
0.010720189
0.016501123
0.012402729
0.009410065
0.011871057
0.0055526285
0.011483602
0.015508896
0.0078070047
0.0064993068
0.015628561
0.009020152
0.0058132918
0.005867613
0.0064563775
0.009750273
0.013257789
0.017131977
0.009629704
0.044318512
0.048232205
0.031369023
0.011198129
0.07665689
0.05581613
0.093968555
0.040205855
0.01418775
0.032178562
0.019598112
0.080907494
0.13000284
0.011357275
0.007903253
0.04032441
0.027198158
0.05636935
0.00998828
0.00885789
0.009921531
0.052421536
0.027554868
0.011219121
0.026089251
0.016535543
0.014773257
0.017918563
0.037584655
0.039084364
0.04096282
0.049075663
0.01863272
0.018620128
0.018987374
0.0141394
0.028900815
0.009139576
0.016103653
0.019962074
0.022062298
0.009451715
0.008665321
0.013425109
0.014470493
0.03488209
0.012505701
0.022920586
0.0650959
0.013871369
0.059028666
0.011640523
0.0144028645
0.010373026
0.017138947
0.03600048
0.015126237
0.021180205
0.04972102
0.049948115
0.016709609
0.014318297
0.07715071
0.10888714
0.08690738
0.08451332
0.08257701
0.06349481
0.037465822
0.054755077
0.026614951
0.020383544
0.018162044
0.01920165
0.014008637
0.050651662
0.010761434
0.038230203
0.028950721
0.03177083
0.014541112
0.023151692
0.043676894
0.017071558
0.010982773
0.010764456
0.020670097
0.011770275
0.017491225
0.052364144
0.009154208
0.008080484
0.07212786
0.09942272
0.013638367
0.02764199
0.030648362
0.025783187
0.04349504
0.027368832
0.01705278
0.024019783
0.05795435
0.02815255
0.045353036
0.050642855
0.012463409
0.02497704
