1
0.9999994
0.9999988
0.9999989
0.99999905
0.99999917
0.99999905
0.99999917
0.9999994
0.9999993
0.9999993
0.99999905
0.99999917
0.9999988
0.9999989
0.9999994
0.9999994
0.9999989
0.99999905
0.9999987
0.99999905
0.9999993
0.9999988
0.9999993
0.9999993
0.9999989
0.9999988
0.9999988
0.9999993
0.9999993
0.9999988
0.9999988
0.9999989
0.9999988
0.99999905
0.99999845
0.99999917
0.99999905
0.9999994
0.99999857
0.99999905
0.99999905
0.9999988
0.9999993
0.999998
0.99999845
0.9999989
0.9999988
0.99999857
0.9999987
0.9999993
0.9999993
0.99999845
0.9999988
0.99999905
0.99999917
0.99999857
0.99999857
0.9999987
0.9999988
0.9999989
0.99999905
0.9999982
0.99999905
0.99999833
0.99999917
0.9999993
0.99999905
0.9999989
0.9999976
0.99999857
0.9999982
0.99999857
0.9999989
0.99999535
0.99999535
0.9999968
0.99999475
0.9999908
0.9999893
0.9999901
0.9999875
0.99998176
0.99998784
0.9999796
0.9999865
0.9999865
0.99998486
0.9999937
0.9999949
0.9999957
0.99999464
0.99999535
0.99999344
0.99998367
0.99997056
0.9999728
0.99994147
0.999874
0.99984705
0.99970526
0.9997658
0.99926335
0.9994455
0.99867576
0.99877125
0.9988323
0.99938023
0.99979705
0.99961346
0.99964976
0.9998012
0.9999845
0.99998415
0.99986076
0.9999043
0.99974686
0.9997565
0.999858
0.9995999
0.9997787
0.9992142
0.99814844
0.99893695
0.974762
0.9784532
0.9796696
0.9899182
0.9951302
0.99808466
0.99645543
0.98770577
0.9954033
0.9974491
0.997821
0.99866855
0.9993006
0.99957854
0.9995285
0.9997758
0.9998441
0.99987805
0.9999089
0.9998135
0.9999492
0.99993527
0.9999274
0.99986506
0.99990606
0.9998047
0.9996532
0.9992078
0.9977055
0.9966017
0.99706215
0.99791104
0.9935481
0.99717087
0.9962213
0.9976761
0.99677235
0.9867143
0.98956466
0.899391
0.08816763
0.031036144
0.0070596193
0.020239245
0.005646011
0.0057376246
0.0009945731
0.0033720457
0.0015309814
0.0030570754
0.00077003415
0.0011225931
0.0009513675
0.0004903579
0.00020915191
0.00029343524
0.0006215261
0.001751045
0.000510337
0.16434082
0.01599488
0.01024926
0.039339084
0.01666283
0.041674186
0.02991993
0.018380303
0.0101890685
0.013762226
0.00970239
0.0013558845
0.6310649
0.550092
0.70380884
0.813043
0.9381537
0.80181634
0.91936845
0.9692078
0.9649233
0.99050117
0.99050176
0.98604566
0.9939268
0.99576
0.99915564
0.9970055
0.9980196
0.9981669
0.9994112
0.9988667
0.99721044
0.99805886
0.99814916
0.9982895
0.9987619
0.9953334
0.99746764
0.99836427
0.9969348
0.99786216
0.99872357
0.99798465
0.99484295
0.9872426
0.994616
0.9922821
0.99202406
0.98793983
0.9918142
0.99291575
0.99548537
0.99309385
0.99523085
0.99242955
0.9854762
0.9845381
0.98569065
0.98972344
0.99055684
0.9932613
0.9937622
0.99009246
0.9967385
0.9887367
0.9937714
0.996929
0.9950236
0.9926957
0.9956988
0.9954892
0.9964149
0.9919688
0.9921708
0.9925141
0.99276954
0.9905565
0.9727538
0.99248415
0.99185467
0.9956175
0.98197603
0.9916169
0.9809094
0.98349
0.9756982
0.9876831
0.9763668
0.9711929
0.9212531
0.950377
0.96075153
0.9581096
0.91827154
0.91245633
0.87174076
0.7950328
0.44488442
0.7189593
0.86529416
0.6491762
0.38930306
0.12498362
0.35520107
0.4543153
0.27377918
0.2483788
0.5120005
0.2214111
0.45956904
0.28240088
0.074082114
0.31435254
0.13641328
0.06671965
0.012087396
0.026662348
0.022049403
0.011251487
0.007497654
0.024688583
0.07552604
0.110737726
0.15040731
0.2050375
0.19398631
0.7880844
0.8209214
0.8798812
0.66661876
0.8675185
0.95733654
0.9375251
0.9908551
0.8980362
0.9793106
0.96868193
0.8861122
0.7761249
0.71892846
0.3838267
0.5077452
0.3607895
0.55258346
0.54859793
0.47494644
0.4119429
0.41923687
0.49506325
0.5053034
0.41112357
0.3957423
0.36352408
0.36126095
0.29078168
0.35927838
0.4341845
0.5184003
0.59772354
0.55219734
0.65856725
0.5991218
0.8212964
0.7110095
0.711636
0.75663346
0.68120635
0.5257001
0.764384
0.58929664
0.44768676
0.5288029
0.31778663
0.4598488
0.566665
0.6019348
0.6866108
0.85515875
0.78876984
0.77812374
0.8199252
0.7880428
0.68329245
0.81048125
0.760538
0.6594076
0.76688415
0.69655865
0.6321042
0.5510284
0.62574935
0.64266974
0.6715798
0.6357833
0.5839641
0.48262253
0.55501753
0.48012164
0.5373334
0.66496396
0.66252124
0.6314284
0.6593845
0.731318
0.67919785
0.7074141
0.77855706
0.7188021
0.62765133
0.8164327
0.512778
0.58685786
0.73459935
0.6425164
0.56844133
0.5548601
0.61080855
0.64934945
0.60619724
0.71882683
0.76353055
0.7296795
0.76318294
0.6249936
0.73509663
0.73268926
0.7873553
0.5990262
0.64447504
0.6088227
0.6466529
0.6527154
0.71563125
0.6757132
0.66600174
0.7111318
0.64877844
0.636624
0.71993303
0.6325352
0.6504247
0.56750894
0.6490753
0.47507825
0.64362943
0.8014843
0.856684
0.6870172
0.7215145
0.6044527
0.6897803
0.7431422
0.7266284
0.72712576
0.62005603
0.76157355
0.60262215
0.71821326
0.75109506
0.7885087
0.82608867
0.717645
0.6842619
0.6654689
0.6082656
0.62869155
0.7310604
0.6752565
0.9334955
0.9379589
0.8696997
0.9713316
0.97646093
0.9569268
0.987812
0.9941736
0.9887298
0.9867697
0.98978233
0.9668127
0.9724832
0.9636527
0.9812367
0.9921186
0.97429854
0.9806121
0.9883096
0.9723085
0.9880227
0.9910472
0.9963462
0.9908409
0.99127847
0.9939645
0.9850524
0.9958253
0.9987644
0.9979006
0.99819034
0.9988844
0.99892765
0.9993623
0.99923027
0.9996395
0.999762
0.9996706
0.99972206
0.9996662
0.99972934
0.99758255
0.9960748
0.98719156
0.99484044
0.9921079
0.99588424
0.99830544
0.9991364
0.999432
0.9982456
0.99881434
0.994739
0.9976197
0.99781716
0.99814236
0.98999757
0.9967687
0.9970891
0.9983975
0.99829227
0.99913776
0.9989555
0.99701154
0.9923793
0.9966408
0.995191
0.99226165
0.98319775
0.9723723
0.9437712
0.78320545
0.91609734
0.8019849
0.81751317
0.9518378
0.96962434
0.96449625
0.97450113
0.8957435
0.8718388
0.9612566
0.95878476
0.96567774
0.99297696
0.9879623
0.9945675
0.98099375
0.9766025
0.9647136
0.9557381
0.92844886
0.97291505
0.91386133
0.97214884
0.99542725
0.98732275
0.9779889
0.97864294
0.98008645
0.9528816
0.9626924
0.97899014
0.98165673
0.96292245
0.9910267
0.975774
0.9581827
0.9897232
0.99618834
0.9910362
0.982179
0.96604127
0.9725136
0.96768636
0.87303287
0.9526531
0.94390655
0.92941606
0.9094969
0.8596079
0.82913154
0.8649383
0.88636863
0.9551016
0.78347963
0.8440761
0.65088516
0.58675313
0.42403147
0.21543713
0.7011305
0.74203396
0.903824
0.9109992
0.9010775
0.90977997
0.9788986
0.96851003
0.97901386
0.96921635
0.98569703
0.99593204
0.995239
0.9751822
0.9949155
0.9987105
0.99816954
0.9983119
0.99857795
0.9992951
0.99941444
0.99919754
0.9986889
0.9982736
0.99920493
0.99630296
0.9983353
0.99756265
0.9994074
0.9995245
0.99900204
0.9990637
0.9997955
0.99973744
0.99943274
0.99969697
0.99877113
0.9987871
0.9984705
0.99855584
0.99939513
0.9996159
0.9996989
0.9996835
0.99991536
0.9999298
0.99950206
0.9998276
0.99956304
0.9996766
0.9994097
0.9990049
0.9968292
0.99495655
0.9971704
0.9963224
0.99681073
0.9976113
0.9934128
0.9860707
0.99597734
0.9609294
0.9595804
0.98031104
0.98071873
0.9948783
0.992804
0.9970963
0.9948426
0.99657214
0.99524814
0.99774903
0.99734324
0.9957889
0.99752504
0.9967276
0.99955946
0.998613
0.9981255
0.9961429
0.9986957
0.99566
0.9959395
0.9911074
0.979318
0.9850637
0.9877835
0.99609035
0.99048656
0.9727729
0.9873139
0.9819548
0.9895309
0.98154163
0.9601432
0.9268031
0.9246659
0.9775718
0.98194855
0.9923245
0.9896142
0.93232644
0.9198861
0.8364945
0.8607775
0.8915402
0.73042005
0.58134294
0.7012973
0.8413474
0.841405
0.9145057
0.9120368
0.929446
0.9403143
0.9726821
0.9694071
0.89764315
0.9667217
0.86845577
0.8407799
0.81163615
0.68187284
0.5802689
0.518382
0.62500656
0.7970473
0.868167
0.8803845
0.9712154
0.9629916
0.9699995
0.987394
0.9933763
0.9922232
0.9935488
0.9982672
0.99806577
0.9978428
0.99817
0.9988065
0.9984718
0.9980229
0.99663335
0.9931051
0.989379
0.98245955
0.99224186
0.9978769
0.99834156
0.99835336
0.9954631
0.99608105
0.9933708
0.9943052
0.99692446
0.99635446
0.9961951
0.9971879
0.9951887
0.9900068
0.9753586
0.9719579
0.9499042
0.95045054
0.9538551
0.9569389
0.9682999
0.98502016
0.9764463
0.9892245
0.9467608
0.97105676
0.9811942
0.95921427
0.9457563
0.96100736
0.9053139
0.9253328
0.8089035
0.9159992
0.854923
0.69818586
0.3479552
0.14483191
0.16767535
0.4310288
0.19799237
0.07797696
0.118028626
0.096220985
0.7482956
0.9574547
0.99040365
0.9955974
0.98753136
0.9932453
0.9937751
0.99528176
0.9936813
0.99028
0.9935742
0.99498415
0.9919418
0.9903149
0.99139786
0.9963085
0.99713147
0.99471164
0.99456596
0.9944999
0.99674004
0.9964193
0.9978188
0.9977723
0.99772996
0.99059
0.98964334
0.9893511
0.98948205
0.98762965
0.9649935
0.98207194
0.9798386
0.9757317
0.99239665
0.99019897
0.98969555
0.9890476
0.9855326
0.9669513
0.9604942
0.9751111
0.9747586
0.98463446
0.9745164
0.9757632
0.97103494
0.9591443
0.9588325
0.92645806
0.9461398
0.9690034
0.9486138
0.98016834
0.97358125
0.9706826
0.9840342
0.95954376
0.98868597
0.9740854
0.98129463
0.9757614
0.9712829
0.9884716
0.98833966
0.9834857
0.9628052
0.9613719
0.9803043
0.9815353
0.9757262
0.98527515
0.9812909
0.9905055
0.9907115
0.9699284
0.96556395
0.9710288
0.9758335
0.9847978
0.9891999
0.98804235
0.96990967
0.98924553
0.98738885
0.9832276
0.9853439
0.9820123
0.9736265
0.9790162
0.9774001
0.97630185
0.97717005
0.9804584
0.98743224
0.9755382
0.9634486
0.9056451
0.9532234
0.954103
0.89659745
0.96582097
0.976718
0.9870006
0.9748332
0.9780985
0.97753775
0.98369664
0.98522264
0.9797061
0.9883929
0.98576224
0.98343843
0.9886515
0.9833208
0.9835549
0.98650646
0.9734884
0.9834168
0.9591465
0.98137635
0.98622584
0.96051204
0.9805058
0.978974
0.9747214
0.98640764
0.9872256
0.99078417
0.9893629
0.9807475
0.977398
0.97236294
0.96362245
0.96299964
0.9589114
0.96067727
0.94352263
0.9779831
0.92346966
0.934625
0.8784926
0.93365717
0.9431432
0.9143296
0.9211769
0.919415
0.93203545
0.9195182
0.955158
0.974162
0.9790956
0.9773517
0.97382236
0.9371599
0.9432795
0.9078518
0.81714034
0.91086376
0.8384911
0.7950004
0.8051788
0.84704596
0.9191445
0.8233241
0.8629605
0.7415062
0.8299987
0.8536852
0.826698
0.759536
0.74374294
0.85047585
0.7078961
0.6140715
0.825348
0.6584064
0.6118664
0.3220955
0.34952354
0.3377504
0.32104114
0.28782013
0.43362725
0.1481537
0.113125995
0.06988429
0.061524983
0.023526786
0.016546525
0.003919944
0.013861784
0.011361789
0.009328692
0.006676906
0.058181897
0.028724765
0.12949498
0.0990289
0.0090653375
0.01545739
0.0046704374
0.0027135913
0.009429455
0.009583027
0.057352103
0.44085658
0.4373794
0.36893034
0.34338412
0.038444456
0.009895158
0.0020523544
0.00086859317
0.006112413
0.009204933
0.017089795
0.010677949
0.0048853224
0.0010995698
0.0005207644
0.00035482546
0.0002012009
0.00030287437
0.0005191643
0.00059857493
0.0006064562
0.0035174682
0.0036259294
0.0044210367
0.0059821215
0.007238775
0.0068114144
0.0024274173
0.0038542834
0.0032725672
0.0049034134
0.0019442764
0.0020181772
0.0011811153
0.0024996125
0.0021866974
0.0018664642
0.0026751934
0.00083806564
0.68145317
0.5828052
0.68309736
0.9504262
0.9586364
0.9396636
0.952189
0.96338105
0.92529494
0.91392654
0.84086835
0.7264615
0.8688759
0.8439461
0.91743207
0.97823936
0.9831042
0.96878886
0.9827167
0.9372547
0.91701734
0.97181815
0.97889006
0.94433904
0.9520272
0.9431798
0.97203493
0.7566544
0.8600545
0.7402228
0.56391484
0.4607118
0.5210684
0.5121863
0.3835816
0.09267054
0.085832745
0.08007889
0.031254694
0.0043749884
0.0426012
0.012543928
0.030670047
0.019151568
0.014563967
0.014249071
0.005665549
0.01220543
0.013170597
0.010456477
0.010864957
0.008215605
0.039425183
0.031214101
0.024497265
0.01670624
0.016614908
0.03236673
0.009016304
0.01756508
0.03562553
0.023736896
0.014021616
0.015646512
0.019061143
0.0073837847
0.0046577733
0.0029646535
0.02458174
0.028955188
0.02998928
0.3142129
0.42474604
0.2695343
0.2872709
0.2293614
0.2932654
0.35257584
0.31299126
0.47247103
0.5410598
0.4993211
0.66810906
0.6223845
0.7957934
0.6457941
0.800235
0.5083834
0.5907324
0.4797443
0.43977553
0.5637284
0.39752483
0.53467846
0.14858046
0.31674337
0.32427076
0.17543124
0.20402773
0.07460643
0.059783947
0.020873962
0.04403829
0.0073314942
0.0033315464
0.00045566654
0.00071595534
0.00020632368
0.00013961983
7.22365e-05
2.6029764e-05
2.8750868e-05
8.91271e-06
5.8328324e-06
5.8351807e-06
5.991717e-05
0.00019669435
0.001462531
0.0005162642
0.00029370503
0.0002091248
0.0004272291
0.00023915885
0.00025812944
0.6062559
0.6961103
0.85175294
0.80495405
0.737014
0.8299079
0.84876555
0.9094795
0.8750299
0.8339554
0.90323365
0.9166011
0.94785404
0.9468967
0.9547726
0.89595497
0.93707496
0.9294393
0.91869384
0.93273246
0.937429
0.9300498
0.92064893
0.8690828
0.89098966
0.8555078
0.8049037
0.62630373
0.8187794
0.66463643
0.4720381
0.27799147
0.21773824
0.11273176
0.0743013
0.02310523
0.006149491
0.0074000927
0.0058903093
0.000978511
0.0009663422
0.0013791305
0.90477014
0.9897713
0.9894566
0.9945222
0.9976514
0.998345
0.9982998
0.997001
0.99546367
0.9923436
0.9953067
0.99682707
0.9950427
0.9848897
0.9894984
0.97451484
0.9900226
0.9830928
0.95123523
0.911692
0.9232594
0.94098926
0.97679853
0.97632
0.9740161
0.9892107
0.968629
0.96699864
0.95680696
0.97104466
0.96280533
0.98931307
0.96693826
0.98884296
0.99245197
0.9773222
0.98047376
0.9910397
0.98874074
0.92559344
0.89657533
0.91491824
0.91915196
0.84795845
0.92223763
0.97010136
0.97551745
0.9741819
0.95195514
0.8751607
0.97107095
0.980434
0.98301286
0.9815575
0.9822204
0.9724549
0.96768445
0.98144585
0.98048866
0.99729997
0.9973464
0.9951898
0.9937023
0.9902773
0.98810965
0.9842008
0.97350174
0.97831064
0.9648555
0.9635237
0.9392007
0.95744705
0.9578558
0.92974514
0.9483576
0.9523173
0.9495911
0.943245
0.92670685
0.94546545
0.9655366
0.9557867
0.9517535
0.93567157
0.89248013
0.86613923
0.7874889
0.6956306
0.6549358
0.7763776
0.74185914
0.9255297
0.8117887
0.8003428
0.7764855
0.76485693
0.50543946
0.6867485
0.645973
0.6319952
0.83700484
0.6731504
0.6597809
0.7016781
0.9149284
0.86993957
0.96089613
0.8867907
0.8751718
0.81782186
0.7504655
0.80418205
0.7068233
0.52335584
0.18821469
0.053298306
0.022798881
0.01097467
0.0051679322
0.0015025537
0.0006567232
0.00015139549
4.828722e-05
1.2254003e-05
8.543101e-05
2.7582262e-05
5.1193805e-05
7.173291e-05
0.0003634795
0.00061586034
0.0005623662
0.00040234753
0.00024079022
0.00014744245
0.00012522092
6.664118e-05
4.176392e-05
3.1861444e-05
1.5566206e-05
1.614879e-05
5.771045e-06
2.1882822e-06
4.4423114e-06
4.813251e-06
1.3327063e-05
3.2182843e-06
3.2652097e-05
0.00028502807
0.0006601508
0.004170868
0.0072937855
0.0038090118
0.0008400504
0.0014648575
0.0011609115
0.00023964161
0.0005019593
0.00032241622
0.0005727761
0.00060206477
0.0026147235
0.16409358
0.49055344
0.58406657
0.55990803
0.44877112
0.5630245
0.47547218
0.7764764
0.799297
0.7757547
0.77411485
0.6825449
0.56901985
0.88219446
0.73339635
0.6949529
0.5583493
0.5700858
0.5338971
0.34844235
0.23137368
0.48872745
0.19026706
0.19009374
0.151492
0.3007256
0.19811851
0.22510085
0.2146666
0.08020471
0.16577968
0.098559335
0.16979405
0.16099219
0.20463309
0.092444696
0.16824032
0.17937173
0.121571034
0.060123365
0.05269726
0.12833908
0.07095083
0.14001417
0.0872574
0.021804504
0.06937037
0.030734634
0.01338354
0.2646671
0.13406584
0.03408467
0.026167622
0.015489347
0.026468059
0.045797843
0.02890733
0.021359485
0.096170045
0.04001943
0.02731253
0.130919
0.007297228
0.04012819
0.013661744
0.017317915
0.0059116576
0.0056825355
0.007510375
0.0035356055
0.0038166614
0.0046727583
0.0049125454
0.0017107576
0.0022015413
0.0014445487
0.0029830234
0.0024524971
0.004482904
0.0073879412
0.00636522
0.018620381
0.0035328013
0.0016816126
0.005977105
0.0063718767
0.008425944
0.0022446937
0.008802921
0.0066916086
0.003981141
0.0020083876
0.0080931755
0.0016291551
0.003119261
0.0027417045
0.0014551184
0.0079706395
0.004729119
0.0005892074
0.00030722655
0.0020833611
0.0025340454
0.0014068399
0.00065001065
0.0015931816
0.00045145713
0.0024147753
0.0026263676
0.00050574663
0.0003339489
0.0012074105
0.0008663325
0.00025129408
0.00051338313
0.0008257774
0.00079770153
0.0009839429
0.00092571194
0.00060977263
0.00073582237
0.00021290948
0.00024407405
0.00018694984
0.0008637666
8.9929315e-05
0.00021147485
0.00011694856
7.972606e-05
0.00022516267
9.9289355e-05
7.656924e-05
0.00024328413
6.7410074e-05
0.0002529971
0.00016291588
0.00021665926
0.00023835483
0.00022774322
0.00032621427
0.0013869704
0.0005281455
0.00033287008
0.00014758353
0.00019547237
0.00027105666
0.00020439092
0.0006023185
0.0004857254
0.00094368437
0.00019419465
0.01862272
0.0011702953
0.0014300109
0.00050049514
0.00024064034
0.0003755891
0.00059822615
0.000290667
0.00021318675
9.149478e-05
0.00012162247
0.00018846993
0.00010466277
9.1238806e-05
0.0006703895
0.00041396648
0.00030060232
5.814902e-05
0.95207316
0.9929877
0.9903038
0.9913489
0.9938419
0.99021494
0.99282396
0.99693894
0.992975
0.99744725
0.997072
0.99344033
0.99319696
0.9874062
0.9888103
0.9919442
0.9903261
0.9964903
0.9802603
0.993361
0.99128926
0.99469864
0.99453944
0.9950362
0.9898073
0.98092616
0.9958943
0.98893994
0.9949458
0.9967913
0.9965233
0.99352586
0.99774265
0.994882
0.9957321
0.99616987
0.9983333
0.9982759
0.9985006
0.997426
0.9961641
0.9980514
0.9903522
0.99748
0.9964754
0.99488646
0.99488634
0.9933329
0.99410915
0.9931912
0.9968618
0.9935082
0.9923384
0.9908303
0.99269766
0.9934934
0.99616575
0.9931924
0.9942128
0.99233764
0.99308324
0.9919402
0.9906034
0.9892163
0.9926738
0.99023527
0.99505424
0.99192846
0.9959507
0.9974832
0.99677366
0.996071
0.9952904
0.9957397
0.9901093
0.9930608
0.99362844
0.9915891
0.98014784
0.9950696
0.9874709
0.99501085
0.9921147
0.99264455
0.99476707
0.98984104
0.99092686
0.9870344
0.99559057
0.99394196
0.9882834
0.98946035
0.9738626
0.9821
0.99127835
0.9659583
0.9907294
0.98724663
0.97619665
0.9823695
0.9541043
0.95943546
0.97863436
0.9789245
0.9784263
0.975684
0.95333236
0.91047573
0.9425247
0.96508527
0.94875866
0.95927745
0.85721767
0.9347536
0.94518155
0.9197156
0.90405303
0.89995277
0.9134885
0.7625393
0.86578786
0.75543886
0.6212791
0.7785241
0.568877
0.38366815
0.32322377
0.30847797
0.24016935
0.4143038
0.6096924
0.42885384
0.54633677
0.73087585
0.4278349
0.3006123
0.363344
0.25374126
0.21141595
0.25542817
0.17216633
0.116648465
0.33061114
0.20312268
0.23154664
0.533341
0.8262903
0.9134183
0.8193396
0.7622225
0.93997586
0.92861414
0.88663155
0.98335487
0.99398756
0.98948485
0.9923131
0.98421234
0.9869508
0.98829263
0.9952009
0.98659605
0.99439263
0.9961964
0.994842
0.9961079
0.99589205
0.9942332
0.9935267
0.99627835
0.9970607
0.99479526
0.9977938
0.9961184
0.99949265
0.99975055
0.9995535
0.99959236
0.99928457
0.9995192
0.9996383
0.9998115
0.99941385
0.9995939
0.99879444
0.99941254
0.9980166
0.9989716
0.99872345
0.9993006
0.99681723
0.9988912
0.9973845
0.9952775
0.9987913
0.9971033
0.99713504
0.9980934
0.9974673
0.996167
0.9953531
0.99579585
0.9985006
0.99636334
0.99019474
0.9944062
0.99608034
0.9947076
0.99659026
0.9879199
0.9943245
0.9896019
0.98975694
0.99186885
0.99724567
0.996558
0.9967344
0.99758697
0.99739385
0.9962644
0.99532735
0.9975508
0.99637055
0.99480325
0.99625164
0.99798775
0.99709547
0.99551094
0.99730635
0.99662113
0.9972723
0.9973551
0.9988213
0.99872005
0.99736255
0.9972946
0.99738437
0.99600214
0.9975049
0.996292
0.99684155
0.9972676
0.9969907
0.9950793
0.99627846
0.9964826
0.9970306
0.9956684
0.9979328
0.9954117
0.9954983
