1
0.9999989
0.9999993
0.9999988
0.99999905
0.99999857
0.9999982
0.9999982
0.999998
0.9999974
0.99999726
0.9999944
0.999997
0.99999547
0.99999475
0.99999046
0.99999213
0.99999297
0.99999416
0.99999535
0.99999785
0.99999833
0.99999833
0.999998
0.99999857
0.999998
0.99999666
0.9999964
0.99999547
0.99999523
0.9999968
0.9999951
0.99999523
0.99999404
0.99999595
0.9999951
0.9999949
0.9999964
0.9999958
0.9999927
0.9999956
0.9999918
0.9999894
0.999995
0.99999166
0.99999654
0.9999964
0.99999213
0.9999957
0.9999937
0.99999607
0.9999968
0.9999963
0.9999964
0.9999918
0.99999464
0.99999654
0.99999094
0.99999535
0.9999926
0.9999949
0.9999858
0.99999154
0.99998593
0.9999864
0.99990666
0.9999851
0.9999875
0.9999943
0.99999607
0.9999882
0.9999943
0.99999464
0.99998677
0.9999887
0.999992
0.99998164
0.999987
0.9999943
0.9999968
0.9999964
0.99999774
0.99999785
0.999997
0.99999726
0.9999975
0.99999666
0.9999962
0.99999535
0.9999951
0.9999919
0.9999932
0.9999876
0.9999814
0.9999416
0.9999826
0.9999846
0.9999856
0.99999046
0.9999821
0.99999225
0.99999154
0.9999951
0.9999924
0.9999893
0.99997437
0.99998796
0.99998474
0.99997556
0.99996984
0.9999478
0.99998224
0.9999919
0.9999827
0.99997926
0.9999778
0.9999697
0.9999435
0.99993694
0.9999207
0.99983215
0.9997634
0.9999356
0.9999616
0.9999869
0.9999889
0.9999895
0.9999881
0.9999927
0.99991727
0.99995196
0.9997464
0.99990654
0.999762
0.9997167
0.9997695
0.9996145
0.9998115
0.999435
0.99873513
0.99933726
0.9981681
0.9985753
0.99639267
0.99779665
0.9982672
0.99850297
0.999542
0.9996069
0.9987072
0.9987042
0.9959657
0.99170953
0.98429734
0.99551976
0.99841034
0.9977437
0.99844664
0.9983789
0.9994542
0.99860734
0.9993845
0.9991923
0.99928015
0.9990416
0.99943644
0.9989637
0.99983037
0.9997389
0.9996613
0.99913824
0.9988896
0.99754107
0.9919566
0.99196774
0.9945803
0.99832267
0.9959104
0.99436367
0.9981882
0.998632
0.99833953
0.99594903
0.99553597
0.99460924
0.99334234
0.991591
0.9847841
0.99493057
0.9881166
0.9900692
0.9958358
0.9939621
0.98490775
0.9886784
0.9958033
0.997917
0.9995034
0.99541914
0.99503374
0.9954217
0.9977049
0.997491
0.9980362
0.9983076
0.9989901
0.9992908
0.998317
0.9988034
0.9989242
0.9991875
0.99817216
0.99528426
0.99199086
0.9957035
0.9942432
0.9960537
0.9988562
0.9962101
0.99605066
0.989433
0.97961104
0.9767163
0.95638686
0.459467
0.3400552
0.16968752
0.04358943
0.020537168
0.1120205
0.2061977
0.25618687
0.33764878
0.3362959
0.15779975
0.099492475
0.0663181
0.039763786
0.04284598
0.066413924
0.06254603
0.032851283
0.356001
0.19901486
0.13150625
0.18818024
0.24980994
0.13197023
0.14191914
0.105024114
0.14091943
0.15462327
0.09852864
0.08681134
0.09788336
0.45382774
0.82141477
0.93992144
0.8430755
0.95822495
0.98393166
0.99296874
0.9950812
0.9985239
0.996911
0.9972907
0.99631065
0.9955948
0.9974031
0.9961957
0.9964192
0.995387
0.9979158
0.9963882
0.99304694
0.99688953
0.99723464
0.99637955
0.9941056
0.99084926
0.99259686
0.98035514
0.9876556
0.9850721
0.9430521
0.9654116
0.9667063
0.9229226
0.91802293
0.8721523
0.8422868
0.90665686
0.79673535
0.769717
0.9186652
0.61940116
0.76731664
0.8948473
0.9217098
0.8446887
0.8967552
0.9047358
0.96781254
0.9503627
0.97764254
0.9785212
0.9596799
0.91774756
0.95337117
0.8554058
0.8642606
0.8655438
0.9654705
0.95551556
0.9644854
0.94087833
0.9254253
0.9689135
0.9454863
0.9386958
0.95330954
0.93164974
0.8950285
0.9673448
0.97816694
0.9820519
0.9816741
0.9903004
0.9801051
0.9873383
0.9607181
0.97294635
0.95885146
0.97969145
0.93636274
0.9903661
0.98000723
0.9873921
0.9911378
0.9971405
0.99877995
0.9968177
0.9985671
0.9988424
0.9989555
0.9990903
0.9991768
0.9982431
0.99903667
0.99916625
0.9986539
0.9986541
0.9988539
0.9981035
0.9964645
0.9985941
0.99840266
0.9991787
0.99894136
0.9988199
0.9976872
0.99933213
0.998089
0.99675214
0.9962494
0.99414515
0.9972097
0.9966625
0.9980288
0.9987207
0.9986759
0.998334
0.99819654
0.9962831
0.99577564
0.993877
0.99248344
0.9922896
0.9802917
0.9886578
0.9831959
0.99525946
0.9946866
0.9929309
0.9969528
0.9984659
0.9988469
0.9969586
0.99908113
0.9997582
0.9995914
0.9997409
0.99993134
0.99995244
0.9999666
0.99994314
0.99992645
0.9999348
0.9995484
0.9995578
0.99968815
0.99992406
0.99990714
0.9999405
0.9999502
0.9999689
0.99991155
0.99993193
0.9998454
0.9999062
0.99983895
0.99989486
0.9996495
0.99925214
0.99921215
0.9987746
0.99938524
0.9993517
0.9995752
0.99914896
0.998711
0.99538946
0.9988607
0.99898297
0.9987062
0.9989465
0.9993618
0.9989453
0.9994087
0.999156
0.9988288
0.99975544
0.9989888
0.9994593
0.99932384
0.9991885
0.99986136
0.9998529
0.9996619
0.99987066
0.999453
0.99969435
0.9991685
0.99972445
0.99984145
0.9998198
0.9999168
0.9994692
0.99939716
0.9977683
0.9941614
0.9957443
0.9910315
0.98512274
0.9894874
0.99478513
0.98445064
0.99757737
0.985078
0.9771399
0.99163884
0.9636944
0.99223584
0.88569874
0.961974
0.68714327
0.92289686
0.9414455
0.8200658
0.78304845
0.9545361
0.9861078
0.8531385
0.949145
0.9629214
0.9774574
0.97771865
0.94670284
0.961742
0.9842742
0.9687858
0.9749967
0.9827543
0.9767436
0.96755534
0.99181753
0.9626331
0.97863674
0.99286956
0.99067056
0.9942181
0.9923367
0.9958727
0.9962425
0.99968183
0.99914324
0.99968696
0.9992015
0.9956196
0.9981487
0.99589276
0.99560887
0.9943089
0.9951755
0.9925821
0.9875723
0.9642096
0.9649355
0.95684844
0.9320811
0.9683958
0.951907
0.95221007
0.98003376
0.9813017
0.9875585
0.98629445
0.9940798
0.9965829
0.97418875
0.9938985
0.9919436
0.9847644
0.9821315
0.9896745
0.9974232
0.9933681
0.9912124
0.98583776
0.9887044
0.9943851
0.9969881
0.9946168
0.9974068
0.9940659
0.99593663
0.99808145
0.9969409
0.99376583
0.9960979
0.9852101
0.9931513
0.9950047
0.9959643
0.9978636
0.99059767
0.99065304
0.9826522
0.987856
0.99058306
0.992716
0.99236673
0.9751498
0.98485696
0.9857712
0.9871661
0.99134386
0.99281937
0.99422884
0.99223363
0.96595895
0.9916855
0.9864001
0.95720875
0.9672532
0.979456
0.9856104
0.9811664
0.9899923
0.9813012
0.98189765
0.99437356
0.9914718
0.9741984
0.98094577
0.98220944
0.9894169
0.991715
0.98216426
0.99044365
0.98728997
0.9903273
0.9715143
0.993123
0.99204963
0.96133333
0.9802704
0.9560005
0.97655505
0.9769925
0.95879567
0.9872723
0.9561542
0.9468705
0.97976345
0.948958
0.95600134
0.9741854
0.9684581
0.9697224
0.98684454
0.99701846
0.9949675
0.9971275
0.9879215
0.97350883
0.9865108
0.9606908
0.9563857
0.97682273
0.9863218
0.9488785
0.92727333
0.9150417
0.9260679
0.9266837
0.8845653
0.9262717
0.89354026
0.8525023
0.8331498
0.8089948
0.9298367
0.95526785
0.92127544
0.93165195
0.8227596
0.9450542
0.9204574
0.95345914
0.9423261
0.97538483
0.9653617
0.9784399
0.9808395
0.9694874
0.9602509
0.9372637
0.98149604
0.9650149
0.9878947
0.98363656
0.97426355
0.9577644
0.954492
0.96709454
0.979768
0.95137227
0.95613
0.96014285
0.84702855
0.958868
0.898707
0.9784737
0.9557134
0.98447984
0.9857194
0.97302103
0.94888955
0.9407802
0.9532301
0.9812153
0.9894818
0.99034107
0.98442715
0.98241377
0.9821878
0.9844862
0.97609144
0.9846539
0.9798472
0.9676251
0.97820103
0.9731511
0.967428
0.97434807
0.9605654
0.9547194
0.9711585
0.97561556
0.9356228
0.9584367
0.9556635
0.84138817
0.9448063
0.95315236
0.9861297
0.9960496
0.98971355
0.9914765
0.9915489
0.98766065
0.9784734
0.9793428
0.9611007
0.95931137
0.95484626
0.9489186
0.97359854
0.96349823
0.9656962
0.9685722
0.9444226
0.94947577
0.9499606
0.98114246
0.9884764
0.99230534
0.99452424
0.9973346
0.9976165
0.99837816
0.9979984
0.99786144
0.9984067
0.9962555
0.99513656
0.9957048
0.99817455
0.993983
0.9948685
0.9960756
0.99279517
0.9850915
0.99110377
0.991271
0.98774844
0.9865768
0.99247
0.99443036
0.9624216
0.9923907
0.95733535
0.98361117
0.983264
0.96382016
0.9828203
0.9742353
0.966037
0.98737586
0.96748203
0.9839692
0.979122
0.98813117
0.9888842
0.9923496
0.9873247
0.9885953
0.99196506
0.99407476
0.99937576
0.9948645
0.9949309
0.9993081
0.99856937
0.99898595
0.9980117
0.9994753
0.9992424
0.99955016
0.9995347
0.999175
0.9966564
0.9957318
0.99584097
0.99869907
0.9971324
0.992523
0.9775189
0.993071
0.99068135
0.98380786
0.99116427
0.99258256
0.986667
0.98421246
0.98714405
0.98021257
0.8845329
0.7373992
0.34635535
0.25209746
0.30622265
0.10238413
0.061198793
0.015641784
0.0011376893
0.0032517295
0.022791069
0.03120541
0.08933298
0.2502996
0.18545605
0.4728378
0.47958413
0.30330324
0.32805413
0.70962864
0.6279403
0.58823025
0.5477229
0.7630507
0.89471966
0.7703591
0.8492739
0.5827151
0.52221596
0.56151193
0.77374125
0.8127853
0.81203717
0.9668637
0.97606146
0.98658526
0.9784388
0.9857444
0.9857448
0.9606619
0.9916155
0.98681426
0.988842
0.99732023
0.99020946
0.9939942
0.99427325
0.99241877
0.99121314
0.9928681
0.99035335
0.9925684
0.9851739
0.99334395
0.99409074
0.9873968
0.9899929
0.98215336
0.987495
0.9663499
0.98954797
0.9779759
0.98899543
0.97817355
0.9587397
0.9502003
0.9697421
0.9757117
0.9708288
0.9705103
0.9784517
0.993588
0.99269885
0.99593264
0.992126
0.996161
0.9902355
0.98847187
0.99485356
0.97718894
0.9812145
0.98780465
0.98823184
0.96595174
0.9675157
0.96402866
0.95114976
0.98214334
0.9785291
0.98471695
0.97872007
0.9531803
0.92150456
0.9608484
0.9702505
0.9466804
0.97290516
0.97779834
0.9832408
0.9860147
0.98442566
0.99159133
0.98815686
0.9790431
0.9795121
0.97893244
0.9204865
0.87554765
0.9736951
0.9294424
0.98194987
0.9940041
0.99377996
0.9896814
0.99339586
0.99658895
0.9931103
0.9959567
0.9920838
0.9930247
0.9936295
0.99137866
0.9935528
0.9808897
0.98636657
0.98896796
0.9768936
0.991618
0.9913811
0.98936915
0.97200495
0.9783991
0.98316747
0.9688646
0.9727753
0.9729413
0.97881776
0.9370513
0.97009677
0.9698508
0.9838051
0.9836547
0.99038786
0.9880707
0.96462095
0.94905734
0.9247707
0.9478021
0.932702
0.9662316
0.9193241
0.9269426
0.8468665
0.89631706
0.9196653
0.8965042
0.97592235
0.98692906
0.97085357
0.8897896
0.9185751
0.9240855
0.9539629
0.9456733
0.95116085
0.885308
0.6243012
0.4499644
0.3426028
0.3968764
0.39404774
0.87386304
0.8194239
0.8456433
0.483992
0.2752152
0.20591716
0.08670049
0.13148768
0.27851853
0.4704111
0.22723868
0.16929716
0.66901183
0.7190131
0.4490507
0.7004157
0.8714452
0.29631442
0.22866505
0.30813184
0.53987956
0.603367
0.68436617
0.66618496
0.7310046
0.8925749
0.9715607
0.98203343
0.9753027
0.9842202
0.9763411
0.9795132
0.9620259
0.94924486
0.98346543
0.9821958
0.9790446
0.976044
0.9250096
0.9474753
0.95926726
0.94523126
0.8683104
0.86415577
0.83305025
0.6858673
0.62487376
0.7870185
0.88833606
0.94793814
0.9153556
0.96090376
0.95362973
0.9739187
0.96990055
0.9694315
0.91859144
0.9790461
0.9781431
0.966996
0.9559189
0.8916016
0.86967224
0.78959113
0.7259304
0.6716905
0.5262309
0.56609887
0.61719316
0.7729246
0.72092396
0.78548867
0.74637806
0.7592285
0.81528497
0.8701039
0.8737574
0.90459245
0.8511583
0.8846298
0.9415544
0.9398529
0.9493886
0.9126118
0.926726
0.95922405
0.83818483
0.7541976
0.83961606
0.7246386
0.6363785
0.59603566
0.8236789
0.6138979
0.7616116
0.83236974
0.83209765
0.9337008
0.8058259
0.8688108
0.76817584
0.71591556
0.9599972
0.9350391
0.9295736
0.9528297
0.89088625
0.9736115
0.9847307
0.9968855
0.9957073
0.99561286
0.9807232
0.97983783
0.99433535
0.9806536
0.9938169
0.9897563
0.98517334
0.98323786
0.9634721
0.9712266
0.95411474
0.9635181
0.97164863
0.9975938
0.99598616
0.9771547
0.98148465
0.96312857
0.94174886
0.7804247
0.76601535
0.83673424
0.72208434
0.3820642
0.44528848
0.32450166
0.173743
0.26143283
0.072265886
0.22734146
0.24884647
0.20024839
0.15338585
0.15705553
0.35241652
0.4363216
0.53863
0.38860843
0.5933073
0.37153333
0.457731
0.289819
0.22680767
0.16066869
0.16513178
0.0919931
0.07486007
0.116201505
0.06811602
0.0812756
0.12320863
0.0512585
0.045087375
0.014395826
0.09531175
0.021610426
0.023114476
0.04517098
0.03953014
0.025946833
0.023647796
0.34382352
0.21054676
0.4191393
0.3037963
0.6214843
0.8620838
0.8225371
0.9518019
0.9518411
0.9913215
0.99298054
0.99842036
0.99866486
0.9989506
0.99912316
0.9985813
0.9890948
0.99382234
0.9869484
0.95114046
0.98933756
0.99265575
0.9693925
0.96756905
0.94101864
0.878881
0.9189789
0.48966762
0.05641592
0.056701295
0.0017702945
0.0018565473
0.0013992399
0.00013801095
0.00025130154
0.0002801693
0.0007549062
0.1579014
0.09863087
0.1017086
0.15569703
0.08775055
0.15468413
0.26128882
0.06275002
0.08022823
0.18688095
0.2056523
0.16610847
0.18962668
0.110305876
0.100684375
0.13773584
0.06367931
0.067635804
0.054571517
0.033758897
0.013068134
0.008402553
0.0026841024
0.0018173938
0.0006328482
0.0005991548
0.00043857994
0.00045048728
0.0005196057
0.00046724387
0.8007875
0.74529135
0.9293081
0.7521947
0.75315344
0.8282876
0.6712924
0.87644166
0.86779165
0.9319524
0.9519317
0.97115606
0.9839325
0.99367696
0.9914691
0.9958688
0.9978787
0.9960168
0.9944371
0.9859936
0.98612183
0.9885361
0.9968125
0.9967507
0.9968508
0.9967452
0.993816
0.99094486
0.99623555
0.998237
0.9994186
0.99935573
0.99949753
0.9989998
0.99973446
0.99917525
0.9991222
0.9993333
0.99893934
0.9988305
0.9970692
0.9903976
0.98379284
0.9877122
0.9917014
0.99460393
0.99659437
0.9971533
0.9995326
0.9996389
0.997778
0.99827385
0.99828416
0.99651885
0.99134374
0.9897397
0.99685764
0.99307173
0.99604464
0.9939021
0.9984927
0.99889565
0.9989009
0.9986192
0.9915559
0.9969229
0.9944748
0.97945124
0.98259133
0.9691964
0.974779
0.9573184
0.91819304
0.92383415
0.95443916
0.84053504
0.92497915
0.7370652
0.85699385
0.792191
0.7401681
0.9574328
0.9163568
0.9473565
0.62641937
0.96638495
0.87844855
0.9543403
0.9848608
0.98329115
0.99289376
0.9872169
0.9921766
0.984615
0.9849753
0.99507445
0.9916454
0.9834826
0.9869745
0.99018174
0.99498284
0.9937017
0.982357
0.99243003
0.9896428
0.9972287
0.9973838
0.998078
0.99786735
0.99962485
0.99956113
0.9993801
0.9987685
0.9991333
0.99964094
0.99956137
0.9989963
0.9985209
0.99866545
0.9985501
0.99919313
0.9990742
0.9988368
0.9990784
0.9993777
0.99942017
0.9988813
0.9988152
0.99235404
0.99629575
0.993439
0.9906537
0.9951691
0.9928576
0.98769134
0.9899873
0.99318576
0.9874505
0.99481165
0.9927989
0.9751579
0.9638316
0.95417887
0.9495764
0.93551046
0.9732868
0.94496953
0.93502337
0.96805197
0.91225106
0.9390499
0.8960257
0.88694793
0.8571115
0.7696265
0.8584992
0.68377924
0.90258104
0.78953254
0.6829534
0.2295989
0.66471976
0.19667852
0.42724043
0.509625
0.25507405
0.10226932
0.3579983
0.8283713
0.89383864
0.974838
0.9200868
0.9677442
0.955666
0.93125427
0.93067247
0.57944614
0.6588659
0.7618563
0.78898877
0.40458265
0.65422785
0.39931974
0.53178895
0.9185802
0.8539609
0.9381551
0.9716115
0.9088533
0.95855784
0.96436566
0.7871553
0.9532457
0.9031083
0.9167221
0.90968996
0.9235644
0.89221877
0.80248386
0.8950529
0.9130598
0.6515673
0.85175866
0.85533893
0.9449354
0.8598016
0.94591683
0.9516517
0.70879674
0.83270246
0.76354873
0.83204436
0.7319312
0.721832
0.5189592
0.2641623
0.2029199
0.13545768
0.56708586
0.08885572
0.32052118
0.12643115
0.3393838
0.22420707
0.24404104
0.24642834
0.39141905
0.29386145
0.40603724
0.6175161
0.6867389
0.7253707
0.76773876
0.927497
0.9713874
0.96972555
0.955723
0.98800653
0.9744582
0.996488
0.9938492
0.9931037
0.98154885
0.9608744
0.9780773
0.9720247
0.97343135
0.9708789
0.95454854
0.97412926
0.9830102
0.9224158
0.9893834
0.9872909
0.9766232
0.98127687
0.9474514
0.85236245
0.91984427
0.938694
0.95533746
0.9550962
0.9397361
0.9130255
0.74099106
0.4736625
0.652534
0.4059998
0.25963557
0.55987746
0.8648903
0.68682486
0.8979116
0.8787988
0.86307716
0.93367356
0.97533834
0.9901753
0.9965299
0.9764481
0.9402391
0.96853966
0.93402463
0.9395546
0.9854901
0.9845344
0.9762896
0.95839137
0.9857041
0.93428314
0.97065485
0.9732371
0.9776223
0.9926658
0.99526805
0.9946312
0.99838495
0.9956993
0.9915046
0.99716216
0.99266523
0.989037
0.9835512
0.9736169
0.96809065
0.9798195
0.953459
0.92075515
0.792372
0.87145525
0.8731768
0.8314123
0.8900738
0.8202475
0.9138238
0.9731147
0.9950075
0.9960198
0.99779886
0.9949222
0.98961055
0.9802392
0.9857006
0.98954564
0.9941408
0.9840276
0.9571039
0.95574826
0.9741843
0.98081106
0.9146722
0.8979338
0.6881474
0.73514
0.80356425
0.86937886
0.8657832
0.78579783
0.67010796
0.7567537
0.2905608
0.4852393
0.22738694
0.28900567
0.033818606
0.04826675
0.084678955
0.018996678
0.0065056593
0.0068885484
0.018395068
0.026375594
0.012830016
0.0017805735
0.0014996476
0.0011757453
0.00019719986
4.3460008e-05
5.436148e-05
1.3346587e-05
2.6307675e-06
1.7789528e-06
7.694862e-06
1.3433563e-06
2.7531344e-06
4.955394e-06
9.507579e-06
4.6678266e-05
7.7873854e-05
0.00011395209
0.020743933
0.04420118
0.36375102
0.5554313
0.6325714
0.86836684
0.8930136
0.9396883
0.9771643
0.9847541
0.9724812
0.9817441
0.9883968
0.9709887
0.9912219
0.9897103
0.9707327
0.9957211
0.99660766
0.9958146
0.9952251
0.9977349
0.9820457
0.9979487
0.9974794
0.99586076
0.9972149
0.9910189
0.9889337
0.9929194
0.99600273
0.9924582
0.9834499
0.9788165
0.9815182
0.9850529
0.98802084
0.98527235
0.99161536
0.9865327
0.9768133
0.96241504
0.9686007
0.8235506
0.32754576
0.07930532
0.0032118126
0.003895781
0.044330176
0.014606441
0.08460762
0.03823287
0.1220114
0.06418883
0.13301803
0.051893502
0.08153723
0.06914027
0.06505974
0.25906372
0.0899133
0.13252258
0.2232436
0.13586015
0.031101407
0.07520846
0.014420474
0.054480467
0.073969215
0.022688854
0.07231043
0.053453237
0.044953987
0.080002114
0.17143403
0.14534295
0.5486635
0.8111313
0.8774473
0.708961
0.5885895
0.57210135
0.8917492
0.85114986
0.7110087
0.7751853
0.7940195
0.9057457
0.8012439
0.8836639
0.8578156
0.93947774
0.92830414
0.9055383
0.942228
0.9571168
0.9859083
0.97026473
0.97384304
0.96581686
0.8743008
0.9011481
0.9148666
0.9374002
0.95413035
0.9398569
0.90297073
0.92834693
0.94258153
0.9133551
0.8373105
0.8788927
0.8558208
0.89777315
0.9296644
0.903063
0.9222968
0.9239076
0.8959104
0.9413334
0.9047179
0.8837164
0.9485548
0.96661055
0.9794677
0.98565096
0.9889684
0.98812556
0.97701454
0.9946636
0.99769115
0.9978789
0.99811363
0.9957052
0.99544
0.9953348
0.99566025
0.99147636
0.9950407
0.9861881
0.98486763
0.9856089
0.98077583
0.99056566
0.9810147
0.96188164
0.97756165
0.9849557
0.9803166
0.97253877
0.98803014
0.9843248
0.98548883
0.98376113
0.9823109
0.97992516
0.96091104
0.9790274
0.95028365
0.983698
0.98539287
0.96322244
0.9821984
0.9905094
0.98773265
0.9900585
0.98949033
0.9910615
0.9928054
0.9865508
0.9774399
0.9850594
0.9688448
0.96408147
0.97394615
0.94695514
0.905916
0.94947106
0.8786386
0.84632343
0.9077576
0.69832
0.80253255
0.74689347
0.6894973
0.46886897
0.29964167
0.13419852
0.055287104
0.07380734
0.100227356
0.12209478
0.10193398
0.08789507
0.25125772
0.42889592
0.55211455
0.73467106
0.6631405
0.71646553
0.87615895
0.9145225
0.812847
0.79197633
0.8876909
0.7786613
0.85326755
0.7979603
0.56341356
0.7229566
0.7456039
0.69742095
0.9010387
0.9107531
0.82427144
0.9390671
0.8426292
0.86282355
0.92465603
0.9117047
0.9394025
0.9530209
0.9641151
0.94390106
0.9411398
0.94640154
0.92018205
0.96898896
0.91736627
0.91335255
0.9344578
0.92380047
0.87422675
0.94620234
0.8848945
0.89874905
0.9375514
0.9171018
0.95039624
0.9289464
0.87264925
0.9572779
0.9301235
0.811383
0.8859009
0.81454796
0.89074755
0.944549
0.9849451
0.958732
0.98699504
0.9850343
0.97034305
0.96933025
0.98363954
0.9847371
0.9862002
0.9855827
0.97539186
0.98499
0.96430534
0.96251005
0.96123034
0.94412625
0.92756146
0.9594055
0.86893606
0.91025513
0.9480804
0.9445937
0.9349482
0.96997213
0.9761597
0.9659722
0.9848685
0.975524
0.9567112
0.9776529
0.97931266
0.9722055
0.9860314
0.98057854
0.96939397
0.96461517
0.974422
0.95359147
0.975243
0.93630874
0.9382318
0.91992337
0.93523073
0.93476975
0.9325392
0.9332046
0.86928445
0.90047574
0.9272602
0.9578083
0.95762855
0.96274024
0.9742512
0.9447301
0.95074624
0.9528313
0.9732833
0.9580246
0.9562497
0.97546095
0.96069705
0.957163
0.9827183
0.9814833
0.9747429
0.98463875
0.9854235
0.99176556
0.9744795
