1
0.9999064
0.9998534
0.99970406
0.99976176
0.999759
0.9996792
0.999668
0.9994641
0.99945813
0.99954444
0.99965453
0.9994362
0.99930704
0.99878293
0.9990877
0.9993055
0.9975458
0.9980647
0.9951381
0.99472827
0.989804
0.9877713
0.9963716
0.99680746
0.99610126
0.99035794
0.996911
0.9968348
0.99654996
0.9918664
0.98449266
0.98180413
0.988157
0.9817108
0.9914471
0.9884919
0.99174565
0.99437594
0.9951622
0.9899568
0.9897036
0.9867051
0.9965629
0.99718314
0.99756
0.99898773
0.9990515
0.9988752
0.99912447
0.99595284
0.99103034
0.9978759
0.99788576
0.99700314
0.99628437
0.9970445
0.9971079
0.99727696
0.99698573
0.9986871
0.9967854
0.98462117
0.9974759
0.9934388
0.9974233
0.9901301
0.99700963
0.98952127
0.9885461
0.9840784
0.994974
0.98767394
0.9925876
0.9946483
0.991711
0.9858564
0.99158865
0.9962553
0.99018425
0.9968659
0.9906949
0.98920244
0.9869031
0.99037933
0.9876708
0.99309945
0.99483865
0.99494463
0.98876476
0.9893656
0.9904193
0.9924508
0.9936481
0.992093
0.9978255
0.9962907
0.9886764
0.99302787
0.9861988
0.97974914
0.9845403
0.9935335
0.99247193
0.9821377
0.9928807
0.9934284
0.9964143
0.992071
0.9964881
0.99631006
0.98793644
0.9929535
0.99514514
0.9914021
0.99185705
0.99101347
0.9944009
0.9940767
0.98870975
0.9938008
0.9930662
0.991017
0.99551386
0.9956228
0.99694306
0.9966363
0.99602985
0.9966943
0.997246
0.9969688
0.99702615
0.99450076
0.9929079
0.99671715
0.99458355
0.9927336
0.9950494
0.9890007
0.99474096
0.9917013
0.9884199
0.9825058
0.991476
0.9945986
0.99470633
0.99521554
0.994898
0.9944185
0.9941573
0.9895718
0.9846513
0.99026275
0.99860364
0.9866889
0.989403
0.9816102
0.98671675
0.98594034
0.9853799
0.9855204
0.9984977
0.998014
0.9981029
0.9927165
0.9943633
0.9944956
0.99645424
0.99397177
0.9941215
0.99510163
0.9962276
0.995839
0.9982875
0.9980197
0.9975817
0.99847835
0.9977295
0.99877614
0.9976538
0.9950728
0.9968388
0.9908399
0.9958306
0.9973361
0.99741924
0.99641776
0.9976174
0.9943445
0.9937742
0.995349
0.9912096
0.99045557
0.9924831
0.984143
0.9814891
0.98202765
0.9790557
0.9880144
0.98166806
0.98933595
0.98932767
0.98568857
0.9894657
0.9841203
0.98036844
0.97224766
0.9694437
0.98100513
0.9623939
0.9792377
0.98386025
0.9735016
0.98708224
0.9604607
0.9926086
0.9303761
0.9277271
0.9467582
0.94327086
0.9655119
0.9827989
0.9265383
0.9880926
0.97651434
0.9845999
0.9608259
0.9616722
0.9805946
0.95668125
0.95335543
0.96895057
0.9636531
0.8429113
0.91855085
0.9008795
0.8021254
0.82714266
0.849086
0.84149015
0.74166745
0.5772996
0.7251816
0.3308944
0.12382919
0.092720695
0.023305671
0.0075926464
0.0037175736
0.0044156965
0.02304832
0.2789692
0.053326506
0.36964017
0.13879535
0.19277748
0.21915515
0.25130832
0.09197399
0.27715927
0.11085673
0.30998468
0.1634946
0.26235458
0.38898417
0.3104494
0.104946025
0.47776514
0.30013326
0.28840008
0.36233082
0.3801073
0.30525056
0.40598452
0.21345724
0.20387015
0.27652326
0.37553442
0.43954456
0.35505876
0.23499855
0.32563758
0.3575698
0.29278138
0.46094382
0.36854145
0.14335571
0.29058787
0.41122887
0.27229506
0.5533143
0.3575292
0.3877728
0.50289845
0.35039666
0.4133449
0.4591057
0.44373494
0.20590563
0.24576898
0.5895904
0.31193283
0.42943057
0.5766625
0.38293338
0.36305326
0.31523135
0.44896168
0.39507344
0.26991022
0.29386085
0.47651753
0.59599125
0.27077714
0.49333975
0.43155456
0.22274327
0.33795112
0.3097931
0.30087712
0.34781224
0.47660032
0.5963601
0.5260477
0.2572518
0.27737185
0.37263244
0.47850743
0.24613664
0.56083596
0.36184064
0.48891395
0.574102
0.61266166
0.33530724
0.35801312
0.4696573
0.30406925
0.3276667
0.2381176
0.37489614
0.18395932
0.51865
0.28681356
0.31324935
0.2555633
0.34738454
0.31126684
0.43533707
0.37123626
0.49837154
0.23154297
0.20274198
0.4653234
0.23440696
0.12187567
0.23315057
0.24092062
0.04260917
0.16055794
0.06530669
0.080013506
0.16063772
0.08219871
0.144309
0.19940902
0.16245057
0.43647933
0.14741908
0.22955379
0.12840287
0.05504895
0.083422214
0.005887193
0.066582665
0.15236472
0.024885857
0.14250518
0.18470304
0.061942145
0.18017353
0.13886878
0.09176114
0.17912452
0.37253997
0.10114832
0.26306054
0.12189179
0.06899565
0.053056195
0.030922374
0.056005694
0.05185571
0.046376012
0.078734875
0.22835891
0.1401674
0.12869248
0.25221717
0.3058678
0.18773705
0.17353073
0.32380724
0.24842039
0.23736683
0.26230425
0.23470406
0.35182387
0.23144263
0.18308572
0.23363031
0.25155774
0.23413232
0.032042015
0.08766875
0.13184929
0.08564202
0.15022318
0.10330124
0.07112406
0.07520409
0.23416547
0.032487042
0.0047306246
0.0062105856
0.08903176
0.14756139
0.007871819
0.095150575
0.16948844
0.08525205
0.011413437
0.0029188707
0.0023009554
0.053092644
0.27906206
0.32627335
0.28413177
0.1860844
0.26234114
0.41761434
0.4483285
0.38961306
0.323841
0.2665818
0.31281972
0.36457863
0.2952683
0.36264357
0.3732301
0.1726499
0.26812342
0.15911731
0.2644644
0.21589655
0.19045153
0.20001775
0.23252523
0.36906943
0.33616948
0.10210064
0.064744174
0.12872127
0.09997011
0.110491626
0.088762015
0.076436974
0.023407634
0.049788684
0.017171219
0.041371915
0.042218994
0.031692546
0.013281272
0.015284952
0.03288779
0.028550724
0.019249206
0.017628329
0.017841782
0.01226593
0.05025593
0.016018976
0.02707537
0.012548085
0.017416066
0.016688358
0.017497478
0.010516266
0.0070085553
0.00813079
0.0065867696
0.022235513
0.016352182
0.006386094
0.007557194
0.0062888586
0.007102075
0.0065685133
0.009416245
0.007752991
0.0075091524
0.0068444186
0.01054793
0.0102731725
0.0066708233
0.006909692
0.0070641735
0.014096904
0.0093097435
0.0070055267
0.007612779
0.0069890134
0.00891659
0.008039448
0.007083578
0.0064493124
0.009646974
0.0055357474
0.011973231
0.00602994
0.012795288
0.011349513
0.0113185225
0.053366456
0.046061154
0.08441547
0.041887254
0.03803113
0.043704372
0.010428244
0.02051141
0.012730952
0.0115322145
0.05374849
0.020209273
0.012215644
0.017089346
0.017758768
0.0054000467
0.005184376
0.009774234
0.0027837735
0.0016614049
0.0010992817
0.0020741678
0.0031711329
0.003577228
0.0029580572
0.0038513625
0.0065222397
0.0024204173
0.0037804493
0.0033843396
0.0018209992
0.0036402405
0.0027677775
0.002468766
0.001725179
0.0009618331
0.0013948267
0.0005895293
0.0005813969
0.00057679426
0.0003447567
0.00051702233
0.0006107818
0.00063963904
0.0005643793
0.00045228092
0.00068661425
0.0005357775
0.00030524007
0.0014700503
0.0016851046
0.029690519
0.06238892
0.018022455
0.004348274
0.013610037
0.007207744
0.0140988305
0.013402556
0.012203711
0.020058736
0.012701547
0.010929572
0.008598126
0.0283351
0.008323162
0.008389619
0.14447384
0.047740087
0.15145607
0.18603931
0.12146563
0.20297892
0.15258662
0.07918171
0.013476121
0.032031637
0.038843524
0.031215217
0.012250735
0.024791427
0.01346521
0.008059555
0.0063165133
0.0014521974
0.00066947576
0.0024228042
0.00197435
0.0015269323
0.0013587807
0.001457766
0.004921446
0.0030146954
0.0037192944
0.080369174
0.050445855
0.029561263
0.07229721
0.1200321
0.16178401
0.10032149
0.09721083
0.17725164
0.17209445
0.20515473
0.092270546
0.15153891
0.0560944
0.13672854
0.07218651
0.21707775
0.050723657
0.020357115
0.17413121
0.20070231
0.3263358
0.2470271
0.31627008
0.6238079
0.5771178
0.48724988
0.2272083
0.3657564
0.36618224
0.31665948
0.33810717
0.31404066
0.15394005
0.59994394
0.40809944
0.53530455
0.58095616
0.62017405
0.63566047
0.7047719
0.60977
0.63888055
0.5430109
0.24446239
0.24508893
0.28698424
0.24939953
0.41528288
0.24950445
0.262627
0.40436876
0.3109032
0.36004555
0.3091418
0.23119295
0.28445193
0.3352045
0.3919935
0.12747891
0.08144516
0.17417842
0.2605196
0.27907914
0.2975093
0.16236879
0.10634392
0.17398462
0.16407436
0.17329507
0.31484446
0.29030585
0.1644505
0.185911
0.34728497
0.15919453
0.3017476
0.19777554
0.2781144
0.42155465
0.3982509
0.42288488
0.2054679
0.27931947
0.43371376
0.48231566
0.4978359
0.22857724
0.33156824
0.07398905
0.15209001
0.14445813
0.11467049
0.14705493
0.17537011
0.1041995
0.09629196
0.07411119
0.11957565
0.18264353
0.12943442
0.06879366
0.20845315
0.13686267
0.359197
0.3469496
0.21782085
0.54370034
0.32627735
0.42088905
0.38049486
0.37342814
0.2969774
0.27100608
0.29602775
0.60919327
0.60468143
0.6603166
0.7967306
0.26370668
0.14256279
0.20468007
0.37304598
0.52880377
0.5302736
0.6768322
0.7181373
0.6789238
0.6925812
0.74174136
0.75939554
0.71490914
0.7804027
0.6083352
0.5697661
0.41256005
0.6311062
0.75788546
0.640006
0.6494297
0.56489366
0.5140617
0.4965228
0.59203416
0.5163946
0.503942
0.43737897
0.44572017
0.461331
0.46924257
0.66802156
0.60963404
0.7840445
0.6358805
0.49013132
0.67727053
0.6633665
0.7367352
0.7022668
0.77029103
0.7915979
0.78542656
0.59085697
0.69339633
0.58701795
0.77075374
0.6960769
0.7325309
0.69211054
0.83102036
0.7193668
0.8628253
0.7987798
0.70616865
0.6224696
0.5026443
0.61527616
0.6115212
0.45544845
0.61501616
0.84290844
0.69574875
0.7306663
0.6832585
0.65923285
0.70567316
0.92859256
0.82235134
0.90657985
0.86758095
0.8190957
0.82377964
0.6969706
0.6625475
0.62685764
0.6247324
0.36092636
0.35890514
0.302716
0.26292238
0.09920882
0.14868496
0.1046405
0.04324536
0.04559009
0.015892439
0.016215686
0.010003144
0.006718781
0.00585539
0.006813402
0.012158585
0.011882472
0.014962476
0.00991109
0.046084624
0.037249938
0.021061774
0.014792855
0.020088293
0.013168727
0.015625015
0.010197328
0.016952164
0.010964529
0.0088020675
0.009594416
0.011049685
0.008199132
0.0065292353
0.008884203
0.008792201
0.005618725
0.0063989838
0.004113219
0.007006166
0.005453771
0.008916266
0.005791117
0.0052950345
0.0034852684
0.003295511
0.0066193487
0.0048470884
0.005241705
0.0040047662
0.003635163
0.0042606434
0.0030598002
0.008409765
0.008153761
0.008032135
0.0036752475
0.0046706772
0.0046819155
0.0048046038
0.005493819
0.005164525
0.0042500608
0.0041363677
0.0041784765
0.0071909274
0.0050007114
0.009182147
0.0062352647
0.0066450303
0.004846739
0.0060558286
0.008254991
0.009364507
0.0069709746
0.0043060104
0.006097209
0.012356847
0.0048284796
0.005776909
0.009731108
0.0060586673
0.007138401
0.0042366493
0.00538327
0.004241666
0.0031993203
0.005323106
0.0059871594
0.004321254
0.004511703
0.0039246986
0.0037458544
0.005476869
0.0034027111
0.003881603
0.0054047303
0.0041373973
0.0036696799
0.0043013603
0.0048612705
0.005099523
0.003354955
0.0027624008
0.0038419745
0.0057743494
0.0050017294
0.0044939998
0.0042672073
0.005294722
0.004731882
0.0065527973
0.007400267
0.008086724
0.007607291
0.0069588083
0.0068378616
0.0051025096
0.0071913432
0.0058840886
0.006595918
0.0054554986
0.008661872
0.0065573617
0.0051398794
0.005193638
0.003972785
0.0032862644
0.0022921008
0.004652111
0.0032814182
0.003415772
0.0035114835
0.0022974887
0.002711842
0.0024472626
0.002651135
0.004681676
0.0018887275
0.0037721489
0.003645897
0.0026857597
0.0027527823
0.0028501712
0.0029481451
0.0021206015
0.0022697302
0.003582678
0.0027241313
0.0040341136
0.004727312
0.0044458355
0.0046210205
0.005984504
0.0064377794
0.011298062
0.009361403
0.011622752
0.013273924
0.01081907
0.0041027516
0.0055151316
0.012968898
0.006841561
0.007987247
0.0078544915
0.005614103
0.005508673
0.0066745123
0.0107342955
0.016374422
0.019249745
0.015332703
0.020019086
0.01839076
0.024082875
0.015655415
0.017259236
0.013745539
0.016155623
0.010247653
0.022438057
0.025129989
0.018753212
0.026903452
0.022706993
0.02246009
0.010588403
0.013806176
0.03210834
0.013889512
0.009808308
0.016834555
0.012471663
0.007399896
0.0150084095
0.011867461
0.011914978
0.00942137
0.009256488
0.009336094
0.011004854
0.011539647
0.0123588955
0.019203117
0.008703128
0.0100951735
0.008835058
0.0076388833
0.00468624
0.0054987343
0.005114275
0.003433351
0.0061619305
0.0028529235
0.003983812
0.0041780556
0.005149195
0.0060287574
0.0051569114
0.003849771
0.0031493308
0.0061378945
0.00458133
0.0033604566
0.005397733
0.002322009
0.0059004053
0.006360692
0.0029340673
0.0034382488
0.003696539
0.010087572
0.0064778114
0.010005764
0.014707938
0.029913343
0.024988087
0.027415577
0.017642109
0.0363897
0.027195988
0.027730945
0.033885285
0.01590104
0.014233936
0.035942644
0.020002259
0.024406476
0.028753676
0.018440414
0.022119189
0.018358216
0.02668564
0.0102534685
0.056681946
0.044607818
0.05590694
0.038997576
0.028193858
0.016891584
0.020102555
0.015877033
0.01458149
0.0075021894
0.0060917498
0.0065068305
0.008177414
0.0063722264
0.01651088
0.0093427785
0.0125583485
0.010259317
0.012424404
0.029708771
0.10100139
0.06731817
0.025045656
0.044438314
0.08045012
0.06658945
0.040034324
0.044915427
0.05395642
0.0824573
0.09853976
0.13100381
0.0728295
0.018708266
0.04900539
0.041751344
0.093700424
0.120316744
0.05771136
0.12141104
0.11255077
0.06968792
0.07357478
0.037781294
0.08582855
0.054750454
0.02326998
0.050575126
0.023602895
0.091095634
0.029182874
0.033177543
0.060657676
0.05782328
0.05321512
0.05459886
0.14194727
0.10443075
0.13585511
0.17707178
0.13808733
0.097832724
0.09354985
0.18998203
0.18875125
0.15758231
0.034666426
0.05335621
0.114738554
0.0866934
0.069634356
0.020301385
0.015129875
0.007002777
0.0027816123
0.0008644212
0.0009056696
0.0008893535
0.0005546232
0.0015656851
0.0008133573
0.0016771953
0.0011573519
0.00073795154
0.0023412625
0.0014240966
0.0008142421
0.00055722485
0.0005519657
0.0017769769
0.00080717966
0.00036022995
0.00032944154
0.0004836381
0.00038202028
0.00025975442
0.00021468478
0.00016704875
0.00047918299
0.0005150091
0.00013577276
9.296242e-05
5.3627802e-05
0.00011069262
0.00012431032
9.458033e-05
0.00011337548
0.00017955195
0.00029507917
0.00012342329
0.00017431946
0.00015565119
0.00018903325
0.00031153698
0.0002530022
0.0006394385
0.0003630487
0.53497046
0.41174927
0.7501241
0.71243507
0.86159503
0.75357205
0.61256945
0.8652079
0.92141384
0.889612
0.8853251
0.89186627
0.72647345
0.9145348
0.7891123
0.9139992
0.9078862
0.9482245
0.9201399
0.9655353
0.9594551
0.9766113
0.9496758
0.9355577
0.948633
0.960888
0.944234
0.9549155
0.9659466
0.94718593
0.9501873
0.9607654
0.9204195
0.94007134
0.9435615
0.9084909
0.8522153
0.9254799
0.92878276
0.9455661
0.89433557
0.843703
0.90629315
0.8957965
0.8771667
0.9320776
0.9465505
0.9221749
0.9104825
0.8859172
0.9651725
0.9097928
0.8793643
0.847404
0.835962
0.77508396
0.83400005
0.82149184
0.8738152
0.8721464
0.83560205
0.7736828
0.71457916
0.84807795
0.671641
0.6522023
0.607459
0.61293
0.47501445
0.10432194
0.051106777
0.03473291
0.0050767604
0.0016298194
0.00015022696
0.00025154577
0.000103749684
5.68011e-05
2.5195415e-05
5.0266528e-05
0.0001072453
0.0860007
0.083114415
0.07675317
0.053688772
0.1033302
0.13651437
0.0680217
0.22035126
0.072910525
0.07813571
0.2076923
0.10343133
0.18180586
0.056809176
0.12344859
0.10591347
0.11036426
0.18833168
0.088069126
0.07954829
0.283686
0.0834635
0.12721913
0.060662605
0.06411746
0.07722972
0.09707473
0.34026363
0.4313925
0.15112989
0.34723887
0.15488358
0.44855154
0.25924012
0.18270408
0.32393146
0.084425054
0.115528814
0.20743026
0.09552544
0.19842027
0.09219229
0.07096764
0.056189395
0.024323897
0.024250427
0.22332014
0.102389745
0.084088996
0.07325671
0.13843277
0.22725411
0.057162534
0.06720022
0.10869966
0.09200454
0.07883594
0.27429408
0.4796014
0.22697026
0.41497144
0.3757783
0.11464118
0.47067076
0.6629988
0.5801662
0.5027698
0.9050729
0.6957964
0.7357109
0.4626785
0.715455
0.7761575
0.7455964
0.4176717
0.6058868
0.73351425
0.576539
0.49548584
0.4408393
0.40275642
0.36730373
0.23369439
0.43688765
0.55391705
0.44736168
0.41519114
0.40348715
0.39529097
0.32458827
0.16056469
0.057581246
0.051465765
0.0044611995
0.014552884
0.009918638
0.0046533626
0.0020433345
0.004012507
0.002473363
0.00092005805
0.00021633746
0.00036707058
0.00047908432
0.0004901047
0.00033822792
0.00042335692
0.00015657647
0.00015281554
9.8087796e-05
0.00020972805
0.00033127828
0.0001321294
0.00021900205
5.0944942e-05
2.6776148e-05
1.340533e-05
3.194867e-05
2.420703e-05
1.6212303e-05
5.98204e-05
5.4893506e-05
0.00013970188
0.00030550323
0.00017057975
0.00043417333
0.00036341714
0.0012371071
0.00048747435
0.00051067834
0.0011079384
0.00090396946
0.0010896066
0.0010865714
0.0036025844
0.0015173213
0.0022393314
0.0017659485
0.0014058194
0.001275135
0.0009743084
0.0011366452
0.001744095
0.0014759824
0.0011780293
0.0009113958
0.0015067603
0.0047473665
0.0016067061
0.0044291876
0.0016896141
0.00092016766
0.0013992331
0.0020629843
0.0018792266
0.0029514802
0.0020969214
0.0018573401
0.0023677836
0.0049897167
0.004110956
0.0033180723
0.004273533
0.0035611973
0.004848358
0.0026185876
0.003681761
0.003279103
0.004914002
0.0028386672
0.0025672098
0.0024416926
0.0010422282
0.0035456996
0.0014038086
0.0017717859
0.0012219673
0.0011616162
0.00020145468
0.00063779333
0.0005586532
0.00047873263
0.0007429998
0.001242403
0.0012561321
0.0024552282
0.0010873905
0.0012322441
0.0019193562
0.0013989306
0.000996856
0.0010544133
0.00089255517
0.00028796878
0.0005363702
0.0017573517
0.0011497276
0.0010739313
0.0010967833
0.0005730308
0.000675283
0.0010459013
0.0015356182
0.0011552646
0.00093183835
0.0011780255
0.0012658709
0.00076582923
0.001127564
0.0005194061
0.0003785406
0.0005141341
0.00028730626
0.0002294704
0.00016138522
0.00012723848
0.0001852466
0.00017764891
0.00017981578
0.00020254753
0.00013704393
0.00013037524
0.00022231882
0.0001465123
0.00024214092
0.0001622708
0.00015952434
0.0001521975
0.00014262837
8.355968e-05
0.00017971157
9.671912e-05
0.00017402768
0.00033092065
0.00022018566
0.0003043973
0.00021710717
0.00016521818
0.00015138481
0.00012301184
0.00013007746
0.00011542652
0.000110044755
0.00014899409
0.00012246749
0.0001066949
0.000110105306
7.808817e-05
0.00019429465
0.000118043405
0.00028082854
0.0006910358
0.0010236191
0.0016860738
0.003847563
0.0017841968
0.0024183493
0.006788562
0.0032663608
0.0020533626
0.0016786787
0.0016865188
0.0032863768
0.004348047
0.002866605
0.0047296197
0.0044670906
0.0025666922
0.0044475268
0.003013277
0.0049259337
0.0036310856
0.0021130927
0.0030151515
0.0044937013
0.0033227212
0.0041484986
0.0054508485
0.0053599468
0.006708285
0.0082037635
0.004189966
0.0033568558
0.006309155
0.0037701982
0.0048004333
0.002790364
0.0074775615
0.005321695
0.005515396
0.0066970303
0.0043413304
0.0072103543
0.006098492
0.013692788
0.0041604987
0.0021130836
0.004850033
0.0046742475
0.006587649
0.00461988
0.0046037915
0.0019715512
0.00066260266
0.00052255765
0.00086422265
0.000774406
0.0010228109
0.0017207665
0.0009491154
0.0016339212
0.001986435
0.002472522
0.0020600578
0.0015595269
0.001625025
0.001067532
0.0033578577
0.0029800793
0.017257215
0.07518155
0.26914072
0.39547652
0.5500171
0.059580516
0.018356178
0.05895426
0.12769167
0.12226574
0.043046407
0.041211836
0.007319455
0.0018450455
0.004003325
0.0010667682
0.0002364758
3.8469494e-05
0.00014772659
0.00034574696
0.00044189312
0.0009192436
0.0040614177
0.027267208
0.0025260428
0.021786932
0.0016717567
0.00012190437
6.353109e-05
3.1547304e-05
3.1102332e-05
1.4573093e-05
1.8902834e-05
3.0972686e-05
3.4094683e-05
2.1292515e-05
5.5467288e-05
0.00011551405
1.6590255e-05
1.3684055e-05
7.1287195e-06
6.707106e-06
2.6818394e-05
2.716102e-05
4.973317e-05
5.3157844e-05
2.5627123e-05
3.9314495e-05
2.4017188e-05
7.6332806e-05
5.487624e-05
2.2763648e-05
3.4304227e-05
2.6517084e-05
1.745487e-05
4.7797417e-05
2.1899896e-05
9.77714e-06
1.2561798e-05
1.0823575e-05
1.8975768e-05
2.1880043e-05
4.001974e-05
5.2364554e-05
5.396531e-05
5.246397e-05
0.000107112945
0.0001722707
0.0004816396
0.0003184577
0.0004656099
0.00040500562
0.0002900433
0.00023783451
0.00020036736
0.00019631849
0.00024265632
0.00031882557
0.00039634996
0.00051264913
0.0004228564
0.00030036742
0.00070112286
0.001400717
0.0006207009
0.002057415
0.0007969012
0.0011730012
0.0005423749
0.0011080755
0.0020356402
0.0020471907
0.0010318613
0.00069380814
0.00091836334
0.0004135023
0.0010354636
0.00072117394
0.0005893046
0.00082087104
0.00032146016
0.00015357877
4.2296873e-05
0.0001139822
0.0001627291
0.00019749417
0.00020937099
0.00011102849
0.00019309089
0.00023925214
6.1761e-05
1.22655765e-05
0.00031003178
0.00039380227
0.0002942168
0.0023763077
0.00016073114
5.3154195e-05
0.00045633546
0.00033917758
0.00042490565
0.0009978485
0.0013203186
0.00096847734
0.0012490394
0.0025367008
0.4746978
0.47108603
0.09331064
0.08604625
0.079384916
0.06337892
0.6638029
0.6918506
0.39888912
0.08438389
0.14374273
0.12684567
0.13717735
0.11413676
0.046706587
0.009539077
0.0065887854
0.0054798564
0.004711336
0.0016065394
0.0010782233
0.001903319
0.0037145158
0.0033720518
0.0032491232
0.0031036895
0.0018392728
0.001452075
0.0013473071
0.00058448047
0.0014576596
0.0016321656
0.0017637811
0.00282928
0.0020511495
0.009322511
0.0062715225
0.0055713644
0.005180425
0.003647321
0.005106083
0.0018856738
0.0024629598
0.0021848963
0.0017774344
0.0046029957
0.004738935
0.007589759
0.004637541
0.01253126
0.041271165
0.018911516
0.037634272
0.042149115
0.037822384
0.019073596
0.01219388
0.009746951
0.0052190362
0.0035983694
0.002152064
0.001980843
0.0039455546
0.003010668
0.002993818
0.0023878964
0.004049179
0.0023521695
0.004171254
0.005705731
0.0073062466
0.006601019
0.0040900875
0.006009446
0.007768099
0.005909082
0.009046275
0.007616282
0.004618832
0.0065437085
0.0047192206
0.009341916
0.0052870736
0.0045945547
0.00567909
0.006646966
0.027965311
0.022282187
0.013708187
0.010600063
0.008191625
0.00638097
0.0047698184
0.0054905475
0.007088581
0.006126978
0.0058353804
0.005412903
0.0027236391
0.0015364478
0.0017883317
0.0009306148
0.0012353185
0.00041620212
0.0006980381
0.00085180084
0.0013807038
0.0021703495
0.0015403515
0.0014428872
0.0018648498
0.0017895253
0.0017967263
0.0011369311
0.0017946059
0.0017627312
0.0011199185
0.0016211029
0.0012014336
0.0013061146
0.0010591632
0.0010520908
0.0013510667
0.0015537093
0.0010842388
0.0011211695
0.0010962433
0.0010444119
0.0015772525
0.0016896863
0.0014142287
0.0011568879
0.0013875305
0.0024217386
0.0015348142
0.0019557667
0.0016828873
0.0012827133
0.0017237877
0.0011738138
0.00066679606
0.0009932234
0.0010416673
0.0012326075
0.0015655139
0.34529477
0.4937261
0.567091
0.54020613
0.48384997
0.3578378
0.65742385
0.43971553
0.661381
0.41054067
0.53576803
0.5550953
0.57337195
0.5925618
0.6596984
0.81212586
0.64219254
0.71231216
0.7407038
0.81398153
0.7349103
0.632573
0.6117028
0.8292653
0.4096443
0.88657093
0.7067283
0.81044304
0.6270553
0.86873114
0.4263913
0.54376
0.36005092
0.37477344
0.25320998
0.0719099
0.069852814
0.08344269
0.17502226
0.2941131
0.20736973
0.6226772
0.27890098
0.30042028
0.52572316
0.5670364
0.5877529
0.6328799
0.60757065
0.5735179
0.71544254
0.49833536
0.6300443
0.6992413
0.6244226
0.43490246
0.6491242
0.55430126
0.59751827
0.446171
0.5980921
0.30018786
0.47825184
0.31663024
0.54062295
0.44148076
0.3391181
0.5381324
0.513076
0.5214979
0.5904795
0.81396765
0.80485547
0.91215533
0.73256177
0.79264987
0.84231925
0.86213684
0.8901516
0.94898653
0.96592385
0.957254
0.96380645
0.94971126
0.98920816
0.9592824
0.9566698
0.95765275
0.9768662
0.97632
0.97763276
0.98195
0.98996663
0.9836806
0.9671047
0.9725222
0.9579198
0.9591237
0.9814
0.9634968
0.98880625
0.9678393
0.98052305
0.9864108
0.9798758
0.9859904
0.9889452
0.9881606
0.9887544
0.9821201
0.9930046
0.9761243
0.9827565
0.9687247
0.98715776
0.9772465
0.97550803
0.9803146
0.97115517
0.9880911
0.9857231
0.9914374
0.9838344
0.9872091
0.9803037
0.9860545
0.97315377
0.9815382
0.97669584
0.9736275
0.98745084
0.9850557
0.9785009
0.97993463
0.98615384
0.9899479
0.9914786
0.98341227
0.9856081
0.98299444
0.99285465
0.98428047
0.99011606
0.9907697
0.9931827
0.9822565
0.97631025
0.9845627
0.99087626
0.987587
0.98242605
0.9830678
0.98308384
0.98548883
0.9858343
0.97676784
0.9769075
0.98868936
0.9837442
0.98174113
0.9848369
0.98643315
0.98863155
0.97009575
0.97341114
0.98542213
0.98740536
0.99019873
0.972329
0.9771881
0.98532575
0.9813891
0.9787965
0.99147826
0.98262006
0.9845711
0.9922665
0.98240095
0.9793345
0.9869152
0.97979784
0.98627037
0.98770857
0.9869343
0.98679453
0.9807427
0.9762857
0.98715395
0.9854635
0.98595273
0.98737746
0.9918578
0.9881863
0.97915065
0.9842518
0.9824095
0.9748037
0.9803485
0.9815601
0.98094684
0.96736676
0.9747599
0.9755897
0.961808
0.9436296
0.9502325
0.96272856
0.9612092
0.9523347
0.9588906
0.96025574
0.9792773
0.9789082
0.9576116
0.97059107
0.9692592
0.92218876
0.9710605
0.9195316
0.94315785
0.9340937
0.8976014
0.92639965
0.8784074
0.8442874
0.9038516
0.88792324
0.9024108
0.9233048
0.9201669
0.9666931
0.9669772
0.9624799
0.9678027
0.9707022
0.9808905
0.97578025
0.95633084
0.96852463
0.95492756
0.97053057
0.98738295
0.9696754
0.9754127
0.90961397
0.96898717
0.9113259
0.9442857
0.94302267
0.8370207
0.92289305
0.89174104
0.9428488
0.9423383
0.91496116
0.92519236
0.92016166
0.886793
0.9209983
0.94139826
0.9402398
0.9173983
0.94365025
0.9513395
0.9288069
0.92349863
0.96103454
0.91945153
0.9397076
0.9546185
0.9302166
0.8885029
0.92193455
0.9341447
0.8999037
0.90551573
0.94850534
0.92524916
0.9501959
0.9454269
0.94173723
0.9171454
0.87228864
0.9047539
0.89225036
0.9186118
0.8919431
0.966475
0.88532394
0.8955112
0.82558537
0.8577204
0.8742634
0.9048335
