1
0.99999666
0.9999906
0.9999932
0.99999523
0.99999213
0.9999932
0.9999937
0.999997
0.9999958
0.999997
0.99999714
0.99999774
0.999998
0.99999845
0.99999726
0.9999968
0.9999945
0.99999404
0.9999895
0.9999758
0.99999166
0.999985
0.9999759
0.9999523
0.9999535
0.999982
0.9999565
0.9999739
0.999964
0.9999851
0.99995816
0.99995625
0.9999645
0.99995923
0.99998605
0.99998415
0.9999753
0.9999368
0.9999738
0.9999702
0.99995387
0.9999516
0.9999367
0.9999738
0.9999738
0.99998045
0.9999864
0.99998367
0.9999882
0.999977
0.99998677
0.99997795
0.9999852
0.999949
0.9999306
0.99977773
0.99982613
0.9998398
0.9999229
0.9999131
0.9999739
0.9999695
0.9999838
0.99998224
0.9999876
0.999985
0.9999833
0.999977
0.9999782
0.9999759
0.9999589
0.9999788
0.999979
0.99998677
0.9999677
0.9999678
0.9999621
0.9999832
0.9999794
0.9998247
0.99998343
0.9999486
0.99996495
0.99995375
0.99998
0.9999801
0.9999809
0.99998295
0.9999893
0.9999895
0.9999882
0.999995
0.9999943
0.99998784
0.99998105
0.9999734
0.9999591
0.99997544
0.9998852
0.9998753
0.99966955
0.99992716
0.99994445
0.9998925
0.999925
0.99992454
0.9999479
0.99992585
0.99989724
0.99996305
0.9999809
0.99997854
0.99999154
0.9999919
0.99999356
0.9999833
0.9999908
0.99997914
0.9999794
0.9999634
0.99996805
0.9999654
0.9999701
0.99993896
0.9999578
0.99996495
0.99998665
0.99997973
0.99998045
0.9999851
0.9999796
0.9999306
0.99985445
0.9998448
0.9998049
0.9996517
0.9991009
0.99595416
0.9913306
0.9880385
0.9656225
0.81493837
0.65414166
0.394047
0.11381779
0.14741002
0.12334001
0.47904736
0.13297963
0.14243121
0.12979902
0.08109892
0.071926706
0.026432496
0.037596613
0.09010117
0.05986383
0.10013788
0.06551273
0.09986107
0.006076134
0.008480358
0.012747324
0.011433392
0.016550466
0.0091234725
0.04187418
0.74571097
0.60993916
0.7117456
0.7421026
0.6308569
0.8193754
0.9662248
0.97986794
0.9926466
0.9896153
0.9960412
0.99512047
0.9983954
0.9937691
0.99915254
0.9995584
0.9994331
0.99910694
0.99927086
0.99947375
0.9995372
0.9989274
0.999671
0.99989104
0.9999039
0.9999188
0.99994016
0.99987864
0.99992526
0.99995005
0.9999372
0.999943
0.9998416
0.9998934
0.9999105
0.9999486
0.999967
0.9999815
0.99994445
0.9999465
0.9999105
0.9999453
0.99993753
0.99996436
0.999966
0.9999796
0.9999641
0.99990714
0.99991584
0.99992144
0.9999293
0.99985564
0.9997795
0.9999136
0.99993837
0.99986744
0.9998698
0.9998851
0.99986887
0.99986994
0.9998503
0.99989843
0.9998254
0.99989176
0.99990714
0.9998807
0.9998234
0.99990153
0.99986875
0.9998592
0.99984956
0.9997625
0.9999025
0.99987197
0.99981874
0.99981683
0.9997811
0.99989605
0.99976546
0.99975723
0.9997286
0.9991672
0.9994899
0.99885976
0.99655163
0.9974941
0.99535805
0.99549025
0.9972927
0.99475104
0.99771214
0.998703
0.9992131
0.9989754
0.99584144
0.99583817
0.9921159
0.9940103
0.99460524
0.99747545
0.9979213
0.99803656
0.99812967
0.999044
0.9997397
0.99984217
0.99950683
0.9995339
0.9990767
0.9983329
0.99919707
0.998487
0.9979747
0.996482
0.9963386
0.9971535
0.9980494
0.99766254
0.9975205
0.99780923
0.99825877
0.9976676
0.9987336
0.9994436
0.9995547
0.99906856
0.99923813
0.99926263
0.9994654
0.9997831
0.99982256
0.9998086
0.9998229
0.99986625
0.9997347
0.99966776
0.998955
0.9996074
0.99900347
0.9993075
0.9992206
0.9991364
0.9992106
0.999057
0.9995358
0.99857473
0.99819165
0.99801207
0.9965893
0.996572
0.9986381
0.99847454
0.99926215
0.99841845
0.9982445
0.9988502
0.9989016
0.99952495
0.9991003
0.9990159
0.99859935
0.9973232
0.9931316
0.9879288
0.97513855
0.9883486
0.99074954
0.9946044
0.99435234
0.99348867
0.9949315
0.99654454
0.99744
0.99842334
0.99873966
0.9988537
0.9995708
0.9993181
0.9984289
0.99810874
0.99652725
0.9977913
0.99716127
0.9977295
0.9988451
0.9991504
0.9990507
0.999401
0.99804115
0.9995758
0.9995085
0.9996556
0.9998534
0.99971443
0.9996326
0.9997949
0.9991524
0.9992519
0.99954563
0.999706
0.99966013
0.999522
0.99955326
0.99942005
0.9986725
0.9984515
0.9993086
0.9983668
0.9986137
0.9964485
0.99649906
0.9736994
0.96421957
0.9795933
0.99138147
0.9927347
0.98933536
0.99126023
0.9797377
0.9683293
0.9918916
0.98798555
0.9151566
0.68867564
0.6173459
0.5389418
0.23003933
0.32508174
0.21199268
0.07853652
0.06080136
0.016891599
0.03156351
0.008172815
0.0025059674
0.030995894
0.038010202
0.02660864
0.007258715
0.0049690753
0.0015626961
0.0016000896
0.0024988817
0.004516256
0.011596307
0.0036196627
0.0051909885
0.0023823427
0.0022009038
0.0034528307
0.00544563
0.0024368104
0.003992365
0.0065683923
0.0022808795
0.003988185
0.004908386
0.003622656
0.0059186057
0.013587466
0.008489393
0.0024377028
0.0056729116
0.004159413
0.0042287936
0.0052541094
0.009566115
0.007224407
0.007901369
0.008655192
0.008785975
0.006695286
0.0040530097
0.0046114
0.0056732832
0.008951195
0.009662265
0.006800687
0.0058711083
0.0050917636
0.013420051
0.0068684435
0.009176825
0.011503394
0.018457875
0.008397827
0.009588807
0.0053175846
0.0112568615
0.0038115033
0.01040578
0.0055385125
0.010123361
0.010132329
0.0076530087
0.007834329
0.003899356
0.0037417233
0.011714763
0.0075811357
0.0077087963
0.00277923
0.0031391915
0.0021261636
0.0022813831
0.0021280313
0.006241845
0.006088229
0.021333914
0.022699285
0.015168283
0.022775726
0.007931741
0.009953283
0.0061744
0.0029596838
0.007470922
0.12066736
0.1952899
0.46202308
0.28434402
0.40019518
0.5282449
0.38491338
0.26847276
0.2798157
0.33403778
0.25224692
0.3382726
0.43422776
0.2192516
0.36546
0.06015191
0.0886487
0.09011807
0.066775106
0.044365883
0.07982715
0.0819145
0.19105282
0.122607954
0.2643211
0.24911374
0.105087176
0.1328534
0.22537225
0.11180474
0.03022441
0.097793624
0.031958826
0.020833416
0.014970061
0.009061885
0.01063
0.034245785
0.016112315
0.010067222
0.012706181
0.0059300964
0.002969739
0.0013876284
0.00071134215
0.0005830495
0.0005134505
0.00061921956
0.0006772533
0.0007845695
0.00037853827
0.00039871602
0.00027642027
0.00019222494
0.00023213639
0.0003745533
0.0003075342
0.00020019471
0.0010317153
0.0001224328
0.00032460043
0.00010061321
0.00012565931
0.00016429117
0.00022052055
0.00013203142
0.00012431838
0.00049913453
0.0003848521
0.00052906305
0.00032959672
0.00021206464
0.00011929764
0.000210712
0.0001927094
9.3785144e-05
0.00014586994
0.00016158246
0.00013598653
0.00021166042
0.00034598153
0.00035060217
0.0003364759
0.00058760965
0.0005754012
0.00040461955
0.00039969178
0.00024815887
0.0004808946
0.0003067275
0.00071997294
0.00065714866
0.001098337
0.0010610522
0.00092319946
0.19644295
0.2603719
0.29114982
0.1641054
0.2666489
0.15808158
0.083496325
0.0811163
0.11322515
0.08232258
0.024789704
0.015249466
0.009317822
0.003230904
0.0025497647
0.0020640625
0.0020876762
0.0006843379
0.0011446042
0.0005110421
0.0006602105
0.00057157606
0.000463092
0.00028913302
0.0002727419
0.0002496121
0.00024868775
0.00026290072
0.00029517314
0.0013250994
0.0013449091
0.00145363
0.0016996656
0.00088242086
0.0008646478
0.0017437072
0.0013628047
0.00066083815
0.0012322376
0.0011396474
0.0015506232
0.0028197698
0.023477647
0.0056837774
0.003995201
0.05400386
0.008191473
0.060655683
0.0077756043
0.055187248
0.08680197
0.07501443
0.013222125
0.011576423
0.026426537
0.019389652
0.005787801
0.0040859794
0.005840249
0.0027775946
0.008009202
0.00388282
0.0069119707
0.0017274505
0.002961778
0.0013272768
0.0016745133
0.0024526368
0.0009187384
0.0011366745
0.00046085994
0.00059328333
0.000492601
0.0013161891
0.00041768848
0.0022784565
0.0013568307
0.0009702339
0.0020047545
0.0011574049
0.0008303942
0.0018451806
0.0015645073
0.0007987615
0.002109965
0.02995253
0.004584517
0.0033727253
0.0013119334
0.0022833082
0.0012173558
0.00191252
0.004071406
0.0027422558
0.0035307049
0.0055471496
0.0028370048
0.0034592245
0.005060639
0.0026377009
0.0025774783
0.0017535858
0.0026426604
0.0014970052
0.0011366485
0.0011294495
0.0029674482
0.0040071253
0.004010632
0.004670083
0.0021712047
0.0016171826
0.00089596555
0.003502774
0.0012224941
0.00147164
0.0023584666
0.0026411728
0.0027248915
0.001468279
0.0012562893
0.0030120686
0.0022778127
0.0033121123
0.0025358445
0.0035019373
0.0016341149
0.0016281069
0.0027587318
0.0025321443
0.002724165
0.003175157
0.0029843424
0.0034241974
0.0015713262
0.0023982534
0.0015249742
0.0016640684
0.0018444555
0.0009407978
0.002426029
0.0031049633
0.0032158727
0.005504424
0.0063312673
0.0015842816
0.0033979085
0.0039001245
0.00266162
0.001313884
0.0028433704
0.0022439416
0.0036749037
0.0025357336
0.0028368616
0.003141977
0.0030351963
0.0030267856
0.002633462
0.001842854
0.0025110082
0.001980754
0.0024681953
0.0023023547
0.0026071353
0.002047966
0.0030856042
0.0033419947
0.0028006765
0.003506131
0.003054597
0.0036359294
0.009909375
0.009082307
0.002919556
0.0036287159
0.004653657
0.0027010285
0.0034887877
0.0070118415
0.0042522196
0.0034274582
0.0027930879
0.0032187183
0.005270488
0.002968738
0.0009880713
0.0004057263
0.00525726
0.0026023062
0.0010055566
0.0011053102
0.0014872906
0.0013648961
0.0012449548
0.0014864581
0.0012184243
0.0010932997
0.0008130892
0.00033956324
0.0002530041
0.00021264552
0.00022953647
0.0003779354
0.00020596654
0.00028611007
0.00033995401
0.0002153338
0.00035607096
0.00018896585
0.00034676894
0.00017386413
0.00027682324
0.00016894037
0.00022664302
0.00032449214
0.00021304045
0.00010554798
9.520233e-05
7.506723e-05
1.9326088e-05
4.0127314e-05
5.4624375e-05
5.5274133e-05
4.3401244e-05
9.156111e-05
4.3573094e-05
9.210089e-05
0.00024907908
0.0009077023
0.00078658987
0.0008203768
0.0010738596
0.00061258435
0.0006510237
0.00029258124
0.0005824618
0.00018236609
8.781814e-05
9.663651e-05
8.527198e-05
7.69404e-05
6.874976e-05
0.0005514275
0.00019767991
4.2258165e-05
1.3228525e-05
1.1702575e-05
1.7665488e-05
3.0824824e-05
3.9793875e-05
1.7201413e-05
1.9824478e-05
1.0373054e-05
3.3211847e-05
2.2775243e-05
2.5275072e-05
4.2835003e-05
6.559556e-05
4.2137694e-05
2.3910736e-05
5.4335927e-05
7.616659e-05
0.00014417103
6.435888e-05
0.0001565538
4.8825827e-05
2.525151e-05
0.45470372
0.3313594
0.42972583
0.51160353
0.39392582
0.6031183
0.3765456
0.48465216
0.35508466
0.3127184
0.5788423
0.5677127
0.5645088
0.59811014
0.7119683
0.68524545
0.39589214
0.2845452
0.35793206
0.47542405
0.32171455
0.40257007
0.20176376
0.18292038
0.17783524
0.24185756
0.35830337
0.23790377
0.08305436
0.102874435
0.17828798
0.20523965
0.04581015
0.10222626
0.07600519
0.06651402
0.0689057
0.03704136
0.06110896
0.07176117
0.07082853
0.10317286
0.015861742
0.03295899
0.071565405
0.026006337
0.009404666
0.027022775
0.022000192
0.03510807
0.027529936
0.0154058505
0.018271059
0.017827636
0.011845221
0.0066830185
0.012214672
0.009275564
0.010371054
0.0060814926
0.003979372
0.0056045116
0.0061091436
0.0046051564
0.002447323
0.005496477
0.004228896
0.003182143
0.008423362
0.0028936518
0.0030545883
0.0040631467
0.0025447998
0.005290485
0.0030360809
0.0034303828
0.0027669822
0.0049602394
0.0058684307
0.0030049784
0.005577921
0.008209174
0.0071722968
0.006863108
0.03461085
0.020673543
0.007773832
0.022576334
0.008043697
0.0074511296
0.0033627572
0.0068946215
0.011460729
0.003983326
0.00458574
0.0056508956
0.007950959
0.0012132747
0.0015525091
0.0022019634
0.0037428185
0.0063439393
0.004251243
0.0023155657
0.003460071
0.91473097
0.9944424
0.99581224
0.99876875
0.9996706
0.99982375
0.99982625
0.99987245
0.9998079
0.9997322
0.99950933
0.99879044
0.99760497
0.99613863
0.9966366
0.9976699
0.9975963
0.9989126
0.99858594
0.99820864
0.9985336
0.9971208
0.9940633
0.9945692
0.9981845
0.99840945
0.99916315
0.99785656
0.998884
0.9976635
0.9972338
0.996999
0.9972644
0.9979873
0.99594575
0.9966287
0.9987103
0.9996277
0.9995499
0.9994373
0.9994398
0.99935836
0.9995122
0.9993131
0.9995048
0.99946934
0.9996928
0.9998036
0.9998259
0.9995788
0.9997209
0.9990565
0.99923754
0.99776924
0.9976699
0.9974656
0.9975036
0.9964994
0.99765694
0.99108136
0.99592906
0.9977069
0.9979746
0.9963726
0.9984559
0.99899036
0.9987632
0.9986247
0.9965314
0.99510455
0.9885839
0.99643254
0.996828
0.99907804
0.99730265
0.9979261
0.9944904
0.99238294
0.9954788
0.9821014
0.98737
0.9746334
0.96902865
0.9417996
0.54413325
0.12891616
0.061373167
0.12520155
0.023836484
0.023342593
0.039160397
0.046604346
0.06652745
0.04233029
0.05849742
0.060949534
0.14508347
0.087826766
0.12568814
0.0678612
0.3790537
0.07455872
0.122540206
0.009100565
0.009156891
5.7254874e-05
6.8255054e-06
6.1880666e-05
2.7913025e-05
0.0001807206
1.8227942e-05
1.9296597e-06
2.312768e-06
1.5589743e-06
1.8163297e-06
2.4681674e-06
2.1629983e-06
4.0737286e-06
1.3282858e-05
5.093831e-06
4.809709e-06
1.9610905e-05
5.2220626e-06
5.0320486e-06
5.201267e-06
7.3605365e-06
4.290385e-06
5.329853e-06
5.0218323e-06
5.36909e-06
7.324797e-06
5.981595e-06
3.4159111e-06
4.8013544e-06
2.0656748e-06
2.5000516e-06
3.2968037e-06
2.2861852e-06
1.7585946e-06
1.228821e-06
5.705992e-06
4.6806585e-06
4.5276556e-06
5.0743256e-06
5.213663e-06
4.611424e-06
4.6006485e-06
1.0004911e-05
6.8459167e-06
6.653946e-06
4.151643e-06
8.432501e-06
2.7403173e-06
2.5212078e-06
3.6735967e-06
1.3460365e-06
2.9476003e-06
1.2598573e-06
4.7010894e-06
5.285453e-06
2.265631e-06
2.712367e-06
6.783423e-06
2.8289653e-06
6.79872e-06
3.1294499e-06
3.11609e-06
4.6119208e-06
2.2465276e-06
5.7444304e-06
5.2930995e-06
3.1458776e-06
1.7260451e-06
4.7699773e-06
3.0197405e-06
4.1592602e-06
4.0086743e-06
6.1347014e-06
6.3442667e-06
1.2340388e-06
1.8322067e-06
3.6315325e-06
2.174172e-06
1.7587087e-06
7.85043e-06
2.2980614e-06
3.400683e-06
3.188471e-06
1.11723675e-05
3.7315044e-06
5.8657897e-06
3.6906454e-06
3.103711e-06
6.1129526e-06
2.9543883e-06
3.2964044e-06
4.200898e-06
3.4123295e-06
2.2368858e-06
3.2062605e-06
4.79402e-06
6.513975e-06
3.7745467e-06
4.4872572e-06
2.3164457e-06
3.4116267e-06
7.520713e-06
6.8841305e-06
8.546025e-07
3.2707146e-06
6.7921424e-06
2.3633047e-06
3.9561883e-06
4.5171582e-06
3.146961e-06
3.1571785e-06
5.2253204e-06
3.7850252e-06
4.415954e-06
4.7106073e-06
1.1484057e-05
1.9205097e-06
2.726777e-06
1.7541123e-06
4.3958776e-06
6.718193e-06
1.2828415e-05
3.350136e-06
5.4586044e-06
4.881473e-06
1.10273695e-05
2.2266568e-06
6.080486e-06
1.1672346e-05
4.319187e-06
2.7010453e-06
6.5867953e-06
4.2300885e-06
7.0668525e-06
2.0347808e-05
8.5821484e-05
0.00013154632
9.000258e-05
0.00017691476
0.0003181466
0.02029689
0.08693454
0.009201568
0.0033039043
0.0014996036
0.00044740326
0.00021659299
0.0003829417
0.00040925835
0.00063277886
0.0045806323
0.001178727
0.008954854
0.0056488304
0.064746626
0.09458288
0.20931654
0.35826883
0.3457284
0.5335535
0.67297137
0.7644204
0.81457204
0.95086825
0.9667663
0.9894036
0.9933252
0.9981652
0.999421
0.9979553
0.9992772
0.9978028
0.9966008
0.9963133
0.98433197
0.9780506
0.9363042
0.93765724
0.96668005
0.9657056
0.9856001
0.98038095
0.99211556
0.99333364
0.99833953
0.99903905
0.99823856
0.99598384
0.9985274
0.9976215
0.99686664
0.9968284
0.99500656
0.9811571
0.989129
0.98782724
0.9806051
0.98569053
0.9921029
0.99300545
0.99393785
0.99209374
0.9933703
0.9958144
0.99621576
0.993353
0.99545884
0.9968982
0.99826354
0.9974936
0.99683064
0.9960296
0.99713624
0.9936168
0.99478006
0.9972582
0.99850106
0.9991561
0.9993637
0.9997385
0.99951184
0.99872285
0.9980848
0.9727184
0.9879721
0.97452784
0.9415372
0.94833726
0.9495898
0.95178807
0.8635937
0.962653
0.96260536
0.9722961
0.9723107
0.951329
0.9700125
0.96100533
0.9847868
0.96661735
0.96355385
0.96751374
0.9761066
0.96432054
0.9135524
0.98129565
0.9625307
0.96521664
0.9792052
0.95615774
0.9550972
0.98882306
0.9829479
0.9729347
0.9820196
0.98425055
0.9838621
0.9870613
0.98992634
0.9809527
0.99119055
0.9928598
0.99282587
0.988352
0.9780155
0.9936805
0.9905432
0.9947902
0.9955422
0.9931716
0.93984616
0.9448025
0.9660837
0.9695537
0.9734847
0.9794996
0.9796901
0.99001384
0.9700356
0.9847622
0.98922336
0.96918565
0.97305363
0.9935144
0.99610305
0.99788135
0.9985933
0.9987783
0.9979336
0.9955113
0.99111617
0.98673695
0.9497131
0.9822353
0.97016263
0.9791694
0.98321635
0.9905161
0.9828767
0.97725964
0.9408175
0.84359837
0.9158762
0.79945695
0.8508362
0.6750302
0.7371044
0.79854393
0.4686703
0.2254532
0.23080693
0.3800649
0.3641868
0.37612244
0.27452528
0.6041773
0.5229851
0.6635808
0.65282416
0.5544348
0.5457006
0.36524615
0.247753
0.2023883
0.8299979
0.8428946
0.80442166
0.88475245
0.892907
0.94305277
0.9509595
0.94306505
0.9754748
0.9992587
0.99880326
0.99895644
0.99884135
0.9987791
0.9987822
0.9992981
0.9994331
0.9996972
0.9998369
0.9997967
0.9998964
0.9997588
0.99960524
0.99969816
0.99968207
0.999496
0.9995701
0.9996642
0.9988709
0.9984199
0.99569833
0.9953412
0.99192435
0.9965301
0.99596053
0.99690694
0.9964341
0.9978003
0.9978319
0.99943584
0.99958974
0.9994617
0.99965537
0.99917006
0.99948275
0.9992906
0.99938846
0.999318
0.9992285
0.998611
0.9990121
0.99962807
0.99899167
0.99860424
0.998922
0.9978637
0.9987004
0.9985429
0.9963091
0.99820185
0.9959843
0.9948597
0.9942516
0.9922018
0.9753366
0.97898006
0.9804961
0.99103
0.9874916
0.9905742
0.98554116
0.9105903
0.8904724
0.8893571
0.9123672
0.8729266
0.92151135
0.9412426
0.9291282
0.83789706
0.9221983
0.9503607
0.9545443
0.94733864
0.97194695
0.98499566
0.9846444
0.982579
0.99288154
0.9925292
0.98398536
0.9823161
0.99593496
0.9973884
0.9957243
0.99550736
0.9973627
0.9986929
0.99761885
0.99337476
0.9958246
0.99372876
0.9805982
0.982856
0.99133134
0.9789589
0.98258775
0.9776474
0.98156595
0.979966
0.9857927
0.9647825
0.97905934
0.969519
0.992396
0.9936498
0.98961395
0.9938797
0.9910253
0.9841277
0.98371464
0.98471373
0.9909252
0.97758526
0.9939705
0.9871984
0.9854028
0.993832
0.9901226
0.98964685
0.9869658
0.9876211
0.97935677
0.9716571
0.95384306
0.9615783
0.97927094
0.9822092
0.99226415
0.99166733
0.99065244
0.99376136
0.9943725
0.99169815
0.9852042
0.9918772
0.9970348
0.9976157
0.99718505
0.9978352
0.9984158
0.9982768
0.99891484
0.9988544
0.9984446
0.99818605
0.99828535
0.9970078
0.99393165
0.99293876
0.9963631
0.9969567
0.9970108
0.9970732
0.99610966
0.9945622
0.99674255
0.9966486
0.99839634
0.9972344
0.99777967
0.9971058
0.99748576
0.9966763
0.99475527
0.9922645
0.99518675
0.994487
0.9877006
0.9869959
0.98142505
0.9865731
0.9842721
0.99088013
0.99464357
0.9922247
0.9824776
0.97817653
0.9809842
0.9715565
0.9859531
0.9811631
0.98647434
0.9755495
0.9815423
0.9794591
0.98378515
0.9446988
0.9233583
0.9369566
0.9484092
0.9743491
0.95856076
0.9565166
0.9141023
0.9378104
0.92668986
0.916586
0.9149921
0.95860505
0.946171
0.9574277
0.9643396
0.9571782
0.97540784
0.97957623
0.9663939
0.97090507
0.9731459
0.94822294
0.9864347
0.9360265
0.95551986
0.9601597
0.9279867
0.97130775
0.95374554
0.93869746
0.93505204
0.91083556
0.94706744
0.94332486
0.9681094
0.9652532
0.9482786
0.9777939
0.9652977
0.958235
0.9704934
0.9737343
0.9642933
0.9753764
0.95889366
0.97019345
0.96142155
0.9899602
0.97558916
0.9750279
0.9712153
0.9796848
0.97350997
0.97164816
0.9686595
0.9511855
0.97642255
0.9424943
0.9507096
0.96630245
0.9808224
0.9547569
0.96930504
0.9789725
0.9689005
0.9810141
0.95482975
0.96032405
0.96210426
0.95178884
0.9773361
0.96899945
0.9734143
0.9617333
0.9795154
0.964634
0.9211426
0.9623085
0.9634473
0.94154334
0.9533571
0.95420563
0.97520524
0.97158605
0.96369815
0.9805638
0.9543699
0.97984695
0.93334335
0.9740214
0.90931743
0.9246336
0.9670338
0.9535027
0.97874707
0.9809733
0.97042805
0.95521593
0.95986885
0.9647263
0.9703838
0.9716834
0.9686347
0.97353655
0.969558
0.9609349
0.91813636
0.9472948
0.93276256
0.89872676
0.9701971
0.9769957
0.96610147
0.9713936
0.9571821
0.9723106
0.9660918
0.9527626
0.9584374
0.97342265
0.95560265
0.96956766
0.9792315
0.9592866
0.97554
0.9866607
0.9803838
0.9710094
0.95216113
0.9396064
0.95011616
0.94136995
0.9270569
0.9310805
0.94311935
0.952532
0.95679355
0.9820855
0.9906398
0.98923767
0.97257656
0.982232
0.9824379
0.98688287
0.99469876
0.99344605
0.9920717
0.994269
0.98820007
0.9889414
0.9862096
0.99043274
0.9861989
0.9809528
0.98964465
0.991719
0.9857524
0.9877394
0.99133766
0.9907176
0.99435365
0.99384874
0.9894521
0.9906816
0.982694
0.9816945
0.97880554
0.98478127
0.98721343
0.98828375
0.99493223
0.9899295
0.9938414
0.99539363
0.99718225
0.9937057
0.9922227
0.99670166
0.9918915
0.99455255
0.99185973
0.9894918
0.9890436
0.9667254
0.97346556
0.9639982
