285,41,105,424
285,40,107,423
283,40,112,426
280,40,117,425
281,40,120,427
280,41,125,425
277,39,133,424
277,40,136,420
274,40,140,421
273,38,144,425
272,40,147,421
269,40,150,421
270,40,149,421
271,40,148,421
272,40,147,421
271,40,146,421
270,40,143,421
269,40,141,421
269,40,137,421
268,40,131,421
266,40,125,421
264,40,129,421
262,40,129,421
261,38,129,423
261,38,127,423
260,38,125,423
259,38,126,423
258,38,125,423
258,38,125,423
258,38,124,423
258,38,122,423
259,38,119,423
256,38,116,422
255,38,117,422
254,38,118,422
253,38,119,422
251,38,120,422
246,38,123,422
246,38,122,422
246,38,120,422
242,38,121,422
239,38,122,422
239,38,120,422
239,38,120,427
233,48,125,422
233,52,125,415
233,52,125,418
230,59,127,421
230,62,126,418
228,57,128,423
226,57,131,423
226,57,134,415
224,51,137,421
222,51,139,421
221,46,143,420
219,41,145,425
219,41,146,425
218,34,147,428
215,34,150,428
215,36,151,426
215,37,151,425
215,38,152,424
215,39,153,423
215,41,154,421
217,41,152,419
220,42,149,418
222,48,146,415
224,49,144,420
225,49,144,420
229,49,140,419
229,49,140,421
229,49,143,424
229,49,143,420
229,49,143,418
233,49,139,415
232,49,140,413
229,49,143,410
229,49,145,410
229,47,148,412
229,48,152,411
229,52,157,409
230,52,163,409
231,52,167,409
232,57,171,404
232,57,173,404
232,57,175,404
229,57,178,404
227,57,180,404
225,57,182,404
219,57,188,404
215,57,192,404
215,57,192,401
215,57,191,398
215,57,190,395
215,57,190,392
216,60,188,389
220,60,184,389
223,60,181,389
226,62,178,387
232,63,170,386
234,65,166,384
234,65,163,386
236,65,158,386
236,66,156,384
241,66,149,384
241,62,149,384
245,61,143,384
252,61,136,384
252,59,134,386
253,58,133,382
253,58,133,379
255,58,131,379
255,58,130,379
253,58,131,377
250,58,134,375
250,59,133,374
248,60,134,373
245,60,137,370
245,62,137,366
242,64,140,364
241,65,141,360
238,67,144,361
239,68,143,362
238,70,131,360
242,70,120,370
242,71,112,362
243,71,111,358
243,69,96,355
243,69,96,353
246,66,93,351
251,66,86,348
253,64,83,350
256,64,80,352
258,64,78,353
259,64,76,354
259,64,75,354
260,69,74,353
262,72,72,348
265,74,64,346
266,77,63,343
268,79,61,341
269,81,60,348
269,81,60,338
266,83,67,332
266,83,67,331
266,83,67,331
266,83,67,322
266,83,67,322
266,83,67,322
262,82,73,294
262,81,75,278
262,81,75,254
262,78,75,257
264,78,73,244
264,78,73,237
266,79,71,236
267,79,70,211
267,79,70,211
270,86,67,204
270,79,67,211
270,79,67,212
270,80,66,212
270,80,66,212
270,81,66,212
271,82,65,212
271,82,65,213
271,83,65,213
271,84,65,213
271,84,65,214
271,85,65,214
271,85,64,215
271,86,64,215
272,87,63,215
272,87,63,215
272,88,63,215
272,88,63,216
272,89,63,216
272,90,63,216
272,90,62,217
272,91,62,217
273,92,61,217
273,92,61,218
273,93,61,218
273,93,61,219
273,94,61,218
273,95,61,218
273,95,60,219
273,96,60,219
273,97,60,219
274,97,59,220
274,98,59,220
274,98,59,221
274,99,59,221
274,100,59,221
274,100,58,222
274,101,58,221
274,101,58,222
275,102,57,222
275,103,57,222
275,103,57,223
275,104,57,223
275,105,57,223
275,105,57,224
275,106,56,224
275,106,56,225
276,107,55,225
276,108,55,224
276,108,55,225
276,109,55,225
276,109,55,226
276,110,55,226
276,111,54,226
276,111,54,227
276,112,54,227
277,113,53,227
277,113,53,228
277,114,53,228
277,114,53,228
277,115,53,228
277,116,52,228
277,116,52,229
277,117,52,229
278,118,51,229
278,118,51,230
278,119,51,266
278,119,51,267
278,120,51,268
278,121,51,268
278,121,50,270
281,121,47,268
281,116,57,273
285,112,53,277
288,108,59,281
288,108,59,281
290,107,60,282
292,109,60,280
292,108,64,280
293,108,67,280
293,110,70,278
295,110,68,278
295,112,68,276
295,114,68,275
295,114,69,275
295,114,69,275
293,114,72,273
292,114,73,273
292,115,73,269
292,115,75,263
290,114,77,264
290,113,78,262
290,112,79,262
290,111,82,262
290,110,83,262
291,108,83,264
292,108,82,264
294,107,83,263
295,106,83,264
296,107,83,263
296,108,84,263
297,109,85,262
298,110,85,261
298,110,85,261
297,111,87,261
296,111,88,261
296,112,89,260
296,113,88,259
294,113,91,258
293,113,93,258
292,112,95,258
291,112,97,258
290,111,100,258
289,112,104,258
288,112,106,258
288,112,107,258
287,113,109,258
286,113,111,258
286,113,112,257
287,114,111,255
288,114,111,252
290,113,108,251
293,113,104,250
295,112,101,250
298,111,97,250
301,110,93,250
303,109,90,250
304,108,88,253
304,108,88,251
305,108,87,252
306,108,86,252
308,109,84,252
309,109,83,253
310,110,83,252
311,110,83,253
312,111,83,253
313,112,83,252
314,111,83,254
317,111,80,252
319,111,78,251
319,108,78,253
319,108,79,252
318,107,80,252
316,104,81,253
316,104,80,250
313,101,81,251
311,98,81,252
308,95,80,253
305,92,78,254
302,89,76,255
301,86,72,256
299,83,68,257
297,80,65,257
296,78,65,260
296,77,60,260
296,76,60,264
295,79,60,263
295,81,60,264
293,85,61,262
292,89,62,263
290,94,65,263
289,98,66,264
287,103,68,260
283,104,70,261
279,104,73,260
274,104,76,260
270,102,76,260
266,99,76,261
263,97,76,261
260,95,76,261
256,94,76,262
251,93,78,262
248,92,77,263
241,93,78,264
235,94,78,265
229,96,77,266
225,98,76,266
223,99,77,267
220,102,76,267
217,106,75,266
213,109,75,267
209,112,75,267
208,114,75,267
208,116,78,265
209,116,81,265
210,115,83,266
210,113,86,265
211,110,89,265
212,108,91,265
212,106,93,266
211,104,96,267
210,103,99,268
209,101,99,268
207,102,101,269
207,101,101,272
208,101,100,273
207,103,101,273
206,104,102,275
207,105,102,276
207,106,102,277
207,107,102,278
207,108,102,279
207,109,101,279
208,109,99,279
210,109,97,279
212,109,94,278
216,107,89,280
220,106,85,281
224,103,82,283
228,100,80,285
231,97,78,287
235,96,76,287
238,94,74,288
240,93,80,290
243,92,85,291
245,91,90,292
247,91,96,293
249,90,102,294
251,89,107,295
254,89,104,295
256,90,98,296
255,90,97,296
254,92,96,295
253,92,90,295
252,92,92,296
251,92,92,296
250,92,91,297
252,92,87,296
251,91,88,296
251,90,88,296
251,89,89,296
253,88,87,296
256,87,84,297
258,86,81,296
261,86,77,293
266,88,74,294
271,94,71,288
280,98,64,276
288,96,81,278
296,94,71,278
297,94,68,258
299,91,84,257
290,87,94,296
344,86,50,298
336,87,65,297
329,87,75,296
322,88,85,295
319,88,89,292
312,87,94,293
305,88,94,295
298,89,96,297
294,93,98,299
291,98,99,299
288,101,96,300
285,105,93,300
282,108,91,300
276,108,90,301
269,108,90,301
260,105,93,302
252,102,95,302
245,98,94,304
238,93,93,306
227,89,96,306
219,86,94,308
211,82,92,310
201,79,94,314
192,76,95,317
188,75,92,320
175,75,93,324
160,74,93,329
141,75,92,333
123,75,91,339
112,77,87,342
99,80,95,344
88,82,104,344
73,85,112,342
60,84,116,343
48,84,119,342
40,81,118,345
33,79,117,347
27,74,114,352
20,70,113,356
9,66,116,359
1,56,113,364
1,53,109,365
1,49,111,366
1,48,110,367
1,47,108,367
1,47,104,369
1,50,104,368
1,54,104,366
1,54,106,369
3,64,111,361
10,68,111,357
16,73,112,353
22,78,112,348
28,83,117,344
36,88,118,339
45,89,117,337
55,89,118,337
64,89,120,336
72,87,128,334
80,86,134,329
94,83,136,328
108,80,138,328
120,78,134,326
132,77,130,322
146,75,125,323
157,74,124,324
170,73,122,326
183,72,119,327
200,72,113,328
217,72,108,330
233,74,104,331
248,76,102,332
262,80,98,330
276,82,93,330
290,83,87,332
300,86,89,329
311,84,84,331
323,82,73,334
322,81,72,334
322,77,79,337
326,74,80,339
329,72,82,340
333,70,84,340
337,68,86,341
328,66,103,342
336,64,107,343
344,63,105,344
352,62,104,346
355,63,102,346
358,65,101,345
364,67,92,346
367,70,90,335
370,71,88,336
373,73,85,335
376,74,83,335
377,73,80,337
378,73,77,335
379,72,74,335
380,71,71,335
381,70,67,335
380,66,66,337
380,66,72,336
380,63,77,337
379,61,82,338
379,59,85,338
376,58,88,345
376,58,91,349
375,58,93,353
373,57,94,355
372,57,94,355
369,58,96,354
367,59,98,352
365,59,99,353
363,60,101,352
360,61,103,352
359,60,101,353
358,58,99,356
356,57,99,357
355,56,97,357
354,55,92,358
349,53,90,360
345,51,87,361
341,49,84,363
337,48,81,364
332,46,79,366
329,47,76,366
325,48,79,366
321,49,83,366
317,50,85,366
312,51,89,367
308,52,89,368
303,53,93,368
298,55,93,368
293,56,93,368
288,57,93,369
283,57,91,370
277,58,91,370
272,58,89,372
270,56,91,371
268,55,93,369
266,51,90,364
264,47,87,358
261,45,86,358
259,43,84,359
256,40,85,359
253,37,84,361
249,35,85,362
245,34,85,362
242,34,84,362
238,34,84,363
239,36,87,362
240,38,90,362
241,41,95,362
242,44,100,362
243,47,106,360
246,51,107,363
248,54,109,368
251,57,110,372
253,59,111,373
256,60,112,376
259,60,119,374
261,61,129,372
264,60,137,371
267,59,141,371
270,58,144,370
272,57,143,373
273,56,142,375
276,56,140,376
279,55,137,378
281,55,135,379
283,55,134,380
286,56,130,383
289,57,125,385
293,58,120,387
296,60,116,388
301,60,112,389
306,61,107,390
310,62,104,390
316,60,109,392
322,59,113,394
325,57,119,395
328,55,124,396
328,52,128,398
328,50,132,399
323,48,139,401
332,46,130,402
335,45,126,403
338,44,123,403
340,44,128,397
341,44,134,397
346,45,130,398
352,46,125,398
357,46,121,400
362,47,116,401
367,48,112,401
368,49,112,399
371,49,106,398
374,49,100,397
377,48,95,397
379,47,91,397
383,47,90,395
386,46,89,394
387,46,90,392
387,46,92,390
382,45,94,389
382,44,88,387
382,44,91,388
381,43,95,390
383,44,97,394
385,45,99,397
384,45,110,402
384,45,120,408
382,44,130,407
379,44,141,406
374,45,145,401
372,45,140,396
362,43,139,398
353,42,137,399
346,41,131,401
340,40,125,403
333,36,119,406
327,32,112,410
320,23,111,405
312,11,110,419
311,14,109,419
305,9,104,420
298,11,101,418
292,13,96,417
285,4,92,417
279,4,86,421
279,8,80,419
271,4,75,426
264,7,76,425
256,12,71,422
248,17,63,427
240,25,58,419
230,30,70,413
220,35,83,408
210,40,97,402
201,46,110,396
193,48,119,394
186,50,127,392
178,50,127,391
171,50,125,390
163,43,123,396
159,41,131,388
166,35,130,392
176,31,124,393
178,25,119,393
180,19,114,397
184,22,111,394
187,24,109,392
191,27,105,389
194,29,101,387
198,32,100,386
204,37,91,383
205,42,96,380
206,47,101,377
209,49,103,378
212,52,106,378
216,52,111,391
220,52,114,387
223,51,123,385
227,50,131,382
230,50,142,378
239,48,141,376
243,46,143,376
247,44,144,376
252,43,141,378
257,43,139,379
262,43,133,380
268,44,127,381
273,45,123,381
279,46,119,381
284,47,115,382
289,47,109,383
295,48,102,383
300,48,96,384
299,49,91,382
298,49,86,380
298,48,83,379
299,47,79,377
300,46,75,378
300,45,73,379
301,44,69,379
301,47,65,372
301,49,62,365
302,51,57,361
301,44,69,379
301,44,69,379
281,46,66,375
262,48,62,371
242,49,58,368
222,51,55,364
203,53,51,360
198,53,54,360
190,52,61,361
181,52,68,361
174,52,74,361
166,52,80,361
154,50,86,364
142,47,92,367
133,47,99,374
124,46,107,381
118,45,112,386
105,46,117,399
92,57,113,405
78,69,119,392
70,63,117,401
62,61,115,405
54,57,115,411
46,54,114,415
42,57,113,407
37,42,113,417
29,37,114,420
22,29,113,425
15,22,112,429
8,14,111,434
4,7,139,423
11,0,115,430
5,0,119,430
2,0,126,424
3,0,116,430
5,0,122,426
11,0,134,420
11,1,146,429
14,1,161,431
36,2,158,432
50,2,160,437
64,3,162,441
75,10,164,439
86,17,166,437
96,24,164,435
107,31,162,432
118,42,162,422
134,42,149,427
142,45,145,421
150,48,140,415
156,47,144,411
162,46,148,408
171,42,147,408
180,38,146,409
190,34,145,409
199,31,144,409
207,27,144,409
220,27,139,411
234,27,138,410
248,27,136,409
270,29,125,407
291,32,115,404
303,34,115,407
315,37,114,408
327,42,119,409
339,46,123,422
341,69,139,402
348,69,146,400
350,69,157,401
353,70,166,402
350,66,166,404
348,63,165,405
343,60,164,397
339,49,161,403
334,39,160,407
330,29,158,412
325,20,157,420
323,14,156,424
321,9,156,426
319,4,155,428
319,2,153,430
319,1,150,430
325,1,150,434
331,0,150,438
336,3,151,439
342,5,151,441
349,7,146,445
356,14,139,445
351,21,142,444
346,28,144,443
335,32,146,442
325,37,147,439
318,38,145,437
312,39,143,434
302,37,144,433
292,36,145,431
281,34,148,430
270,31,149,430
263,28,148,430
257,25,145,429
252,22,145,431
246,19,145,433
242,19,142,432
238,18,139,432
238,20,132,429
238,22,125,426
240,24,117,423
242,27,105,422
234,31,103,420
226,34,101,418
216,35,115,419
206,36,129,420
194,35,146,421
183,33,158,423
171,32,171,424
159,31,183,425
152,29,187,426
139,26,195,431
137,23,192,435
135,19,189,441
143,16,184,444
142,14,188,447
144,12,186,450
142,10,188,453
147,8,183,457
151,6,179,460
156,4,174,463
161,3,168,466
167,3,161,467
172,3,155,469
188,3,141,472
203,4,127,473
209,4,130,474
213,3,136,475
217,3,141,475
221,2,147,477
223,2,166,477
228,1,184,478
233,1,194,479
238,1,205,479
245,1,205,479
248,0,208,480
248,0,210,480
249,1,211,479
249,1,213,479
250,1,213,479
256,1,209,479
256,1,210,479
263,1,203,479
271,1,195,479
285,1,182,479
300,1,167,479
318,1,150,479
336,1,133,479
353,1,122,479
362,1,112,479
353,0,122,480
352,1,130,479
352,1,159,479
351,1,189,479
339,3,199,477
328,4,208,476
316,0,215,479
303,0,217,479
290,1,219,477
277,1,221,476
264,0,216,477
260,0,205,461
257,0,204,465
254,0,203,470
253,0,198,462
253,0,193,465
258,0,196,462
262,0,198,466
274,0,189,468
287,0,179,469
290,0,178,475
283,0,185,476
276,1,187,477
269,1,189,478
266,10,183,470
263,18,177,462
254,26,177,454
246,34,176,446
238,41,175,439
230,47,173,433
227,51,167,429
220,55,164,425
214,54,161,426
208,53,157,427
204,51,152,429
200,49,156,431
213,43,150,436
218,42,144,436
222,41,140,435
224,39,140,434
227,37,139,432
229,39,138,434
232,56,137,413
235,62,135,400
237,62,133,400
240,67,130,394
240,68,129,398
240,69,128,402
240,72,131,397
241,75,133,392
241,77,137,392
243,76,143,390
244,75,150,388
246,74,156,386
248,69,156,388
250,65,156,390
254,64,153,387
258,60,149,387
263,57,145,386
265,55,146,385
267,53,146,384
269,51,150,384
272,49,152,385
276,50,154,382
279,51,157,380
282,54,158,378
285,57,159,377
291,59,157,378
297,61,155,379
302,63,154,379
306,65,152,380
309,66,150,381
312,67,148,382
315,68,146,382
318,67,144,382
321,65,141,382
324,63,139,382
326,60,137,382
328,58,135,382
330,55,134,382
332,52,132,383
333,52,132,382
334,52,132,382
335,52,133,382
336,53,133,381
336,55,134,380
340,58,133,379
343,61,133,378
346,64,132,377
349,68,132,375
352,71,132,374
356,74,130,369
360,77,128,364
362,76,128,363
365,78,127,357
368,80,126,351
370,78,124,350
372,75,123,351
374,73,121,351
376,70,119,351
378,68,118,351
374,67,119,349
370,66,128,348
366,65,139,348
364,64,144,350
361,63,150,352
357,63,154,352
344,63,155,352
334,64,153,351
325,65,150,350
318,66,144,349
310,67,142,348
301,68,140,347
293,69,138,346
285,70,135,345
277,71,132,344
270,70,131,344
262,70,131,342
257,69,131,341
251,69,132,339
248,64,128,342
245,63,123,344
241,62,120,346
238,62,115,347
235,62,111,348
233,62,105,349
226,63,103,351
219,64,101,352
213,65,98,353
206,66,96,354
199,67,94,356
198,71,90,363
205,83,90,353
208,83,90,349
206,82,94,349
203,81,99,350
202,80,102,348
202,79,103,346
201,74,104,348
201,68,103,351
203,65,97,349
205,64,96,347
207,63,96,345
209,61,95,344
214,62,92,343
218,62,89,343
225,64,90,342
232,66,91,341
238,68,93,340
240,71,100,338
242,73,106,337
244,74,110,335
246,76,115,333
248,78,119,331
249,80,125,328
251,81,129,327
253,79,130,328
255,77,131,329
257,75,132,330
259,73,133,331
261,71,133,332
260,70,130,334
263,70,126,333
266,69,122,334
272,68,116,336
279,68,109,337
282,69,110,338
286,70,110,339
289,72,110,340
293,73,110,341
300,74,106,342
306,73,101,343
307,72,101,345
308,71,101,346
310,70,100,347
313,69,97,349
315,67,105,350
317,66,112,351
319,64,119,353
321,62,127,355
323,61,131,353
325,61,129,354
328,61,125,355
331,61,121,356
331,61,124,357
332,61,126,359
332,61,126,360
332,61,126,361
332,61,126,362
332,62,132,360
331,62,126,361
329,62,127,361
327,62,136,361
326,62,144,362
327,63,147,362
329,63,150,363
332,64,151,363
335,64,145,364
329,63,143,361
325,62,140,367
318,62,138,367
309,61,138,367
300,61,138,366
292,61,136,365
283,60,138,367
274,60,140,368
265,60,143,370
257,61,145,371
248,61,143,372
239,61,142,374
231,62,139,375
224,62,138,376
218,60,135,380
212,58,133,384
205,57,127,386
199,56,119,389
191,53,117,392
183,51,114,394
175,48,111,397
167,46,108,399
159,44,106,401
161,42,105,403
164,40,103,406
166,38,102,408
169,36,107,411
171,34,113,414
176,34,115,414
180,34,117,414
184,34,120,415
188,34,123,415
193,33,129,420
198,33,134,419
202,33,136,409
207,33,137,411
212,33,133,414
217,33,130,417
222,33,125,416
227,34,120,413
233,34,114,412
238,35,109,410
243,35,104,406
247,36,104,405
252,35,103,403
258,33,101,401
267,31,91,326
275,32,82,248
280,33,75,257
289,32,63,260
292,35,60,257
287,40,74,253
281,46,88,248
275,51,102,244
269,56,116,240
263,62,131,234
258,67,144,230
252,73,158,225
246,78,172,221
240,83,187,217
241,74,194,381
253,65,190,398
261,67,190,396
273,70,184,393
272,73,186,390
272,73,190,390
272,73,193,390
272,73,76,390
271,72,78,391
271,71,78,392
270,71,80,392
273,71,79,392
275,71,78,392
280,40,85,422
286,36,89,425
298,33,91,427
306,36,90,424
313,38,91,421
326,33,87,431
338,28,83,441
351,22,79,453
354,23,85,453
358,23,90,455
360,22,98,456
363,22,106,457
366,22,100,456
370,22,97,456
373,22,95,456
379,20,94,453
385,19,93,448
385,10,99,445
386,1,103,443
387,0,107,437
391,0,111,428
392,0,118,425
392,0,126,423
394,0,128,423
396,0,130,424
400,0,130,425
405,0,130,427
409,0,131,428
414,0,130,429
418,0,122,430
421,3,119,432
423,11,120,430
425,20,120,426
422,27,124,424
419,33,129,423
412,40,145,416
406,46,160,409
408,48,165,409
408,48,166,404
403,45,167,405
398,41,168,408
393,36,166,408
388,32,165,407
385,27,165,408
382,23,164,407
385,19,158,408
387,15,153,409
386,11,151,411
384,7,150,414
385,6,149,415
386,6,148,415
388,7,146,414
389,8,145,413
391,11,143,413
394,14,140,414
396,19,133,411
399,23,125,410
402,28,117,408
404,33,110,406
401,37,108,401
397,38,108,401
394,40,107,401
390,41,106,401
387,42,110,398
383,43,115,394
372,43,130,391
369,42,134,392
360,41,139,389
352,39,142,388
342,38,148,388
337,35,146,390
330,36,147,389
323,37,147,388
317,37,146,388
311,38,146,387
305,40,143,384
299,42,141,382
294,43,138,381
288,45,138,379
282,47,137,377
278,48,134,375
272,49,135,374
266,50,136,372
262,50,136,372
257,50,136,371
253,52,134,370
249,53,132,369
246,51,130,365
235,60,134,361
230,58,128,355
226,55,129,358
222,58,123,358
218,58,121,359
212,55,120,369
207,64,117,366
208,83,117,345
208,74,117,353
206,74,118,355
205,75,117,355
201,66,120,364
201,68,120,359
201,63,120,355
201,57,120,358
201,51,120,361
201,46,120,363
203,45,118,363
205,44,116,363
207,43,116,364
210,42,114,364
212,41,114,365
216,45,113,365
220,50,112,364
223,54,112,365
229,57,111,362
235,60,110,360
244,62,108,359
252,64,108,358
260,66,108,358
268,69,112,356
276,71,115,355
284,71,117,355
291,71,119,354
298,71,122,354
305,71,124,354
312,71,127,353
320,70,130,354
328,69,134,355
337,68,134,356
346,67,133,357
361,66,128,358
370,67,134,359
382,67,132,361
394,68,131,363
406,68,130,365
418,69,128,367
430,62,128,370
441,55,123,355
439,41,120,370
437,41,117,371
438,40,118,375
441,39,120,369
442,41,124,371
443,42,128,373
442,48,131,371
442,54,133,369
443,60,134,368
444,65,134,368
445,70,135,368
446,75,135,368
446,80,140,364
445,78,142,365
444,77,144,365
444,75,145,366
445,73,145,363
446,71,145,359
444,68,146,360
442,65,147,359
440,62,150,360
438,58,153,360
439,55,152,362
431,57,152,361
423,58,162,362
416,60,171,362
411,62,174,363
407,63,176,366
402,63,181,366
398,63,185,366
396,63,187,367
391,63,192,372
390,76,191,361
392,76,188,360
394,76,184,359
396,75,181,358
399,75,176,357
401,75,173,356
402,73,170,362
403,71,167,368
405,78,163,371
406,86,160,373
406,92,158,368
406,90,157,370
405,92,156,368
404,93,156,367
404,94,154,366
403,95,154,366
404,91,152,367
401,85,157,371
402,80,156,372
402,76,157,372
403,71,156,373
402,66,161,372
405,62,159,374
407,57,158,377
409,53,157,380
410,48,157,384
411,48,154,385
411,49,154,385
412,49,153,387
412,49,153,388
411,49,155,392
412,51,154,392
413,54,153,393
414,56,152,395
413,59,153,395
412,63,154,395
412,63,154,395
412,63,154,396
412,63,154,396
413,63,153,395
413,63,153,395
414,59,153,397
415,55,154,400
416,50,154,403
414,46,157,405
413,41,159,408
413,40,160,409
413,40,161,409
414,39,159,410
414,39,158,410
415,38,157,411
417,39,156,413
418,40,157,414
421,41,156,415
421,41,156,418
421,42,156,420
420,43,157,421
418,44,160,421
417,43,160,424
416,42,159,427
412,42,162,420
412,40,163,426
412,37,162,428
412,34,162,430
413,31,159,432
414,28,157,434
414,26,155,436
414,24,152,438
414,21,150,441
414,19,148,443
412,17,151,445
410,17,150,446
408,18,150,447
406,18,152,448
404,19,152,449
402,19,154,450
400,20,153,447
399,20,152,445
397,21,152,442
395,22,152,439
394,22,151,437
393,21,147,438
392,19,145,440
390,18,143,441
389,16,141,443
388,14,139,445
388,14,132,445
387,14,126,444
386,13,121,428
386,13,114,410
385,12,112,359
384,13,104,330
383,13,97,295
381,13,91,296
380,13,82,291
379,13,73,285
379,26,61,204
379,89,46,108
379,92,32,99
379,13,73,285
379,13,73,285
412,30,66,313
445,47,59,341
478,64,53,369
511,81,46,397
500,80,61,400
448,4,113,476
447,6,114,474
442,0,119,480
436,0,125,480
430,0,131,480
427,0,134,480
428,0,133,480
424,0,137,480
420,0,141,480
417,0,144,480
409,0,152,480
409,0,158,478
407,0,160,478
405,0,162,478
403,0,164,478
402,0,166,475
401,0,168,472
401,0,169,470
401,0,170,475
400,1,171,475
399,2,173,475
399,3,173,475
398,4,174,475
397,2,175,477
397,0,175,479
395,0,177,479
392,0,175,479
389,0,178,479
386,0,173,479
380,0,178,479
377,0,183,479
374,4,185,475
373,4,186,475
373,4,186,475
372,4,187,475
372,4,187,475
372,4,187,475
372,4,187,475
372,3,187,476
372,3,188,476
372,2,188,477
372,1,188,478
372,1,189,478
372,0,189,479
371,0,190,479
371,0,190,479
371,0,190,479
371,0,190,479
371,0,190,479
370,0,191,479
370,0,193,479
370,0,193,479
369,0,194,479
369,0,194,479
368,0,195,479
368,0,196,479
368,0,196,479
368,0,197,479
368,0,197,479
368,0,198,479
368,0,199,479
368,0,199,479
368,0,200,479
368,0,200,479
368,0,201,479
368,0,201,479
368,0,201,479
368,0,202,479
368,0,203,479
368,0,204,479
368,0,205,479
368,0,205,479
367,0,206,479
366,0,207,479
366,0,208,479
365,0,209,479
363,4,211,475
364,3,210,476
365,2,209,477
365,0,209,479
366,0,208,479
366,0,211,479
369,0,208,479
371,0,210,479
371,0,208,479
371,0,208,479
371,0,210,479
370,0,210,479
369,0,210,479
368,0,211,479
367,0,211,479
366,0,211,480
365,0,211,480
364,0,211,480
362,0,212,480
363,0,211,480
363,0,211,480
363,0,211,480
364,0,210,480
364,0,210,480
365,0,209,480
366,0,208,480
365,0,209,480
364,0,210,480
364,0,210,480
363,0,211,480
363,0,211,480
363,0,211,480
363,0,211,480
363,0,211,480
363,0,211,480
363,0,211,480
363,0,211,480
363,0,211,480
363,0,211,480
363,0,211,480
