294,0,257,480
293,0,238,480
290,0,229,480
287,0,207,479
286,0,189,477
283,0,165,480
280,0,160,480
278,0,165,480
270,0,188,480
243,0,231,480
218,0,284,480
201,0,321,480
171,0,356,480
155,0,382,480
146,0,396,480
137,0,411,480
128,0,424,480
128,0,432,480
134,0,430,480
140,0,422,480
145,0,409,480
154,0,389,480
165,0,358,480
185,0,315,480
206,0,270,480
217,0,234,480
218,0,216,480
217,0,215,480
212,0,224,480
206,0,237,480
199,0,254,480
186,0,281,480
173,0,308,480
165,0,318,480
158,0,328,480
150,0,338,480
146,0,339,480
147,0,334,480
148,0,328,480
156,0,316,480
168,0,297,480
183,0,273,480
198,0,250,480
213,0,224,480
223,0,200,480
224,0,180,480
224,0,160,480
222,0,153,480
221,0,154,480
219,0,156,480
218,0,169,480
217,0,167,480
216,0,165,480
213,0,171,480
211,0,177,480
209,0,183,480
207,0,189,480
205,0,195,480
204,0,201,480
200,0,202,480
196,0,207,480
196,0,206,480
196,0,206,480
192,0,210,480
188,0,213,480
178,0,223,480
169,0,232,480
164,0,237,480
158,0,243,480
156,0,243,480
154,0,243,480
152,0,239,480
150,0,236,480
150,0,227,480
150,0,222,480
150,0,220,480
156,0,210,480
158,0,200,480
182,0,177,480
205,0,155,480
205,0,156,480
204,0,158,480
200,0,161,480
197,0,163,480
194,0,192,480
190,0,216,480
187,0,236,480
187,0,247,480
175,0,259,480
143,0,291,480
132,0,292,480
120,0,295,480
104,4,301,476
90,18,297,462
77,19,298,461
64,24,298,456
45,28,308,452
39,23,301,457
26,28,309,452
22,22,309,458
15,15,311,465
8,7,314,472
7,0,314,479
2,0,318,479
2,0,315,479
2,0,312,479
2,0,310,479
2,0,307,479
2,0,305,479
2,0,301,479
2,0,296,479
2,0,292,479
2,0,300,479
2,0,299,473
2,0,297,467
2,0,296,461
54,0,228,458
49,0,208,454
46,0,186,451
46,0,176,451
36,0,177,451
28,0,179,451
0,0,199,451
0,0,197,451
0,0,192,451
0,0,189,453
0,0,189,464
0,0,189,468
0,0,189,474
0,0,189,480
0,0,186,480
0,0,181,479
0,0,175,479
0,0,168,479
0,0,158,479
0,0,143,479
0,0,128,479
0,0,112,479
0,0,114,479
0,0,118,479
0,0,127,479
0,0,140,479
0,0,159,479
0,0,171,479
0,0,183,479
0,0,226,479
1,0,241,479
1,0,257,479
2,0,261,479
11,0,247,479
21,0,233,479
25,0,217,479
27,0,197,479
33,0,159,479
36,0,155,479
23,0,167,479
13,0,175,479
2,0,185,479
2,0,189,478
1,0,193,477
1,0,197,476
1,0,202,475
0,0,209,474
0,0,214,473
8,0,211,471
16,0,207,470
26,0,205,466
37,0,202,461
47,1,200,456
58,1,192,452
68,1,189,447
83,1,187,445
98,1,184,444
113,11,182,456
133,34,175,432
146,35,184,430
150,35,190,432
164,42,187,424
179,38,187,427
191,39,183,425
205,37,181,416
221,30,172,419
237,28,163,419
253,25,154,419
269,20,142,422
278,20,135,420
290,16,126,426
304,17,111,424
317,14,102,426
329,17,98,425
342,21,93,423
340,24,106,423
339,31,106,418
342,35,96,417
345,39,97,411
346,44,100,408
341,50,109,404
338,52,116,404
337,53,120,401
336,53,123,400
335,54,133,397
336,54,143,390
340,51,145,391
340,48,151,384
342,45,159,384
343,42,169,383
343,40,175,378
343,38,182,377
340,38,173,377
336,66,165,349
332,38,158,377
329,38,140,377
325,38,126,376
325,166,106,248
325,269,60,145
325,102,63,312
325,126,51,288
325,150,53,264
344,125,55,253
364,100,55,243
383,75,57,232
402,50,59,221
387,48,55,260
363,43,81,383
339,40,106,384
315,36,132,390
310,37,141,383
305,37,145,377
303,36,146,390
295,36,151,390
279,38,160,390
268,39,164,391
258,41,167,390
252,42,164,391
246,44,159,390
242,45,151,391
226,45,157,387
218,45,155,383
209,45,154,379
198,45,155,379
187,44,155,379
184,43,151,378
184,42,142,380
180,41,138,385
185,40,134,386
190,39,131,388
201,38,121,389
208,37,109,391
202,36,111,391
203,35,102,393
203,34,99,394
212,35,91,391
220,36,86,388
214,36,95,388
208,36,104,389
214,36,96,389
220,36,89,389
229,35,84,388
232,32,86,393
232,31,81,392
234,25,84,402
239,23,84,402
244,22,83,400
251,21,81,399
257,18,80,402
272,18,72,403
282,19,71,400
292,17,65,384
309,14,59,292
314,15,58,278
319,16,60,264
323,15,62,257
328,14,64,250
333,13,66,279
338,12,179,425
343,11,185,427
348,11,183,428
354,8,179,435
360,7,67,257
366,12,64,275
349,17,82,442
349,78,78,383
354,80,74,382
355,80,77,390
362,83,71,386
368,82,71,389
382,82,62,384
395,82,54,374
405,82,49,367
423,81,36,272
411,80,50,271
400,78,63,271
388,77,74,268
377,76,85,266
366,75,93,263
359,73,94,213
352,70,95,165
345,67,96,116
343,67,87,102
333,70,87,57
336,48,73,68
335,19,65,86
326,1,61,91
329,0,46,85
350,6,86,456
362,5,79,440
375,5,71,424
387,4,64,408
400,3,57,392
412,3,50,376
425,2,42,360
437,1,35,344
419,0,51,379
398,1,67,410
377,1,82,467
353,1,106,469
336,0,138,473
322,0,172,479
305,2,199,478
295,1,216,477
280,1,232,478
266,0,238,479
252,0,244,480
245,1,243,478
238,0,241,479
224,0,247,480
208,1,244,478
208,0,251,479
196,0,269,480
204,3,287,472
195,0,317,476
187,0,337,476
178,0,358,477
175,2,375,475
180,2,380,476
235,1,332,477
242,1,329,478
245,1,327,478
250,0,324,480
269,0,307,480
286,1,292,479
297,0,283,480
312,0,270,480
328,0,256,480
343,0,244,480
358,0,231,480
373,0,219,480
377,0,214,480
382,0,208,480
388,0,200,480
397,0,192,480
407,0,183,480
423,0,186,480
440,0,199,480
465,0,175,480
474,0,166,480
483,0,157,480
492,0,148,480
490,0,150,480
479,0,161,480
471,0,169,480
464,0,176,480
456,0,184,480
450,0,190,480
446,0,194,480
444,0,196,480
443,0,197,480
444,0,196,480
451,0,189,480
459,0,181,480
468,0,172,480
472,0,168,480
477,0,163,480
482,0,158,480
488,0,152,480
494,0,146,475
500,0,140,474
506,0,134,473
512,0,128,473
513,0,127,473
514,0,126,474
512,0,128,475
508,0,132,476
505,0,135,476
500,0,140,476
496,0,144,475
494,0,146,474
491,0,149,474
492,0,146,471
496,0,140,468
489,0,144,466
482,0,149,463
476,0,151,462
473,0,150,460
470,0,149,458
470,0,143,459
471,0,136,461
471,0,161,462
467,0,173,463
460,0,180,463
454,0,186,464
450,0,190,477
446,24,194,456
443,20,197,460
438,21,202,459
430,23,210,456
423,18,217,460
420,20,219,457
415,10,225,464
411,2,229,470
407,1,233,467
403,0,237,464
403,0,237,464
410,1,228,460
417,0,220,463
426,0,214,461
436,0,203,464
437,0,201,467
438,0,199,470
436,0,202,474
434,0,205,477
438,0,202,480
450,0,190,480
463,0,177,480
475,0,165,480
488,0,152,480
506,0,134,480
525,0,115,480
531,0,109,480
533,0,107,480
535,0,105,480
536,0,104,480
524,0,116,480
506,0,134,480
488,0,152,480
475,0,165,473
462,0,178,476
454,0,186,467
450,0,190,467
452,0,188,462
452,0,188,462
453,0,187,461
455,0,185,461
456,0,184,460
457,0,183,464
475,0,165,465
486,0,154,468
506,0,134,474
530,0,110,476
560,0,80,477
558,0,82,478
556,0,84,479
558,0,82,480
561,0,79,480
564,0,76,480
566,0,74,480
568,0,72,480
565,0,75,480
556,0,84,480
548,0,92,480
542,0,98,480
536,0,104,480
529,0,110,480
522,0,116,480
516,0,122,480
509,0,130,479
507,0,132,479
505,0,135,479
504,0,136,479
493,0,147,479
482,0,158,479
470,0,165,479
459,0,160,479
447,0,156,480
436,0,150,480
430,4,145,476
424,12,139,468
419,20,136,460
420,28,129,452
434,37,114,443
414,55,130,425
418,60,123,420
422,65,117,415
410,66,126,414
408,63,120,416
419,101,113,376
418,91,112,361
417,80,110,365
418,73,102,353
419,65,94,341
419,57,88,330
439,57,65,336
458,58,44,341
457,58,45,342
462,65,44,328
466,72,44,314
470,79,44,301
474,87,44,286
479,94,43,272
483,101,43,259
487,108,44,245
491,116,44,230
495,123,44,217
500,130,43,203
504,137,43,189
508,144,43,175
512,152,43,161
517,159,43,147
521,166,43,133
525,173,43,120
529,181,43,105
534,188,42,91
538,195,42,78
533,185,53,85
531,178,65,86
529,172,73,86
527,165,82,88
526,160,88,82
522,152,103,79
519,143,110,99
515,135,119,117
460,22,175,294
463,11,173,368
464,0,170,411
463,0,167,411
462,0,165,412
466,0,146,421
471,0,118,431
473,0,111,434
476,0,102,436
470,0,110,442
464,0,117,447
458,0,125,453
439,1,145,456
429,1,156,464
418,1,164,471
408,1,171,479
404,9,170,471
400,18,169,462
405,24,163,455
403,28,164,451
407,31,163,449
408,33,164,447
413,33,162,447
415,29,161,451
416,25,161,455
418,21,160,459
417,14,159,459
415,8,160,458
414,0,156,457
412,8,150,440
401,5,152,435
390,2,157,430
378,0,163,425
369,0,173,421
359,0,183,417
350,0,187,416
341,0,192,414
331,0,197,417
322,0,202,420
314,0,202,424
307,0,208,430
301,0,208,435
296,0,207,440
290,0,207,444
285,0,212,448
278,3,206,445
278,4,197,444
270,3,197,449
262,1,197,454
254,0,196,459
250,0,193,458
246,0,189,458
242,0,186,457
238,0,182,456
239,0,177,456
239,0,173,456
240,0,168,456
240,0,166,456
241,0,163,456
249,1,157,459
256,1,158,463
264,2,159,466
272,2,156,469
280,2,152,473
288,3,149,475
288,8,155,472
299,8,151,447
299,0,155,463
304,3,155,457
309,5,156,452
314,8,160,445
319,10,162,440
330,8,155,453
326,13,163,446
323,16,170,442
322,18,174,439
321,20,179,437
324,17,174,440
327,16,172,437
329,15,172,442
337,16,163,441
347,16,158,441
375,28,134,422
387,27,129,424
393,28,118,314
395,30,118,305
396,32,117,300
400,31,115,289
402,45,115,264
413,41,103,268
396,40,115,123
397,42,118,135
401,43,130,230
406,43,141,327
410,43,178,425
410,40,166,428
402,37,163,430
398,36,164,421
386,34,129,296
375,32,135,315
363,30,151,400
352,28,174,436
348,26,178,436
345,24,182,437
342,22,186,438
342,20,182,450
344,20,178,451
346,20,174,451
346,21,173,451
346,21,171,451
346,21,169,451
344,24,164,447
342,27,159,443
340,30,154,439
338,33,149,435
336,34,144,433
334,35,139,431
329,34,138,431
324,32,137,431
318,31,137,431
313,28,136,434
308,26,134,435
303,20,136,419
298,17,140,425
293,13,143,432
288,10,147,438
283,6,151,445
278,3,154,451
265,4,166,451
258,0,172,457
251,1,177,444
245,1,181,447
238,0,187,441
231,0,193,434
225,2,198,437
218,4,199,445
211,5,200,453
204,7,195,450
199,9,205,460
193,11,200,461
187,12,195,462
181,14,193,466
176,17,181,463
177,18,178,460
195,19,175,456
204,17,181,456
213,16,187,455
223,14,192,454
232,12,198,454
243,9,201,457
254,6,204,459
264,3,208,462
275,0,212,464
283,0,217,463
292,0,221,462
300,0,216,461
309,0,211,460
314,0,208,457
319,0,205,455
324,0,206,447
329,0,211,439
337,0,209,445
344,0,212,450
350,2,216,453
357,3,219,457
364,5,226,460
370,7,234,463
377,8,241,467
384,10,249,470
389,9,251,470
395,8,245,470
401,6,239,459
391,5,249,462
412,4,228,464
405,3,235,465
397,1,243,468
392,1,248,471
386,1,254,474
383,1,257,476
379,1,261,474
376,0,264,447
373,0,260,448
369,0,259,446
365,0,259,434
361,0,258,436
356,0,258,437
353,0,255,439
349,0,253,440
345,0,252,445
341,0,252,450
337,0,247,455
333,7,245,463
330,23,245,457
327,60,235,420
324,64,234,416
323,76,226,404
316,85,230,394
312,89,229,391
308,93,229,387
304,91,228,389
301,92,226,388
297,92,225,388
293,83,225,397
289,78,224,399
286,73,222,400
272,59,230,407
270,50,228,402
265,35,231,407
260,20,234,413
254,12,238,412
249,0,241,417
244,0,244,411
229,0,257,404
230,0,253,402
230,0,250,400
224,0,252,397
223,0,249,397
221,0,247,397
220,0,245,397
219,0,242,402
218,0,239,409
217,0,239,425
223,0,225,437
229,0,210,448
235,11,197,449
240,21,185,450
267,34,152,444
253,37,163,443
257,43,155,437
262,46,150,434
258,48,154,432
254,45,157,435
247,44,164,436
241,39,169,434
235,33,175,433
229,26,180,433
223,17,187,436
216,9,194,438
209,0,200,440
202,0,206,434
196,1,211,426
187,1,214,426
179,1,217,426
171,1,219,426
163,1,221,426
154,1,224,426
150,1,224,431
145,0,225,437
140,0,226,442
135,7,230,440
130,14,233,438
125,21,237,436
120,29,240,433
116,32,246,434
113,37,250,432
108,41,255,430
103,42,260,432
98,41,263,430
92,39,267,430
86,36,270,431
80,32,274,433
80,26,270,434
80,18,274,437
79,11,266,441
77,4,259,444
76,0,250,445
74,0,243,441
79,0,226,440
84,0,210,439
96,0,183,438
104,0,167,437
122,0,155,440
119,0,164,443
117,0,171,447
113,0,175,450
115,2,171,454
107,5,178,456
97,7,186,460
92,11,189,462
93,13,188,462
102,15,179,462
121,15,173,464
121,11,181,469
121,11,192,466
119,7,197,470
116,4,203,473
116,2,200,473
116,0,190,474
122,0,185,472
122,0,188,472
124,0,187,472
127,0,184,472
130,1,181,472
135,1,177,474
146,1,172,475
154,1,177,477
162,1,192,479
167,1,205,479
167,1,215,479
173,1,223,479
173,1,232,479
175,1,239,479
170,1,244,479
171,1,243,479
171,1,246,479
142,0,254,480
101,0,286,480
73,0,304,479
44,0,324,479
28,0,340,479
15,0,335,479
15,0,331,480
15,0,327,465
20,0,320,472
41,0,299,472
70,0,266,466
99,0,243,471
158,0,234,471
207,0,218,480
234,0,214,480
238,0,228,480
247,0,237,480
257,0,239,480
256,0,246,479
256,0,244,479
258,0,238,479
260,0,233,479
261,0,227,479
263,0,231,479
268,0,240,480
271,0,253,480
274,0,264,480
284,0,266,480
300,0,260,480
315,0,249,480
330,0,239,480
353,0,216,480
370,0,193,480
384,0,163,480
384,0,161,480
379,0,163,480
378,0,192,480
381,0,229,480
382,0,240,480
369,0,265,480
361,0,267,480
360,0,262,480
370,0,243,480
366,0,209,480
363,0,203,480
361,0,197,480
358,0,217,480
355,1,253,479
352,1,288,479
361,1,279,479
370,1,270,479
379,1,261,479
389,0,251,480
391,0,249,480
396,0,244,480
400,0,240,480
409,1,231,479
410,1,230,479
410,1,206,479
412,1,223,479
409,1,231,479
403,1,237,479
398,1,242,479
391,1,249,479
385,1,255,479
378,1,262,479
370,1,270,479
363,1,277,479
355,1,285,479
352,1,288,479
352,1,288,479
353,1,287,479
359,1,281,479
362,0,254,480
362,1,218,479
341,0,201,480
371,0,158,480
371,0,155,480
344,0,182,480
345,0,178,480
354,0,171,480
361,0,164,480
370,0,176,480
382,0,177,480
400,0,171,480
415,0,185,457
428,0,210,457
449,0,191,462
460,0,180,454
474,0,166,454
474,0,166,270
510,55,130,174
530,56,110,152
549,95,91,113
501,95,139,113
444,48,103,296
388,0,65,480
395,0,73,480
408,0,72,479
411,0,81,477
410,0,94,476
405,0,111,475
401,0,127,474
403,0,151,472
404,0,158,471
397,0,177,470
397,0,179,469
402,0,172,467
358,0,209,471
325,0,232,473
293,0,274,473
269,2,313,474
260,0,282,476
255,2,323,474
255,2,351,474
257,10,358,466
259,12,353,464
262,12,340,461
264,12,328,458
269,14,309,462
274,12,292,461
279,11,275,459
284,9,247,461
289,8,215,465
295,6,204,463
300,6,214,463
312,6,217,457
321,6,215,453
330,4,210,451
323,4,221,451
314,4,230,451
310,6,234,453
312,4,232,440
321,2,223,426
326,0,219,436
335,0,210,429
350,0,194,424
365,0,179,426
379,0,165,427
394,0,149,429
400,0,146,429
401,1,149,433
401,2,154,437
399,2,163,442
398,9,200,464
402,32,238,448
409,58,231,422
414,62,226,418
420,67,220,413
425,71,215,409
430,75,210,405
438,79,202,401
446,71,194,409
473,69,167,411
495,59,145,421
530,51,110,429
550,44,90,436
559,29,81,446
588,26,52,448
584,28,56,447
585,30,55,439
586,32,54,431
587,34,53,422
588,36,52,414
589,39,51,405
590,41,50,397
592,43,48,389
593,45,47,381
594,47,46,372
595,50,45,363
590,24,50,394
586,0,54,423
583,0,57,432
580,0,60,441
580,0,60,452
582,0,58,464
583,13,57,467
588,26,52,454
587,48,53,432
583,58,57,422
578,67,62,413
578,73,62,407
578,80,62,400
576,83,64,397
575,87,65,393
573,91,67,389
556,83,84,397
545,31,95,448
534,8,106,471
521,5,119,471
509,3,131,469
496,0,144,468
487,0,153,463
478,0,162,458
468,0,172,456
459,0,181,454
450,0,190,454
440,0,200,455
433,4,207,452
426,8,214,448
419,12,221,445
412,16,228,445
406,23,234,439
396,27,242,438
388,32,226,432
378,37,215,428
371,39,198,427
360,41,193,422
352,44,177,420
346,42,159,418
342,40,148,416
336,38,142,415
331,36,135,413
325,35,128,410
321,33,120,408
317,31,112,407
317,31,112,407
320,29,108,406
322,27,106,406
315,29,109,402
303,28,113,401
292,28,120,404
283,32,129,399
275,32,136,402
272,33,142,401
269,35,149,400
267,36,147,400
264,37,146,399
261,38,149,404
258,38,149,405
259,36,146,409
260,35,143,411
258,32,144,416
252,29,149,420
242,25,139,423
228,20,137,428
215,15,142,433
210,14,141,434
200,13,148,439
203,12,142,441
195,13,153,442
201,11,141,445
207,10,130,447
216,12,115,446
204,11,123,439
191,10,132,432
178,10,140,424
170,8,149,425
167,6,142,433
164,4,140,439
161,2,137,445
155,0,137,446
152,0,132,447
155,0,114,446
153,0,99,444
157,0,84,446
158,0,75,444
158,125,49,320
155,129,80,351
167,69,109,388
178,10,140,424
202,13,125,419
225,16,111,414
248,20,96,408
272,23,81,402
295,27,67,396
319,30,51,391
316,26,47,405
312,0,64,436
313,1,93,425
305,0,127,426
303,0,151,425
300,0,178,429
298,0,196,431
297,0,211,436
297,6,227,449
300,10,235,447
300,13,245,444
297,14,254,445
294,14,262,447
291,12,271,450
287,9,280,455
284,4,281,462
281,2,282,465
281,0,273,469
280,0,252,466
278,0,232,464
277,0,212,461
276,0,217,459
281,0,214,459
300,0,198,459
299,0,203,459
297,0,205,459
298,0,205,460
308,0,202,462
316,0,203,464
330,0,198,465
350,0,191,459
360,0,192,466
357,0,229,474
356,0,256,478
360,0,272,479
364,0,276,479
374,0,266,480
385,0,255,480
396,0,244,480
407,0,233,480
418,0,222,480
434,0,206,480
442,0,198,480
432,0,208,480
418,0,222,480
392,0,248,480
372,0,268,480
364,0,272,480
366,0,265,471
384,0,234,469
384,0,213,468
371,0,207,467
362,0,202,466
356,0,202,465
355,0,217,464
357,0,246,462
358,0,275,461
352,0,288,464
339,0,301,463
342,0,298,467
346,0,294,470
351,0,289,475
357,0,283,480
363,0,277,480
370,0,270,480
369,0,271,480
355,0,285,480
341,0,299,480
331,0,298,480
318,0,275,480
307,0,274,480
306,0,262,480
314,0,241,480
327,0,215,480
314,0,215,480
305,0,214,479
297,0,212,477
297,0,216,476
302,0,216,474
307,0,213,473
320,0,198,471
335,0,202,473
350,0,213,474
365,0,224,476
368,0,245,477
373,1,256,478
383,1,257,479
391,1,249,479
398,1,242,479
406,1,234,479
411,0,219,480
410,0,211,480
408,0,204,480
394,0,214,480
376,0,230,480
367,0,235,479
366,0,231,479
369,0,217,469
377,0,197,462
394,0,170,448
429,0,124,448
426,0,122,434
425,0,123,437
423,0,116,437
423,0,100,437
410,0,97,437
400,0,99,437
395,0,87,434
391,37,88,389
391,37,88,389
439,52,94,377
486,67,100,364
534,81,106,352
510,5,94,459
485,21,82,443
461,33,95,430
437,16,116,446
419,0,134,458
409,0,141,454
410,0,136,441
408,0,136,436
402,0,140,430
395,0,139,430
388,0,138,430
362,0,191,430
336,0,239,430
336,0,255,430
341,0,262,430
346,0,261,430
348,0,263,432
349,0,263,435
348,0,262,437
346,0,271,462
349,1,277,468
346,1,287,464
343,1,287,470
328,3,291,467
323,18,285,448
318,34,280,429
314,49,274,411
308,40,264,411
302,32,254,410
296,23,244,410
298,15,228,409
303,6,208,410
319,0,179,406
342,0,144,400
347,0,129,395
336,0,130,389
327,0,164,387
318,0,198,386
309,0,222,384
303,0,238,387
297,0,249,390
296,0,248,394
295,0,237,402
298,0,224,409
306,0,198,418
306,0,176,426
289,0,171,431
272,0,165,436
265,0,170,441
258,0,175,444
258,0,173,447
258,8,170,440
262,31,164,418
266,35,152,409
262,32,152,411
257,32,149,411
257,23,145,419
272,17,128,422
277,13,119,423
270,7,129,428
260,5,168,430
250,4,204,431
232,2,247,433
212,0,282,435
198,0,303,435
184,0,312,438
180,0,303,442
177,0,276,446
173,0,242,450
171,2,215,453
169,0,199,460
168,0,181,461
167,0,179,463
167,0,186,465
166,17,182,450
166,32,177,437
165,31,173,440
165,31,169,440
165,31,163,440
165,27,155,438
172,27,140,438
181,23,124,442
181,19,138,446
175,18,178,447
172,16,204,446
168,14,224,444
165,12,235,442
165,12,231,423
181,17,205,417
196,0,179,432
212,0,149,432
228,0,121,432
243,0,104,430
260,0,83,417
277,1,66,298
266,1,71,297
198,23,69,180
129,45,67,62
127,35,93,88
139,74,102,74
146,87,115,110
169,0,112,247
192,0,110,297
226,0,89,354
269,0,73,428
271,0,90,473
273,0,102,477
283,0,110,480
288,3,123,474
290,9,143,471
291,18,157,457
272,19,189,459
252,20,215,460
234,11,234,469
222,12,252,468
209,11,271,467
198,0,286,480
193,0,269,480
193,0,228,480
193,0,223,480
191,0,224,480
190,0,224,480
189,0,224,480
187,0,225,480
180,0,230,480
171,0,239,480
171,0,236,480
182,2,222,478
182,4,215,476
182,6,209,474
180,8,200,472
178,7,191,473
171,9,187,471
189,9,161,471
204,29,129,451
217,34,103,446
203,42,104,438
199,39,97,441
204,29,117,451
196,24,150,456
196,21,170,440
196,12,179,439
210,5,191,356
302,101,110,117
322,107,104,101
342,114,88,82
154,104,281,376
165,85,274,395
166,56,280,424
160,29,287,451
154,27,294,453
153,1,150,479
145,1,178,479
138,0,207,480
135,0,215,480
131,2,215,478
131,1,215,479
134,1,208,479
142,1,209,479
152,1,204,479
149,0,207,480
150,0,204,480
156,0,198,480
164,0,194,480
167,0,198,480
166,0,204,480
165,0,211,480
158,0,223,480
136,0,252,480
120,0,273,480
106,0,289,480
98,0,300,480
103,0,317,480
108,0,354,480
126,0,369,480
143,0,369,480
160,1,357,479
181,1,336,479
194,0,325,480
215,0,304,480
235,1,285,479
238,1,285,479
235,1,294,479
227,1,316,479
206,1,346,479
170,1,383,479
141,1,417,479
112,1,444,479
93,1,448,479
75,1,440,479
57,1,413,479
60,1,357,479
74,1,302,479
88,1,268,479
115,1,239,479
116,1,230,479
116,0,230,480
124,0,227,480
136,0,218,479
149,0,218,479
169,0,200,479
173,0,198,479
170,0,202,479
168,0,206,479
158,0,217,479
151,0,229,479
144,0,240,479
144,0,244,479
144,0,250,479
144,0,272,479
140,0,331,479
114,0,405,479
94,0,465,479
69,0,496,479
50,0,515,479
40,0,511,479
31,0,501,479
25,0,479,479
13,0,472,479
7,0,457,479
0,0,445,480
0,0,439,479
0,0,436,479
0,0,439,479
1,0,440,479
20,0,429,479
44,0,415,480
101,0,370,480
200,0,279,480
216,0,270,480
209,0,282,480
209,0,286,480
209,0,368,480
209,0,399,480
223,0,391,480
233,0,366,480
242,0,338,480
242,0,322,480
224,0,309,480
208,0,288,480
203,0,261,480
196,0,255,480
187,0,254,480
183,0,250,480
177,0,256,480
170,0,262,480
164,0,268,480
158,0,273,480
155,0,265,480
155,0,261,480
149,0,223,480
149,0,198,480
149,0,187,480
143,0,187,480
117,0,208,480
70,1,247,479
33,1,278,479
9,1,291,479
0,1,297,479
1,1,294,479
3,1,289,479
20,1,268,479
50,1,234,479
92,1,185,479
111,1,166,479
111,1,164,479
106,1,209,479
101,1,254,479
98,1,257,479
98,1,288,479
77,1,314,479
74,1,317,479
77,1,311,479
82,1,297,479
82,1,291,479
99,1,263,479
102,1,255,479
106,1,256,479
108,1,264,479
108,1,271,479
110,1,273,479
112,1,275,479
113,1,278,479
113,1,294,479
121,1,301,479
127,1,312,479
105,1,330,479
82,1,333,479
63,1,328,479
48,1,312,479
46,1,284,479
37,1,274,479
33,1,283,479
14,1,304,479
6,1,313,479
0,1,324,479
0,1,334,479
7,1,340,479
15,1,366,479
38,1,387,479
62,1,409,479
89,1,413,479
108,1,394,479
103,1,390,479
103,1,370,479
103,1,346,479
108,1,317,479
108,1,278,479
111,1,251,479
111,1,239,479
114,1,230,479
118,1,230,479
121,1,231,479
128,1,224,479
132,1,218,479
136,1,212,479
143,1,201,479
150,1,200,479
155,1,200,479
157,1,200,479
163,1,200,479
145,1,225,479
99,1,271,479
68,1,308,479
35,1,363,479
11,1,425,479
0,1,470,479
4,1,492,479
16,2,495,478
47,0,480,480
98,0,436,480
149,0,386,480
200,0,339,480
228,0,308,480
241,1,288,479
246,1,271,479
254,0,249,480
259,0,221,480
249,0,207,480
236,0,188,480
226,0,194,480
203,4,207,476
200,9,203,471
200,3,200,477
186,2,210,478
164,2,229,478
143,1,247,479
121,0,266,480
111,0,277,480
109,0,281,480
107,0,284,480
111,0,276,480
111,0,271,480
105,0,273,480
97,0,268,480
88,0,268,480
78,0,267,480
73,0,262,480
68,0,254,480
63,0,243,480
65,0,217,480
71,0,204,480
77,0,228,480
78,0,267,480
70,0,301,480
62,0,330,480
38,0,360,480
13,0,389,480
0,0,400,480
0,0,396,480
0,0,387,480
0,0,375,480
0,0,359,480
0,0,343,480
0,0,322,480
0,0,299,480
0,0,272,480
0,0,243,480
0,0,216,480
0,0,190,480
0,0,183,480
0,0,177,480
0,0,171,480
0,0,166,480
0,0,172,480
0,0,178,480
0,0,187,480
0,0,194,480
0,0,198,480
0,0,203,480
0,0,207,480
6,0,203,480
10,0,199,480
19,0,188,480
20,0,183,480
23,0,178,480
27,0,172,480
30,0,167,480
33,0,162,480
36,0,166,480
44,0,158,480
56,0,150,480
49,0,162,480
63,29,145,449
64,35,146,445
65,27,139,451
67,25,128,451
76,39,94,434
77,36,78,435
80,54,48,415
91,49,53,418
101,44,59,420
112,37,63,425
123,31,68,429
134,25,72,433
145,19,77,437
156,12,81,441
166,6,87,445
177,0,91,449
188,0,96,447
177,0,113,458
183,0,114,457
179,0,124,462
169,0,138,472
161,0,151,476
162,0,152,476
164,0,155,476
169,4,152,472
165,3,161,473
156,2,172,475
152,7,179,473
154,15,179,465
156,24,179,456
155,22,183,458
165,20,203,460
178,15,223,465
197,12,245,468
219,6,251,472
241,0,256,476
254,0,255,474
263,0,251,471
270,3,242,468
272,2,228,468
272,1,199,469
272,1,181,467
272,0,166,468
277,0,169,468
274,0,167,470
271,0,165,472
268,0,163,474
264,0,162,476
261,0,160,478
258,0,158,480
258,1,156,479
256,3,146,477
258,6,144,474
257,9,152,471
258,8,150,472
258,7,157,469
259,5,171,469
241,4,207,462
224,3,241,460
206,2,270,453
197,1,288,450
189,0,305,447
180,0,314,443
167,0,327,438
164,0,330,436
161,0,333,433
157,0,337,431
155,0,342,432
144,0,356,433
137,0,359,436
132,0,356,440
131,0,351,443
133,0,335,447
136,0,318,448
140,0,294,448
148,0,254,447
156,0,215,446
166,0,188,444
182,0,166,443
192,2,145,438
190,3,137,441
166,5,150,440
160,2,146,452
144,3,152,454
120,4,165,456
103,3,178,452
92,3,184,451
76,3,188,454
68,3,189,456
59,2,191,456
57,2,186,458
56,2,180,458
67,1,175,459
89,1,179,459
97,1,190,459
99,1,204,459
97,0,224,462
98,0,249,458
97,3,261,459
97,6,273,460
96,10,276,460
96,15,277,459
96,15,268,459
96,18,262,454
103,21,249,449
124,23,238,446
133,26,231,441
153,29,213,436
173,29,186,434
193,28,158,433
219,32,137,429
241,18,127,425
258,3,122,440
271,5,155,438
262,2,196,441
258,2,232,450
254,1,268,452
250,1,288,457
249,0,303,457
252,4,308,454
255,5,306,464
263,13,308,460
275,18,307,458
282,17,293,455
284,7,279,469
293,12,277,468
303,10,266,470
313,8,254,472
326,6,238,473
340,4,222,476
353,3,222,477
366,3,228,477
384,3,233,477
392,2,248,478
403,1,237,479
423,0,217,480
438,21,202,459
449,21,191,459
458,19,182,461
459,22,181,458
455,20,185,460
452,18,188,462
450,8,190,472
450,0,190,480
444,0,196,480
446,0,194,480
441,0,199,480
436,0,204,480
432,0,208,480
427,0,213,480
421,0,219,480
413,0,227,480
407,0,233,480
401,0,239,480
395,0,245,480
389,0,219,480
384,0,186,480
368,0,196,480
353,0,204,480
341,0,209,480
330,0,213,480
318,0,219,480
319,0,221,480
330,0,213,480
350,0,192,480
367,1,177,479
385,1,160,479
378,1,194,479
371,0,249,480
364,0,276,480
362,0,278,480
376,0,264,480
376,0,264,480
376,0,264,480
376,0,264,480
379,0,261,480
376,0,264,480
362,0,274,480
359,0,255,480
358,0,249,480
347,0,260,480
348,0,257,480
350,0,265,480
351,0,275,480
364,0,265,480
374,0,241,480
389,0,241,480
402,0,238,480
424,0,216,480
420,0,220,480
417,0,223,480
414,0,226,480
407,0,233,480
409,0,231,480
410,0,230,480
418,0,222,480
430,0,210,480
443,0,197,480
455,0,185,480
469,0,171,480
482,0,158,480
496,0,144,480
516,0,124,480
536,7,104,473
556,29,84,451
587,98,53,382
596,146,44,334
580,73,51,407
564,0,58,480
557,0,59,480
549,0,62,480
541,0,64,480
534,0,65,480
526,0,67,480
519,0,68,480
511,0,70,479
503,0,72,479
496,0,73,479
488,0,76,479
480,0,100,480
473,0,128,480
465,0,149,480
460,0,162,480
459,0,172,480
452,0,188,480
450,0,190,480
447,0,193,480
420,0,220,480
397,0,243,480
380,0,260,480
368,0,272,480
366,0,274,480
369,0,271,480
379,0,261,480
395,0,245,480
411,0,229,480
430,0,210,480
442,0,198,480
449,0,180,480
450,0,158,480
450,0,146,480
446,0,145,480
442,0,161,480
428,1,184,479
413,0,196,480
404,3,196,477
403,5,190,475
401,6,184,474
406,6,172,474
402,8,168,472
399,4,159,476
397,0,133,480
390,0,149,480
384,0,184,480
382,0,208,480
389,0,242,480
373,0,267,475
354,0,286,469
334,0,306,464
316,0,324,458
299,0,341,453
294,0,346,447
294,0,346,458
299,0,341,455
307,0,333,458
319,0,321,468
323,0,317,466
321,0,319,471
320,0,319,478
315,0,325,480
321,2,319,478
326,4,314,476
332,5,308,475
352,5,288,475
368,3,272,477
385,0,255,480
409,0,231,480
427,0,194,477
445,0,157,474
453,0,145,471
454,0,146,468
455,0,146,465
457,0,145,463
454,0,149,461
447,0,158,451
448,0,158,441
450,0,158,443
452,0,156,443
455,0,154,443
459,0,154,449
465,0,148,452
471,0,142,456
445,0,169,459
418,0,196,459
401,0,211,462
385,0,226,465
379,0,230,469
379,0,243,472
383,1,257,471
401,2,239,470
418,3,222,469
444,4,196,468
449,4,191,466
449,4,191,465
449,4,191,463
450,4,190,462
450,4,190,460
453,0,187,457
453,0,187,452
453,0,187,450
452,0,181,444
427,0,182,445
406,0,177,447
385,0,190,450
370,0,198,452
359,0,201,454
353,0,203,454
352,0,200,455
352,0,191,455
353,0,181,455
343,0,190,455
334,0,198,455
334,0,197,455
335,0,193,455
336,0,188,455
328,0,195,455
329,0,201,458
336,0,201,458
344,0,201,464
348,0,206,467
351,0,206,463
341,0,219,464
331,0,236,466
322,0,252,467
325,0,256,467
336,0,251,467
361,0,230,474
391,0,204,474
412,0,184,477
432,0,164,480
444,0,169,477
456,0,174,474
469,0,171,480
473,0,167,480
476,0,164,480
480,0,160,480
478,0,162,480
450,0,190,480
429,0,211,480
429,0,211,480
456,0,184,480
483,0,157,480
498,0,142,480
508,0,132,480
519,0,121,480
493,0,147,480
478,0,162,480
476,44,164,436
474,48,166,432
479,44,161,436
492,40,148,440
505,36,135,444
500,34,140,446
495,33,145,447
495,23,145,457
504,18,136,462
516,18,124,462
533,18,107,462
546,13,94,467
562,0,78,480
550,0,90,480
526,0,114,480
500,0,140,480
471,0,169,480
446,0,194,480
432,0,208,480
419,0,221,480
413,0,227,480
407,0,233,480
441,0,199,480
444,0,196,480
446,0,194,480
432,0,208,480
420,0,220,480
410,0,230,480
399,0,241,480
386,0,254,480
373,0,267,480
360,0,280,480
346,0,294,480
333,0,307,480
318,0,322,480
306,0,334,480
294,0,346,480
290,0,350,480
282,0,358,480
281,0,359,480
287,0,353,480
304,0,336,480
326,0,314,480
338,0,299,480
327,0,282,480
316,0,222,480
307,0,232,480
304,0,226,480
301,0,220,480
298,0,213,480
295,0,207,480
292,0,211,480
292,0,210,480
287,0,214,480
282,0,206,480
283,0,202,480
284,0,198,480
284,0,195,480
285,0,190,480
287,0,191,480
282,0,200,480
282,0,214,480
277,0,230,480
272,0,245,480
266,0,253,480
261,0,256,480
254,0,247,480
255,0,233,480
252,0,219,480
249,0,206,480
246,0,186,480
244,0,193,480
236,1,200,479
236,1,205,479
237,1,210,479
237,1,210,479
238,1,208,479
232,1,200,479
234,1,179,479
222,1,198,479
222,1,219,479
218,1,251,479
198,1,306,479
154,1,378,479
109,1,445,479
68,1,502,479
40,1,536,479
16,1,560,479
0,1,568,479
0,1,559,479
0,1,550,479
0,1,545,479
0,1,546,479
0,1,547,479
0,1,548,479
0,1,537,479
0,1,510,479
12,1,483,479
34,1,440,479
60,1,382,479
86,1,324,479
105,1,267,479
122,1,219,479
127,0,199,480
127,1,186,479
127,1,179,479
123,1,177,479
102,1,193,479
81,1,209,479
60,1,225,479
50,1,229,479
46,1,228,479
46,1,224,479
54,0,218,480
87,0,192,480
79,0,203,480
39,0,250,480
0,0,292,480
0,0,299,480
0,0,309,480
0,0,344,480
0,0,379,480
0,0,406,480
28,0,405,480
57,0,395,480
85,0,387,480
114,0,367,480
136,1,354,479
149,0,342,480
142,0,346,480
127,0,351,480
103,0,366,480
77,0,377,480
46,0,383,480
34,0,364,480
37,0,368,480
49,0,363,479
77,0,343,479
106,47,321,433
134,34,304,446
173,25,273,455
191,0,262,480
181,0,279,480
177,1,288,479
182,19,287,461
188,38,284,442
200,47,270,433
213,0,256,480
229,2,233,478
231,0,227,480
236,0,226,480
236,0,224,480
238,0,236,480
244,0,240,480
251,0,243,480
270,0,235,480
276,0,245,480
261,0,249,480
254,0,251,480
257,0,285,480
257,0,304,480
257,0,291,480
257,0,278,480
257,0,260,480
246,0,248,480
226,0,248,480
199,1,249,479
168,1,252,479
136,0,253,480
114,1,253,479
97,1,259,479
81,0,259,479
70,153,239,326
75,138,221,342
86,127,192,348
97,112,192,131
120,105,118,142
130,97,128,167
169,114,125,193
209,131,120,219
248,149,117,245
288,166,112,271
327,183,108,297
321,0,110,479
311,0,120,478
297,0,137,477
286,0,148,476
274,0,159,476
269,0,167,477
264,0,175,479
260,0,181,480
262,0,184,480
268,0,192,480
272,0,218,480
268,0,236,480
266,4,239,476
266,12,235,468
260,12,224,468
229,17,241,463
193,11,258,469
172,7,255,469
160,1,248,479
151,0,261,480
149,0,265,480
150,0,266,480
155,0,263,480
159,0,261,480
159,0,267,480
160,0,272,480
164,1,274,479
181,1,273,479
198,1,271,479
233,1,246,479
265,1,238,479
314,2,213,478
325,4,219,476
328,2,241,478
332,1,262,479
333,0,286,480
339,0,288,480
341,0,284,480
342,0,280,480
344,0,269,480
344,0,261,480
348,0,256,480
352,0,261,480
362,0,270,480
374,0,266,480
386,0,254,480
404,0,236,480
416,0,224,480
421,0,219,480
423,0,217,480
426,0,214,480
428,0,212,480
430,0,210,480
402,0,238,480
346,0,294,480
321,0,319,480
302,0,338,480
283,0,357,480
284,0,356,480
287,0,353,480
296,0,344,480
305,0,335,480
310,0,330,480
314,0,326,480
315,0,325,480
314,0,326,480
316,0,324,480
316,0,324,480
316,0,324,480
317,0,323,480
324,0,316,480
333,0,307,480
342,0,298,480
358,0,282,480
378,0,262,480
398,0,242,480
413,0,212,480
396,0,221,480
358,0,258,480
333,0,276,480
333,0,273,480
345,0,265,480
369,0,239,480
374,0,236,480
374,0,237,480
367,0,242,480
356,0,252,480
346,0,258,480
334,0,263,480
312,0,278,480
301,0,280,480
297,0,273,480
297,0,262,480
311,0,265,480
323,0,299,480
335,0,305,480
352,0,288,480
369,0,271,480
381,0,259,480
389,0,251,480
394,0,246,480
395,0,245,480
399,0,241,480
400,0,240,480
385,0,255,480
362,0,278,480
339,0,301,480
316,0,324,480
295,0,345,480
276,0,364,480
269,0,371,480
270,0,370,480
280,0,359,480
298,0,341,480
331,0,307,480
367,0,268,480
410,0,223,480
411,0,224,480
407,0,233,480
402,0,236,480
403,0,237,480
402,0,238,480
419,0,221,480
436,0,204,480
450,0,190,480
465,0,175,480
479,0,161,480
489,0,151,480
494,0,146,480
503,0,137,480
512,0,128,480
518,0,122,480
510,0,130,480
473,0,167,480
438,0,202,480
421,0,219,480
410,0,230,480
405,0,235,480
404,0,236,480
415,0,225,480
426,0,214,480
429,0,211,480
442,0,198,480
455,0,185,480
476,0,164,480
510,0,130,480
536,0,104,480
539,0,101,480
543,0,97,480
537,0,103,479
530,0,110,479
520,0,120,480
512,0,128,480
505,0,135,480
497,0,143,480
489,0,151,480
484,0,156,480
478,0,162,480
473,0,167,480
464,0,176,480
456,0,184,480
447,0,193,480
437,0,203,480
428,0,212,480
419,0,221,480
410,0,230,480
401,0,239,480
393,0,247,480
383,17,257,463
373,34,267,446
363,51,277,429
354,68,286,412
344,85,296,395
334,102,306,378
323,114,317,366
311,125,329,355
297,132,343,348
283,139,357,341
269,143,362,337
255,146,367,334
242,147,366,333
225,148,370,332
204,148,381,332
189,149,380,331
174,146,382,334
160,143,382,337
149,138,383,342
138,133,382,347
127,126,383,354
117,118,389,362
106,109,388,371
96,99,388,381
85,90,389,390
82,78,383,402
89,68,374,412
104,62,362,418
119,51,351,429
134,44,340,436
149,38,329,442
164,33,318,447
173,27,313,453
188,12,304,468
202,0,292,480
226,0,291,480
224,0,320,480
215,0,357,480
209,0,392,480
203,0,422,480
196,0,444,480
193,0,447,480
192,0,448,480
191,0,449,480
195,3,445,477
216,8,424,472
221,12,419,468
226,16,414,464
237,16,403,464
244,11,396,469
250,5,390,475
256,0,384,480
247,0,382,480
239,0,379,480
245,0,359,480
264,0,323,480
280,0,292,478
300,0,257,475
321,0,221,473
331,0,197,455
342,0,172,447
352,10,162,437
355,19,159,429
353,18,157,429
357,22,149,431
362,30,140,429
408,60,93,405
424,78,86,335
441,124,81,308
351,0,184,242
359,1,187,237
359,4,68,68
360,10,67,76
362,9,71,75
314,11,123,205
301,2,138,208
284,0,154,462
273,0,175,453
262,0,194,448
248,0,218,440
234,0,238,439
227,0,256,439
220,1,276,438
213,0,296,443
208,0,314,444
206,0,369,449
202,1,376,457
202,0,368,469
200,0,360,474
201,0,346,476
202,0,333,478
202,0,320,480
207,0,303,480
209,0,285,479
214,0,263,480
221,0,242,480
228,0,221,480
235,0,204,480
245,0,180,480
257,0,171,480
235,0,196,480
211,0,222,480
189,0,242,480
165,0,270,480
153,0,281,480
141,0,292,480
134,0,296,480
133,0,293,480
138,0,278,480
146,0,260,480
156,0,238,480
170,0,216,480
163,0,211,480
157,0,215,480
150,1,220,479
144,1,224,479
147,1,221,479
153,1,212,479
147,2,207,478
139,2,206,478
135,2,199,478
132,2,188,478
135,1,183,479
143,1,167,479
133,1,176,479
104,0,211,480
75,0,239,480
17,0,303,480
12,0,317,480
11,0,327,480
15,0,332,480
34,0,321,480
46,0,318,480
100,0,273,480
176,0,200,480
172,0,208,480
170,0,264,480
168,0,317,480
158,0,364,480
147,0,404,480
140,0,220,480
124,0,232,480
111,0,226,480
97,0,221,480
93,0,230,480
93,0,237,480
88,1,245,479
89,1,245,479
90,1,241,479
72,1,259,479
36,1,298,479
0,1,337,479
0,1,337,479
0,1,337,479
12,1,325,479
62,1,275,479
122,1,215,479
150,1,187,479
150,1,194,479
143,1,245,479
139,1,276,479
136,1,296,479
136,1,320,479
136,1,338,479
136,1,344,479
136,1,349,479
136,0,347,480
137,0,344,480
138,0,342,480
139,0,320,480
128,1,294,479
99,1,279,479
75,1,264,479
52,1,277,479
34,1,300,479
31,0,308,480
28,0,317,479
43,0,310,480
73,0,286,480
92,0,273,479
116,0,255,479
141,0,237,479
157,0,226,479
170,0,219,479
158,0,236,480
148,0,252,480
149,0,256,480
149,0,261,480
150,0,266,480
160,0,267,480
173,0,261,480
186,0,275,480
173,0,345,480
158,0,403,480
144,0,444,480
139,0,459,480
138,0,461,480
139,0,461,480
143,0,453,480
150,0,439,480
161,0,420,480
173,0,404,480
180,0,401,480
184,0,402,480
184,0,412,480
185,0,422,480
185,1,436,479
192,1,445,479
205,1,435,479
224,1,416,479
249,1,391,479
280,1,360,479
322,1,318,479
363,1,277,479
385,1,255,479
397,1,243,479
410,1,230,479
420,1,220,479
431,1,209,479
442,1,198,479
452,1,188,479
458,1,182,479
465,1,175,479
472,1,168,479
477,1,163,479
472,1,167,479
467,1,170,479
463,0,166,480
460,0,171,480
456,1,171,479
422,1,212,479
388,1,252,479
366,1,274,479
350,1,290,479
340,1,300,479
334,1,306,479
333,1,307,479
333,1,307,479
334,1,306,479
337,1,303,479
340,1,300,479
342,1,298,479
343,1,297,476
343,1,292,473
344,1,267,470
341,0,244,468
337,0,234,469
337,0,216,467
335,0,202,467
331,0,191,467
330,0,178,459
328,0,167,458
326,0,155,458
327,0,142,459
331,0,129,459
319,0,124,364
306,0,120,269
306,0,120,198
299,74,83,97
299,85,83,78
299,74,83,97
319,59,77,136
339,45,70,174
359,30,64,213
380,16,57,251
400,1,50,290
385,0,66,448
361,1,89,449
342,0,106,451
338,0,110,480
323,0,127,480
307,0,146,480
297,0,162,480
278,0,188,480
258,0,216,480
257,0,223,480
253,0,228,480
250,0,232,480
246,0,237,480
240,0,241,480
235,0,244,480
229,0,248,480
224,0,250,480
219,0,248,480
216,0,245,480
216,0,237,480
227,0,214,480
226,4,207,476
234,0,192,480
