257,4,143,450
261,4,137,450
266,3,130,452
269,4,129,450
276,3,121,451
282,3,115,452
287,2,110,452
292,0,106,456
292,0,105,456
292,0,103,456
292,0,104,456
297,0,103,456
295,0,114,455
293,0,130,455
287,0,156,455
282,0,176,457
276,0,195,457
270,1,213,456
264,0,226,456
258,0,239,455
252,0,252,454
247,0,259,453
240,0,268,453
231,0,281,452
222,0,290,451
215,0,303,450
204,0,319,453
199,0,329,452
197,1,333,451
188,4,343,448
191,6,345,446
187,6,351,445
187,7,351,443
187,7,352,443
185,8,355,443
184,9,356,442
183,9,354,442
179,9,356,441
181,9,349,442
183,9,344,441
185,9,334,442
186,10,324,440
192,11,306,451
205,16,274,464
225,43,234,436
244,40,193,437
257,41,154,435
261,42,137,432
265,38,132,435
265,38,135,428
268,28,129,431
269,20,127,435
270,15,130,429
270,5,130,437
269,3,131,432
268,0,132,429
270,1,130,426
269,1,131,424
272,0,128,426
268,0,130,428
253,0,144,430
243,0,153,436
235,0,159,439
226,0,167,443
225,6,186,442
236,14,194,437
248,21,202,439
267,30,194,431
283,39,193,423
283,45,201,417
287,50,200,412
288,53,202,410
288,55,204,406
288,53,205,405
288,50,202,405
290,46,197,405
285,41,192,408
278,35,183,406
269,31,177,404
265,24,165,407
258,22,145,403
252,19,146,404
251,18,145,401
250,16,145,401
259,16,135,400
264,16,128,399
268,16,123,402
278,18,112,402
277,20,111,404
280,26,107,399
283,32,103,394
306,67,79,360
313,59,70,369
323,114,57,313
320,116,57,312
238,118,109,96
225,119,120,195
217,105,52,235
199,96,74,264
185,93,91,325
175,49,118,372
163,34,141,386
161,35,144,385
160,36,162,384
160,34,264,386
168,34,257,384
171,33,255,385
177,35,143,385
181,37,150,386
185,38,156,390
184,43,167,389
190,44,155,395
189,49,153,393
188,52,151,393
194,54,185,389
203,57,178,385
210,58,164,383
215,59,147,379
220,59,124,382
219,59,118,383
223,59,111,376
225,56,109,375
224,57,109,360
224,53,109,361
222,51,110,363
227,51,105,363
222,51,110,364
217,50,114,366
219,54,113,363
224,55,111,367
226,58,115,366
238,62,113,364
235,65,137,363
227,67,169,362
219,71,197,359
228,74,205,357
229,75,215,356
236,77,211,353
142,76,304,351
134,75,312,349
130,74,313,346
132,73,306,342
135,72,297,338
137,72,290,337
139,71,286,337
139,71,292,327
145,71,291,324
151,71,289,322
163,71,280,312
177,113,262,264
293,97,137,271
297,89,123,269
303,96,102,259
306,118,77,204
316,119,46,162
330,120,21,141
246,75,108,303
249,99,87,230
257,98,31,117
257,118,37,152
255,93,43,260
259,86,40,284
261,72,47,300
262,74,53,294
263,71,58,291
267,70,58,312
270,67,60,314
277,68,57,311
283,68,55,313
284,69,58,314
286,70,59,313
283,71,66,313
258,72,98,314
239,73,123,312
228,73,138,315
215,73,154,313
203,74,170,313
200,73,175,314
202,73,173,311
211,73,163,311
222,73,152,308
238,75,137,305
252,74,124,306
267,74,109,305
278,75,98,305
278,76,99,305
278,77,97,304
272,78,103,302
260,79,116,301
251,80,124,299
246,81,119,294
241,81,127,292
233,82,137,296
230,80,140,298
224,79,145,299
227,79,138,299
232,78,132,301
238,77,126,298
246,77,115,297
243,76,115,298
233,74,121,300
229,74,119,300
228,76,114,301
233,78,109,300
245,78,96,302
252,80,90,300
248,79,93,302
242,80,99,302
239,82,103,300
238,82,106,301
240,82,105,301
255,81,91,301
244,80,102,300
234,78,113,301
224,79,130,301
219,80,160,299
217,82,169,300
217,83,176,295
221,84,177,294
225,84,170,296
228,85,170,295
232,86,162,292
235,86,161,292
234,87,157,289
231,87,152,290
228,85,147,292
221,84,149,292
212,84,159,293
205,83,163,295
200,82,168,295
199,83,165,294
206,83,159,294
215,83,147,295
229,87,134,293
246,90,115,291
269,131,85,250
279,131,66,252
280,133,54,251
279,136,49,252
281,347,40,40
278,342,40,55
278,367,33,34
288,171,80,131
405,180,18,23
400,181,22,22
395,178,22,23
389,153,29,49
384,152,37,52
378,151,51,59
371,87,70,293
363,90,83,291
352,89,95,291
353,90,86,291
349,90,79,291
338,93,95,289
336,94,104,288
333,97,113,284
325,97,125,284
324,98,130,282
323,99,134,286
320,100,139,283
320,100,139,284
320,99,138,286
322,98,136,287
319,97,139,288
324,94,135,292
323,92,137,290
327,89,132,292
332,86,129,294
339,82,121,298
340,79,131,304
340,78,150,304
339,77,164,307
344,76,169,307
350,75,171,308
356,73,164,307
368,72,148,309
374,70,140,309
384,68,91,307
390,66,88,307
396,65,81,302
400,64,76,295
397,66,70,229
392,71,56,218
389,73,41,198
384,105,26,141
376,109,15,116
475,147,22,56
447,145,56,64
301,143,205,66
275,143,233,209
262,142,244,223
248,138,255,234
238,138,253,234
237,131,240,241
335,118,120,248
311,82,124,286
300,85,119,288
273,87,134,282
265,89,135,281
253,91,142,279
239,91,153,282
212,94,174,282
197,94,175,288
179,95,177,289
140,96,196,292
86,96,227,296
79,97,207,297
75,97,181,298
68,96,158,303
68,96,135,304
66,94,117,306
67,94,107,310
78,95,100,306
82,94,95,306
83,95,92,303
73,89,96,307
68,88,94,308
67,87,99,300
61,60,103,294
58,42,108,310
62,45,106,304
67,35,101,301
67,27,101,306
67,25,101,305
67,24,102,307
67,26,102,305
67,29,109,303
70,33,116,301
71,38,123,298
70,45,136,311
74,62,143,315
83,86,145,295
86,95,149,300
89,113,153,291
92,122,158,285
98,129,157,285
101,138,159,278
102,137,160,278
105,138,159,276
107,133,161,277
117,130,159,278
128,129,154,274
138,124,154,271
152,119,150,272
168,116,142,270
188,112,136,271
205,109,130,271
226,106,122,269
247,102,115,270
268,97,110,270
286,91,102,272
299,89,96,273
311,82,89,275
323,77,87,275
333,69,94,272
347,65,96,278
359,58,104,271
372,50,109,274
380,42,110,277
389,37,100,282
397,29,77,284
404,22,61,286
409,22,36,281
417,64,13,99
429,70,22,117
440,79,27,131
450,89,34,144
460,98,41,158
471,107,47,173
439,0,85,276
428,0,96,279
423,0,99,281
423,0,98,284
424,0,99,284
428,0,97,291
427,0,96,294
430,0,94,299
434,1,75,320
436,30,82,309
440,50,68,295
441,60,64,300
440,79,66,289
443,206,68,162
455,218,57,150
477,243,49,43
403,251,49,42
428,251,49,58
413,255,34,165
413,260,40,165
405,200,57,225
404,197,49,239
404,170,62,266
400,162,71,274
398,160,75,273
395,153,78,274
392,145,84,271
394,135,88,271
396,122,97,274
398,109,106,275
398,95,115,275
404,82,125,279
406,72,126,284
406,61,125,285
406,53,125,290
407,47,125,291
407,42,126,293
409,40,131,291
411,40,132,292
413,42,134,288
414,46,131,286
415,50,129,285
415,55,124,283
414,59,124,285
414,65,123,283
412,70,126,284
406,77,132,281
400,84,135,279
392,92,147,277
382,99,156,278
378,107,163,276
376,114,174,271
374,118,181,270
368,123,189,265
362,124,191,268
360,127,195,265
365,128,191,263
368,129,191,261
370,129,185,259
375,128,173,257
381,126,160,260
387,123,150,258
394,117,133,255
400,108,124,256
406,102,112,255
412,95,103,256
419,88,95,259
421,82,97,260
421,76,101,263
422,73,106,266
425,70,105,269
422,71,112,268
420,70,115,270
417,71,115,273
416,73,113,275
414,76,108,273
414,80,107,273
414,84,106,272
415,87,105,272
414,92,107,273
409,97,112,267
399,101,119,268
383,108,139,269
370,110,156,268
364,113,166,261
362,114,168,260
367,113,161,261
374,114,149,259
378,112,135,258
387,110,116,258
392,107,109,259
401,103,97,261
408,99,86,262
415,100,75,260
422,104,64,253
431,104,52,248
438,107,38,203
446,113,30,171
446,114,28,155
446,104,28,136
428,124,26,117
410,145,25,97
392,165,24,78
374,186,23,58
364,178,33,61
354,148,46,88
348,140,162,92
340,111,181,121
337,103,191,252
340,108,190,245
338,109,192,244
337,99,188,249
335,90,186,251
334,83,102,264
340,82,91,259
345,84,87,248
350,88,82,245
353,91,77,242
355,90,76,245
357,89,74,247
358,88,74,249
360,87,74,253
363,88,72,254
360,89,79,256
358,90,82,256
360,93,84,255
356,94,89,257
349,99,92,253
342,102,116,252
334,104,137,253
323,107,143,249
321,108,128,247
314,108,125,245
311,107,128,238
311,106,119,237
310,106,120,239
305,98,125,249
304,82,107,258
306,78,71,260
310,79,59,249
310,81,52,95
310,85,32,66
305,85,37,66
329,94,36,119
354,102,33,173
379,110,31,227
352,102,57,247
335,103,74,248
327,105,82,247
324,108,84,246
327,110,80,245
335,110,71,245
343,111,61,245
349,111,53,247
352,112,48,248
348,115,62,247
346,118,77,244
346,120,85,244
346,122,89,244
346,122,100,245
346,124,102,242
337,124,109,241
330,116,111,249
319,107,114,257
314,104,109,259
312,100,108,263
302,103,115,259
300,106,116,255
300,112,117,247
303,115,115,245
311,116,108,241
320,116,102,236
328,114,95,238
337,114,87,239
336,112,92,240
342,110,86,243
345,110,86,243
355,107,79,246
359,105,77,248
354,104,82,249
344,103,95,249
339,104,123,248
330,101,155,251
325,101,176,252
325,100,189,253
325,100,197,253
322,100,204,255
323,101,210,254
322,101,210,256
318,100,214,257
317,100,211,258
315,100,208,259
313,99,203,259
310,101,199,258
307,100,200,260
305,100,197,261
306,101,190,261
306,101,188,267
307,101,180,270
313,101,170,271
319,100,154,274
324,100,147,275
334,98,136,277
338,98,130,277
339,96,130,279
334,94,135,281
329,93,138,281
327,92,137,283
318,91,146,284
308,88,158,286
305,88,161,287
297,88,168,286
292,86,176,288
292,86,180,289
290,85,189,291
294,85,194,292
300,84,198,293
309,84,199,295
321,86,195,293
346,85,182,295
368,85,164,295
374,87,159,293
376,85,153,296
380,84,144,298
382,83,132,298
385,81,127,300
388,81,129,302
389,79,126,302
390,78,121,304
391,78,109,306
391,77,102,307
393,77,103,308
395,74,112,312
396,75,126,311
399,73,138,313
398,73,146,315
387,75,143,315
382,75,144,315
378,75,148,316
368,76,156,317
356,75,162,320
319,76,182,320
290,71,199,315
267,40,207,327
251,40,202,330
251,42,187,328
238,31,201,328
234,31,205,332
231,31,207,331
229,30,199,338
226,36,197,334
218,36,193,340
210,38,194,344
206,46,187,340
207,51,176,343
213,59,158,340
222,63,153,345
234,72,145,343
243,81,141,335
240,84,146,337
236,88,146,336
234,88,144,337
227,88,140,336
217,85,133,338
210,81,131,340
200,78,128,340
201,72,119,340
210,65,124,340
218,61,134,341
220,54,135,345
220,51,143,343
222,46,143,346
226,46,133,343
226,43,118,346
228,43,122,347
231,47,114,344
231,48,108,344
232,85,100,309
238,85,85,307
241,93,72,297
240,99,65,288
226,111,67,180
212,68,146,158
201,73,163,147
198,76,172,267
197,79,179,278
199,82,184,290
204,83,183,299
210,85,184,311
286,86,114,313
279,87,126,312
270,88,140,310
266,89,154,306
272,92,158,299
298,94,141,293
310,96,129,288
313,99,127,283
314,101,129,284
316,102,136,285
318,103,141,286
321,105,147,288
324,109,151,285
323,109,152,287
325,113,150,285
328,117,147,281
332,119,147,280
337,123,147,279
341,124,147,278
345,126,148,277
349,126,150,277
354,126,148,278
358,126,149,277
361,125,151,276
366,124,149,277
368,123,151,277
372,123,150,276
373,122,154,276
377,122,153,275
382,122,153,274
387,122,151,275
388,123,155,273
391,123,158,274
393,123,159,274
399,124,159,273
401,124,161,274
403,124,165,275
406,125,164,275
406,124,170,273
412,123,166,274
414,121,167,277
418,118,166,279
423,115,164,280
427,109,164,287
433,102,160,296
437,96,157,303
441,90,153,312
443,83,154,319
447,79,150,322
450,74,147,328
454,71,144,332
459,69,156,335
458,66,156,341
463,64,149,344
465,62,143,347
458,60,145,351
454,61,146,349
447,59,147,352
447,57,139,354
447,56,139,355
450,56,134,356
454,56,126,356
454,56,124,356
454,54,124,356
454,54,121,357
451,53,123,358
453,53,121,358
458,54,117,357
467,52,126,360
477,53,132,358
474,52,148,357
473,52,150,356
467,55,149,353
461,54,149,353
454,56,146,351
447,57,143,348
442,57,147,348
437,57,152,348
430,58,159,345
431,57,159,346
427,58,161,345
427,58,155,344
427,59,151,342
424,61,145,339
418,60,142,344
412,61,138,339
405,62,134,337
400,62,125,337
387,63,130,336
373,64,135,334
366,64,132,334
363,63,126,335
356,62,124,335
355,64,117,334
350,64,114,333
344,64,113,330
341,65,111,333
335,64,108,335
333,64,104,335
328,65,104,327
325,64,103,328
324,64,99,329
318,65,102,329
319,64,101,332
315,63,104,334
313,64,105,333
312,63,105,333
306,63,114,334
312,63,106,333
315,62,106,335
321,63,105,334
326,63,101,333
332,63,91,279
337,64,83,318
345,65,69,314
352,65,59,315
358,64,63,318
365,64,67,318
370,64,77,318
374,64,80,314
378,71,76,307
383,74,66,309
384,73,35,36
390,73,34,36
395,73,34,36
403,72,34,36
408,70,34,36
384,73,35,36
385,72,41,49
376,92,43,54
344,153,41,216
348,124,45,266
353,153,44,238
361,155,51,235
363,159,58,233
366,165,39,233
363,185,36,222
492,182,39,38
497,182,40,35
499,189,32,34
426,87,109,137
423,82,115,143
422,82,115,150
421,76,115,154
421,70,43,252
416,65,53,307
412,56,66,330
398,54,83,330
396,47,90,332
401,41,90,335
399,37,100,336
403,32,100,342
408,32,98,358
410,32,103,359
423,31,97,371
427,36,97,370
433,38,94,371
436,43,95,374
436,49,99,370
438,51,105,372
439,55,111,369
441,54,117,372
445,56,120,372
449,55,118,373
455,55,113,372
458,52,117,372
461,47,125,376
464,43,122,379
465,34,129,388
465,30,139,392
468,26,143,396
463,19,159,401
460,19,170,403
456,14,181,410
455,12,182,412
453,12,187,399
444,0,196,400
440,0,200,406
432,0,208,403
421,0,219,400
415,0,225,409
411,0,229,414
409,0,231,420
407,0,233,433
407,0,233,443
407,0,233,462
407,0,233,450
410,7,230,451
416,14,224,460
423,22,217,458
434,27,206,453
450,26,190,454
468,30,172,450
492,27,148,453
508,22,132,458
505,14,135,466
505,10,135,464
505,4,135,465
505,0,135,466
498,0,142,461
492,0,148,459
489,0,151,458
485,0,155,461
482,0,154,459
480,0,148,459
474,0,149,461
467,0,157,466
458,1,173,469
449,0,184,474
441,0,194,476
431,0,206,478
399,0,241,480
365,0,275,480
343,0,297,480
316,0,323,480
296,0,343,480
285,0,354,480
277,0,345,480
269,0,331,480
263,0,319,480
259,0,315,480
259,0,307,480
258,0,294,480
262,0,282,480
271,0,262,480
281,0,243,480
296,1,220,479
313,1,194,478
333,1,168,478
338,0,155,479
341,1,155,478
346,0,152,479
349,0,198,479
351,0,226,480
358,0,238,479
368,0,255,480
376,0,263,479
383,1,256,479
388,1,251,479
392,1,248,479
388,0,252,480
378,0,254,480
371,0,245,480
368,0,231,480
365,0,211,480
359,0,199,480
361,0,188,480
363,0,183,480
365,0,178,480
367,0,173,480
368,0,169,480
370,0,165,480
372,0,155,480
371,0,147,480
370,0,141,480
372,0,133,480
368,0,142,479
362,0,154,478
355,0,161,478
348,0,168,478
338,0,173,475
335,0,176,473
331,0,179,476
327,0,180,480
323,0,181,478
314,0,182,479
306,0,184,480
299,0,181,480
288,0,186,479
280,0,185,479
277,0,187,479
278,0,190,479
279,0,194,479
277,0,194,479
277,0,199,478
277,0,202,476
279,0,206,476
280,0,211,476
282,0,214,474
284,0,221,473
293,0,223,473
320,0,208,471
339,0,192,471
349,0,187,470
376,0,164,477
380,0,160,464
384,0,156,465
388,2,148,460
392,7,137,452
412,10,109,449
314,90,201,370
323,94,197,357
329,76,42,181
334,64,49,373
353,19,47,429
358,0,64,454
359,0,82,458
358,0,100,459
359,0,102,459
358,0,129,459
358,0,141,459
357,0,161,459
357,0,175,459
354,0,201,459
352,0,200,458
351,0,196,459
349,0,197,457
347,0,198,458
347,0,202,458
349,0,201,458
351,0,195,457
356,0,194,455
359,0,189,455
366,0,181,457
372,0,182,457
377,0,185,458
380,0,193,457
382,0,196,457
386,0,202,457
392,0,202,459
402,0,198,461
409,0,197,463
413,0,194,468
425,0,184,469
431,0,180,473
434,0,179,470
438,0,178,473
441,0,175,479
446,2,179,478
448,0,186,480
456,0,184,480
460,0,180,480
469,0,171,480
464,0,176,480
458,0,182,480
453,0,170,480
447,0,167,480
441,0,166,480
435,0,162,480
430,0,156,480
427,2,151,478
427,2,138,478
419,2,138,475
417,2,135,478
415,0,125,480
414,1,121,479
412,1,117,479
407,1,118,476
401,1,123,479
393,0,237,477
385,0,234,477
379,0,233,477
374,0,233,477
366,0,234,477
359,1,231,476
348,1,232,476
336,1,111,476
330,1,102,476
319,1,99,476
302,39,208,427
296,41,208,413
291,44,206,403
282,54,200,239
279,58,196,233
281,67,192,217
276,0,182,262
281,0,175,261
280,0,170,383
352,1,94,388
345,0,93,430
335,0,101,439
334,0,96,440
332,0,92,465
329,0,103,466
328,0,128,468
328,0,140,468
309,0,160,469
308,0,162,466
309,0,161,468
310,0,163,469
313,0,162,469
315,0,163,472
315,0,167,470
319,0,171,462
330,0,165,460
333,0,167,463
342,0,158,463
347,7,138,444
353,55,107,401
365,89,67,315
372,126,39,133
361,106,71,175
446,266,62,112
530,425,53,51
523,419,75,52
455,2,141,466
424,2,190,467
415,2,200,469
406,2,213,474
394,0,220,476
382,0,223,478
378,0,223,480
372,0,219,478
371,0,213,480
368,0,209,480
368,0,204,480
373,0,193,480
376,0,189,480
379,0,186,475
385,0,189,474
388,2,196,472
387,0,210,474
393,0,215,475
403,1,205,474
403,0,208,475
402,0,203,474
404,0,196,472
402,0,192,470
395,0,191,468
390,2,181,467
383,6,182,465
374,6,180,465
368,7,178,463
360,8,179,462
357,9,180,460
354,9,180,458
347,8,181,457
351,9,177,454
354,10,173,452
352,10,170,450
352,12,167,445
352,11,163,437
347,14,161,430
339,16,161,429
330,16,160,427
320,18,166,422
311,20,171,420
304,20,183,413
299,22,199,412
294,24,220,410
291,23,224,408
291,24,224,406
295,28,220,402
304,29,203,402
304,32,194,398
298,31,190,398
291,33,190,395
286,33,189,394
281,34,180,392
275,33,180,393
269,33,179,390
266,32,173,392
260,33,173,390
260,34,167,389
260,33,167,389
260,34,163,389
259,35,158,400
257,49,157,400
254,61,149,384
261,55,142,391
262,60,137,387
265,58,132,390
269,56,125,396
271,57,117,391
267,48,117,389
261,43,122,389
253,37,130,388
245,28,139,396
240,26,143,398
238,23,147,393
237,17,150,397
234,14,150,398
230,13,153,398
228,12,149,401
230,13,149,398
233,13,152,403
234,16,157,404
236,20,156,401
237,24,157,398
244,31,153,393
253,36,144,390
262,43,138,385
274,46,131,382
281,49,126,379
287,49,126,384
291,48,137,388
298,46,139,390
300,45,145,391
303,43,156,393
305,43,174,393
310,43,186,394
315,42,192,392
317,43,193,388
325,41,186,390
325,41,187,393
324,42,189,394
328,42,188,396
329,42,187,398
335,42,196,402
342,41,194,408
351,42,204,410
361,44,230,412
373,45,243,412
382,44,254,412
396,43,240,413
405,42,234,413
386,40,253,413
364,40,275,414
346,40,293,412
334,40,305,412
321,40,319,412
317,40,322,412
315,40,324,414
315,40,324,414
311,42,328,414
314,44,325,413
317,45,322,413
327,45,313,414
340,47,300,416
359,47,281,417
383,48,257,416
399,47,241,415
413,46,195,415
421,44,159,415
429,41,133,403
434,39,130,404
438,37,126,401
427,34,135,403
406,35,153,403
385,35,166,401
372,33,174,402
360,33,177,400
353,33,173,399
344,33,173,401
338,36,161,397
324,37,163,397
313,39,162,396
304,41,161,394
254,41,199,395
236,44,206,392
225,46,202,393
227,47,190,393
236,47,173,392
258,48,139,387
286,46,97,387
282,45,95,387
279,43,119,389
275,42,141,387
266,42,161,382
252,41,179,385
242,40,193,384
233,37,199,383
223,36,208,384
216,35,213,383
212,33,212,381
206,34,209,379
192,33,210,377
164,33,221,375
135,34,229,372
118,35,226,373
98,35,228,372
88,37,212,374
80,38,220,374
71,39,230,375
74,41,229,374
85,42,222,373
103,41,205,375
122,43,189,373
143,41,171,373
168,40,150,374
173,39,149,371
187,29,149,368
201,20,143,379
212,21,141,376
222,15,143,375
230,10,143,380
246,12,140,370
261,0,133,368
270,0,132,368
271,0,137,363
277,0,141,357
296,0,153,356
298,0,182,351
303,0,218,348
308,0,236,347
329,0,229,345
343,0,220,348
354,0,211,348
374,0,186,356
398,0,149,382
404,0,128,376
430,8,105,380
450,18,93,384
477,33,83,353
501,92,73,297
483,108,92,284
488,127,98,265
501,154,93,172
326,165,280,68
318,175,297,57
321,183,294,49
325,144,277,84
331,154,231,66
343,143,82,185
358,122,82,270
374,32,77,353
395,25,74,354
398,17,82,356
379,12,109,360
367,7,134,365
361,6,153,386
359,4,158,393
361,4,158,397
364,7,151,397
361,12,151,394
363,18,145,393
372,27,131,391
387,37,115,388
400,48,97,375
406,59,84,366
412,70,77,334
412,77,72,242
455,162,26,88
416,247,28,71
376,332,31,54
337,417,33,37
332,333,67,112
329,101,87,337
328,89,111,348
329,82,134,350
334,74,140,355
339,66,144,356
341,58,150,361
339,50,163,362
339,44,162,366
340,40,174,368
342,33,178,376
342,32,170,376
345,30,152,382
342,31,154,385
344,34,151,388
336,37,158,391
314,42,174,393
300,48,182,390
290,53,183,392
285,60,181,389
287,62,172,392
288,65,166,391
290,66,159,392
302,64,144,392
315,63,125,394
321,61,117,394
317,56,119,394
312,50,122,393
309,45,123,394
307,39,124,396
303,34,129,400
299,33,133,399
300,31,132,400
304,29,127,400
308,27,121,397
308,22,129,376
296,0,168,402
280,0,204,402
268,0,230,398
253,0,253,398
245,0,261,398
236,0,268,400
228,8,270,396
225,16,261,392
222,23,252,390
217,33,241,389
215,41,237,388
215,50,238,385
212,59,244,381
214,66,242,375
216,73,241,370
222,74,235,370
232,73,222,369
244,72,207,367
261,70,190,362
278,63,175,365
294,60,167,361
315,54,150,363
316,47,150,366
316,44,151,366
315,38,139,368
314,35,132,369
316,32,125,370
315,33,137,367
316,32,118,371
320,34,112,369
320,38,128,367
322,44,125,365
327,47,108,364
330,54,103,357
333,56,91,359
338,66,82,352
342,120,75,302
344,128,72,294
348,134,66,290
354,140,54,282
354,146,52,275
354,138,52,282
356,137,49,278
353,135,52,279
353,135,50,279
352,144,44,267
354,224,39,185
350,247,41,186
352,250,41,177
350,240,46,191
349,290,43,144
350,306,33,123
350,336,25,86
373,284,26,98
398,254,25,88
424,224,23,77
450,194,21,67
450,202,19,68
445,204,23,108
444,200,25,134
434,201,34,145
431,200,38,150
426,199,44,155
420,203,52,154
412,204,59,181
398,207,75,196
387,210,85,190
378,212,96,199
366,215,109,210
353,219,124,206
340,222,140,218
340,225,141,217
342,229,142,215
342,230,144,215
339,229,149,213
338,229,152,213
336,227,148,216
338,225,141,218
337,224,138,219
337,224,134,218
338,224,128,217
339,213,123,227
340,208,113,231
340,208,104,230
341,210,90,227
339,230,74,205
328,239,75,191
344,249,41,177
347,309,22,47
346,288,158,97
453,243,51,143
445,229,58,165
428,190,84,211
415,191,89,238
409,196,93,243
406,196,89,250
400,197,93,252
384,196,112,256
378,196,119,258
376,195,123,259
368,192,131,260
358,184,142,259
353,183,146,261
345,182,156,258
342,179,160,264
342,182,160,261
342,180,159,262
343,182,159,264
342,184,159,263
343,185,155,265
343,187,156,267
344,189,154,267
344,190,154,271
343,193,155,270
345,192,153,272
344,192,153,274
344,189,152,276
343,186,153,279
343,180,151,281
342,166,150,285
342,163,147,291
341,158,145,288
340,153,146,295
339,150,144,296
338,144,145,297
338,137,144,300
339,133,144,304
338,127,145,305
338,122,144,315
338,120,144,318
337,113,144,321
337,101,143,331
338,98,141,339
338,94,140,346
338,89,140,355
339,85,134,361
339,82,117,367
338,77,113,377
340,75,96,381
341,71,83,389
341,129,58,321
341,126,42,158
340,128,37,141
339,123,50,106
357,119,44,129
374,114,39,153
392,109,33,177
409,104,28,201
427,100,22,224
444,95,17,248
416,76,47,300
416,71,49,360
391,66,75,357
391,21,80,404
381,7,96,426
365,4,120,432
340,2,154,432
337,0,158,434
329,0,164,434
330,0,170,440
331,0,171,444
336,0,162,446
343,0,145,449
340,0,151,454
339,0,150,452
342,0,146,451
338,0,150,451
338,0,150,449
338,0,151,451
338,0,151,450
341,0,150,445
342,0,152,443
343,0,153,444
346,0,153,443
348,0,152,445
341,0,161,444
338,0,165,445
333,0,172,446
332,0,174,446
332,0,172,447
334,0,170,448
338,0,165,448
344,0,158,448
348,0,152,449
357,0,145,450
364,0,137,448
373,0,128,450
379,0,122,450
382,0,119,449
382,0,119,450
382,0,119,449
380,0,120,448
379,0,121,447
379,0,120,448
378,0,121,447
378,0,124,447
377,2,127,445
376,2,132,445
375,4,133,443
374,4,133,444
373,6,134,440
372,7,134,441
372,10,133,440
372,11,130,438
371,11,128,437
371,13,124,436
370,14,122,431
372,14,116,434
369,15,117,431
379,14,108,432
386,15,101,430
394,15,94,427
399,15,90,421
409,15,80,410
413,17,77,407
424,24,66,389
430,32,62,328
348,35,144,302
341,43,153,185
330,47,166,191
328,80,171,161
324,22,192,218
325,18,222,217
327,15,243,398
330,16,254,412
333,13,260,418
337,13,263,403
339,12,263,406
342,10,261,426
343,10,258,427
346,8,252,430
343,9,122,429
341,7,133,431
336,7,143,432
330,7,160,432
324,4,175,436
318,4,189,435
310,7,202,433
303,5,211,436
302,4,234,436
304,4,201,436
305,4,187,437
310,4,174,437
321,3,160,437
