158,0,157,480
155,0,160,480
151,0,164,480
148,0,167,480
145,0,170,480
142,0,173,480
138,0,177,480
135,0,180,480
132,0,183,480
129,0,186,480
126,0,190,480
123,0,193,480
120,0,196,480
119,0,197,480
118,0,198,480
118,0,198,480
117,0,199,480
117,0,199,480
117,0,199,480
117,0,199,480
117,0,199,480
117,0,200,480
118,0,199,480
120,0,197,480
120,0,196,480
120,0,195,480
119,0,195,480
119,0,195,480
119,0,194,480
118,0,190,479
116,0,188,479
115,0,185,479
115,0,179,479
114,0,173,479
114,0,167,479
113,0,162,479
113,0,156,479
112,0,157,479
112,0,157,479
111,0,158,479
112,0,157,479
112,0,157,479
112,0,158,479
112,0,158,479
114,0,155,479
116,0,152,479
115,0,152,479
116,0,153,479
118,0,153,479
119,0,151,479
120,0,150,479
120,0,149,479
120,0,149,479
120,0,149,479
120,0,148,479
120,0,148,479
120,0,148,479
119,0,149,479
119,0,148,479
119,0,148,479
119,0,148,479
119,0,148,479
119,0,147,479
119,0,147,479
119,0,147,479
119,0,147,479
119,0,146,479
119,0,146,479
119,0,146,479
119,0,146,479
119,0,145,479
116,0,148,479
116,0,147,480
115,0,146,480
115,0,145,480
116,0,145,480
116,0,147,480
116,0,148,480
118,0,147,480
119,0,147,480
122,0,144,480
124,0,142,480
125,0,140,480
126,0,139,480
127,0,138,480
128,0,137,480
129,0,136,480
129,0,136,480
130,0,135,480
131,0,136,480
131,0,137,480
131,0,138,480
132,0,138,480
128,0,144,480
127,0,147,480
127,0,149,480
126,0,153,480
127,0,152,480
126,0,155,480
124,0,158,480
123,0,161,480
123,0,161,479
122,0,162,479
122,2,164,476
121,4,166,474
121,5,167,470
121,7,167,465
121,9,167,460
120,12,168,459
119,15,170,465
120,41,169,439
119,39,171,439
119,37,171,443
118,43,172,435
116,36,175,444
113,40,178,440
112,31,179,448
108,23,184,455
100,20,193,450
98,8,195,457
96,5,198,451
94,1,200,454
92,0,203,451
98,1,197,448
96,1,200,444
100,0,196,444
102,0,195,447
106,1,191,445
106,1,192,447
110,1,184,448
113,0,179,453
117,0,172,453
117,5,172,454
120,10,169,456
120,17,167,449
123,23,163,446
126,30,159,441
129,37,154,437
128,38,155,436
128,39,153,435
127,39,154,434
124,37,155,433
120,35,159,434
114,32,164,433
109,29,169,429
103,21,170,429
99,14,171,436
95,11,175,432
92,4,178,436
86,2,185,436
82,0,189,423
79,0,192,400
76,0,195,400
74,0,197,401
71,0,199,393
68,0,201,392
65,0,202,392
63,0,203,392
60,0,205,396
57,0,204,405
56,0,201,401
58,0,192,414
60,0,185,419
64,6,179,415
67,11,174,418
70,22,168,419
72,30,158,413
75,38,153,412
78,45,149,406
80,50,147,403
80,55,147,399
80,58,149,406
80,70,147,400
79,76,149,387
82,70,148,394
82,73,147,393
84,70,145,392
86,67,143,391
85,63,145,388
85,54,145,390
82,50,148,392
78,50,152,389
76,45,152,388
69,38,160,389
65,32,163,388
60,27,168,387
57,24,172,384
54,22,176,382
53,20,180,388
53,18,182,390
52,19,186,385
51,20,190,376
52,22,192,373
53,25,196,369
52,25,200,373
49,29,207,371
48,32,210,372
46,35,215,375
40,40,222,374
36,45,228,375
33,51,232,373
31,55,234,372
29,60,236,370
27,64,237,366
26,66,236,366
25,66,231,368
24,67,226,367
28,66,216,368
33,65,203,367
39,62,191,369
48,60,172,368
62,54,153,367
71,46,143,371
78,45,131,371
78,42,136,372
79,41,141,372
80,42,145,366
82,36,150,364
78,35,162,369
71,43,174,360
70,43,182,360
64,50,191,356
62,56,196,347
64,54,197,348
64,61,199,342
68,69,196,333
74,71,191,338
79,79,183,330
85,79,175,330
96,82,161,328
105,85,148,325
119,83,134,324
135,84,116,321
150,83,101,320
156,84,100,324
158,101,98,322
165,106,96,314
169,103,94,317
173,107,92,314
177,104,86,313
178,103,83,316
177,102,78,311
180,98,72,310
179,101,63,304
182,102,55,278
181,121,44,233
205,108,50,209
230,94,55,187
254,81,62,164
243,75,76,165
245,73,77,255
245,74,79,266
245,73,80,278
245,73,81,305
246,74,81,308
248,76,80,310
250,78,79,312
250,80,80,313
252,82,78,312
248,84,83,313
246,86,86,312
247,89,87,311
246,90,89,310
247,91,90,309
249,92,90,308
249,91,91,309
250,90,92,309
251,90,93,308
251,89,95,307
252,85,94,308
252,84,95,307
259,82,90,306
259,82,91,303
261,81,90,303
262,81,90,302
265,80,87,300
268,79,84,299
270,82,81,296
271,82,80,294
272,82,79,292
274,83,80,292
276,84,81,294
278,85,87,294
280,88,98,292
282,88,106,289
284,90,115,286
287,91,116,289
289,90,118,290
291,91,118,286
293,90,120,287
295,91,119,285
295,91,120,285
297,89,120,286
298,87,118,289
298,85,117,288
300,82,118,291
301,78,120,294
304,78,117,294
306,76,118,293
309,74,113,295
313,72,112,296
317,69,114,298
323,67,114,299
329,64,113,300
336,62,111,301
342,59,111,303
348,57,110,304
354,54,109,306
361,52,108,307
367,49,107,309
370,48,102,309
373,46,97,311
377,45,91,312
380,43,86,314
383,42,81,314
385,42,75,316
386,42,71,318
387,42,66,320
388,47,62,317
387,76,59,292
385,105,58,268
384,136,55,239
385,155,52,225
387,174,48,211
388,194,46,196
390,213,42,182
391,233,39,166
393,252,35,152
394,272,32,131
396,289,28,110
456,213,30,75
464,221,27,58
472,230,24,39
457,219,31,50
445,201,36,68
435,199,41,204
419,111,51,286
407,106,57,302
401,100,54,306
380,96,62,303
365,94,67,302
348,89,76,299
340,83,79,300
323,80,88,296
320,78,87,297
304,77,97,297
296,74,99,299
285,73,97,300
278,73,99,303
272,74,95,304
264,74,97,305
256,75,99,306
248,76,101,308
240,78,101,311
232,79,102,314
223,80,103,316
214,81,104,319
207,82,104,320
194,84,109,321
190,85,105,319
186,86,101,310
192,64,98,309
203,51,93,326
208,53,89,321
212,45,87,327
216,37,84,332
222,36,84,333
227,35,84,334
233,34,84,335
241,39,73,333
243,42,74,336
244,48,77,336
246,55,78,335
246,69,72,339
247,83,76,327
248,88,74,331
250,100,72,328
250,104,74,326
251,110,74,337
251,127,76,323
253,124,75,323
254,125,74,327
254,123,76,325
255,122,77,322
255,120,78,321
256,110,79,325
257,102,77,328
259,99,74,323
260,87,71,328
261,83,69,323
263,92,67,306
265,100,65,290
268,97,65,285
274,107,56,269
279,117,48,253
285,127,39,237
293,134,31,226
296,136,23,214
298,144,20,207
303,150,13,211
304,156,13,190
264,74,97,305
264,74,97,305
264,74,97,305
343,223,65,172
422,372,33,40
424,372,39,48
425,367,37,55
426,361,38,61
427,363,37,63
410,112,53,314
410,107,55,319
411,103,55,320
413,97,55,322
415,89,53,326
416,82,53,328
416,76,55,328
418,69,55,331
420,64,53,333
421,58,51,335
423,53,49,337
424,49,48,338
425,48,57,340
426,47,67,342
427,45,76,345
428,47,85,344
428,50,90,345
428,53,95,346
429,56,99,348
429,61,101,348
430,66,102,348
431,75,105,349
431,80,106,347
432,84,106,347
432,86,106,348
433,88,104,346
434,87,104,345
434,86,104,342
437,83,101,342
438,78,101,340
439,75,102,341
442,70,99,343
443,63,100,344
447,60,98,345
448,56,98,350
454,56,96,339
455,54,96,339
458,54,96,339
458,57,99,336
461,58,99,336
458,62,98,337
452,67,95,333
445,72,93,328
438,78,91,323
432,80,89,332
429,85,83,330
423,85,80,320
417,78,82,328
417,78,75,327
412,80,77,318
410,77,75,316
405,78,80,309
404,74,71,299
408,54,65,306
411,54,58,315
418,58,47,305
418,54,40,309
402,63,42,303
386,73,42,295
369,83,43,287
353,94,43,278
336,104,44,270
320,114,44,262
303,125,45,254
297,125,48,257
295,130,47,258
288,126,50,273
285,121,52,281
280,115,60,287
276,110,66,291
272,107,73,293
268,105,80,294
265,103,86,295
260,99,89,301
250,95,105,299
243,91,106,302
237,90,106,303
237,103,106,311
239,113,104,296
240,107,103,301
242,109,101,302
243,109,95,298
245,106,92,303
248,112,89,294
250,101,85,299
252,99,81,301
254,96,78,295
257,92,75,276
259,90,73,263
262,88,69,250
265,86,66,237
269,85,63,213
271,86,63,194
277,90,59,156
280,104,55,140
287,117,46,124
291,109,45,131
262,100,42,144
232,92,41,242
233,93,47,252
235,93,51,266
237,100,55,262
237,102,59,273
237,103,63,285
238,105,64,286
237,106,64,285
239,105,65,285
238,103,66,284
238,100,68,285
236,97,69,285
235,93,70,285
235,90,73,285
235,86,78,286
235,83,82,287
235,79,87,288
235,77,91,286
235,75,93,286
235,71,93,288
234,70,94,289
234,70,95,288
234,70,98,289
234,71,100,289
234,73,102,288
233,76,103,287
234,78,102,288
235,80,101,289
238,83,98,288
240,86,97,288
241,86,98,288
242,86,98,288
243,86,99,289
243,85,96,288
244,83,93,289
244,81,93,289
245,78,91,290
245,76,91,291
245,73,91,292
245,73,90,292
245,73,90,292
245,72,89,293
245,72,88,293
244,73,89,293
244,74,89,293
245,75,88,293
244,76,89,294
243,78,89,292
243,79,89,291
242,80,90,291
243,81,89,290
244,83,88,289
246,84,86,288
247,84,85,288
248,88,84,283
249,88,83,281
250,89,81,279
251,89,80,278
252,89,79,276
254,90,76,276
257,90,73,276
259,90,70,276
261,90,67,276
264,91,63,275
269,95,60,271
272,98,57,266
274,99,57,267
277,100,66,264
282,102,62,262
287,103,57,262
292,104,53,261
297,106,48,259
303,111,39,255
277,100,66,264
276,105,62,260
274,110,60,256
272,116,57,250
271,121,53,246
269,126,50,242
268,131,46,237
266,136,43,233
265,141,39,229
263,146,36,224
262,151,32,220
260,156,29,216
259,161,25,212
257,166,22,207
260,154,24,218
260,154,30,216
260,151,36,224
263,149,35,228
263,147,40,231
265,145,38,234
263,146,43,232
262,143,50,237
264,112,53,266
263,108,58,271
261,109,67,269
260,110,75,268
259,110,75,269
257,109,77,269
256,109,77,269
256,109,85,269
256,109,92,268
256,109,100,267
256,110,101,266
256,110,101,266
256,111,102,264
256,111,103,264
257,112,102,262
259,112,100,261
260,112,98,259
261,113,97,257
263,112,95,257
264,112,94,256
264,111,91,256
264,110,89,256
264,110,87,255
264,109,85,255
264,108,83,256
265,108,82,256
265,108,82,256
265,108,83,256
266,109,82,255
266,109,82,255
266,109,83,255
267,109,82,256
267,110,83,255
267,110,83,255
268,110,82,255
268,110,83,255
268,110,84,254
269,109,84,253
269,109,85,252
269,108,86,255
270,108,83,251
269,107,84,255
270,106,77,255
270,105,72,256
270,105,67,255
273,110,55,248
275,125,44,231
277,140,33,214
277,148,19,206
277,148,20,206
282,152,21,201
287,156,22,195
292,161,23,189
296,165,25,184
301,170,26,177
306,174,27,172
311,178,28,166
316,183,30,160
321,187,31,154
325,191,33,149
330,196,34,142
322,189,41,163
314,186,48,167
308,180,54,176
300,177,61,179
293,168,67,186
292,101,67,253
290,98,67,255
290,97,66,255
291,97,64,255
291,97,64,255
291,98,64,254
290,99,65,253
290,100,65,253
290,100,65,253
293,99,61,244
293,97,60,244
294,97,61,239
293,95,64,243
293,95,64,246
291,94,66,246
291,95,68,246
292,96,67,246
292,99,67,241
291,101,73,241
293,101,81,243
292,104,90,242
293,107,92,241
293,110,93,241
293,113,93,239
294,114,93,241
293,116,95,239
294,115,92,241
294,114,92,242
294,114,92,242
294,113,92,243
296,112,90,244
297,111,89,245
298,111,88,244
299,111,87,243
302,112,83,243
307,113,76,244
311,115,71,244
316,116,65,244
320,117,59,245
322,118,56,245
323,120,54,245
324,121,51,245
325,121,49,246
327,121,45,246
328,121,43,246
330,121,40,246
332,121,33,246
332,121,35,246
331,146,22,215
330,152,19,215
330,121,40,246
330,121,40,246
347,148,35,213
365,176,28,179
383,203,22,146
380,129,25,220
379,112,25,238
378,111,25,239
377,112,28,236
374,112,33,236
372,112,36,237
369,112,41,237
366,112,45,237
364,112,49,237
359,112,55,237
356,110,60,239
358,109,60,241
358,109,61,241
359,109,62,241
359,108,63,242
360,108,72,241
360,108,82,240
361,107,91,240
362,107,94,239
363,107,99,238
364,106,100,238
364,106,101,240
364,106,96,242
364,106,93,242
363,107,96,244
364,107,92,243
364,107,85,244
364,107,84,244
365,107,82,244
365,106,81,245
366,106,79,245
366,106,83,245
368,106,83,245
373,107,81,248
377,107,78,247
380,108,73,241
385,108,63,241
391,108,55,235
397,111,44,228
409,112,27,159
422,112,41,199
435,111,55,239
442,111,52,239
449,112,49,238
456,112,46,238
475,113,33,240
470,108,45,246
469,105,48,249
467,105,51,249
466,104,54,251
465,103,57,252
463,102,59,252
461,101,62,252
459,99,64,253
457,98,67,253
453,97,69,254
450,95,71,255
447,94,73,256
445,94,75,256
443,94,78,256
442,93,80,257
439,95,85,257
439,96,87,256
445,95,83,260
455,96,75,258
460,96,74,262
466,96,71,266
468,96,74,265
465,96,77,271
461,97,87,266
460,96,94,269
454,99,106,267
451,100,112,262
443,102,117,260
429,103,121,260
419,105,112,259
405,107,115,263
394,108,116,263
383,109,116,263
373,110,116,263
363,109,116,264
354,109,115,264
344,108,115,265
334,107,114,267
327,107,109,267
319,107,105,267
312,106,101,269
305,106,96,269
300,106,92,270
296,105,88,271
292,105,86,272
287,105,84,272
281,105,82,273
275,105,80,274
268,106,78,274
260,106,81,274
251,106,86,275
242,106,90,275
234,107,93,275
228,106,95,276
219,105,101,278
210,104,106,279
202,103,107,281
195,103,107,281
187,102,108,283
179,102,109,284
173,103,114,282
167,102,110,283
161,101,105,284
155,100,103,285
149,99,102,286
143,98,100,287
136,97,102,288
133,96,101,289
129,95,101,290
126,93,98,291
118,92,96,292
113,89,88,293
106,87,87,294
101,86,85,298
98,84,82,299
86,83,87,300
77,82,93,304
65,83,106,303
50,82,122,304
36,82,130,304
21,82,139,305
11,82,140,307
0,82,142,308
0,80,131,311
0,79,120,313
0,77,104,313
0,74,93,318
0,72,81,322
0,69,74,327
0,69,68,329
0,68,64,331
0,67,58,333
0,68,54,333
0,68,49,334
0,69,49,334
0,69,46,334
0,70,49,334
0,69,52,336
0,68,56,337
0,67,60,338
0,68,76,336
0,68,86,336
0,68,97,335
0,68,108,333
13,66,114,332
25,68,123,332
34,63,127,321
42,50,124,327
48,52,127,332
55,53,123,325
55,51,129,328
59,56,131,325
66,55,130,319
70,51,129,326
80,60,125,319
86,63,124,318
97,67,121,320
110,75,118,314
126,80,104,322
137,99,97,309
150,101,98,290
160,102,88,291
174,105,85,287
190,102,79,286
198,92,73,282
197,69,76,287
198,66,80,299
201,65,89,291
204,54,98,295
206,52,107,293
208,52,116,293
210,50,121,295
212,52,121,296
215,56,121,295
217,60,121,294
219,66,108,298
218,87,122,309
219,112,123,288
220,115,117,288
218,121,120,293
219,127,120,287
220,126,120,292
220,131,120,287
221,125,120,289
225,122,113,291
228,116,110,288
234,105,105,291
239,96,98,290
244,86,96,289
249,74,93,296
255,66,87,297
265,56,82,299
273,46,77,304
276,40,76,305
279,34,76,311
280,33,78,312
283,32,79,313
286,35,88,314
289,42,96,311
292,47,104,316
295,56,108,314
296,65,113,313
297,75,118,312
296,88,119,310
293,95,122,307
294,101,120,308
296,106,123,305
296,109,123,302
295,109,125,303
295,106,125,301
298,103,122,303
298,97,122,304
301,92,119,303
306,84,114,304
310,77,107,304
316,69,104,301
323,64,105,301
335,58,98,305
345,53,94,309
354,49,94,314
357,49,93,313
359,49,96,317
361,50,99,319
364,58,100,315
366,61,103,319
368,64,109,321
370,70,116,319
373,77,122,317
375,83,126,315
380,87,121,318
378,90,123,319
378,91,124,319
379,88,124,320
380,85,123,321
381,82,122,322
382,78,121,324
389,72,107,325
394,64,99,330
402,59,88,334
413,54,75,336
415,52,57,335
418,50,52,336
421,47,48,257
421,51,43,222
427,51,33,161
481,214,88,198
488,223,86,189
495,232,84,180
503,241,81,171
510,249,79,163
517,258,76,154
525,267,73,145
532,276,71,136
539,285,69,127
546,293,67,119
554,302,63,110
545,270,77,142
540,261,78,152
528,258,94,155
522,49,105,364
519,47,90,366
504,46,94,364
497,44,87,366
493,46,81,364
488,44,79,366
484,43,76,367
482,42,74,356
402,18,149,362
403,10,144,377
412,20,143,360
487,8,70,368
479,12,79,363
492,17,69,219
489,20,72,193
512,118,47,118
507,112,48,140
504,133,45,91
496,143,45,86
491,156,41,79
482,164,38,80
459,140,43,129
437,115,46,179
415,91,49,228
393,66,52,279
375,70,53,297
374,69,51,291
369,69,53,337
357,66,64,336
335,62,83,344
327,59,89,342
316,48,97,351
312,40,97,354
302,37,103,352
299,30,104,360
297,27,106,379
294,23,109,381
295,17,111,385
311,18,90,381
305,14,90,386
311,14,81,387
305,14,83,387
302,15,86,387
296,16,91,388
290,18,95,388
285,23,95,388
279,27,101,385
270,36,111,382
264,36,121,385
269,41,128,381
277,45,128,381
281,47,129,380
280,48,133,380
281,50,154,380
282,49,154,381
282,49,153,379
284,47,148,378
287,43,146,381
291,40,142,379
294,37,139,377
299,35,136,379
306,34,128,377
315,32,129,379
325,30,129,382
335,28,128,389
341,27,128,393
345,25,130,397
347,27,133,397
352,30,132,396
353,29,135,400
350,30,137,401
358,31,135,402
361,32,138,404
365,34,140,404
368,34,143,406
368,34,146,408
372,32,141,413
375,32,137,415
377,32,135,417
379,28,138,423
378,28,140,426
379,22,138,430
380,22,135,427
379,18,140,433
382,15,137,436
385,12,137,438
389,12,132,439
392,11,128,440
397,11,122,440
402,10,117,442
405,10,113,442
407,9,103,444
402,11,106,442
397,11,109,442
397,11,108,443
394,11,113,443
392,11,133,440
389,10,149,442
385,11,163,439
382,11,175,439
378,11,181,439
376,11,182,439
374,11,182,439
370,11,180,437
362,10,180,437
357,10,182,437
346,10,188,437
344,10,184,437
339,10,174,437
329,8,184,440
327,8,179,439
325,8,175,439
326,8,166,440
328,9,157,440
330,9,148,441
332,10,139,441
337,10,123,442
343,10,120,443
348,11,118,443
355,11,112,444
352,11,116,445
350,12,120,444
346,12,137,445
342,13,154,445
338,13,171,446
336,12,177,443
329,12,185,435
322,12,191,435
316,13,190,434
309,13,187,434
300,13,196,434
295,14,196,435
291,13,192,436
288,12,187,438
284,12,183,438
288,11,171,440
295,10,155,441
301,10,141,442
309,9,125,441
311,10,115,441
313,10,104,441
311,10,101,440
310,10,104,440
308,10,109,439
307,10,112,438
309,10,109,430
311,10,105,421
313,10,102,412
321,12,99,407
329,14,95,401
336,16,92,396
358,13,79,394
313,10,102,412
317,13,98,409
320,17,95,404
324,20,91,401
328,23,87,398
332,26,83,394
336,29,79,391
339,32,76,387
343,36,72,383
347,39,68,379
351,42,64,376
354,45,61,373
358,48,57,369
362,51,53,366
366,54,49,362
370,58,45,358
373,61,42,354
377,64,38,351
381,67,34,348
385,70,30,344
379,58,42,357
373,46,54,369
367,34,66,381
362,32,78,384
357,33,92,382
352,34,106,381
347,34,114,380
342,35,122,379
336,34,137,377
331,34,151,380
326,33,165,384
324,33,162,384
323,33,157,384
322,33,153,384
321,33,148,384
320,34,144,383
324,34,140,382
328,35,135,381
331,35,132,380
335,36,128,378
340,36,121,378
337,36,127,378
338,37,123,377
334,37,121,377
330,38,120,376
326,39,119,375
321,40,118,373
316,41,120,372
312,42,120,370
307,42,121,370
298,43,124,368
290,44,125,367
281,45,128,365
275,46,126,365
269,47,123,364
261,48,123,362
254,48,121,362
247,49,123,362
241,47,125,364
234,48,125,362
232,48,122,362
232,49,118,361
232,50,114,356
232,50,114,352
233,50,108,352
237,51,100,343
240,51,95,345
235,51,94,345
231,52,93,343
226,53,92,343
221,54,103,342
215,54,115,343
211,55,121,340
202,56,132,336
198,56,135,337
193,57,138,337
183,57,141,338
174,58,143,337
166,58,143,338
158,59,144,337
149,60,144,337
141,60,145,336
142,59,143,337
147,59,144,336
154,60,138,333
156,60,137,332
160,60,130,331
163,61,129,331
164,62,130,335
176,79,127,332
184,81,124,324
192,77,122,328
200,80,120,328
208,78,113,327
214,77,116,334
215,85,118,328
215,80,121,326
216,76,122,331
219,76,117,326
222,69,116,330
224,68,115,330
224,62,112,329
226,58,112,333
230,57,108,331
231,53,107,334
232,53,106,333
234,54,104,331
233,53,104,334
235,55,103,335
237,57,103,333
239,59,106,335
242,64,104,334
244,69,103,333
246,74,102,331
248,79,102,330
252,84,100,323
257,87,97,325
262,90,94,318
265,93,93,303
267,92,92,312
268,92,92,310
269,90,92,309
271,88,91,312
272,85,99,313
273,83,107,313
274,81,115,313
275,79,123,313
274,76,129,314
275,74,131,314
277,72,132,315
278,70,134,316
281,71,131,315
283,71,128,315
286,72,124,315
288,72,122,315
289,72,120,315
290,74,120,314
290,75,120,315
291,77,119,314
294,78,116,314
296,79,113,314
298,80,111,314
300,81,108,314
304,83,109,313
307,84,110,311
313,82,109,312
319,81,107,313
325,80,106,313
327,78,108,314
330,76,110,315
333,74,112,315
336,72,110,316
339,72,110,316
342,72,109,316
348,74,104,314
353,75,101,315
359,78,95,314
362,82,91,305
365,85,88,301
369,89,86,299
373,94,82,297
377,98,78,296
380,102,76,295
383,105,73,295
390,105,67,296
392,107,65,293
399,104,60,293
401,102,61,292
404,99,60,292
409,96,59,292
406,95,65,291
411,93,64,291
415,91,63,288
419,89,62,288
423,87,61,289
427,88,58,286
432,87,54,290
436,86,51,294
440,86,48,301
444,91,47,295
447,90,48,292
446,90,58,291
450,89,60,289
454,91,62,286
457,91,59,288
461,92,56,290
465,92,52,290
461,92,56,292
464,90,54,293
468,88,49,295
468,87,54,295
473,85,54,297
478,82,54,299
482,81,55,300
486,80,56,301
489,79,58,302
495,79,56,302
497,77,59,168
500,76,58,168
499,75,63,168
508,75,55,169
512,75,52,170
516,76,50,170
453,107,54,226
457,101,53,224
461,95,53,222
465,89,52,220
470,82,50,220
474,76,50,218
476,76,49,216
478,75,49,215
478,75,54,229
481,74,58,251
483,74,62,263
484,74,63,279
478,75,70,280
467,75,83,313
466,75,86,317
463,76,87,316
460,76,92,316
452,77,98,315
443,79,89,313
431,80,81,313
424,84,73,308
416,88,66,303
407,135,60,254
399,144,54,244
396,195,46,176
390,204,44,165
390,212,40,160
386,202,35,164
383,210,35,157
378,211,28,151
370,210,30,152
392,169,33,142
414,128,35,132
413,131,31,119
411,135,28,105
410,139,24,91
390,142,32,91
373,100,36,287
360,101,38,297
345,106,42,287
330,107,47,287
310,107,55,285
298,106,57,286
279,104,64,285
264,102,68,284
252,97,68,283
233,94,75,282
218,90,77,284
205,92,78,301
193,107,81,284
181,100,83,290
168,101,89,293
155,103,96,286
144,99,98,288
135,102,100,284
127,96,101,287
118,91,102,288
104,87,107,287
93,80,109,297
91,77,109,298
94,75,114,296
94,68,111,300
93,67,115,299
92,64,115,301
90,63,115,302
92,63,112,297
94,40,111,297
95,28,110,309
96,32,110,307
96,29,111,307
98,26,108,310
101,29,104,313
103,32,103,313
106,36,101,312
108,45,102,309
110,52,101,309
113,60,98,308
115,69,98,308
117,77,97,305
120,85,96,302
121,91,98,301
123,96,98,296
124,98,99,295
128,92,101,300
134,92,98,297
140,92,95,289
144,87,91,292
150,81,88,290
157,76,82,292
156,72,86,293
152,66,80,293
152,64,79,292
154,62,78,294
155,62,78,294
154,61,76,295
152,62,74,297
153,65,68,295
155,68,66,296
154,73,64,294
153,80,57,289
153,85,56,289
157,133,41,240
178,141,99,65
178,143,99,60
256,139,23,67
229,92,50,265
228,90,55,264
227,90,59,276
226,95,63,287
232,106,68,275
236,99,69,280
240,100,71,282
249,94,71,282
253,92,73,284
256,90,75,283
257,81,81,286
251,77,94,288
253,74,99,285
259,70,101,290
262,68,103,290
264,66,108,294
271,66,109,295
277,65,111,294
283,65,113,293
290,65,116,294
299,64,117,295
308,62,118,298
320,62,118,299
328,61,123,300
340,61,122,303
348,62,124,304
356,62,123,306
364,63,122,307
369,64,122,309
375,66,122,309
381,67,121,310
386,68,122,312
392,70,121,312
398,71,120,314
403,71,123,314
410,70,124,314
417,70,125,314
425,67,125,317
425,65,133,319
420,64,136,320
423,63,128,321
423,60,129,324
422,60,129,324
421,60,128,324
419,62,127,325
412,60,130,320
410,54,123,329
406,60,123,326
401,61,121,325
397,63,118,329
388,71,116,324
376,75,119,328
366,90,118,322
356,93,117,320
346,96,116,318
337,102,109,316
337,101,108,319
334,103,108,318
331,100,106,315
325,98,106,318
322,96,104,314
316,89,106,316
313,86,102,318
311,81,101,318
306,75,103,323
302,74,104,322
300,71,103,326
295,70,105,328
291,70,108,327
286,69,112,330
281,70,114,331
279,72,113,331
276,75,113,332
272,78,116,335
271,80,119,332
272,83,118,336
270,87,119,332
270,88,119,333
269,88,114,334
268,88,111,334
268,88,108,332
267,84,104,335
266,80,101,339
266,77,98,336
265,73,101,338
265,69,101,339
264,67,102,346
262,64,104,348
260,62,107,348
256,61,112,352
252,61,116,351
244,62,126,353
238,63,139,352
233,65,158,354
228,68,172,351
224,68,183,351
221,69,190,349
218,70,198,348
216,68,202,350
216,65,205,352
214,64,207,352
217,61,203,354
220,58,199,355
224,56,192,355
231,53,181,357
238,50,170,360
245,48,159,361
252,46,149,363
259,44,138,364
260,43,131,364
261,42,123,368
262,42,114,371
262,44,110,370
263,45,107,371
264,47,106,371
265,48,106,371
266,49,105,372
266,51,106,372
265,50,109,372
264,49,110,375
263,48,112,370
264,45,110,374
264,44,110,375
262,42,111,378
257,40,116,378
248,39,130,377
238,36,146,377
226,35,162,376
224,35,168,376
222,34,171,376
220,34,174,376
218,34,178,376
216,33,180,377
217,35,180,376
218,35,178,380
218,36,176,379
218,36,174,379
218,37,172,378
221,37,164,379
225,37,155,380
229,37,145,381
232,37,137,378
236,37,126,378
240,34,121,381
238,32,124,382
237,29,125,385
236,27,127,386
243,25,121,387
258,22,108,389
264,21,102,392
271,20,95,395
277,23,89,393
292,86,74,334
298,84,64,312
305,67,54,327
220,58,74,234
206,66,70,195
192,75,66,154
188,80,31,115
187,23,66,281
188,24,62,353
186,29,74,417
185,36,89,410
182,42,99,407
180,46,113,405
178,47,124,403
177,46,132,401
175,45,140,398
174,39,148,401
173,34,159,402
173,28,157,405
173,26,154,407
173,23,150,409
173,20,153,412
173,19,151,413
173,21,153,413
173,22,153,413
173,26,152,414
173,29,152,412
173,32,152,410
173,35,152,408
173,35,153,409
173,36,153,409
174,36,152,410
174,34,152,410
176,30,156,409
182,29,150,409
183,27,156,410
185,26,155,411
187,25,155,412
191,24,154,412
192,26,155,411
194,27,156,411
195,28,158,411
196,31,159,410
203,31,153,410
217,32,142,411
228,34,134,408
240,33,123,409
251,33,115,408
255,32,109,409
259,32,106,408
261,29,103,411
262,30,102,410
272,29,93,411
279,29,85,410
286,34,79,406
289,42,76,399
290,49,74,392
314,98,50,343
322,101,44,341
206,104,159,337
209,103,50,337
212,35,62,403
214,33,76,404
217,31,74,404
217,32,83,403
217,32,92,403
216,32,103,403
217,32,100,403
218,33,102,402
219,33,103,402
220,33,105,402
221,33,106,402
222,34,108,401
223,34,113,401
224,34,122,401
224,34,130,401
224,34,133,400
224,34,133,401
225,34,132,401
225,33,139,402
225,33,145,403
227,33,146,403
229,33,142,404
230,34,140,404
232,34,152,405
234,34,152,406
235,34,153,407
237,34,153,407
238,34,153,408
239,34,152,408
239,34,152,408
240,34,150,407
240,34,150,407
240,34,150,407
241,34,149,407
241,34,149,407
242,34,148,406
242,35,148,405
242,35,148,405
242,34,149,407
242,34,149,407
241,34,150,407
241,34,150,407
244,33,147,408
243,33,148,408
242,33,149,408
242,33,149,408
242,33,149,408
242,33,149,408
243,33,148,408
243,33,148,408
243,33,148,408
243,33,148,408
244,33,148,408
244,33,148,408
244,33,148,408
244,33,148,408
244,33,148,408
245,33,147,408
245,33,147,408
245,33,147,408
245,33,147,408
246,33,146,408
246,33,146,408
246,33,145,408
