407,17,110,423
406,17,110,423
406,17,109,423
406,16,109,424
405,16,111,424
401,16,115,424
400,16,116,425
398,15,119,426
395,15,123,426
392,15,127,426
392,15,128,426
394,14,127,427
395,14,127,427
396,14,127,427
403,14,121,427
408,13,117,428
407,13,120,428
407,13,121,428
406,13,124,428
406,12,126,429
405,12,129,429
400,12,135,429
397,11,139,430
394,11,141,432
388,10,160,432
385,10,176,432
380,9,192,434
377,10,206,434
374,9,216,438
367,13,230,449
360,31,247,431
355,26,263,437
347,29,279,438
339,30,293,434
334,30,304,436
325,32,315,438
317,30,323,433
309,23,331,434
301,17,339,435
293,11,347,435
285,4,355,437
277,0,363,436
272,0,368,436
267,0,367,433
257,0,378,434
250,0,379,435
245,0,378,436
242,0,374,437
239,0,369,439
236,0,365,440
233,0,361,441
233,0,354,446
233,0,347,448
234,0,341,454
236,0,333,457
236,2,327,463
238,9,322,458
240,10,321,462
243,13,320,460
245,13,316,461
248,13,312,463
251,10,304,463
254,6,297,465
258,4,285,464
261,0,282,466
266,0,276,460
271,0,271,454
274,0,266,453
277,0,261,452
281,0,259,452
286,0,255,451
287,0,254,453
294,0,248,455
300,0,243,457
308,2,235,457
313,0,231,467
323,0,221,472
335,0,210,480
343,1,202,476
359,8,188,468
374,14,174,462
388,19,162,456
403,21,151,459
407,23,151,457
416,22,147,458
424,20,141,460
416,17,148,463
407,13,162,467
399,9,187,471
391,5,219,475
383,1,240,471
376,0,264,468
370,1,270,457
365,0,275,457
360,0,280,457
346,0,294,456
328,1,312,449
317,0,323,451
311,2,329,450
310,4,330,454
308,7,332,457
301,17,339,454
295,23,345,453
286,29,354,448
274,38,366,439
263,45,377,433
260,52,380,428
255,54,385,424
253,40,387,440
249,41,390,435
245,38,394,435
241,36,386,433
237,36,382,430
233,30,375,432
226,24,372,440
219,28,366,428
212,28,360,424
206,29,352,425
197,31,345,422
190,32,336,421
181,43,329,429
216,50,275,422
251,49,226,426
178,56,286,419
173,54,275,424
177,122,260,358
195,125,241,355
208,128,221,352
221,130,196,350
234,141,178,339
238,140,164,340
248,148,148,332
255,147,138,332
262,147,121,331
280,159,70,317
290,166,60,308
299,174,49,299
306,178,42,272
328,352,20,83
307,295,23,144
274,197,24,241
241,99,25,339
208,0,26,438
203,6,33,438
199,11,40,446
193,14,55,447
192,18,60,453
187,25,65,448
185,27,77,449
177,37,91,443
164,47,129,433
154,47,151,433
148,52,162,428
144,52,176,428
143,52,181,428
143,54,189,426
142,50,189,430
141,48,191,432
141,44,189,432
140,40,187,431
139,36,186,431
139,30,189,435
142,26,178,437
133,24,186,438
126,22,190,435
117,21,202,435
113,23,206,429
115,24,210,427
124,26,216,424
128,27,221,423
137,29,216,420
143,32,221,420
149,35,225,420
158,40,222,414
166,43,221,409
166,46,231,404
166,48,235,400
171,49,237,394
177,50,235,393
185,49,230,394
200,47,218,397
209,45,211,397
218,42,203,399
228,40,194,400
237,37,182,404
246,33,171,405
256,30,156,409
265,29,155,411
274,27,151,411
285,27,146,413
293,28,143,414
304,29,134,419
304,30,135,419
289,32,148,422
271,33,164,424
254,32,181,428
247,34,188,428
244,34,192,428
248,33,193,430
257,32,189,430
266,29,185,432
284,26,178,434
302,24,171,436
308,24,164,435
301,23,170,435
297,20,174,439
293,20,179,439
291,20,183,441
289,21,185,441
287,21,187,443
285,22,189,444
284,21,193,444
284,23,191,445
269,22,206,450
252,22,221,449
236,21,229,448
221,20,243,452
216,19,238,451
206,17,242,450
204,17,232,447
208,14,216,447
216,12,197,448
227,8,176,452
237,4,163,470
249,4,179,471
252,0,199,476
226,0,240,478
210,0,262,480
207,0,266,480
204,0,269,480
194,0,280,480
183,0,286,480
181,0,282,480
177,0,279,480
172,0,272,480
170,0,264,480
166,0,250,480
137,0,254,480
110,0,248,480
100,0,237,480
86,0,234,480
79,0,247,480
78,0,256,480
84,0,254,480
96,0,247,478
115,0,234,480
138,0,216,480
160,0,202,480
165,0,204,472
177,0,200,471
181,0,197,462
192,0,188,460
192,0,190,465
196,0,187,460
202,0,183,463
206,0,181,467
207,0,183,469
204,0,200,473
195,0,242,480
168,0,304,480
151,0,344,480
139,0,369,480
128,0,386,480
126,0,390,480
132,0,383,480
142,0,367,480
154,0,348,480
172,0,320,480
182,0,298,480
186,0,286,480
184,28,273,452
179,25,278,455
170,18,288,462
166,21,302,459
158,16,321,464
155,13,338,467
160,10,346,470
170,0,348,480
186,0,339,480
216,0,307,480
256,0,266,480
282,0,230,480
284,0,212,480
286,2,184,478
285,0,167,480
284,0,176,480
283,0,177,480
283,0,169,480
282,0,162,480
281,9,152,471
280,18,148,462
278,26,149,454
273,33,154,447
262,37,154,443
251,37,146,443
242,36,166,444
228,34,189,446
214,29,212,451
185,24,245,456
140,20,284,460
95,15,324,465
64,12,341,466
38,8,346,472
20,5,340,475
9,3,326,477
10,3,299,477
17,3,269,477
19,6,249,470
19,8,241,472
10,12,241,468
0,22,242,458
0,16,226,463
0,17,208,434
0,15,201,322
0,18,177,302
0,84,300,169
0,89,312,389
15,130,312,341
213,110,120,354
177,9,158,459
166,5,167,467
152,1,176,479
120,1,202,479
101,1,221,477
91,1,231,477
92,1,226,477
96,0,220,479
99,0,216,479
103,0,212,479
108,0,212,480
112,0,219,480
120,1,225,479
130,2,234,478
138,3,239,477
143,4,239,476
149,5,239,475
154,6,237,474
160,7,230,473
168,8,212,472
179,9,186,471
189,10,161,470
198,10,164,469
193,9,184,470
178,9,210,469
166,9,240,468
158,9,273,459
157,9,294,460
158,9,306,461
161,7,315,464
169,8,307,464
177,8,298,465
193,9,311,465
214,10,332,466
234,11,343,466
254,10,344,467
277,10,329,467
298,10,311,467
307,7,296,470
312,5,280,472
318,0,256,477
330,0,226,477
355,0,183,477
367,0,156,477
377,0,149,478
384,0,143,478
382,0,137,478
380,0,148,479
381,0,163,479
364,0,193,479
358,0,213,480
352,0,226,480
344,0,236,480
343,0,235,480
343,0,229,480
344,0,222,480
344,0,215,480
348,0,205,480
353,0,191,480
352,0,186,480
342,0,191,480
332,0,195,480
321,0,198,480
315,0,201,480
316,0,207,480
318,0,209,480
320,0,227,480
323,0,237,480
338,0,237,480
348,0,239,480
366,0,238,480
395,0,216,480
404,0,210,480
405,0,213,480
406,0,217,480
402,0,223,480
400,0,225,480
399,0,226,480
400,0,226,480
404,0,224,480
408,0,224,480
412,0,224,480
419,0,221,480
425,0,215,480
439,0,201,480
452,0,188,480
466,0,174,480
480,0,160,480
493,0,147,480
507,0,133,480
521,0,119,480
534,0,106,480
544,0,96,480
549,0,91,480
548,0,92,480
542,0,98,480
537,0,103,480
531,0,109,480
524,0,116,480
517,0,123,480
511,0,129,480
500,0,140,480
486,0,154,480
477,0,163,480
473,0,167,480
470,0,170,480
470,0,170,480
476,0,164,480
481,0,159,480
486,0,154,480
484,0,156,480
483,0,157,480
482,0,158,480
482,0,158,480
479,0,161,480
478,0,162,480
477,0,163,480
480,0,160,480
483,0,157,476
476,0,164,470
469,0,171,467
462,0,178,463
456,0,184,464
446,0,194,463
437,0,203,455
427,0,213,472
418,0,222,474
409,0,231,475
403,0,237,477
397,0,243,480
391,0,249,480
385,0,255,480
384,0,256,480
391,0,249,480
398,0,242,480
407,2,206,478
416,18,173,462
432,24,158,456
439,19,152,461
450,19,141,461
455,18,136,462
462,13,133,467
460,12,137,468
463,4,135,476
464,0,137,480
470,0,133,480
470,0,136,480
470,0,141,480
470,0,147,480
469,0,152,480
470,0,155,480
446,0,187,480
424,0,216,480
403,0,237,480
390,0,250,470
372,0,268,468
364,0,276,470
359,0,281,476
360,8,280,472
362,22,278,458
372,28,268,452
383,33,257,447
386,37,254,443
401,39,239,440
402,41,238,439
400,39,240,441
398,35,242,445
391,32,249,448
389,26,251,454
388,20,236,460
391,14,203,466
410,10,183,467
414,6,178,464
418,2,173,462
433,0,158,459
444,1,143,455
436,0,150,456
432,0,153,446
428,0,155,448
430,3,151,443
431,5,148,445
433,8,144,446
446,12,128,446
459,17,112,446
461,22,104,443
463,24,97,443
457,30,101,439
463,35,93,436
468,161,86,313
474,150,78,319
482,150,68,315
492,154,56,307
385,316,161,140
382,171,170,276
381,29,178,420
376,24,195,420
370,23,198,421
361,19,207,425
356,16,81,428
352,16,96,429
350,16,110,429
343,16,137,431
338,18,138,434
335,19,138,437
329,22,139,435
305,24,155,434
272,26,183,433
250,30,203,432
246,32,212,434
245,33,219,432
247,32,225,435
254,33,222,431
264,30,211,431
276,27,198,432
289,24,186,432
296,18,177,429
310,17,152,428
321,12,135,427
320,11,127,428
304,10,134,429
289,7,154,425
279,4,167,434
270,6,183,427
265,8,194,434
264,9,202,438
276,12,196,436
294,13,187,421
306,0,174,434
306,2,171,435
303,6,167,430
295,4,201,430
292,8,249,424
287,0,279,423
281,0,300,434
276,0,306,434
270,0,318,433
267,0,324,433
258,0,334,403
255,0,342,382
262,0,335,398
264,0,332,417
249,0,346,431
217,0,375,435
212,0,377,459
222,8,364,469
213,39,369,437
220,47,360,428
227,60,341,418
255,68,299,409
299,70,233,405
307,71,191,402
314,65,174,406
326,59,173,410
346,50,180,412
365,40,184,418
373,30,204,422
377,21,220,421
384,15,225,423
383,10,234,423
386,8,239,425
393,6,240,428
402,8,236,426
404,14,234,419
406,20,232,415
410,27,213,411
414,35,223,410
424,43,216,407
433,50,207,406
441,59,199,400
450,64,190,395
457,67,183,394
464,70,176,393
471,71,169,391
480,73,160,389
487,70,153,392
498,70,142,392
513,67,127,396
530,62,110,401
546,58,94,399
564,54,76,397
572,52,68,394
575,50,65,390
579,47,61,389
582,44,58,388
586,42,54,386
589,43,51,379
593,44,47,372
595,49,45,369
597,55,43,366
600,66,40,355
602,81,38,344
604,88,36,340
589,68,51,364
579,62,61,370
572,62,68,376
563,67,77,373
556,66,84,375
544,69,96,373
533,68,107,371
521,67,119,369
510,66,130,367
498,63,142,367
488,63,148,366
479,61,145,363
469,51,147,350
466,35,147,368
469,35,138,364
467,30,138,362
461,24,135,368
456,26,135,361
445,20,137,357
434,17,133,361
428,22,141,355
416,22,153,354
407,25,156,353
393,31,161,347
386,33,156,345
378,35,155,348
370,44,147,345
362,49,139,343
351,58,129,341
342,66,115,342
335,77,99,359
337,107,91,334
334,112,90,329
327,116,91,334
320,125,95,325
324,124,90,330
318,129,96,326
317,126,97,321
309,121,103,325
298,121,112,315
284,111,123,318
270,102,134,319
258,92,143,320
246,80,149,323
234,70,156,324
225,60,161,325
220,50,168,323
219,42,172,323
219,28,174,329
222,21,172,328
225,10,168,330
231,2,161,332
236,0,153,332
244,0,143,332
255,0,131,332
266,0,119,334
270,0,114,338
265,4,117,340
261,8,120,342
256,15,124,341
251,24,127,342
248,34,128,342
246,46,130,340
248,57,126,339
248,70,124,341
240,81,128,339
234,92,129,337
228,101,129,337
224,110,125,338
222,113,126,342
221,116,125,337
222,118,121,345
225,119,116,342
226,117,112,346
228,114,110,348
225,107,109,353
222,100,110,357
227,92,109,361
232,85,108,360
236,77,108,360
240,73,112,360
244,72,109,352
244,75,106,342
240,83,124,329
236,79,124,327
214,77,137,325
195,116,140,282
177,103,158,295
159,97,152,305
145,96,142,301
130,97,144,292
121,97,147,299
113,97,348,306
108,98,355,312
105,81,358,337
112,49,351,372
105,56,358,369
105,57,354,376
107,60,345,381
108,62,334,387
113,56,315,392
123,53,288,392
138,48,251,389
256,42,111,388
250,36,104,392
249,31,102,399
243,28,103,402
237,26,106,402
231,24,109,405
225,27,108,407
219,30,107,408
208,36,109,409
198,39,114,411
187,49,120,403
185,52,117,406
179,56,122,406
164,58,134,404
149,58,144,406
136,59,153,404
124,57,172,405
126,56,180,404
134,55,180,396
138,50,182,400
158,51,169,398
188,49,147,399
208,49,135,397
220,48,131,397
236,46,121,398
242,47,133,395
250,48,150,393
259,50,166,391
267,51,177,389
274,52,185,388
279,48,193,391
286,51,193,388
287,54,199,386
276,55,212,384
270,57,216,381
264,58,213,379
262,58,197,376
262,58,173,376
270,55,167,379
282,51,162,380
292,48,164,388
291,51,175,385
295,46,180,390
298,44,187,392
303,42,189,394
314,38,186,398
327,37,177,399
339,34,170,405
351,34,159,403
361,34,148,407
366,33,144,409
366,32,150,414
363,32,160,419
361,32,169,423
361,32,174,428
367,32,174,432
379,32,169,436
394,33,161,433
386,33,172,433
385,32,173,429
387,32,175,428
390,31,193,428
396,30,226,428
398,28,242,429
399,26,241,430
401,24,239,431
402,22,238,432
405,21,235,428
415,18,220,430
417,17,215,428
418,17,195,426
420,17,164,428
420,16,131,431
391,15,139,436
370,14,158,440
350,13,175,444
334,13,189,442
324,14,195,444
318,13,200,447
315,11,200,452
317,9,196,456
324,8,185,463
333,6,172,467
353,5,147,475
362,3,132,477
359,4,132,476
350,1,140,479
343,1,143,479
335,1,150,479
327,1,156,479
324,1,158,479
321,1,160,479
295,1,184,479
276,0,201,480
268,0,208,480
268,0,260,480
275,0,296,480
287,0,322,480
269,0,363,480
250,0,390,480
238,0,402,480
236,0,404,480
226,0,408,480
225,0,401,480
227,0,391,480
230,0,380,480
232,0,368,480
247,0,338,480
248,0,311,480
243,0,277,480
218,0,255,480
199,0,236,480
182,0,248,480
170,0,253,480
167,0,255,480
165,0,249,480
159,0,246,480
154,0,229,477
152,0,213,480
160,0,198,477
157,0,188,473
157,0,182,472
152,0,188,468
124,0,209,474
102,0,218,472
81,0,234,461
75,0,236,452
76,0,233,454
83,0,223,458
80,0,224,467
74,0,226,469
68,0,226,467
71,0,219,480
74,0,203,480
77,0,188,480
80,0,176,477
83,0,158,480
81,0,144,480
79,0,135,480
77,0,127,480
75,0,124,480
74,0,118,480
81,0,102,480
72,19,106,461
97,41,77,439
99,40,72,440
43,9,124,471
0,6,165,474
0,5,75,475
0,3,88,477
0,2,92,478
0,1,91,479
0,1,85,476
0,1,97,475
0,1,114,472
0,1,124,469
0,1,133,466
0,1,137,467
0,1,124,468
0,1,112,470
0,1,98,471
0,1,84,472
0,1,72,474
0,1,64,479
0,1,60,479
0,1,60,479
0,1,65,479
0,3,70,476
0,5,76,474
0,4,81,474
0,3,87,475
0,0,88,477
0,0,96,476
0,0,104,478
0,0,112,480
0,0,118,480
0,0,119,480
0,0,122,477
0,0,129,473
0,0,135,470
0,0,142,467
0,0,148,464
0,0,154,462
0,0,160,458
0,0,168,454
0,0,178,453
0,0,187,452
8,0,189,452
19,0,188,452
31,0,185,452
43,0,184,449
57,0,178,454
71,1,174,454
84,2,171,454
98,3,167,453
112,4,163,453
125,6,160,452
128,6,165,450
128,10,172,444
131,9,176,439
133,10,178,437
138,8,179,434
143,6,186,436
151,5,193,436
159,3,199,438
167,2,205,438
174,0,212,440
184,1,217,439
194,2,221,438
205,2,225,434
217,4,225,432
228,6,230,431
237,5,234,433
246,8,236,431
254,9,244,443
261,17,248,458
261,44,251,432
256,38,260,440
253,42,259,438
254,44,255,436
253,37,253,443
254,39,242,436
259,31,220,444
269,23,193,446
279,16,165,447
295,8,148,449
315,0,135,451
307,0,147,446
298,0,161,441
292,0,175,437
282,0,189,438
269,0,203,436
262,0,213,438
262,0,213,438
266,1,215,440
277,1,209,443
280,1,217,446
288,0,216,449
296,0,215,455
281,0,227,480
272,15,234,465
272,16,230,464
271,20,222,460
295,27,190,453
292,25,181,455
259,24,205,456
226,23,237,457
190,8,318,472
160,3,378,477
127,0,435,476
108,0,469,480
94,0,492,476
92,0,498,477
106,0,478,474
131,0,444,476
157,0,408,478
182,0,374,480
184,0,360,478
178,0,356,480
177,0,354,478
180,0,358,476
176,0,375,471
174,0,388,464
208,0,366,464
206,0,383,464
204,0,164,464
201,0,167,464
40,0,325,466
14,0,349,467
12,0,350,473
0,0,355,474
0,0,347,472
31,0,319,480
17,0,337,480
19,0,342,480
27,0,342,480
60,0,315,480
77,0,303,480
81,0,302,480
109,0,297,480
112,0,330,480
122,0,355,480
136,0,356,480
143,0,358,480
151,0,348,480
144,0,346,480
138,0,342,480
121,0,340,480
111,0,337,480
99,0,327,480
96,0,307,480
87,0,293,480
49,0,307,480
24,0,309,480
19,0,304,480
6,0,320,480
9,0,325,480
30,0,314,480
63,0,290,480
103,0,257,480
115,0,256,480
94,0,286,480
81,0,307,480
73,0,335,480
76,0,378,480
87,0,390,480
99,0,397,480
112,0,395,480
128,0,385,480
144,0,377,480
154,0,369,480
160,0,366,480
162,0,366,480
166,0,360,480
171,0,356,480
182,0,336,480
196,0,308,480
208,0,261,480
226,0,209,480
242,1,195,479
249,1,190,479
220,0,216,480
190,0,251,480
178,0,277,480
174,0,290,480
174,0,301,480
181,0,307,480
195,0,300,480
212,1,300,479
235,1,298,479
256,1,288,479
274,1,278,479
287,2,273,478
294,2,274,478
292,2,274,478
285,3,277,477
276,3,283,477
265,3,284,477
254,2,285,478
249,2,280,478
247,2,275,478
249,7,259,473
242,36,237,444
239,34,221,446
244,35,215,445
262,42,199,438
279,42,179,438
302,63,154,417
295,61,161,419
290,56,162,424
280,48,173,432
260,47,211,433
241,42,248,438
220,31,278,449
203,14,304,466
185,5,326,475
168,0,343,480
146,0,362,480
130,0,372,480
113,0,379,480
97,0,385,480
81,1,391,479
65,1,396,479
41,1,414,479
27,1,422,479
14,1,429,479
0,1,437,479
0,1,427,479
0,1,422,479
0,1,410,479
0,1,404,479
0,1,401,479
0,1,397,479
0,1,397,479
6,1,392,479
24,1,371,479
42,1,347,479
66,0,314,480
95,0,289,480
129,0,254,480
164,0,218,480
191,0,186,480
197,0,169,480
196,0,158,480
197,0,155,480
196,0,157,480
193,0,169,480
181,0,186,480
175,0,196,480
175,0,200,480
176,0,201,480
184,0,198,480
197,0,190,480
210,0,182,480
223,0,179,480
233,0,175,480
240,0,173,480
248,1,167,478
248,3,167,477
250,7,175,473
248,7,187,473
244,7,244,472
243,8,248,472
242,7,248,473
243,7,243,473
243,7,238,470
246,7,230,466
248,7,220,467
252,10,220,462
257,12,229,459
262,15,240,458
267,18,251,458
276,22,256,455
282,24,265,454
292,27,267,451
301,29,270,450
311,32,272,448
316,32,278,448
320,34,283,444
315,38,290,442
311,42,297,436
304,41,308,439
302,43,315,434
304,41,317,429
303,41,317,424
300,39,314,426
296,36,311,429
294,37,304,417
292,34,294,409
294,34,275,405
297,34,249,408
298,43,220,396
302,51,199,393
310,47,187,401
320,51,174,398
332,49,158,399
330,49,157,412
317,63,170,399
312,62,175,393
310,56,177,401
307,57,180,396
308,53,179,397
309,50,178,396
309,43,174,397
311,34,170,406
305,30,164,406
289,23,173,409
272,18,180,412
262,14,181,415
254,10,180,421
253,9,169,421
254,8,155,424
261,11,138,424
262,12,124,426
267,16,115,424
272,19,108,424
261,23,116,423
257,29,142,421
261,36,124,418
263,40,111,417
261,45,108,415
258,45,100,416
256,46,87,416
252,46,68,386
240,45,66,381
227,167,67,259
224,168,210,257
218,160,222,249
215,147,223,82
214,149,223,228
211,166,226,221
212,138,230,268
216,19,234,384
347,1,112,397
224,1,244,395
340,2,140,393
349,0,144,393
353,0,167,393
355,0,179,385
350,0,190,385
344,0,201,387
335,0,213,383
334,0,221,386
337,0,227,387
355,0,216,386
374,0,204,389
393,0,192,391
414,0,179,392
434,0,166,393
454,0,154,394
475,0,141,419
495,23,139,414
525,36,115,413
545,38,95,425
559,50,81,411
566,58,74,400
568,71,72,388
577,79,63,375
586,95,54,355
583,92,57,351
580,89,60,346
577,86,63,342
574,94,66,324
570,86,70,324
568,82,72,318
566,83,74,311
564,85,76,300
567,84,73,298
569,75,71,298
565,62,75,308
575,59,65,306
585,59,55,311
601,59,39,307
615,59,25,314
615,59,25,303
615,58,25,292
615,58,25,281
615,58,25,269
614,58,26,258
614,58,26,246
614,58,26,235
614,58,26,224
614,58,26,212
613,58,27,201
613,58,27,189
613,58,27,178
613,58,27,166
613,58,27,155
612,58,28,144
600,63,40,145
588,68,52,147
572,82,68,136
559,90,81,336
559,114,81,326
560,127,80,316
567,145,73,301
574,144,66,305
572,139,68,307
570,135,70,309
562,130,78,312
549,124,91,306
538,104,102,325
531,77,109,351
531,64,109,363
532,56,108,367
533,51,107,373
534,49,106,376
537,0,103,430
537,0,103,436
514,0,126,441
492,0,148,447
474,0,166,452
458,0,182,458
446,0,194,463
443,0,197,463
445,0,195,468
447,0,193,480
460,7,179,469
481,1,159,475
506,0,134,477
518,0,122,477
509,0,131,478
503,0,137,478
491,4,149,475
487,3,153,476
478,0,162,480
469,0,160,480
459,1,162,479
449,0,168,480
439,0,171,480
431,1,172,479
424,0,192,480
415,0,206,480
407,0,211,480
393,0,216,480
382,4,210,476
344,8,226,472
305,8,242,472
273,8,249,472
249,8,259,472
223,10,267,470
208,12,262,468
196,11,258,469
186,10,258,470
176,9,249,471
171,8,247,472
172,7,244,473
184,8,231,472
200,9,213,471
214,10,216,470
237,11,210,469
270,12,192,468
288,13,194,467
294,14,200,466
291,15,210,465
294,16,210,464
294,18,205,462
294,16,195,464
297,18,183,462
298,16,180,464
303,15,198,465
306,15,202,465
312,13,210,467
318,12,208,468
320,10,206,470
321,9,204,471
322,7,204,473
323,6,227,474
318,6,248,474
322,0,250,480
327,0,241,480
334,0,230,480
342,0,207,480
351,0,180,480
361,0,154,480
349,0,177,480
328,0,210,480
315,0,233,480
307,0,250,480
303,0,264,480
303,0,271,480
306,0,281,480
312,0,295,480
319,0,315,480
333,0,307,480
354,0,286,480
374,0,266,480
408,0,232,480
453,0,187,480
462,0,178,480
460,0,180,480
463,0,177,480
466,0,174,480
467,0,173,480
471,0,169,480
482,0,158,480
493,0,147,480
507,0,133,480
523,0,117,480
539,0,101,480
561,0,79,480
559,0,81,480
556,0,84,480
553,0,87,480
549,0,91,480
545,0,95,480
534,0,106,480
524,0,116,480
513,0,127,480
503,0,137,480
493,0,147,480
479,0,161,480
469,0,171,480
459,0,181,480
455,0,185,480
450,0,190,480
450,0,190,480
439,0,201,480
428,0,212,480
421,0,219,480
413,0,227,480
410,0,230,480
409,0,231,480
414,0,226,480
423,0,217,480
435,0,205,480
447,0,193,480
460,1,180,479
472,2,168,478
473,2,167,478
466,0,174,480
460,5,180,475
453,7,187,473
448,12,192,468
436,10,204,470
425,10,215,470
414,8,202,472
400,6,190,474
393,0,177,476
387,0,177,469
388,0,170,462
401,0,151,455
369,0,181,454
369,0,177,452
369,0,181,449
369,0,182,446
369,5,175,440
370,6,168,440
371,12,155,434
375,102,138,342
373,0,122,438
372,4,109,437
374,7,95,432
376,11,82,425
372,15,75,423
371,20,58,361
359,44,77,349
372,74,63,273
385,104,48,196
398,134,34,119
294,156,160,301
299,163,174,295
300,25,197,432
299,23,173,433
301,22,61,433
302,20,66,434
304,18,71,436
291,17,95,437
278,16,119,438
267,16,143,437
262,15,162,437
256,15,182,436
249,19,203,431
244,19,216,433
243,20,227,434
243,21,234,435
243,21,242,437
243,21,238,436
247,20,227,439
250,20,215,438
254,19,201,439
252,19,184,438
251,18,160,439
247,18,164,438
246,18,162,437
243,17,164,438
244,17,155,437
242,15,150,440
229,15,155,441
214,16,163,439
201,16,172,439
192,17,178,439
181,17,184,440
178,20,179,460
165,47,191,433
164,56,185,424
162,51,184,429
157,55,187,425
157,53,187,427
157,51,185,429
157,48,184,432
157,33,180,447
161,26,174,445
162,20,166,442
162,10,158,443
163,4,149,439
163,0,141,434
161,0,136,435
145,0,146,444
137,0,151,443
128,0,171,448
122,0,190,450
116,0,206,454
113,0,218,456
114,0,224,445
109,0,239,432
104,0,247,440
102,0,247,439
106,0,246,442
117,0,235,446
125,0,223,443
133,0,201,448
139,0,184,452
147,0,179,452
160,0,165,462
167,0,157,465
172,0,151,466
183,0,139,472
175,1,146,473
163,0,155,478
151,1,163,477
144,1,167,479
137,6,173,473
133,7,180,473
132,7,184,473
132,8,186,472
133,5,189,469
136,4,191,468
139,0,197,471
149,0,195,468
155,0,197,463
157,0,202,462
164,0,202,461
172,0,198,461
178,0,194,460
185,0,191,459
194,0,182,458
201,0,175,458
209,0,159,457
211,0,153,456
212,0,145,454
214,0,136,453
212,1,126,458
212,2,115,459
215,0,118,467
208,2,128,465
193,5,147,463
178,6,170,462
168,6,187,458
165,6,198,456
170,5,202,451
177,5,204,455
183,4,204,454
192,3,205,455
205,0,198,453
212,0,195,453
219,0,191,454
234,0,178,458
242,0,170,458
252,0,158,460
250,0,159,461
240,0,162,464
229,0,168,463
219,0,172,465
215,0,170,464
212,0,180,465
214,0,185,465
217,0,192,463
221,0,197,463
226,0,197,460
233,0,195,457
241,1,193,453
250,1,191,450
250,4,196,444
254,2,204,444
251,2,211,441
249,0,217,443
248,0,216,441
247,0,216,439
247,0,212,437
247,0,211,435
246,0,207,427
244,0,204,423
238,0,201,424
233,0,208,424
230,0,216,424
233,0,219,424
238,0,220,424
246,0,219,424
262,0,213,427
278,0,206,428
288,0,207,430
299,0,208,431
299,2,219,430
307,4,223,433
320,16,218,422
341,15,212,421
372,11,186,428
400,15,163,423
410,11,156,428
420,12,140,432
430,14,135,428
442,8,126,432
451,6,127,432
456,2,133,434
460,1,138,433
466,0,140,432
473,0,140,434
476,0,143,430
481,0,143,428
485,0,141,432
492,0,144,435
499,0,141,441
508,0,132,444
517,0,123,448
523,0,117,451
528,0,112,453
527,1,113,460
523,7,117,461
522,9,118,454
522,12,118,447
522,15,118,440
525,14,115,437
529,14,111,433
527,16,113,426
524,15,116,423
521,14,119,420
517,13,123,421
514,13,126,421
511,14,129,419
511,8,129,409
511,0,129,418
508,0,132,420
503,0,137,415
498,0,142,420
492,3,148,417
487,6,153,414
483,10,157,419
479,22,161,411
470,28,170,409
462,40,178,402
450,50,190,396
442,58,183,395
419,68,188,385
394,73,199,384
376,80,191,376
361,83,181,372
351,86,191,364
344,90,195,356
338,90,199,351
332,93,202,344
325,97,207,330
322,100,185,324
321,117,158,303
318,121,148,296
332,145,114,275
319,195,121,215
313,198,109,216
304,188,103,224
291,192,98,207
284,184,87,229
276,191,187,238
271,204,185,204
261,219,188,180
255,220,186,174
356,224,77,232
358,221,84,234
351,217,93,236
345,212,101,239
338,207,111,236
331,201,122,241
322,195,137,244
314,188,150,248
303,183,166,252
296,176,179,259
290,172,191,262
290,167,197,267
282,161,209,273
278,156,219,281
274,149,226,291
276,143,231,300
280,141,230,304
285,136,228,312
292,134,225,317
298,132,219,322
304,133,216,323
317,134,207,325
328,138,203,322
332,142,205,318
337,147,204,311
337,153,211,304
338,156,216,299
338,158,223,295
339,160,229,291
339,160,236,290
340,159,242,289
340,158,248,288
342,154,252,292
347,151,252,294
353,146,253,299
361,140,251,305
369,136,251,308
377,131,247,308
388,127,242,313
397,122,239,314
411,116,229,320
422,112,218,331
421,108,219,336
413,107,227,341
407,108,233,341
403,108,235,342
404,110,230,339
404,113,227,338
402,116,226,336
398,122,227,332
388,123,233,332
378,129,240,328
371,134,244,322
363,136,253,319
355,138,260,317
349,138,264,316
341,135,269,318
334,132,270,320
325,126,273,326
317,120,273,331
307,111,272,340
300,102,269,348
297,93,262,359
297,83,251,370
297,74,243,380
299,64,234,391
301,56,223,393
305,31,213,397
304,3,208,426
312,2,197,428
323,1,194,424
320,0,197,420
320,0,199,421
313,0,205,422
308,0,207,423
302,0,210,424
294,0,215,429
286,0,217,434
276,0,215,439
267,0,211,444
260,0,206,449
254,6,199,448
252,12,190,444
258,18,175,440
261,22,165,443
265,24,150,445
270,25,137,446
266,24,132,448
258,22,141,451
248,20,149,446
238,16,160,450
237,18,189,460
240,38,219,442
234,36,236,431
230,31,246,437
223,31,257,433
219,27,259,440
218,31,259,437
217,29,253,435
221,28,260,439
226,32,274,435
230,32,287,440
232,34,303,437
232,27,319,446
228,22,330,452
223,22,340,450
220,23,348,448
213,26,362,448
210,32,364,441
203,34,372,436
196,34,377,433
189,34,382,430
187,32,380,433
182,30,375,431
183,28,371,434
186,28,361,436
187,25,352,441
188,27,341,436
188,28,327,438
189,27,313,442
190,29,299,443
190,32,286,442
191,34,264,441
192,36,242,439
193,38,221,438
194,41,216,435
199,40,209,437
205,38,201,432
214,35,192,429
222,33,182,425
229,31,174,421
239,27,162,419
244,24,151,421
245,21,145,426
245,20,141,426
245,18,135,428
244,18,124,430
241,21,121,430
231,21,128,434
214,26,143,433
200,30,152,433
191,34,157,433
179,40,163,432
176,43,160,434
184,48,147,432
178,51,149,428
169,53,156,427
162,54,162,426
158,50,184,428
155,48,221,429
157,45,245,431
168,42,255,431
174,37,266,433
184,33,267,435
194,33,268,433
198,32,267,436
202,32,270,430
203,24,275,411
196,16,283,420
189,0,289,430
198,0,279,416
246,0,233,416
245,0,228,415
250,11,209,398
261,20,176,392
290,33,129,382
287,48,99,373
314,116,56,312
323,115,32,312
338,138,11,288
208,145,95,256
225,155,56,237
241,165,17,219
245,81,71,389
245,84,62,387
246,86,71,385
247,86,85,374
245,82,83,381
244,77,94,380
248,72,99,379
246,67,110,378
246,62,115,379
243,56,122,378
237,52,135,378
214,48,171,378
190,45,222,374
178,43,248,373
168,41,267,373
163,43,265,373
159,44,288,374
159,48,288,372
157,51,291,371
158,57,289,368
158,63,247,368
158,67,263,365
159,70,283,369
164,80,272,384
174,105,265,365
190,106,241,365
209,109,204,364
231,108,160,367
259,108,119,368
273,109,111,365
278,102,112,366
266,96,132,365
260,86,149,368
267,74,157,369
279,64,156,372
292,52,158,376
307,42,155,381
314,34,154,384
318,25,156,388
322,19,154,390
328,15,158,392
342,10,148,397
345,10,153,398
346,9,160,400
322,11,190,406
307,13,215,407
303,18,253,409
304,22,278,416
310,28,298,421
320,35,305,426
333,40,307,429
347,45,293,435
358,48,282,432
366,48,274,432
377,48,263,432
384,46,256,434
387,44,253,436
392,37,248,436
403,31,237,444
420,24,220,442
448,18,192,445
481,11,159,449
508,5,132,451
511,0,129,454
512,0,128,452
513,0,127,453
514,0,126,454
515,0,125,455
516,0,124,456
519,0,121,459
522,0,118,463
524,0,116,465
528,0,112,470
529,2,111,473
522,3,118,477
518,9,122,471
511,9,129,471
503,10,137,470
495,10,145,470
473,9,167,471
445,8,195,471
425,6,215,474
413,1,227,479
403,0,237,479
401,0,239,478
398,0,242,477
396,0,244,475
393,0,247,474
383,0,257,473
376,0,264,474
366,0,274,474
357,0,283,475
346,0,294,476
341,0,278,477
340,0,255,477
342,0,221,478
334,0,196,479
324,0,186,479
313,0,183,480
301,0,183,480
288,0,183,480
279,0,181,480
270,0,179,480
266,0,172,480
263,0,174,480
261,0,174,480
258,0,175,480
256,0,175,480
253,0,177,480
253,0,175,480
256,0,174,480
253,0,177,480
251,0,199,480
232,0,244,480
218,0,276,480
206,0,304,480
197,0,313,480
191,0,308,480
189,0,300,480
184,0,268,480
179,0,271,480
177,0,271,480
176,0,270,480
176,0,259,480
179,0,240,480
187,0,366,480
200,0,342,480
217,0,168,480
245,0,127,480
281,142,50,338
288,112,47,368
184,103,54,377
454,301,38,179
452,177,49,303
450,127,57,353
448,121,69,359
447,29,80,451
444,0,93,480
436,0,112,480
427,0,130,480
418,0,147,480
409,0,165,480
397,0,185,480
385,0,204,480
381,0,215,480
377,0,238,480
376,0,240,480
355,0,263,480
356,0,262,480
356,0,262,480
356,0,261,480
356,0,260,480
356,0,259,480
356,0,256,480
356,0,253,480
355,0,250,480
355,0,246,480
353,0,245,480
350,0,245,480
348,0,244,480
325,0,315,480
310,0,330,480
304,0,336,480
301,0,339,480
304,0,336,480
308,0,332,480
312,0,328,480
317,0,323,480
320,0,320,480
319,0,321,480
315,0,325,480
310,0,330,480
305,0,335,480
300,0,340,480
299,0,341,480
301,0,339,480
309,0,331,480
322,0,318,480
340,0,281,480
356,0,246,480
356,0,238,480
354,0,238,480
354,0,237,480
