325,0,176,451
320,0,184,453
315,0,191,455
313,0,193,456
311,0,194,458
310,0,194,460
309,0,195,462
311,0,192,464
313,0,188,466
314,0,186,468
311,1,184,468
311,1,181,468
310,1,179,468
312,1,174,468
313,0,170,469
316,0,166,469
318,0,161,470
320,0,156,461
324,0,148,469
328,0,140,469
328,0,136,468
327,0,133,468
326,0,134,470
325,0,135,468
323,0,137,466
321,0,140,470
319,0,143,470
316,0,145,470
314,0,152,470
309,0,169,470
308,0,179,470
309,0,185,469
302,0,197,469
304,0,198,469
306,0,198,469
308,0,194,469
310,0,191,469
312,0,186,469
314,0,182,469
316,0,177,469
320,0,169,469
324,0,164,468
327,0,159,467
329,0,158,469
333,0,153,468
337,0,150,467
340,0,152,466
344,0,150,465
348,0,151,464
351,0,153,463
355,0,153,462
358,0,154,462
361,0,154,462
365,0,153,462
367,2,156,463
369,5,158,462
371,7,161,462
373,10,172,466
375,25,176,448
377,18,194,452
379,21,195,446
381,18,197,446
383,9,196,454
384,8,194,453
385,0,194,460
384,0,196,459
385,0,196,457
386,0,196,456
387,0,195,454
392,0,191,453
396,0,188,452
400,0,185,450
400,0,186,449
403,0,184,454
406,0,183,460
410,0,180,465
416,0,185,471
422,0,189,478
432,0,187,478
442,0,185,479
451,0,184,480
464,0,176,480
482,0,158,480
488,0,152,480
494,0,146,480
499,0,141,480
501,0,139,480
503,0,137,480
505,0,135,480
505,0,135,480
506,0,134,480
506,0,134,480
503,0,137,480
499,0,141,480
495,0,145,480
491,0,149,480
487,0,153,480
489,0,151,480
490,1,150,479
481,1,159,479
472,1,164,479
469,1,157,479
470,1,149,479
467,1,152,479
464,1,155,479
459,1,161,479
451,1,168,479
441,1,159,479
432,0,144,471
422,0,129,462
413,0,132,454
410,0,121,426
409,0,95,432
411,0,67,430
407,218,43,201
419,191,47,236
437,159,49,275
455,128,50,314
473,96,52,353
491,64,54,392
509,32,55,432
527,0,57,471
499,1,76,479
475,0,88,480
451,0,100,480
427,7,113,473
402,9,146,471
388,14,164,466
392,17,169,463
408,32,165,448
413,48,167,432
422,47,166,433
423,44,172,435
425,45,173,434
430,39,176,439
427,39,182,439
429,31,183,446
433,24,181,453
436,16,181,460
437,8,183,468
438,1,184,474
438,1,186,468
438,1,188,462
442,1,186,458
440,1,188,454
442,1,186,453
444,1,188,451
448,1,182,454
456,1,174,457
464,1,164,460
472,1,156,464
483,1,140,465
484,1,139,472
484,1,139,479
476,1,141,479
474,0,141,480
472,0,141,480
469,6,160,474
467,6,171,474
461,7,179,473
455,6,183,473
447,5,193,473
443,0,197,480
434,0,206,480
425,0,209,476
416,0,212,473
402,0,216,471
389,0,214,466
380,0,214,463
375,0,209,461
377,0,198,461
378,0,188,461
380,0,176,460
389,0,161,463
396,0,164,465
400,0,165,468
393,0,177,472
393,0,189,480
391,0,196,480
392,0,197,480
394,0,197,480
397,0,197,480
399,1,195,476
412,1,184,479
414,1,183,479
425,1,172,385
429,1,167,362
441,0,155,342
450,1,145,326
462,0,142,305
487,0,123,284
512,0,102,276
537,0,82,242
566,44,63,193
556,46,58,194
540,50,49,192
525,54,40,189
510,59,31,186
494,63,23,184
504,54,33,197
511,0,54,299
521,0,60,311
527,0,71,479
533,0,82,480
542,0,97,480
550,0,90,479
558,0,82,480
566,0,74,480
572,0,68,480
579,1,61,445
588,12,52,280
595,84,45,170
608,143,32,110
617,199,23,57
617,198,23,58
617,197,23,59
617,196,23,59
616,195,24,60
616,193,24,62
616,192,24,63
616,191,24,64
615,190,25,64
615,189,25,65
615,188,25,66
615,187,25,67
614,186,26,67
614,185,26,68
614,184,26,69
614,183,26,70
613,182,27,70
613,180,27,72
613,179,27,73
613,178,27,74
612,177,28,75
612,176,28,75
612,175,28,76
612,174,28,77
612,173,28,78
597,144,43,221
582,115,58,365
568,66,72,414
553,0,87,480
539,0,101,480
524,0,116,480
509,0,131,480
493,0,147,480
473,0,167,480
456,0,168,480
443,0,159,480
428,0,158,480
410,0,160,480
374,0,180,480
338,0,198,480
316,0,203,480
294,0,209,480
272,1,215,479
250,1,220,479
245,1,212,478
229,1,218,478
217,0,221,478
205,0,219,478
208,0,221,473
214,0,218,474
213,0,216,476
214,0,209,465
211,0,205,462
210,0,195,464
212,0,183,466
212,0,172,468
200,0,165,470
189,0,165,472
176,0,158,473
169,0,150,480
164,0,151,480
160,0,153,480
158,0,156,480
157,0,158,480
155,1,161,479
154,1,163,479
152,1,166,479
155,18,168,462
159,18,169,462
162,16,166,464
165,15,168,465
168,8,167,472
171,6,179,474
172,0,180,480
178,0,177,480
182,0,166,480
182,0,163,480
176,0,161,480
162,0,159,480
157,0,150,480
141,0,144,480
122,0,159,480
105,0,170,480
90,0,179,480
81,0,186,480
72,0,191,480
52,0,210,480
32,0,228,480
30,0,229,480
28,0,228,480
33,0,221,480
46,0,208,480
50,0,208,480
91,0,171,480
109,0,155,480
115,0,160,480
124,0,145,480
127,0,135,480
129,0,129,480
130,0,122,480
131,0,122,480
128,0,121,480
127,0,119,480
128,0,120,480
129,0,121,480
124,0,131,480
123,0,133,480
124,0,130,480
125,0,127,480
121,0,130,480
118,0,131,479
89,0,154,479
80,0,157,478
81,0,151,478
82,0,145,478
90,0,132,479
97,0,119,477
102,0,110,480
106,0,107,480
112,0,212,480
165,0,166,471
167,0,169,465
170,0,172,458
170,0,174,452
181,9,165,431
184,14,160,430
293,94,48,348
288,52,52,391
271,26,67,423
253,0,83,455
255,0,79,464
256,0,77,468
257,0,81,464
258,0,84,463
258,0,88,467
259,0,94,474
260,0,100,480
260,0,107,480
260,0,118,480
253,0,133,480
255,0,138,480
257,0,143,480
261,0,148,480
266,0,153,480
267,0,158,480
274,0,158,480
281,0,158,480
288,0,157,480
296,3,152,477
303,6,148,474
311,8,143,472
318,13,134,467
324,13,124,467
330,13,119,461
336,13,120,460
341,13,121,467
344,25,122,455
338,35,135,444
324,35,149,444
321,35,161,443
317,35,176,443
310,26,183,450
300,21,188,452
300,19,191,443
300,7,191,454
300,5,191,457
300,2,194,451
300,0,194,452
300,0,193,448
299,0,194,448
299,0,193,446
304,0,188,451
299,0,192,456
304,0,182,461
305,1,172,465
301,1,167,469
291,0,171,477
280,1,170,479
274,8,169,472
257,7,178,473
252,10,174,470
245,11,172,469
240,9,171,471
236,9,169,471
233,7,170,473
230,4,171,476
227,2,171,478
224,0,171,480
226,0,160,480
226,0,161,479
225,0,163,479
227,0,163,479
226,0,164,480
225,0,166,479
224,0,166,478
222,0,166,478
221,0,166,477
222,1,161,475
218,2,159,470
214,0,156,468
210,1,151,466
206,3,145,462
202,4,135,464
198,5,129,462
194,7,127,467
187,6,128,470
183,5,131,473
180,0,132,474
161,0,152,470
147,0,166,466
134,0,178,461
123,0,187,457
129,0,177,457
136,0,165,458
143,0,153,458
146,0,150,458
148,0,148,459
151,0,146,459
146,0,151,460
139,0,156,459
134,0,161,458
129,0,169,460
133,0,165,459
130,0,164,458
138,0,150,456
145,0,136,451
152,0,124,434
150,0,128,420
148,0,127,419
145,0,125,417
141,0,123,415
137,0,121,413
133,0,120,411
129,0,118,409
128,72,59,321
116,105,58,302
117,75,57,342
109,34,92,382
121,0,74,381
123,0,91,383
131,0,102,407
133,0,114,411
133,0,134,411
140,0,138,412
142,0,137,414
143,0,138,415
144,0,139,416
145,0,139,417
150,0,140,421
156,9,139,413
160,14,139,414
166,22,140,413
173,44,143,408
180,65,146,385
179,64,146,397
183,72,142,390
181,75,149,384
181,74,148,389
174,80,151,385
172,74,153,385
171,69,155,384
173,64,153,381
169,55,156,382
167,46,157,383
159,35,161,381
156,20,163,390
152,12,166,389
145,4,171,387
142,0,171,383
139,0,173,378
136,0,174,369
133,0,176,366
132,0,177,363
132,2,174,366
135,3,167,364
136,0,161,369
139,0,154,374
143,0,147,382
146,0,141,389
150,11,136,386
150,21,136,385
155,34,129,381
159,47,127,381
162,55,123,378
169,67,117,374
176,77,109,370
184,83,108,370
191,86,103,361
191,91,103,356
191,91,103,349
195,91,99,349
198,91,98,350
201,88,97,350
204,84,97,353
206,80,97,356
208,74,98,357
210,67,98,359
211,60,100,361
213,54,100,362
214,47,102,365
216,40,102,367
217,34,104,368
219,28,105,369
220,22,106,370
226,17,101,367
232,15,97,363
238,13,97,360
243,16,103,358
242,17,115,355
254,21,110,349
260,27,108,355
266,32,106,362
273,41,100,359
279,49,96,357
285,57,92,355
291,61,87,353
297,65,83,352
306,63,76,360
314,65,69,357
322,67,63,354
243,68,138,347
254,65,129,349
263,62,122,351
272,59,121,347
280,60,119,321
287,57,115,326
289,54,113,331
299,45,125,257
310,37,136,183
320,29,130,191
322,21,132,201
327,18,130,204
326,18,133,217
332,17,54,222
333,19,64,375
333,20,75,377
332,22,87,380
332,27,95,379
333,30,100,379
334,32,105,380
336,35,110,380
337,34,115,389
338,33,121,397
344,30,119,405
350,27,117,412
358,24,116,415
362,25,116,413
372,20,111,418
381,16,105,421
391,12,97,425
396,7,98,429
399,3,98,433
402,4,99,434
397,4,108,436
391,2,117,440
386,3,127,440
380,5,139,440
375,6,144,441
365,10,148,441
355,12,151,442
342,18,166,439
332,26,187,431
323,24,186,433
314,25,184,431
306,24,180,432
299,24,177,432
296,22,171,433
297,20,160,435
298,19,150,436
302,16,138,435
307,13,123,435
313,10,122,435
324,0,118,422
327,0,118,436
330,0,118,434
324,0,132,437
318,0,147,439
313,1,162,435
303,1,181,431
297,1,191,437
287,1,195,439
278,1,198,446
265,1,198,452
261,3,191,464
266,19,201,461
269,29,199,449
275,27,183,453
277,33,176,447
288,33,165,447
292,33,158,447
304,33,149,447
315,22,146,458
324,19,143,461
334,16,148,464
352,1,144,479
365,0,142,477
371,0,146,474
374,0,153,471
377,0,160,468
381,0,169,468
384,0,179,469
391,0,191,467
398,0,200,473
396,0,205,480
398,0,206,480
399,0,207,480
401,0,208,480
402,0,210,480
405,3,206,477
412,16,198,464
415,21,168,459
423,26,167,454
435,29,164,451
440,31,162,449
450,32,154,448
457,29,147,451
464,26,139,454
459,23,146,457
453,19,148,460
440,13,154,467
428,6,159,474
419,5,189,475
404,0,195,479
392,0,197,477
385,0,195,476
383,0,190,470
382,0,185,465
379,1,186,460
379,1,174,462
377,0,164,465
376,0,152,465
379,0,142,457
377,0,142,443
377,2,124,441
374,0,99,433
370,2,76,417
385,4,86,418
468,62,62,262
551,121,38,104
522,90,73,141
493,39,104,329
464,14,133,426
446,0,142,444
428,0,160,444
408,0,171,449
383,0,186,448
363,1,194,456
356,0,189,464
350,0,183,470
348,0,177,472
342,5,172,465
333,7,174,473
326,11,175,466
319,12,175,461
313,11,174,459
306,10,173,457
300,6,170,457
293,1,167,459
290,1,160,455
287,0,153,453
284,0,148,449
285,1,140,439
286,0,139,439
287,2,137,437
295,0,127,439
301,1,118,438
296,5,124,434
291,9,142,430
288,11,152,429
282,14,165,427
277,16,173,426
269,19,182,424
260,19,180,425
256,21,180,431
256,42,187,430
255,50,186,408
254,41,185,414
252,39,185,413
251,37,184,413
255,29,178,419
259,28,172,412
266,14,163,422
270,6,157,429
278,5,148,423
288,0,146,428
297,0,146,429
306,0,145,429
316,0,142,430
320,0,143,433
323,0,145,436
328,0,144,442
331,5,144,441
332,10,143,442
335,14,141,442
338,17,142,442
342,18,140,441
340,18,142,439
340,19,141,436
339,17,142,436
338,15,142,436
337,12,140,433
335,8,143,436
334,3,145,441
337,0,145,443
341,0,144,443
346,0,143,443
353,0,140,435
360,0,137,427
372,5,130,424
384,9,121,423
389,13,118,422
391,17,117,420
392,21,119,419
394,25,121,417
395,28,137,413
395,29,142,418
396,28,138,414
400,28,132,412
402,27,123,412
404,26,115,411
406,25,112,408
408,22,103,408
406,21,106,409
406,20,102,410
404,20,111,409
403,19,106,411
399,21,99,406
395,41,93,386
391,46,79,376
393,53,66,225
384,102,174,181
475,29,86,400
462,32,100,402
451,36,107,398
423,40,124,394
392,40,143,395
362,40,162,395
353,40,159,395
327,42,170,391
317,40,165,393
307,41,161,390
294,41,156,388
283,41,151,387
271,41,145,385
263,40,140,385
263,41,138,387
270,44,134,387
271,46,132,387
270,49,134,387
268,52,134,387
267,55,134,387
269,58,133,385
271,61,132,383
272,64,132,381
275,67,132,379
275,69,131,358
274,70,132,355
275,70,132,353
280,68,128,353
281,69,128,351
284,66,125,352
285,64,122,352
287,62,122,353
293,59,121,354
305,59,132,352
317,56,133,354
325,55,140,355
337,55,137,354
345,55,131,353
354,55,126,352
365,52,118,351
372,52,125,352
382,52,128,350
388,53,135,349
396,53,134,349
401,54,149,348
405,59,153,347
413,60,157,346
420,59,160,351
430,61,168,349
437,60,167,352
445,61,166,352
450,61,173,351
459,58,168,352
469,55,167,354
480,51,160,356
498,47,142,360
514,45,126,362
516,44,124,363
517,45,123,362
516,44,124,362
517,46,123,362
518,48,122,362
515,50,125,362
513,52,127,362
510,55,130,361
509,57,128,358
507,58,127,363
505,59,129,360
504,60,130,356
503,60,128,354
503,58,126,353
501,56,128,353
499,54,136,352
497,53,141,351
496,50,142,353
495,47,140,355
495,47,132,356
495,44,130,358
495,43,132,359
497,43,133,360
499,44,131,360
502,44,123,361
506,45,113,361
512,46,103,362
510,45,103,365
509,48,99,365
509,48,95,365
504,47,99,367
498,49,103,365
491,48,110,368
486,47,116,369
481,47,125,367
477,46,132,368
474,46,140,369
473,45,142,369
470,44,146,371
470,44,148,372
469,46,147,376
470,50,144,377
472,54,138,376
472,59,134,373
473,62,131,377
472,64,131,377
470,66,133,377
467,65,136,380
465,65,137,382
462,64,140,385
457,61,141,386
452,58,141,388
450,52,141,393
444,48,142,396
436,44,142,399
426,40,144,402
422,38,143,406
418,39,140,407
415,41,140,407
414,41,136,409
416,42,128,409
437,42,105,415
441,43,99,414
445,43,93,415
452,42,84,417
448,43,87,364
464,42,68,323
471,41,57,266
465,40,62,276
416,138,63,218
368,237,64,158
320,335,64,100
317,300,75,137
314,128,87,311
311,26,98,415
308,23,116,420
309,21,133,424
314,20,146,427
322,19,171,429
331,18,180,434
330,18,192,448
338,19,183,448
346,20,174,447
354,21,165,447
362,22,156,446
358,23,153,446
356,21,149,448
355,19,144,451
354,18,141,451
353,12,138,455
356,5,141,465
359,1,148,467
361,0,152,466
352,0,167,461
351,0,178,459
344,0,188,451
344,0,194,442
343,0,200,444
343,0,205,447
352,0,204,449
353,0,206,453
364,0,204,446
375,0,199,450
386,0,194,453
396,0,189,456
407,0,180,464
424,0,158,470
435,0,146,476
445,0,139,480
450,0,135,480
460,0,129,473
469,0,129,466
486,0,119,467
506,0,108,365
516,0,109,314
539,0,94,326
538,0,96,340
510,82,84,301
481,164,72,263
453,246,60,224
468,243,78,237
482,0,106,480
497,0,106,480
514,0,107,480
531,0,109,480
530,0,110,480
528,0,112,480
532,0,108,480
534,0,106,480
525,0,115,480
519,0,121,480
510,0,130,480
502,0,138,480
494,0,146,480
486,0,154,480
452,0,188,480
432,0,208,480
419,0,221,480
411,0,229,480
414,0,226,480
409,0,231,480
443,0,197,480
444,0,196,480
444,0,196,480
444,0,196,480
444,0,196,480
447,0,193,480
446,0,188,480
444,0,178,480
445,0,162,480
434,0,158,480
417,0,160,480
402,0,161,480
387,0,171,480
375,0,177,480
365,0,186,480
356,0,194,480
328,0,220,480
317,0,227,480
313,0,227,480
312,0,229,480
312,0,229,480
312,0,228,480
312,0,227,480
312,0,225,480
321,0,218,480
330,0,211,480
353,0,210,480
374,0,193,480
379,0,197,480
386,0,191,480
392,0,186,480
396,0,179,480
400,0,179,480
406,0,182,480
413,0,183,480
422,0,183,480
432,0,187,480
437,0,193,480
385,0,255,480
387,0,253,480
390,0,250,480
399,0,241,480
451,0,189,480
466,0,174,480
482,0,158,480
505,0,135,480
527,0,113,480
546,0,94,480
565,0,75,480
580,0,60,480
590,0,50,480
600,3,40,477
602,16,38,464
597,77,43,388
595,122,45,284
592,126,48,134
579,103,61,153
564,75,76,306
553,56,87,424
541,24,99,456
532,14,108,466
527,4,113,476
521,3,119,477
515,1,125,479
509,0,131,480
506,0,134,480
505,0,135,480
503,0,137,480
503,0,137,480
504,0,136,480
501,0,139,480
496,0,144,480
488,0,152,480
479,0,161,480
471,0,169,480
462,0,178,480
455,0,185,480
447,0,193,476
444,0,196,478
441,0,199,479
414,0,218,480
398,0,235,480
381,0,232,480
368,0,235,480
363,0,227,480
361,0,216,480
360,0,204,480
358,0,194,480
354,0,180,480
349,0,167,480
357,0,151,480
356,0,140,480
350,0,134,480
338,0,134,480
327,0,132,480
317,0,129,480
312,1,127,479
301,0,128,480
285,0,133,324
286,15,122,292
277,20,123,280
275,27,113,258
272,35,223,248
276,63,218,227
273,95,219,201
277,86,214,202
281,80,209,248
401,8,88,338
394,4,94,369
386,0,101,401
380,0,108,441
375,0,114,438
369,0,121,435
359,0,131,459
345,0,145,459
338,0,153,452
330,0,161,459
330,0,163,454
330,0,164,448
330,0,165,440
334,0,163,442
328,0,170,444
330,0,170,446
333,0,169,452
336,0,169,458
339,0,169,465
342,0,169,473
345,0,168,474
349,1,167,479
352,9,167,471
355,15,167,465
362,16,159,463
364,20,160,460
372,19,151,461
383,17,141,463
384,14,138,466
384,7,136,471
383,1,136,479
383,0,133,480
383,0,132,475
382,0,132,471
382,0,136,467
388,0,131,461
391,0,126,456
395,0,127,454
405,0,126,458
414,0,127,462
428,0,123,464
429,0,134,469
430,0,141,473
434,0,124,477
437,0,108,480
440,0,89,466
443,0,80,467
445,62,67,406
449,80,52,391
450,222,34,249
452,205,44,267
470,187,44,286
488,169,44,305
506,151,44,324
524,133,44,343
542,116,44,361
560,98,44,380
577,80,45,399
595,62,45,418
560,0,80,480
520,0,120,480
486,0,154,480
487,0,153,480
488,0,152,480
490,0,150,480
491,1,149,479
494,1,146,479
492,1,148,479
487,1,153,479
482,1,158,479
477,1,163,479
472,1,168,479
463,1,177,479
455,1,185,479
447,1,193,479
443,1,197,479
435,0,205,480
424,0,204,480
409,0,207,480
398,0,206,480
389,0,203,480
389,0,204,480
393,0,204,480
396,0,204,480
407,0,208,480
412,0,208,479
418,0,209,479
427,0,206,479
440,0,200,479
456,0,184,479
461,0,179,479
459,0,181,479
453,0,187,479
442,0,198,479
420,1,208,479
405,0,207,480
395,1,206,479
388,1,202,479
388,1,195,479
400,1,196,479
405,1,196,479
409,1,198,479
417,1,195,479
417,1,199,479
418,1,204,479
420,1,208,479
424,1,210,479
435,1,205,479
449,1,191,479
463,1,177,479
475,1,165,479
483,1,157,479
492,1,148,479
493,1,147,479
491,1,149,479
491,1,149,479
486,1,154,479
480,1,160,479
474,1,166,479
467,0,173,480
461,0,179,480
454,0,186,480
447,0,193,480
441,0,199,480
434,0,206,480
427,0,213,480
422,0,218,480
417,0,223,480
412,0,216,480
388,0,243,480
393,0,247,480
418,0,222,480
425,0,215,480
432,0,208,480
427,0,213,480
425,0,215,480
423,0,217,480
421,0,219,480
419,0,221,480
415,0,225,480
411,0,229,480
406,0,232,480
401,0,236,480
396,0,239,480
390,0,250,480
384,0,256,480
379,0,261,480
374,0,258,480
370,0,252,480
366,0,245,480
367,0,237,480
367,0,256,480
378,0,262,480
388,0,252,480
405,0,235,480
421,0,219,480
420,0,220,480
419,0,221,480
416,0,224,480
414,0,226,480
412,0,228,480
404,0,236,480
396,0,244,480
387,0,253,480
382,0,258,480
375,0,258,480
369,0,249,480
364,0,241,480
361,0,228,480
356,0,219,480
356,0,203,480
344,0,202,480
332,0,202,480
336,0,189,480
342,0,186,480
351,0,179,480
363,0,166,480
363,0,164,480
358,0,165,480
353,0,164,480
348,0,163,480
342,0,162,480
333,0,183,480
324,0,196,480
316,0,203,480
307,0,212,480
297,0,209,480
288,0,205,480
278,0,201,480
271,0,198,480
267,0,190,480
265,0,181,480
264,0,171,480
263,0,162,480
262,0,148,480
260,0,144,480
258,0,145,480
250,0,150,480
242,0,155,480
233,0,161,480
224,0,167,480
219,0,168,480
211,0,172,480
207,0,173,480
202,0,171,480
193,0,171,480
184,0,171,480
179,0,166,480
174,0,161,480
169,0,156,480
164,0,151,480
159,0,151,480
162,0,147,480
161,0,146,480
164,0,150,480
167,0,153,480
179,0,150,480
202,0,135,480
204,0,138,480
206,0,141,480
205,0,145,480
207,0,162,480
206,0,178,480
204,0,196,479
201,0,204,479
200,0,208,479
200,0,209,479
199,0,213,479
196,0,213,479
197,0,215,479
205,0,210,479
214,0,204,479
225,0,199,479
236,0,194,479
257,0,175,480
270,0,166,480
285,0,164,480
302,0,163,480
320,0,162,480
324,0,169,480
328,0,175,480
332,0,181,480
333,0,188,480
333,0,215,480
334,0,232,480
335,0,242,480
335,0,246,480
336,0,238,480
337,0,231,480
339,0,227,480
342,0,222,480
339,0,223,480
341,0,217,480
343,0,211,480
352,0,198,480
345,0,195,480
344,0,190,480
344,0,185,480
349,0,176,480
361,0,168,480
369,0,163,480
363,0,170,480
357,0,178,480
344,0,190,480
332,0,196,480
319,0,203,480
307,0,211,480
297,0,223,480
287,0,229,480
279,0,228,480
267,0,231,480
255,0,234,480
252,0,244,480
249,0,254,480
253,0,235,480
253,0,231,480
256,0,219,480
261,0,203,480
271,0,202,480
282,1,203,479
290,1,205,479
300,1,201,479
296,1,205,479
288,1,210,479
280,1,216,479
276,1,212,479
272,1,208,479
270,1,206,479
264,1,211,479
259,1,210,479
257,1,191,479
265,1,183,479
272,1,176,479
279,0,169,480
286,0,156,480
294,0,145,480
295,0,147,480
287,0,155,480
296,0,155,480
309,0,154,480
323,0,148,480
337,0,143,480
340,0,147,480
343,0,151,480
346,0,155,480
350,0,173,480
353,0,193,480
352,0,213,480
347,0,220,480
346,0,223,480
346,0,226,480
346,0,229,480
345,0,233,480
349,0,230,480
352,0,229,480
363,0,217,480
375,0,205,480
384,0,198,480
400,0,188,480
417,0,178,480
441,0,171,480
459,0,168,480
468,0,172,480
475,0,165,480
482,0,158,480
490,0,150,480
497,0,143,480
504,0,136,480
506,0,134,480
509,0,131,480
512,0,128,480
517,0,123,480
511,0,129,480
505,0,135,480
504,0,136,480
502,0,138,480
508,0,132,480
514,0,126,480
520,0,120,480
521,0,119,480
528,0,112,480
518,0,122,480
506,1,134,479
498,1,142,479
490,1,150,479
484,1,156,479
482,1,158,479
484,1,156,479
478,2,162,478
472,2,168,478
466,2,174,478
460,2,180,478
456,2,184,478
448,2,192,478
446,2,194,478
444,2,196,478
441,2,199,478
436,2,204,478
432,2,208,478
439,2,201,478
453,2,187,478
472,2,168,478
476,2,164,478
475,2,165,478
472,2,168,478
463,2,177,478
452,0,188,480
452,0,188,480
448,0,192,480
446,0,194,480
444,0,196,480
448,0,192,480
444,0,196,480
439,0,201,480
433,0,207,480
427,0,213,480
422,0,218,480
424,0,216,480
425,0,215,480
427,0,213,480
430,0,207,480
432,0,195,480
441,0,178,480
440,0,178,480
432,0,189,480
423,0,198,480
411,0,210,480
400,0,221,480
393,0,225,480
382,0,232,480
375,1,237,479
370,1,238,479
369,1,235,479
366,1,232,479
363,1,225,479
357,1,221,479
346,1,218,479
340,1,218,479
334,0,218,480
325,0,216,480
320,0,221,480
320,0,222,480
320,0,224,480
323,0,225,480
325,0,228,480
327,0,226,480
329,0,223,480
330,0,219,480
332,0,213,480
331,0,210,480
325,0,208,480
324,0,204,480
323,0,200,480
322,0,197,480
315,0,199,480
307,0,202,480
307,0,197,480
307,0,198,480
307,0,196,480
307,0,193,480
304,0,194,480
303,0,193,479
301,0,195,480
305,0,190,479
314,0,183,479
324,0,175,478
335,0,166,478
344,0,159,477
352,0,150,476
354,0,152,476
355,0,154,476
355,0,171,480
358,0,187,480
359,0,204,474
362,0,211,475
361,0,220,478
362,0,221,479
362,0,217,479
358,1,217,479
355,1,218,479
351,1,217,479
348,1,217,479
345,1,214,479
344,1,211,479
347,1,202,479
353,1,194,479
355,1,192,479
357,1,198,479
366,1,197,479
376,1,196,479
386,1,194,479
391,1,197,479
391,1,203,479
394,1,212,453
402,1,210,449
407,1,223,451
414,1,218,442
421,1,213,434
428,0,208,437
430,0,204,455
435,0,193,460
435,0,192,465
438,0,189,478
441,0,186,479
444,0,182,480
452,6,176,474
460,11,170,469
468,16,163,464
473,27,160,453
478,31,162,449
483,33,157,447
488,35,152,445
493,30,147,450
499,29,141,451
503,20,137,455
507,12,133,459
515,10,125,460
522,0,118,462
524,0,116,458
526,0,114,453
529,1,111,447
533,1,107,443
538,1,102,441
543,1,97,439
550,1,90,439
552,1,88,435
553,1,87,436
558,1,82,437
563,1,77,439
568,1,72,440
569,1,71,441
570,1,70,442
572,7,68,437
573,13,67,434
574,18,66,433
576,24,64,431
578,29,62,429
580,33,60,429
581,38,59,421
583,38,57,418
584,36,56,417
586,35,54,415
586,33,54,412
588,28,52,417
588,23,52,415
588,19,52,419
588,15,52,423
588,10,52,427
583,10,57,427
577,10,63,428
572,13,68,430
567,16,73,432
562,19,78,433
557,22,83,435
552,25,88,437
546,30,94,436
540,35,100,435
537,39,103,432
534,43,106,429
536,44,104,429
541,45,99,430
539,46,101,434
545,50,95,430
552,50,88,430
558,51,82,428
559,51,81,427
562,49,78,302
583,47,57,279
576,46,64,289
563,62,59,262
549,79,56,235
536,96,51,208
522,113,47,181
508,130,44,154
495,147,39,126
481,164,35,99
468,180,30,73
470,161,52,136
473,29,79,407
476,18,98,424
479,16,130,427
482,16,144,436
484,19,156,441
492,19,148,441
492,22,148,440
493,22,147,441
493,23,147,442
494,25,146,441
494,25,146,442
495,25,145,444
495,25,145,445
496,22,144,450
500,22,140,450
500,14,140,458
502,9,137,457
504,1,136,433
498,1,142,433
493,1,147,437
490,1,144,429
483,0,141,428
482,0,131,431
491,1,119,430
500,0,99,434
501,0,91,441
509,0,79,448
520,0,62,456
506,0,69,460
372,232,197,248
357,210,208,270
360,214,203,266
386,332,177,148
385,331,171,149
386,368,56,112
387,78,56,402
388,76,70,404
382,74,70,406
368,76,85,404
357,68,118,412
348,64,134,416
346,56,143,424
338,43,158,437
332,32,161,447
330,16,157,464
330,0,156,478
332,0,166,476
336,0,173,454
329,0,185,445
320,0,194,436
305,0,209,419
299,0,216,413
299,0,218,406
299,0,218,400
300,0,213,397
298,0,211,395
299,0,206,390
300,0,206,388
301,0,202,385
303,0,195,383
304,0,186,381
305,0,172,378
306,0,163,376
307,0,157,374
307,0,154,374
301,0,160,378
278,0,184,388
278,0,188,380
278,0,188,398
281,0,184,426
282,0,181,448
277,0,186,473
271,0,193,475
253,0,207,480
242,0,219,480
239,0,226,480
242,0,233,480
248,0,238,480
261,0,233,480
273,0,229,480
285,0,224,480
290,0,221,480
292,0,224,480
294,0,220,480
299,0,213,480
296,0,213,480
294,0,213,480
293,0,213,480
288,0,222,480
287,0,233,480
295,0,233,480
290,0,235,480
290,0,225,480
291,0,214,480
288,0,211,480
273,0,210,480
259,0,219,480
245,0,225,480
234,0,226,480
223,0,225,480
217,0,220,480
217,0,219,480
220,0,231,480
223,0,240,480
231,1,243,479
231,1,248,479
211,1,262,479
199,0,259,480
194,0,258,480
174,0,268,480
146,0,274,480
118,0,280,480
90,0,294,480
62,0,307,480
37,0,307,480
0,0,335,480
0,0,318,480
0,0,302,480
0,0,296,480
0,0,297,480
0,0,296,480
0,0,296,480
0,0,295,480
0,0,293,480
0,0,290,480
0,0,288,480
0,0,282,480
0,0,277,480
0,0,282,480
0,0,280,480
0,0,277,480
0,0,272,480
0,0,266,480
0,0,258,480
0,0,250,480
0,0,244,480
0,0,237,480
0,0,237,480
0,0,230,480
0,0,233,480
0,0,236,480
13,0,224,480
25,0,213,480
34,0,205,480
42,0,201,480
49,0,199,480
50,0,203,480
51,0,207,480
56,0,205,480
56,0,209,480
55,0,213,480
51,0,220,480
48,0,225,480
46,0,228,480
44,0,231,480
45,0,236,480
44,0,240,480
45,0,239,480
44,0,239,480
48,0,233,480
53,0,225,480
59,0,218,480
69,0,213,480
79,0,208,480
83,0,211,480
93,0,203,480
107,0,198,480
124,0,186,480
136,2,180,478
151,0,174,480
164,4,166,476
177,5,162,475
189,7,159,473
202,16,153,464
212,17,151,463
219,12,150,468
230,11,148,465
236,6,150,466
246,5,150,471
253,4,151,466
261,0,154,464
263,1,156,462
265,0,162,452
268,0,162,447
270,0,169,442
268,3,169,435
271,6,169,433
272,0,168,442
272,5,169,441
279,10,165,439
283,13,164,439
286,17,164,439
290,21,163,438
294,24,161,438
296,27,161,433
298,28,164,435
297,30,164,431
291,30,171,429
286,29,178,425
281,27,185,422
278,24,190,425
275,21,195,427
273,18,199,430
270,20,200,427
271,19,202,415
272,20,199,406
272,22,198,400
276,23,192,401
282,24,183,402
287,25,175,404
297,27,162,400
307,29,150,401
317,31,137,403
327,33,124,404
330,33,126,404
330,35,126,402
328,35,126,402
325,35,125,402
322,33,125,401
321,31,123,400
313,30,125,398
301,29,128,397
290,27,132,396
278,25,138,395
273,23,131,395
260,17,141,390
256,16,142,389
253,16,141,389
250,15,141,391
246,14,142,393
239,15,144,397
234,18,145,397
233,16,133,398
232,19,114,384
232,16,109,392
231,49,99,363
230,50,86,361
232,51,66,362
225,51,57,363
216,58,50,240
213,59,52,249
215,58,50,261
216,57,49,273
218,57,47,284
220,56,45,296
222,55,43,307
224,54,41,319
226,54,39,330
227,53,38,342
229,52,37,354
231,51,35,366
215,58,41,387
189,63,60,375
171,63,79,373
154,63,97,390
142,62,110,385
134,60,115,386
129,60,120,385
121,53,132,386
113,47,144,386
105,40,155,387
93,34,170,389
90,24,172,396
92,21,175,396
92,16,174,396
92,10,180,403
92,8,178,405
91,6,178,407
91,4,177,410
91,2,175,412
90,0,175,414
97,0,165,419
102,4,161,416
109,8,154,417
117,12,145,418
127,12,131,423
137,17,116,423
150,22,100,423
152,27,96,423
154,32,88,423
156,30,79,428
158,34,72,423
156,32,68,407
157,55,55,321
159,65,47,245
175,70,90,313
204,45,132,381
225,43,110,387
223,40,111,390
217,33,118,397
217,30,117,396
218,26,116,396
208,22,125,405
199,18,133,415
190,14,142,424
180,11,151,433
185,14,147,431
191,17,143,429
202,20,133,426
214,24,122,423
225,27,119,424
236,30,113,425
244,33,120,426
248,37,135,425
251,39,151,425
254,41,168,424
256,41,180,424
256,41,189,423
257,40,192,423
256,40,193,423
256,37,193,425
256,32,193,429
255,27,195,434
255,21,195,439
259,16,190,443
263,10,185,448
271,9,177,448
279,8,170,449
287,7,160,453
299,6,147,457
307,4,147,462
314,4,153,464
318,3,161,468
324,5,166,471
330,7,170,473
336,11,175,469
348,12,170,468
356,13,173,467
362,14,185,466
366,15,190,465
366,16,192,463
366,15,194,465
367,13,194,467
366,11,196,467
362,6,195,473
355,0,190,472
354,0,184,474
354,0,176,471
356,0,167,469
362,0,155,466
360,1,151,465
354,2,152,464
349,0,155,466
346,1,155,471
344,0,153,475
344,2,147,476
344,3,169,472
340,5,182,467
330,6,201,464
317,8,215,459
303,10,221,454
291,10,217,453
278,10,215,452
265,8,217,444
251,0,219,459
243,0,213,452
242,0,206,453
241,0,198,455
240,1,190,455
240,1,181,456
239,1,173,458
238,1,166,459
237,2,158,459
238,2,160,461
239,2,159,462
239,1,156,469
230,1,161,471
220,0,167,474
211,4,169,470
201,8,172,469
193,10,173,470
189,30,171,450
186,32,169,448
176,33,176,447
165,39,180,441
157,34,180,446
161,35,176,445
171,30,172,447
176,22,166,458
184,20,161,450
191,10,155,447
192,5,159,440
192,0,163,433
193,0,165,431
194,0,168,424
194,0,171,423
194,0,171,422
195,0,170,421
195,0,170,420
196,3,169,420
196,5,171,422
197,0,172,430
198,0,174,434
200,0,174,438
199,0,181,440
205,7,185,441
204,16,191,437
206,22,198,435
206,27,204,430
210,30,206,427
214,32,209,418
224,31,206,415
231,29,203,413
241,28,199,410
253,23,191,411
263,21,187,404
278,14,176,396
291,6,166,398
305,0,154,401
319,0,137,395
331,0,125,396
342,0,117,396
348,0,114,397
344,0,121,398
343,0,127,403
342,1,133,406
345,0,132,414
352,7,131,414
357,14,132,410
361,21,134,406
366,25,133,405
370,30,134,403
374,31,133,400
381,30,132,399
386,26,133,400
385,23,137,401
383,19,142,403
382,15,142,404
380,12,139,406
379,8,134,411
380,6,132,415
382,5,131,417
385,6,133,421
388,10,133,418
394,14,137,420
392,18,146,422
409,21,141,425
420,25,142,427
433,31,139,425
443,35,141,421
455,38,139,420
469,37,131,422
475,37,130,421
475,36,135,424
487,35,125,425
501,32,117,426
531,33,93,426
495,31,94,426
468,108,71,339
442,184,47,252
433,112,62,321
427,18,71,417
425,19,87,417
419,15,101,437
414,18,115,434
410,16,127,436
406,19,144,437
400,22,151,433
400,24,146,427
401,25,141,422
406,25,131,424
410,25,123,426
415,24,117,428
414,23,118,430
415,22,116,432
426,17,105,434
439,12,85,438
455,72,57,375
462,369,35,60
440,349,45,83
363,310,39,81
286,271,33,79
209,232,27,78
201,216,37,92
196,199,46,112
194,183,51,125
213,306,36,134
177,302,67,144
146,184,110,269
123,0,142,464
104,0,163,472
88,0,180,475
72,0,196,479
68,0,199,479
64,0,209,480
61,1,218,479
57,1,226,479
55,1,224,479
53,1,222,479
61,1,209,479
68,1,197,479
76,0,184,480
84,0,171,480
82,0,167,480
81,0,156,480
81,0,143,480
86,0,128,480
87,0,131,480
88,0,137,480
86,0,145,480
69,0,170,480
53,0,198,480
16,0,237,480
12,0,246,480
17,0,246,480
23,0,246,480
33,0,243,480
38,0,244,480
53,0,242,480
59,0,240,480
66,0,238,480
84,0,224,480
95,1,213,479
106,1,202,479
110,1,197,479
107,1,195,479
104,1,194,479
104,1,195,479
104,1,197,479
104,1,198,479
105,1,198,479
105,1,199,479
108,0,195,480
114,0,191,480
120,0,189,480
129,0,195,480
137,0,199,480
146,0,201,480
156,0,202,480
167,0,203,480
176,0,202,480
186,0,200,480
195,0,198,480
205,0,195,479
212,0,194,479
224,0,183,479
230,0,179,479
238,0,170,479
243,0,161,479
249,0,150,479
255,0,140,479
265,0,134,477
274,0,135,475
287,0,129,473
285,0,143,469
282,0,158,464
279,0,173,460
277,0,187,461
280,1,194,462
289,2,199,458
296,0,206,477
306,5,213,475
321,16,208,464
329,10,211,470
337,10,210,470
349,9,208,471
352,9,202,471
355,8,204,472
364,7,204,473
371,6,205,474
381,3,201,477
383,0,208,480
379,0,211,480
372,1,217,479
369,1,215,479
364,1,214,479
363,1,204,479
361,1,202,479
359,1,206,479
359,1,206,479
358,1,209,479
357,1,213,479
360,1,212,479
367,1,207,479
376,5,203,475
386,10,197,470
395,15,192,465
405,20,187,460
409,22,186,458
421,21,172,459
423,23,172,457
434,25,164,455
434,28,164,452
431,29,171,451
432,26,172,454
433,25,174,455
432,22,180,458
434,19,182,461
435,17,186,463
438,14,190,466
436,11,199,469
434,10,206,470
442,9,198,471
449,8,191,472
457,7,183,473
464,6,176,474
468,5,172,475
469,5,171,475
473,5,167,475
477,5,163,475
482,5,158,475
488,5,152,475
497,4,143,476
506,4,134,476
516,6,124,474
531,4,109,476
545,4,95,473
547,8,93,472
552,9,88,468
556,12,84,461
562,22,78,445
567,50,61,414
576,318,35,135
577,314,36,136
580,313,35,135
582,311,35,135
585,309,34,134
587,307,34,134
590,305,32,133
592,303,32,133
595,301,31,132
598,300,30,131
600,298,30,131
603,296,29,130
605,294,29,130
608,292,28,129
610,290,28,129
613,288,27,129
601,261,39,150
589,267,51,150
581,272,59,151
574,175,66,255
566,120,74,316
564,86,76,361
562,53,78,405
560,54,80,415
564,47,76,433
571,15,69,465
569,16,71,464
566,12,74,468
566,10,74,470
574,7,66,473
567,2,73,478
565,0,75,480
559,0,81,478
554,0,86,409
554,0,86,224
560,0,80,249
567,0,73,273
573,0,67,298
580,0,60,322
587,0,53,346
593,0,47,371
600,1,40,394
606,1,34,419
613,1,27,443
590,0,50,448
548,0,92,453
524,0,116,456
501,0,139,458
476,4,164,464
465,8,175,463
466,9,174,463
468,13,172,463
466,14,170,461
457,14,170,460
451,14,164,460
442,13,161,462
433,12,158,463
425,11,154,464
414,9,153,466
403,11,149,464
391,17,150,458
382,14,149,461
373,16,150,460
362,14,152,462
348,15,152,465
337,20,149,460
326,29,147,451
318,24,145,456
309,22,144,458
298,20,145,460
287,18,146,462
276,17,146,463
263,7,151,472
251,3,152,475
238,0,154,478
228,1,155,476
227,1,163,476
233,1,164,476
233,0,166,478
234,0,166,478
231,0,184,478
231,0,195,478
231,0,208,479
231,0,208,479
232,0,206,479
232,0,196,479
233,0,195,479
235,0,192,479
238,0,190,479
242,0,188,479
246,0,185,479
250,0,182,480
254,0,178,480
256,0,178,480
264,0,180,480
277,0,178,480
287,0,180,480
297,0,182,480
302,0,185,480
308,0,188,480
314,1,189,479
320,1,195,479
330,1,199,479
332,1,209,479
340,1,212,479
341,1,223,479
349,1,216,479
349,1,209,479
350,1,205,479
350,1,203,479
350,1,201,479
350,1,200,479
350,1,196,479
350,1,192,479
347,1,190,479
344,1,188,479
340,1,188,479
337,1,186,479
333,1,187,479
329,1,187,479
325,1,187,479
322,1,187,479
318,1,188,479
316,1,190,479
315,1,191,479
313,1,193,479
311,1,194,479
306,1,194,479
300,0,195,480
296,0,196,480
294,0,210,480
298,0,208,480
298,0,209,480
297,0,210,480
297,1,210,479
296,1,212,479
296,1,212,479
296,1,213,479
296,1,212,479
296,1,210,479
296,1,209,479
297,1,207,479
297,1,205,479
297,1,204,479
298,1,202,479
299,1,201,479
300,1,200,479
301,1,199,479
302,1,198,479
303,1,197,479
304,1,195,479
304,1,195,479
304,1,195,479
304,1,195,479
304,1,194,479
302,1,197,479
303,1,197,479
303,1,198,479
303,1,199,479
303,1,200,479
303,1,201,479
303,1,201,479
303,1,202,479
303,1,203,479
303,1,204,479
304,1,204,479
303,1,205,479
303,1,205,479
303,1,205,479
302,1,207,479
302,1,207,479
