417,97,60,183
417,97,60,183
417,97,61,183
417,97,61,183
417,96,61,184
417,96,61,184
417,96,61,184
417,96,62,184
417,96,62,184
417,96,62,184
417,96,63,184
417,96,63,184
417,96,63,183
417,106,63,183
418,102,62,185
418,99,65,186
420,121,63,185
420,116,63,184
420,116,66,185
421,116,66,186
421,116,67,184
423,113,68,184
423,116,69,185
424,109,75,186
426,105,78,186
426,100,82,187
428,94,85,190
429,89,88,189
429,83,92,191
430,77,95,194
430,73,100,193
431,66,102,197
432,64,101,199
432,61,98,198
433,57,89,202
433,57,86,202
433,57,83,202
433,57,81,205
434,57,78,207
434,59,78,205
434,60,78,208
434,65,78,203
435,67,77,209
435,72,80,209
438,76,78,208
438,78,80,209
439,80,82,208
439,80,84,210
440,80,84,210
441,78,85,212
443,77,85,213
444,74,86,216
445,71,88,215
445,67,90,217
447,65,90,217
448,61,93,221
448,58,95,224
449,57,97,225
450,56,100,226
451,53,102,229
453,52,103,233
453,55,106,235
455,57,104,237
457,61,106,240
457,67,109,238
460,72,106,239
462,75,106,237
464,78,104,238
465,78,104,239
466,78,104,240
464,78,103,228
461,58,99,246
458,55,99,251
454,57,97,250
451,51,95,254
448,53,97,255
440,54,99,242
438,38,100,257
437,42,102,257
437,43,103,257
434,42,105,260
430,44,108,264
423,49,112,260
417,54,112,263
411,59,111,262
406,64,110,258
401,66,110,262
397,68,110,264
392,67,117,265
387,65,118,267
384,60,114,266
376,58,114,267
370,54,111,270
366,51,111,273
361,48,112,277
356,46,115,277
353,43,115,282
348,42,115,283
345,43,116,284
340,43,117,285
334,44,121,286
330,44,119,287
325,43,121,289
322,45,119,287
316,45,121,289
310,44,122,293
306,44,121,296
298,43,123,298
291,41,124,300
286,41,123,301
279,39,123,305
272,37,122,310
270,37,123,310
264,34,123,314
259,33,123,315
255,31,121,318
250,30,121,320
249,30,121,320
251,25,122,325
248,25,123,325
247,25,123,325
247,21,124,334
243,21,126,339
243,21,126,343
241,19,129,347
239,17,130,351
239,16,130,352
239,14,130,354
239,14,132,360
239,14,132,364
239,12,132,366
239,8,132,370
239,7,131,371
240,5,129,373
239,5,129,373
240,4,126,374
239,2,124,376
239,0,121,378
236,0,119,379
225,1,127,379
220,1,129,379
211,1,135,381
208,1,141,385
206,1,146,383
209,1,143,387
214,1,141,389
216,1,140,389
225,1,137,389
231,1,134,390
253,1,119,385
259,1,118,381
259,1,119,383
264,1,119,381
271,1,117,386
280,1,112,381
317,1,80,284
342,47,60,162
282,0,128,210
267,1,145,217
270,1,155,220
267,0,76,410
263,0,93,412
263,0,120,418
267,0,127,422
275,0,139,425
279,0,147,427
288,0,150,428
294,0,156,430
304,0,150,428
312,0,144,431
322,0,132,431
330,0,124,431
330,0,126,431
330,0,130,431
330,0,132,431
330,0,137,435
332,0,139,435
319,0,155,437
310,0,172,438
295,0,192,438
290,0,202,442
290,0,206,442
297,0,205,444
307,0,204,442
319,1,204,453
326,1,209,453
337,1,207,453
347,1,205,456
359,1,200,459
372,1,185,462
367,0,175,448
361,0,155,447
361,0,138,447
357,0,138,447
337,0,154,447
307,1,179,448
272,1,204,420
247,0,218,413
226,1,230,411
216,0,230,414
213,0,222,409
213,0,215,411
210,0,218,412
205,0,217,421
205,0,212,425
205,0,205,427
205,0,195,435
205,0,180,440
205,0,168,446
205,0,153,451
192,0,153,454
170,1,156,453
159,1,159,453
147,1,166,449
137,1,171,445
127,1,174,439
122,1,175,433
116,1,177,427
111,1,177,421
109,1,179,414
107,1,179,410
105,1,177,407
104,1,170,403
102,1,166,400
99,0,161,395
98,0,159,392
96,0,157,388
96,0,153,375
92,0,152,375
90,0,152,373
85,0,155,370
81,0,155,373
78,0,158,373
72,0,162,374
68,0,163,375
63,0,166,377
59,0,169,374
56,0,171,374
51,0,172,374
50,0,172,369
50,0,173,363
50,0,173,361
51,0,170,354
56,0,166,348
61,0,159,375
68,26,153,343
72,19,145,351
78,19,137,346
80,18,133,355
82,21,137,348
92,25,130,342
98,22,127,339
105,18,126,334
115,14,124,336
126,9,121,331
134,6,120,328
141,1,117,325
144,1,117,318
148,1,117,316
151,0,118,313
151,0,121,308
151,0,124,305
152,0,129,299
156,0,131,299
160,0,132,299
164,0,134,303
169,2,135,303
177,7,135,303
184,12,136,300
197,19,134,298
206,25,132,296
218,30,128,291
230,34,123,289
237,38,123,286
246,45,117,304
246,68,115,277
251,67,110,275
254,64,107,278
257,64,107,277
261,63,101,273
257,45,101,262
254,21,100,271
254,19,100,267
250,10,102,271
250,1,98,267
246,0,101,263
240,0,107,257
239,0,109,254
237,0,124,250
237,0,132,249
237,0,135,251
239,0,136,252
241,0,134,257
243,0,132,262
246,0,127,268
245,6,118,266
243,16,112,262
239,21,111,264
234,30,107,261
234,35,102,262
231,44,99,256
231,48,95,255
231,48,92,257
231,53,91,252
233,56,85,250
233,56,82,250
233,56,78,250
233,54,75,250
227,51,76,249
225,46,74,251
218,43,74,249
214,38,75,251
211,32,74,251
209,28,77,252
208,26,75,248
200,24,82,249
193,20,86,249
191,19,87,251
186,19,91,249
184,19,91,250
183,19,91,251
183,20,88,250
178,22,90,249
178,24,85,247
178,28,79,243
175,31,80,246
169,34,79,246
168,38,76,243
171,40,80,243
185,45,85,238
186,48,95,236
188,51,96,233
192,53,98,231
195,52,99,232
194,51,100,233
194,51,100,231
195,50,99,231
196,45,98,235
200,43,94,235
204,39,90,238
208,38,86,236
212,36,83,237
219,35,80,236
227,31,80,241
240,32,69,241
241,31,70,241
246,31,67,243
248,31,68,242
249,31,71,242
250,34,79,239
255,38,86,235
259,41,88,233
259,43,95,233
259,43,95,233
261,47,96,229
262,47,99,233
261,48,100,232
263,49,98,231
264,48,97,232
268,47,93,233
270,46,91,232
275,46,91,232
281,46,85,231
283,46,81,230
292,46,80,230
302,43,72,232
304,44,70,230
297,44,72,231
297,41,71,234
294,43,72,232
292,41,71,233
290,41,71,234
288,40,74,235
285,42,77,235
280,41,82,235
274,43,82,232
268,42,86,234
262,42,89,236
257,42,89,236
254,44,88,236
248,45,89,236
245,44,85,236
242,44,85,236
238,44,86,236
238,44,81,236
238,44,76,236
238,44,73,236
235,40,70,240
230,40,72,240
225,40,74,240
222,40,72,240
220,40,70,240
212,40,68,240
210,40,60,240
202,40,57,240
198,40,54,240
194,40,48,240
192,40,41,240
183,43,41,237
172,95,44,184
167,93,40,186
160,93,32,186
155,236,27,43
152,240,24,39
228,105,20,22
223,108,23,169
223,110,32,171
215,40,48,240
214,41,49,239
210,39,55,248
212,41,56,246
213,38,57,249
210,52,64,255
210,62,72,244
210,62,80,243
210,57,79,251
210,60,82,245
210,58,82,253
210,64,86,245
208,61,88,244
211,52,85,248
214,45,82,254
217,38,79,255
224,35,74,256
233,30,72,256
236,21,75,262
242,21,76,261
249,19,78,261
251,19,82,262
256,19,86,263
270,19,96,259
275,15,106,267
281,19,112,268
289,29,115,263
297,37,116,267
308,49,112,265
315,58,115,264
319,64,113,268
330,70,108,264
336,72,106,265
344,72,99,263
348,72,95,262
353,71,90,265
357,65,89,264
366,60,77,266
374,57,69,266
376,53,62,268
378,65,59,257
381,75,54,243
382,80,47,171
383,81,43,147
385,86,37,121
383,65,38,74
383,88,30,51
383,92,103,49
460,92,31,254
460,74,35,276
460,62,41,292
460,48,48,309
460,52,57,306
447,47,63,308
420,46,80,309
405,46,83,312
383,48,100,307
366,46,108,311
354,46,115,302
334,21,122,307
330,11,122,317
323,11,122,315
320,4,125,318
316,0,129,320
310,0,139,319
314,0,136,315
314,0,132,314
315,0,131,319
316,0,133,317
316,0,132,322
314,0,132,324
314,2,126,328
308,0,125,338
304,11,121,330
291,19,121,332
283,27,119,327
275,33,114,324
274,36,111,325
270,40,105,323
266,43,101,321
264,43,97,320
256,43,100,317
250,43,99,314
242,37,100,317
230,35,99,316
221,31,102,317
207,26,106,314
192,22,107,318
185,17,104,320
177,12,101,322
170,10,103,323
163,7,101,326
155,6,102,327
150,9,97,326
143,14,98,322
147,14,101,322
147,17,108,321
147,17,103,324
143,24,107,317
143,24,103,320
143,27,101,319
143,30,101,316
143,30,98,316
143,36,91,310
143,35,89,311
137,34,90,309
134,34,93,306
138,38,94,314
139,49,102,297
137,47,111,297
137,47,122,295
137,47,133,293
144,45,133,290
155,43,133,291
162,36,133,294
171,34,133,292
179,32,133,293
187,25,133,297
207,26,113,295
210,24,116,294
214,24,111,296
224,23,104,297
229,24,98,297
233,24,94,299
240,29,94,293
247,30,91,296
255,32,90,294
261,34,92,293
268,37,92,292
276,39,91,290
282,41,90,287
289,41,94,286
297,40,95,286
305,40,94,285
311,40,99,285
321,37,94,285
326,37,103,285
335,37,97,284
341,37,99,283
349,37,93,281
356,37,93,279
362,37,92,277
373,39,93,271
378,38,92,275
387,41,93,272
398,41,93,273
406,42,93,272
412,43,93,273
410,44,106,272
413,45,109,272
418,44,115,273
426,44,115,274
437,42,115,274
446,42,116,274
461,42,115,274
471,43,116,274
481,44,116,275
492,41,114,276
504,42,107,273
516,42,103,270
526,41,96,276
517,53,95,276
512,56,92,268
510,54,90,266
508,54,90,268
506,54,89,264
503,54,85,266
502,20,84,263
481,11,100,270
486,13,93,262
485,13,90,264
489,0,78,263
489,0,77,268
496,0,67,268
496,6,63,263
500,15,55,261
504,24,40,253
505,236,43,30
505,236,43,30
475,140,41,165
444,43,40,300
439,52,45,253
437,61,47,252
424,67,60,247
411,67,73,245
400,67,84,244
394,67,90,241
392,62,94,242
392,57,105,242
392,49,106,246
392,43,101,246
392,36,97,248
392,34,97,245
392,31,95,248
392,27,93,249
392,25,90,250
392,24,82,251
392,24,76,254
392,26,69,255
386,31,68,254
381,37,66,252
374,37,70,255
366,45,72,251
353,45,84,253
338,51,95,250
326,55,102,247
322,57,105,247
321,59,104,242
321,56,101,245
317,54,106,245
321,53,101,243
317,48,104,245
316,43,103,248
317,41,100,248
315,41,94,247
318,37,85,251
317,37,77,249
317,37,73,251
316,37,74,252
314,37,75,254
314,37,79,260
320,45,77,258
320,47,81,259
319,50,87,258
322,52,87,259
326,52,87,259
333,52,87,260
341,50,87,260
347,43,87,266
354,42,87,265
362,36,87,269
369,33,87,271
373,33,87,271
378,35,85,269
382,32,84,272
388,29,78,275
395,31,75,273
395,31,83,278
386,32,89,272
378,25,93,275
387,25,76,275
383,25,77,279
389,26,68,278
386,26,66,278
384,26,66,276
387,59,62,278
382,67,64,269
390,71,57,265
410,104,31,236
390,220,53,120
398,282,42,44
398,282,42,44
398,282,42,44
378,282,38,41
358,282,35,38
339,282,31,35
319,283,28,31
299,283,24,27
292,281,31,29
288,150,28,159
285,1,57,309
281,0,57,314
278,1,56,312
275,0,53,309
272,1,48,312
269,0,49,318
269,2,47,319
265,1,56,328
264,3,62,331
264,17,54,329
256,20,68,333
250,27,69,327
245,33,69,330
238,34,69,330
224,32,76,325
211,36,86,324
193,32,93,324
182,30,93,325
176,23,99,327
170,14,102,334
170,9,97,335
170,0,93,340
170,2,81,339
166,0,75,340
165,0,68,338
164,113,58,226
167,114,49,230
166,95,48,219
162,117,35,199
158,95,37,80
155,93,38,81
158,95,22,71
154,66,123,105
148,46,128,128
147,16,125,158
229,14,44,171
229,27,47,262
207,0,65,289
207,0,66,345
189,0,86,359
186,0,90,364
182,7,91,363
174,6,94,365
173,6,96,365
169,6,93,365
158,8,94,358
143,1,102,363
136,1,98,362
126,0,96,354
115,0,96,347
106,0,96,343
98,0,96,341
88,0,100,339
83,0,99,338
77,0,103,340
63,0,111,343
58,1,114,346
48,2,116,346
37,1,119,353
24,1,118,358
13,1,115,362
0,0,118,365
0,0,104,377
0,0,96,381
1,2,81,382
1,2,76,379
0,0,71,384
0,17,68,365
1,19,69,360
1,25,65,351
1,25,60,351
1,30,60,343
1,47,54,324
1,87,51,284
1,123,50,248
1,188,41,182
1,237,35,135
1,264,29,112
1,285,25,90
1,293,25,79
1,243,23,70
0,194,23,59
0,145,22,49
0,91,22,277
0,63,27,304
0,63,35,306
0,63,42,306
0,44,46,330
0,24,55,354
0,16,63,366
0,16,74,369
0,16,85,374
0,1,98,394
0,1,106,396
0,1,113,400
1,1,116,400
7,1,121,399
17,1,121,397
24,1,121,393
29,1,127,388
40,1,127,389
51,1,124,389
60,1,121,387
69,1,121,384
75,1,122,376
83,1,122,375
94,1,120,368
100,1,132,367
111,2,134,365
110,2,143,366
119,2,140,366
130,2,139,370
143,0,130,374
153,0,120,374
165,0,113,378
177,0,107,378
185,0,101,381
191,0,99,380
198,0,102,376
205,0,103,377
209,0,105,373
217,0,105,368
221,0,114,371
226,0,136,397
235,4,143,384
239,1,151,385
246,1,144,385
254,4,136,377
260,0,130,384
260,0,127,372
260,0,119,367
261,0,117,351
260,0,113,348
260,0,106,343
262,0,101,341
262,0,101,340
265,0,93,340
269,0,89,350
266,0,98,350
266,0,99,349
261,0,105,353
260,0,120,355
259,0,130,358
252,0,145,358
252,0,151,360
252,0,150,362
252,0,147,361
252,0,139,361
252,0,135,361
252,0,131,360
252,0,126,356
244,0,126,354
242,0,123,352
241,0,121,348
241,0,109,346
241,0,108,345
241,0,101,344
249,0,93,346
258,0,85,347
258,0,90,348
253,0,105,351
248,0,118,352
242,0,133,352
242,0,131,354
235,0,136,354
228,0,139,354
223,0,141,354
216,0,140,354
211,0,136,353
211,0,129,352
218,0,130,349
234,0,116,349
246,1,114,346
258,1,94,346
270,1,82,346
276,1,76,346
277,1,80,345
283,2,79,346
283,2,95,346
286,2,104,347
286,2,112,346
290,2,111,346
291,2,107,347
286,2,108,346
282,1,110,348
279,1,112,350
274,2,110,347
274,2,106,348
271,2,109,347
269,2,99,348
271,2,92,348
268,0,95,350
266,1,98,350
265,0,100,352
261,0,104,352
256,0,109,353
252,0,118,354
248,0,129,355
245,0,135,354
242,0,138,354
240,0,139,357
233,1,139,360
234,0,135,361
229,1,136,362
224,1,138,364
220,1,136,364
215,1,138,365
206,1,139,365
199,1,140,365
194,1,142,365
188,1,145,365
181,1,150,370
176,0,151,375
166,0,156,376
162,0,156,380
155,0,151,382
144,0,156,383
129,0,160,381
118,0,160,385
110,0,159,391
103,0,158,396
97,0,157,402
87,0,151,402
80,0,150,407
71,0,151,408
59,0,158,410
49,0,159,412
30,0,170,412
21,0,168,416
3,0,173,418
0,0,178,418
0,0,179,418
0,0,181,418
0,0,178,418
0,0,171,432
0,1,157,442
0,0,150,442
0,0,160,446
0,0,164,449
0,0,168,452
0,0,170,451
0,0,172,455
0,1,173,457
0,0,171,460
0,0,174,462
0,0,171,461
0,0,168,462
0,0,162,460
0,0,161,459
0,0,152,458
0,0,146,457
0,0,144,457
0,0,147,456
0,0,155,456
0,0,159,453
0,0,165,452
0,0,168,451
0,0,172,451
0,0,172,450
0,0,176,448
1,0,179,448
0,0,183,447
0,0,184,444
0,0,189,444
0,0,186,444
0,0,186,441
0,0,184,440
0,0,174,439
0,0,166,439
0,0,161,439
0,0,144,444
0,0,136,444
0,0,142,444
0,0,144,444
0,0,149,444
0,0,149,441
0,0,153,439
0,0,153,435
0,0,157,431
0,0,163,431
0,0,170,429
0,0,178,425
0,0,183,423
10,0,176,424
18,0,166,424
31,0,137,424
38,0,132,422
32,0,134,423
28,0,127,420
24,0,124,415
25,0,114,413
27,0,101,273
27,0,94,176
44,0,70,139
52,0,62,139
52,0,63,115
52,0,63,115
115,39,57,111
178,79,51,106
242,118,44,102
236,48,50,267
216,18,74,297
209,0,90,374
185,0,124,386
179,0,138,386
172,0,151,386
180,0,152,384
187,0,155,384
193,0,160,381
202,0,158,376
215,0,154,374
224,0,157,371
230,0,158,368
241,0,157,367
247,0,158,368
257,0,158,366
264,0,158,368
281,0,150,367
292,0,149,368
301,0,147,367
316,0,143,383
333,6,134,379
352,0,126,380
364,0,122,376
378,0,121,377
396,0,115,377
407,0,108,363
402,0,107,349
402,0,108,341
402,0,112,339
402,0,118,333
406,0,117,329
398,0,132,329
395,0,135,328
398,0,138,331
398,0,138,331
398,1,133,335
396,0,130,340
390,0,130,344
381,0,131,350
376,0,130,352
371,0,126,355
369,0,126,358
365,0,120,359
362,0,119,359
359,0,119,356
360,0,112,352
360,0,108,350
357,0,105,346
354,0,106,343
354,0,107,340
348,0,110,338
345,0,113,337
345,0,113,338
339,0,131,337
339,0,139,338
339,0,144,339
336,0,153,341
334,0,156,344
327,0,159,345
324,0,154,347
318,1,154,347
314,0,154,348
309,0,151,348
305,0,151,348
299,0,151,348
298,0,146,347
298,0,138,347
296,1,134,343
296,1,124,340
298,1,118,338
301,1,110,337
301,1,110,338
302,1,104,344
307,1,99,348
304,1,97,351
300,1,96,352
292,0,93,356
286,0,108,356
283,0,114,355
279,0,118,354
276,0,118,353
272,0,118,354
266,0,118,356
258,0,126,355
254,0,123,354
246,0,124,357
240,0,122,355
233,0,122,356
233,0,118,356
225,0,117,357
218,0,119,357
218,0,111,359
218,0,107,359
218,0,102,360
218,0,99,359
214,0,101,360
207,0,113,360
200,0,121,360
192,0,126,362
183,0,132,362
178,0,138,362
172,0,146,362
166,0,152,363
159,0,159,364
155,0,154,365
149,0,155,366
139,0,160,368
135,0,152,371
130,0,146,370
117,0,152,398
114,0,144,396
99,0,151,396
93,2,150,394
89,0,138,401
78,0,142,403
81,0,141,410
92,0,131,409
90,0,132,407
90,0,132,406
90,0,131,406
91,0,127,412
94,0,113,398
91,0,131,376
95,0,127,379
93,0,128,377
96,0,126,366
101,0,125,364
104,1,130,374
114,0,120,372
115,0,124,377
131,0,116,381
138,0,119,387
150,0,122,392
165,0,118,402
185,0,113,411
197,0,116,420
210,0,108,428
216,0,108,434
220,0,109,438
225,0,108,437
231,0,109,439
236,0,107,434
242,0,103,432
252,0,97,427
267,0,97,418
276,0,94,425
294,0,100,425
310,0,103,419
319,0,103,416
332,0,96,412
345,0,93,409
358,0,94,411
368,0,94,408
374,0,98,407
387,0,98,407
399,0,103,405
409,0,105,408
421,0,102,397
410,0,116,372
402,0,123,372
402,0,120,370
402,0,121,363
405,0,115,355
405,0,119,357
406,0,113,377
408,0,105,379
410,0,101,384
410,0,129,397
414,0,125,400
415,0,124,411
418,3,121,414
423,8,109,409
435,0,93,417
435,297,55,120
589,402,38,38
589,402,38,38
582,375,34,33
574,348,31,28
574,348,31,28
569,313,32,54
564,278,32,79
559,244,33,104
554,209,34,130
549,174,34,156
544,139,35,181
538,104,37,207
533,70,38,232
528,35,38,258
523,0,39,284
518,0,82,377
518,0,110,382
518,0,117,395
512,0,128,402
514,0,126,377
514,0,126,385
515,0,125,387
516,0,124,391
516,0,124,386
516,0,124,388
516,0,124,386
515,0,125,384
521,0,119,387
527,0,113,386
531,0,109,386
534,0,106,384
542,0,98,383
549,0,91,384
557,0,83,383
570,3,70,382
575,7,65,375
575,6,65,375
576,13,64,367
576,11,64,362
576,19,64,354
576,31,64,339
579,43,61,327
580,54,60,315
579,50,61,319
583,63,57,304
583,81,57,285
588,90,52,275
591,102,49,261
594,144,46,219
596,170,44,192
600,177,40,184
604,199,36,161
609,222,31,134
613,242,27,113
616,259,24,97
616,259,24,97
618,250,22,91
619,242,21,84
620,234,20,76
622,225,18,70
623,217,17,63
624,209,16,56
626,201,14,49
627,192,13,43
628,184,12,36
630,176,10,29
631,167,9,22
631,157,9,32
631,153,9,36
631,166,9,23
634,158,6,24
634,158,6,24
634,118,6,64
630,88,10,96
624,81,16,114
616,54,24,144
608,54,32,286
600,52,40,295
593,19,47,332
587,10,53,340
580,12,60,340
573,14,67,336
567,16,73,331
561,16,79,328
555,16,85,326
548,14,92,323
540,12,100,322
537,11,103,319
530,11,110,317
524,11,116,315
519,11,113,313
516,11,106,311
511,14,98,306
507,14,92,305
495,15,95,301
488,21,94,294
476,23,98,295
466,23,98,293
452,27,102,288
436,31,106,282
434,32,99,280
424,32,99,280
409,34,103,277
390,31,111,279
383,31,112,278
374,30,111,276
365,30,111,273
358,32,111,269
350,32,111,267
342,32,109,268
339,31,102,267
330,31,103,269
322,33,97,268
315,33,89,268
307,34,86,268
309,34,80,269
311,37,72,266
309,37,72,265
306,37,73,265
304,35,72,268
286,34,87,269
276,36,92,264
266,37,102,264
260,37,104,263
256,38,108,262
254,38,106,261
258,38,108,261
262,38,107,262
268,38,103,263
277,38,102,262
280,37,102,263
285,37,99,263
291,36,95,265
295,36,90,264
301,36,84,263
302,36,83,262
304,36,79,263
308,36,71,266
308,35,73,268
307,33,76,269
301,33,84,270
294,34,95,267
