286,26,127,440
286,26,127,440
286,26,127,440
286,26,127,440
286,26,127,440
285,26,127,440
285,26,127,440
285,26,127,440
285,26,127,440
285,25,127,441
285,25,126,441
285,25,126,441
285,25,126,441
285,25,126,441
285,25,126,441
285,25,125,441
285,25,125,441
285,25,125,441
285,25,125,441
285,25,125,441
285,24,124,442
284,24,125,442
284,24,125,442
284,24,125,442
283,24,126,442
282,24,128,442
282,24,128,442
281,24,129,442
280,24,130,442
279,24,131,442
279,24,131,441
278,24,132,441
277,23,134,442
276,23,135,442
275,23,136,442
274,23,137,442
273,23,138,442
272,23,139,442
272,23,140,442
271,23,141,442
270,23,142,442
269,23,143,442
268,23,144,442
268,23,144,442
268,23,144,442
268,23,144,442
268,23,144,442
268,23,144,442
268,23,144,442
268,23,144,442
267,23,145,442
267,23,145,442
267,23,145,442
267,23,145,442
267,23,145,442
267,23,145,442
267,23,145,442
267,23,145,442
267,23,146,442
267,23,146,442
267,23,146,442
267,23,146,442
267,23,146,442
267,23,145,442
266,23,146,442
266,23,146,442
266,23,146,442
266,23,147,442
266,23,148,442
266,23,149,442
266,23,150,442
266,23,151,442
266,23,151,442
266,23,151,442
266,23,151,442
267,23,150,442
267,23,149,442
267,24,149,441
267,24,148,441
268,24,146,441
268,24,146,441
268,24,146,441
269,25,144,440
269,25,144,440
269,25,143,440
269,25,143,440
270,25,142,440
270,26,141,439
270,26,141,439
272,27,139,438
273,27,138,438
274,28,136,437
269,28,141,444
268,34,142,443
272,45,138,433
272,44,138,434
274,44,139,434
274,44,142,435
274,44,145,435
275,47,146,432
280,42,145,438
280,38,148,438
280,35,150,438
282,29,150,444
282,28,151,445
285,27,149,446
288,25,148,449
291,23,148,451
294,22,147,452
297,24,145,451
300,25,143,450
303,29,140,447
306,32,138,444
310,35,135,442
313,38,133,439
316,41,131,437
321,44,128,434
325,47,128,428
325,48,129,427
327,49,130,426
328,49,134,426
326,49,140,424
323,48,146,421
322,46,152,417
319,44,162,416
311,42,174,417
303,41,185,421
296,40,195,426
288,40,206,429
284,43,213,430
280,48,220,428
276,53,227,427
275,58,233,422
276,65,235,415
280,68,235,412
286,70,232,410
293,70,227,410
299,71,222,409
305,71,217,409
309,69,212,411
312,67,208,413
316,64,202,416
319,61,198,419
320,58,198,422
321,55,199,425
322,53,199,422
324,51,199,422
325,49,199,424
326,47,200,425
327,46,200,425
330,45,198,426
333,47,195,425
336,47,195,425
340,48,192,424
342,50,190,423
344,52,188,422
346,55,185,417
351,56,180,416
356,58,174,415
362,59,166,414
365,60,163,413
365,61,164,412
365,63,164,410
365,62,166,411
362,60,170,413
359,58,173,410
355,57,179,404
350,55,185,405
345,53,190,407
342,52,193,397
342,53,191,392
342,53,190,388
343,53,187,383
344,54,184,382
349,54,176,382
351,57,170,381
357,57,164,381
361,63,158,377
364,65,154,377
367,67,151,377
370,70,149,376
373,74,146,374
376,77,144,373
377,78,143,371
378,79,143,369
378,79,144,368
379,79,144,367
376,79,146,368
373,78,148,366
370,77,150,364
366,77,154,362
363,75,154,364
361,77,155,358
359,78,155,357
358,79,153,348
358,80,153,345
358,81,152,343
360,82,149,342
361,82,149,343
363,82,147,343
364,83,146,343
372,83,138,343
379,83,131,344
388,85,122,342
395,86,114,342
398,88,110,340
403,89,104,338
405,90,100,337
409,92,95,337
412,93,91,337
416,94,86,337
419,96,82,337
423,97,77,337
422,98,68,336
422,99,58,332
421,116,49,314
421,133,39,297
420,137,33,290
417,143,27,131
412,145,22,122
275,197,30,71
269,179,31,89
260,167,31,103
252,157,33,179
245,147,34,168
236,144,35,174
230,142,36,190
223,141,33,275
213,139,37,280
205,137,38,283
196,114,37,308
184,110,42,312
171,108,47,314
158,106,53,317
145,105,59,318
130,103,64,320
115,103,70,321
117,104,77,316
121,103,81,318
119,103,89,318
116,102,99,317
109,101,110,315
107,100,118,314
106,99,125,313
102,99,130,313
99,99,133,313
100,98,133,314
100,98,133,314
109,99,134,309
122,101,128,306
132,100,126,301
142,100,124,297
153,99,120,294
164,99,117,295
174,99,115,295
185,99,108,296
196,99,104,294
203,99,104,294
210,99,103,293
218,100,101,292
225,100,102,294
231,102,102,293
238,104,102,291
245,104,104,292
252,105,105,293
259,106,107,293
266,107,109,293
273,108,111,294
280,112,109,292
286,115,109,291
295,117,108,291
302,119,110,290
309,121,112,290
316,122,115,290
323,122,118,290
330,122,121,289
340,121,121,291
346,119,121,290
351,117,123,290
357,115,120,289
362,114,119,288
367,114,118,285
375,112,113,285
382,111,112,283
387,109,108,286
387,109,104,285
390,110,102,286
392,111,100,286
391,113,101,286
393,114,100,287
395,116,100,286
397,117,100,286
399,119,100,286
401,122,101,286
401,125,103,283
401,124,104,284
399,124,107,283
398,124,109,282
396,122,111,282
394,120,114,282
391,119,118,281
391,116,118,282
390,114,120,284
392,113,118,283
392,112,119,283
390,112,120,282
390,113,119,282
391,114,118,283
392,116,116,282
392,120,115,279
392,123,114,277
392,127,113,273
392,129,111,273
392,131,110,273
393,132,108,273
394,132,106,274
395,133,105,273
396,132,104,272
396,131,105,274
396,130,105,272
396,129,105,272
397,128,104,272
397,126,104,272
397,125,104,272
398,126,103,271
398,126,103,271
399,126,102,272
396,127,105,273
396,128,104,273
394,130,106,271
392,132,108,270
389,133,110,269
387,133,112,269
383,134,116,268
382,134,116,268
380,134,116,268
380,135,116,264
381,134,113,257
382,133,111,257
383,130,108,257
384,128,108,259
384,126,107,258
384,124,106,257
390,121,98,259
391,121,96,259
392,120,94,259
395,121,90,259
398,121,86,259
398,122,86,259
397,123,86,258
397,123,86,259
397,124,86,258
397,125,87,258
398,125,88,259
398,125,90,257
398,124,91,257
398,124,92,256
397,122,94,257
396,121,96,256
395,119,98,257
394,117,100,257
393,116,102,257
392,114,104,257
391,113,105,257
391,113,104,254
390,113,104,252
390,113,103,249
390,113,101,247
392,113,99,248
394,113,97,249
396,113,94,251
397,112,93,251
398,114,91,251
398,114,92,250
398,114,92,250
398,114,92,249
398,114,92,249
398,115,92,248
398,114,92,248
398,113,92,249
398,112,92,250
398,112,92,249
398,113,92,248
398,112,92,248
397,112,93,249
396,112,95,249
395,113,96,249
394,113,100,249
392,112,105,251
393,112,110,251
392,112,114,252
393,111,116,251
394,111,118,251
398,109,116,252
399,109,115,251
405,109,109,251
408,106,105,252
415,106,97,252
419,106,89,252
423,106,82,252
421,106,80,252
422,106,75,252
422,106,73,252
423,107,70,252
423,108,73,253
424,110,76,253
425,111,79,253
425,113,81,251
428,114,78,250
430,115,78,250
429,116,75,250
429,114,72,249
432,113,69,248
431,112,65,249
432,109,60,249
432,108,55,251
432,110,49,248
433,135,44,221
433,135,39,222
433,135,31,224
432,293,34,68
433,297,22,63
433,297,17,67
429,290,21,84
457,267,23,84
485,244,26,84
513,222,29,83
509,209,39,169
505,197,49,186
501,184,56,202
497,172,63,213
498,135,63,251
495,132,68,253
492,131,69,252
494,129,69,254
495,127,67,257
492,126,69,259
490,125,69,258
488,124,69,260
487,125,68,260
485,127,67,260
483,128,67,260
481,129,67,260
479,129,69,260
472,133,72,256
468,134,76,256
460,135,82,256
454,137,86,255
452,138,88,254
448,138,92,253
447,137,94,252
445,136,96,250
445,134,96,251
444,132,96,250
442,131,98,248
442,129,96,246
441,127,97,248
441,127,97,247
439,126,98,248
438,125,97,249
435,125,101,248
433,126,103,247
430,126,107,247
429,126,108,248
428,127,110,248
428,128,107,247
427,129,101,246
426,129,95,246
425,130,91,245
423,130,89,244
423,130,86,244
423,130,85,244
423,130,84,243
423,129,84,243
423,128,83,244
423,129,83,242
424,128,81,242
425,128,80,241
426,127,79,241
424,128,80,240
423,128,80,240
422,128,80,240
422,130,81,238
422,131,83,237
420,132,86,237
420,133,87,236
420,134,88,235
419,135,89,234
419,135,90,231
420,135,89,228
421,135,88,228
424,133,86,229
424,133,84,229
424,132,84,229
424,131,84,230
424,132,84,230
424,131,84,231
424,132,84,231
424,132,84,231
423,132,86,232
423,134,87,232
423,134,89,232
424,134,88,232
424,133,89,233
424,133,90,233
422,133,91,233
421,132,92,233
421,131,93,233
420,130,94,233
423,128,91,234
423,126,90,236
423,125,89,234
424,124,86,235
425,123,84,236
426,122,82,236
427,122,80,236
429,122,76,236
430,121,73,237
431,121,70,236
432,120,68,238
432,120,67,238
432,119,66,239
433,118,64,240
432,118,64,241
432,117,65,242
433,117,64,242
433,116,69,243
433,115,73,245
434,115,76,245
435,114,79,246
435,114,83,247
436,114,85,248
436,114,87,249
436,114,90,250
437,112,91,252
437,113,92,251
437,114,93,251
438,116,92,251
441,115,88,252
445,115,86,253
449,115,85,255
452,115,84,253
451,114,85,257
452,117,86,255
454,117,90,255
456,115,90,258
456,116,92,258
456,118,92,261
455,121,95,259
455,122,96,259
455,124,96,260
455,124,97,260
455,124,97,263
455,124,99,262
456,123,100,263
458,123,99,263
459,122,100,264
462,121,98,265
464,121,99,265
468,121,97,264
468,120,96,265
467,119,96,266
466,119,97,266
466,119,97,266
466,119,97,266
466,120,97,265
458,120,99,265
451,120,99,263
445,121,100,266
438,119,100,265
431,119,100,264
424,120,103,263
418,118,105,265
416,118,100,265
413,118,97,264
411,117,92,264
414,116,84,264
417,115,74,265
419,114,65,266
416,114,59,266
410,113,57,266
402,113,54,267
393,114,51,266
385,159,43,221
380,256,27,127
372,258,25,120
363,248,21,133
368,253,23,127
372,258,25,120
364,251,28,127
357,244,30,135
349,238,32,142
341,231,35,149
333,224,38,157
325,217,40,164
318,210,42,172
310,203,45,180
302,196,48,187
228,207,50,194
225,185,56,214
222,163,61,235
220,154,64,244
217,112,67,285
216,102,70,293
212,97,75,298
212,98,80,298
210,96,84,299
208,93,87,303
220,93,93,312
231,93,93,312
242,93,92,317
253,91,92,318
264,91,90,322
271,91,88,322
279,91,94,326
287,90,101,329
296,90,106,333
305,89,111,335
314,87,116,339
324,86,123,341
333,84,131,345
345,83,131,344
352,80,134,348
361,78,135,352
369,77,136,354
377,75,136,357
385,73,136,360
394,72,135,363
403,71,134,365
413,70,133,368
423,69,133,371
433,68,134,374
442,67,136,376
449,66,139,382
454,65,147,386
460,64,154,389
465,63,161,392
473,61,165,397
481,58,159,402
493,56,147,406
498,54,142,411
512,49,128,418
517,48,123,419
521,44,119,423
515,41,125,427
508,37,132,431
502,34,138,435
498,30,142,439
493,27,147,443
490,27,150,445
488,25,152,448
486,24,154,451
484,22,156,454
482,20,158,457
482,19,158,460
481,17,159,463
485,15,155,465
488,14,152,466
492,12,148,468
495,10,145,470
502,10,138,470
507,6,133,474
516,5,124,475
524,4,116,476
533,2,107,478
542,1,98,479
544,0,96,480
546,0,94,480
546,0,94,480
546,64,94,416
550,62,90,418
552,63,88,417
559,65,81,415
565,65,75,415
572,65,68,415
581,74,59,406
581,74,59,406
581,74,59,406
581,75,59,405
581,77,59,403
582,79,58,401
582,80,58,400
582,82,58,398
582,84,58,396
582,86,58,394
583,87,57,393
583,89,57,391
583,91,57,389
583,92,57,388
583,94,57,386
584,96,56,384
584,97,56,383
584,99,56,381
584,101,56,379
584,103,56,377
585,104,55,376
585,106,55,374
585,108,55,372
585,109,55,371
586,111,54,369
586,113,54,367
586,115,54,365
586,116,54,364
586,118,54,362
587,120,53,360
587,121,53,359
587,123,53,357
587,125,53,355
587,126,53,354
588,128,52,352
588,130,52,350
588,132,52,348
588,133,52,347
589,135,51,345
589,137,51,343
589,138,51,342
589,140,51,340
589,142,51,338
590,143,50,337
590,145,50,335
590,147,50,333
590,149,50,331
590,150,50,330
591,152,49,328
591,154,49,326
591,155,49,325
591,157,49,323
591,159,49,321
592,161,48,319
592,162,48,318
592,164,48,316
592,166,48,314
593,167,47,313
593,169,47,311
593,171,47,309
593,172,47,308
593,174,47,306
594,176,46,304
594,178,46,302
594,179,46,301
594,181,46,299
594,183,46,297
595,184,45,296
595,186,45,294
595,188,45,292
595,190,45,290
595,191,45,289
596,193,44,287
596,195,44,285
596,196,44,284
596,198,44,282
597,200,43,280
597,201,43,279
597,203,43,277
597,205,43,275
597,207,43,273
598,208,42,272
598,210,42,270
598,212,42,268
598,213,42,267
598,215,42,265
599,217,41,263
599,218,41,262
599,220,41,260
599,222,41,258
600,203,40,277
592,185,48,295
588,172,52,308
584,159,56,321
580,146,60,334
576,133,64,347
576,126,64,354
576,120,64,360
576,114,64,366
576,102,64,378
576,90,64,390
576,78,64,402
576,70,64,410
576,61,64,419
569,58,71,422
573,54,67,426
578,51,62,429
584,47,56,433
587,44,53,436
588,43,52,437
584,41,56,439
580,40,60,440
582,39,58,441
577,21,63,459
563,0,77,480
556,0,84,480
550,0,90,480
543,0,97,480
535,0,105,480
527,0,113,480
518,0,122,480
510,0,130,480
503,0,137,480
495,0,145,480
490,0,150,480
485,0,155,480
480,0,160,480
475,0,165,480
475,0,165,480
476,0,164,480
478,0,162,480
480,0,160,480
481,0,159,480
488,0,152,480
497,0,143,480
492,0,148,480
488,0,152,480
482,0,158,480
478,0,162,480
475,0,165,480
466,0,174,480
458,0,182,480
450,0,190,480
441,0,195,480
435,0,197,480
428,0,201,480
421,0,205,480
415,0,207,480
411,0,209,480
424,0,193,480
419,0,189,480
418,0,187,480
422,0,181,480
417,0,183,480
428,0,165,480
428,0,168,480
423,0,175,480
420,0,180,480
414,0,186,480
401,0,191,480
389,0,196,480
381,0,195,480
373,0,194,480
367,0,192,480
362,0,187,480
357,0,185,480
349,0,185,480
342,0,184,480
332,0,186,480
322,0,187,480
313,0,187,480
304,0,187,480
294,0,189,480
285,0,189,480
283,0,184,480
282,0,177,480
275,0,175,480
269,0,179,480
272,0,174,480
290,0,167,480
300,0,165,480
304,0,170,480
309,0,174,480
314,0,181,480
320,0,185,480
323,1,189,479
335,2,197,478
342,2,205,478
348,2,214,478
355,2,222,478
361,2,224,478
369,2,222,478
375,1,220,479
382,1,217,479
388,0,215,480
394,0,213,480
405,0,208,480
415,0,203,480
426,0,197,480
437,1,193,479
447,0,190,480
460,0,180,480
473,0,167,480
483,0,157,480
493,0,147,480
503,0,137,480
509,0,131,480
515,0,125,480
521,0,119,480
528,0,112,480
535,0,105,480
543,0,97,480
550,0,90,480
557,0,83,480
563,0,77,480
570,0,70,480
576,0,64,480
580,0,60,480
573,0,67,480
575,0,65,480
576,0,64,480
577,4,63,476
576,9,64,471
577,36,63,444
577,64,63,416
577,80,63,400
577,95,63,385
576,111,64,369
576,126,64,354
580,111,60,369
585,96,55,384
589,81,51,399
596,66,44,414
602,50,38,430
613,57,27,423
611,47,29,433
609,38,31,442
606,28,34,452
604,19,36,461
602,9,38,471
600,0,40,480
597,0,43,480
595,0,45,480
592,0,48,480
591,0,49,480
590,0,50,480
590,0,50,480
590,0,50,480
587,0,53,480
583,0,57,480
578,0,62,480
572,0,68,480
567,0,73,480
562,0,78,480
556,0,84,480
556,0,84,480
558,0,82,480
560,0,80,480
562,0,78,480
565,0,75,480
568,0,72,480
563,0,77,480
557,0,83,480
549,0,91,480
545,0,95,480
538,0,102,480
533,0,107,480
530,0,110,480
520,0,120,480
516,0,124,480
513,0,127,480
509,0,131,480
504,0,136,480
500,0,140,480
496,0,144,480
487,0,153,480
481,0,159,480
474,0,166,480
466,0,174,480
460,0,180,480
453,0,187,480
447,0,193,480
441,0,199,480
434,0,206,480
431,0,209,480
427,0,213,480
424,0,216,480
427,0,213,480
431,0,209,480
434,0,206,480
443,0,197,480
452,0,188,480
461,0,179,480
457,0,183,480
453,0,187,480
449,0,191,480
444,0,196,480
436,0,204,480
427,0,213,480
419,0,221,480
408,0,225,480
399,0,224,479
393,0,219,479
387,0,214,480
381,0,209,480
375,0,204,480
369,0,204,480
364,0,202,480
359,0,202,480
354,0,202,480
348,0,202,480
346,0,201,480
344,0,199,480
342,0,198,480
338,0,202,480
342,0,193,480
346,0,183,480
350,0,174,480
353,0,166,480
347,0,166,480
341,0,166,480
335,0,166,480
328,0,167,480
322,0,168,480
316,0,170,480
310,0,172,480
304,0,185,480
297,0,209,480
291,0,231,480
285,0,230,480
278,0,227,480
273,0,200,480
265,0,195,480
256,0,191,480
248,0,186,480
241,0,190,480
233,0,196,479
227,0,202,479
221,0,209,479
215,0,215,479
216,0,217,479
226,0,221,480
229,27,226,453
238,22,226,458
243,20,225,460
249,24,224,456
262,18,225,462
271,18,225,462
279,7,224,473
291,0,218,480
304,0,211,480
305,0,216,480
314,1,212,479
322,1,210,479
329,1,208,479
336,1,206,479
343,1,204,479
351,1,201,479
355,1,201,479
362,1,205,479
370,0,207,480
377,0,211,480
388,1,214,479
397,2,222,478
406,4,230,476
419,6,221,474
433,9,207,471
446,11,194,469
460,14,180,466
481,4,159,476
493,0,147,480
497,0,143,480
515,0,125,480
522,0,118,480
530,0,110,480
537,0,103,480
544,0,96,480
547,0,93,480
549,0,91,480
551,0,89,480
553,0,87,480
555,0,85,480
550,0,90,480
545,0,95,480
540,0,100,480
531,0,109,480
522,0,118,480
512,0,128,480
503,0,137,480
494,0,146,480
484,0,156,480
469,0,171,480
454,0,186,480
439,0,201,480
429,0,211,480
419,0,221,480
409,0,231,480
406,0,230,480
402,0,229,480
397,0,227,480
388,0,226,480
373,4,221,476
363,28,211,452
353,31,203,449
345,35,197,445
342,44,187,436
339,48,177,432
339,55,170,425
349,64,161,416
352,58,156,422
357,58,151,422
358,54,150,426
359,50,149,430
358,44,151,436
357,35,154,445
356,27,156,453
352,19,161,461
348,11,165,469
346,5,170,472
344,0,174,474
340,0,179,472
337,0,183,471
338,0,183,478
340,0,182,479
341,0,183,480
347,0,191,480
356,8,188,472
359,15,195,465
362,22,202,458
369,31,205,449
376,39,208,441
380,46,211,434
384,48,213,432
388,48,216,432
392,48,218,432
396,45,221,435
400,39,233,441
406,33,234,447
411,26,229,454
417,20,223,460
422,13,218,467
427,7,213,473
432,0,208,480
436,0,204,480
441,0,199,480
445,0,195,480
450,0,190,480
456,0,184,480
462,0,178,480
471,0,169,480
481,0,159,480
490,0,150,480
504,6,136,474
518,13,122,467
526,19,114,461
536,20,104,460
546,20,94,460
555,20,85,460
564,20,76,460
573,20,67,460
578,20,62,460
578,22,62,458
579,23,61,457
583,25,57,455
586,71,54,409
587,70,53,410
588,70,52,410
586,71,54,409
585,72,55,408
584,76,56,404
583,81,57,399
582,86,58,394
580,90,60,390
579,96,61,384
579,98,61,382
580,81,60,399
580,64,60,416
580,61,60,419
580,58,60,422
593,58,47,243
605,68,35,160
602,67,38,175
600,67,40,190
597,67,43,205
595,67,45,220
592,67,48,235
590,66,50,251
587,66,53,266
585,66,55,280
582,66,58,295
580,66,60,310
577,66,63,325
574,65,66,341
572,65,68,356
569,65,71,370
567,65,73,385
564,65,76,400
562,64,78,416
560,170,62,288
557,130,65,328
555,123,67,335
555,62,85,395
551,54,89,400
551,50,89,400
550,45,90,402
551,43,89,401
553,41,87,400
554,39,86,400
555,39,85,400
558,42,82,397
561,45,79,394
564,49,76,392
566,54,74,389
567,59,73,387
568,65,72,384
568,70,72,382
568,74,72,381
567,78,73,382
566,86,74,387
563,99,77,369
560,95,80,376
557,102,83,378
556,108,84,366
554,102,86,364
553,101,87,360
552,95,88,360
554,90,86,359
561,85,79,357
569,79,71,353
577,80,63,335
586,115,54,276
596,113,44,240
605,118,35,210
609,132,31,109
616,163,24,79
625,185,15,58
569,79,71,353
571,79,69,353
573,79,67,353
575,79,65,353
577,79,63,353
579,79,61,353
581,79,59,353
583,79,57,353
585,79,55,353
587,79,53,353
589,79,51,353
591,79,49,353
593,79,47,353
595,79,45,353
597,79,43,353
599,79,41,353
601,79,39,353
603,79,37,353
605,79,35,353
607,79,33,353
609,79,31,353
611,79,29,353
613,79,27,353
615,79,25,353
617,79,23,353
619,79,21,353
621,79,19,353
624,79,16,353
622,151,18,86
621,142,19,94
619,140,21,94
617,137,23,96
615,134,25,97
613,89,27,229
611,85,29,255
609,82,31,278
607,79,33,285
605,78,35,302
603,77,37,319
601,76,39,336
600,75,40,338
598,74,42,340
593,74,47,342
591,74,49,342
588,74,52,343
585,74,55,344
582,75,58,343
579,76,61,343
577,76,63,343
574,77,66,343
571,79,69,340
569,79,71,338
567,78,73,338
564,77,76,338
562,77,78,337
560,76,80,336
561,72,79,337
563,69,77,336
564,65,76,336
562,62,78,338
562,60,78,338
564,57,76,337
566,54,74,337
566,51,74,338
567,49,73,340
569,47,71,342
571,45,69,344
571,44,69,346
570,43,70,347
570,42,70,349
570,40,70,351
570,41,70,352
570,41,70,354
570,42,70,355
570,44,70,353
570,47,70,350
570,50,70,351
568,52,72,352
570,54,70,352
571,57,69,352
572,60,68,351
573,60,67,351
574,59,66,351
575,57,65,351
576,55,64,352
577,54,63,351
578,52,62,353
580,51,60,354
580,52,60,353
581,53,59,356
582,54,58,363
582,62,58,359
583,67,57,358
585,74,55,358
588,87,52,353
588,136,52,306
590,140,50,305
591,143,49,305
586,143,54,307
581,143,59,308
577,140,63,309
572,136,68,312
571,133,69,313
569,129,71,315
568,126,72,317
566,122,74,319
568,119,72,321
569,115,71,323
569,115,71,324
569,115,71,326
569,115,71,327
573,115,67,327
574,117,66,328
575,119,65,330
576,120,64,332
577,122,63,334
571,122,69,336
569,76,71,384
564,74,76,385
559,71,81,388
551,72,89,386
546,71,94,387
540,70,100,387
532,69,108,398
525,68,115,398
517,67,123,398
510,66,130,398
502,64,138,398
495,63,138,399
488,62,138,399
481,61,138,400
474,60,138,400
467,59,139,401
458,60,139,400
450,61,138,399
441,62,139,397
432,63,139,396
424,64,138,395
414,65,143,392
407,66,144,389
400,67,146,386
394,67,147,385
386,66,147,384
379,66,147,381
372,66,143,381
366,64,140,382
367,62,139,383
367,60,139,384
367,58,139,385
368,56,138,386
368,54,139,387
369,52,139,388
370,50,139,389
371,48,138,390
371,48,139,391
371,47,139,392
371,46,140,394
370,45,141,395
371,45,140,397
372,46,138,398
373,46,137,399
374,47,136,400
377,46,135,401
377,48,135,401
383,47,135,406
392,47,134,406
398,45,134,408
407,45,132,412
414,43,132,413
421,41,132,415
427,40,134,416
438,38,135,422
446,36,140,425
457,35,142,427
468,33,145,429
476,33,152,429
484,32,154,430
489,32,151,435
492,31,148,437
494,31,146,439
500,30,140,441
505,30,135,443
510,29,130,445
515,29,125,447
520,28,120,449
526,28,114,451
534,27,106,453
541,25,99,454
542,24,98,456
543,22,97,457
544,21,96,459
547,21,93,459
549,16,91,464
551,13,89,467
553,10,87,470
555,8,85,472
557,5,83,475
559,3,81,477
561,0,79,480
564,0,76,480
566,0,74,480
563,0,77,480
558,0,82,480
554,0,86,480
549,0,91,480
545,0,95,480
542,0,98,480
534,0,106,480
526,0,104,470
518,0,103,460
506,0,91,371
498,0,84,234
489,1,73,228
479,1,56,195
479,1,56,195
515,35,55,255
550,70,55,315
586,105,54,375
564,71,63,409
544,65,87,415
519,0,112,480
503,0,128,480
483,0,142,480
465,2,151,478
447,7,159,473
411,12,181,468
396,16,181,464
386,22,181,458
382,23,180,457
376,25,182,455
372,24,182,456
369,23,184,457
362,20,185,460
356,18,185,462
349,15,186,465
343,11,187,469
337,8,187,472
332,4,186,476
326,0,184,480
313,0,182,480
304,0,175,480
294,0,168,480
280,0,167,480
265,1,166,479
251,1,165,479
237,1,163,479
222,1,164,478
208,2,163,477
195,2,162,477
181,3,162,476
174,3,159,476
162,2,162,477
149,1,165,478
135,1,167,478
128,1,170,479
129,1,170,479
123,0,174,480
118,0,178,480
114,0,181,480
110,0,185,480
105,0,189,480
100,0,193,480
99,0,192,480
98,0,191,480
96,0,189,480
97,0,185,480
98,0,182,480
98,0,179,480
99,0,176,480
100,0,174,480
101,0,171,480
101,0,170,480
102,0,167,480
103,0,165,480
104,7,162,473
103,15,163,465
103,17,163,463
102,16,162,464
100,15,165,465
100,11,166,469
100,7,167,473
99,4,175,476
109,0,173,480
114,0,175,480
121,0,171,480
127,0,168,480
130,0,168,480
133,0,169,480
138,0,167,480
142,0,167,480
147,0,165,480
151,0,165,480
158,0,165,480
165,0,164,480
172,0,164,480
180,0,163,480
187,0,163,480
195,0,162,480
202,0,161,480
209,0,162,480
216,0,163,479
223,0,164,479
229,0,165,479
236,0,166,479
244,0,166,479
251,0,167,479
259,0,166,479
267,0,166,479
274,0,167,479
282,0,167,479
290,0,166,480
298,0,166,480
305,0,167,480
310,0,169,480
309,0,176,479
306,0,177,480
307,2,172,478
307,0,173,480
307,0,173,480
307,1,173,479
307,1,174,479
307,1,174,479
307,1,174,479
307,2,174,478
307,2,174,478
307,2,174,478
306,2,176,478
306,2,176,478
306,2,176,478
306,2,176,478
306,2,177,478
306,2,177,478
306,2,178,478
306,2,179,478
306,2,180,478
306,2,181,478
306,2,182,478
307,2,182,478
307,1,183,479
307,1,184,479
307,1,185,479
307,1,187,479
307,1,188,479
307,1,190,479
307,1,192,479
307,1,192,479
307,1,192,479
307,1,192,479
307,1,192,479
307,1,192,479
307,1,191,479
307,1,190,479
307,1,189,479
307,1,189,479
307,1,188,479
307,1,187,479
307,1,186,479
307,1,184,479
307,1,183,479
307,1,182,479
307,1,180,479
307,1,179,479
307,1,177,479
307,1,176,479
307,1,175,479
307,1,175,479
307,1,175,479
307,1,175,479
307,1,175,479
307,0,175,480
307,0,175,480
307,0,175,480
307,0,175,480
307,0,175,480
307,0,175,480
307,0,175,480
307,0,175,480
307,0,174,480
307,0,174,480
307,0,174,480
307,0,174,480
307,0,174,480
307,0,174,480
307,0,174,480
307,0,174,480
