320,21,98,433
319,21,99,433
320,21,97,430
317,21,99,434
314,21,102,433
311,21,104,433
309,22,106,432
307,22,107,432
307,21,108,433
306,21,109,433
309,21,106,437
311,21,105,436
314,21,102,435
319,21,97,436
323,21,94,437
325,21,92,437
327,21,90,437
325,21,92,436
326,21,92,437
327,21,91,437
327,21,91,437
328,21,91,436
329,21,90,437
325,21,95,437
321,21,99,437
320,21,101,437
318,21,104,437
317,21,106,437
316,21,108,437
314,21,111,437
312,20,113,438
311,20,115,438
311,21,116,437
313,21,115,437
315,21,114,437
315,21,115,437
314,21,117,436
316,21,116,437
315,21,118,436
312,21,125,437
310,21,130,437
308,21,137,436
306,21,143,436
307,21,147,436
304,21,155,437
302,21,162,437
300,21,166,438
298,21,172,437
297,21,174,435
295,21,177,433
294,22,179,432
293,21,179,432
293,20,179,432
294,20,174,428
296,20,167,427
298,20,161,426
301,19,149,427
304,19,138,426
310,19,122,427
313,18,110,429
312,18,108,428
313,17,105,430
314,16,103,431
315,16,105,432
316,15,104,432
311,15,110,432
303,15,119,431
294,14,132,432
289,14,138,433
284,13,145,435
279,13,152,436
277,13,155,434
277,12,157,445
275,21,161,449
277,34,161,431
276,31,161,437
277,34,162,434
277,30,162,437
277,29,163,442
277,32,166,435
277,24,171,438
278,20,172,443
278,13,172,441
277,7,174,446
277,4,175,449
276,0,176,452
276,0,176,450
276,0,176,450
276,0,176,450
276,0,175,452
276,0,175,455
277,0,172,457
278,0,170,456
280,0,168,460
282,0,164,464
283,0,161,468
284,2,156,472
284,5,152,473
286,11,152,468
289,19,149,461
292,28,146,452
294,33,146,447
296,36,149,444
304,38,147,442
307,39,147,441
314,36,147,443
320,33,145,441
325,28,145,441
334,23,143,441
353,18,132,441
360,14,137,442
371,11,138,444
381,11,141,441
383,10,149,444
386,11,156,443
391,14,162,442
397,16,167,444
404,20,174,445
415,24,173,445
424,27,178,448
433,31,185,442
441,33,191,442
448,33,192,443
457,33,183,444
466,31,174,446
476,27,163,449
487,24,153,450
529,20,111,448
549,15,91,449
565,10,75,452
589,5,50,458
602,0,38,457
617,0,23,90
599,2,30,110
599,6,30,114
600,10,30,119
600,14,31,123
601,18,30,127
601,23,31,130
602,27,31,135
602,31,31,139
603,35,31,143
603,40,32,147
604,44,31,151
604,48,32,155
605,52,32,159
605,56,32,164
606,61,32,167
606,65,33,171
607,69,32,175
607,73,33,180
582,69,48,327
575,62,59,378
566,62,68,380
560,59,72,382
555,60,81,394
547,59,93,392
541,20,99,422
533,22,105,424
526,21,110,424
518,21,114,414
512,25,115,408
503,26,120,408
497,28,116,405
488,28,114,406
482,29,110,407
475,28,119,404
470,28,121,405
465,28,121,405
460,30,125,404
453,31,128,402
446,32,132,402
439,36,133,402
433,40,133,402
427,44,135,401
420,49,127,401
412,54,131,400
404,59,135,396
395,64,134,389
385,66,132,386
382,69,141,382
383,67,138,378
378,64,143,378
376,64,141,374
380,63,137,370
382,61,135,375
385,57,129,369
388,57,129,369
390,54,122,368
402,52,115,360
404,51,113,359
410,50,102,358
419,48,95,355
425,48,92,354
431,48,86,355
436,48,81,350
442,49,72,345
446,50,70,335
456,52,60,332
463,54,53,330
473,56,46,328
486,63,27,113
495,105,20,39
488,72,40,84
432,145,40,86
376,219,41,87
379,218,41,89
389,214,41,90
393,215,42,91
397,217,42,92
420,106,20,290
413,87,35,286
403,68,45,300
394,33,62,335
391,19,79,338
383,13,89,344
374,16,99,343
366,10,108,330
360,12,114,328
358,18,112,321
353,18,104,321
349,26,95,291
340,31,93,291
329,33,86,293
322,44,83,211
315,91,55,137
307,102,46,140
300,114,32,124
282,97,41,145
300,108,36,137
318,119,30,129
337,129,23,122
355,140,17,115
340,136,22,141
322,100,30,191
306,92,36,216
289,80,42,235
272,77,46,240
255,69,56,260
239,63,62,265
229,58,65,306
219,56,70,309
210,54,74,316
199,53,77,310
184,54,84,301
172,54,88,297
162,58,88,304
148,61,94,309
134,65,96,309
113,67,104,311
97,70,108,312
80,72,112,315
67,76,111,327
65,98,116,320
72,108,108,305
73,107,107,309
74,113,108,304
75,110,107,307
77,111,106,305
80,106,107,303
83,100,107,301
84,95,110,300
89,86,112,301
100,79,112,300
109,71,114,298
122,63,110,296
128,59,112,294
132,52,113,295
138,49,111,293
141,46,114,293
144,45,118,291
151,46,115,290
155,49,116,290
158,53,118,288
165,60,116,288
169,66,117,287
180,74,110,286
196,81,102,284
208,88,100,288
220,95,95,285
232,100,89,283
238,104,88,282
242,107,87,283
248,107,86,280
252,108,87,279
258,105,86,279
265,100,83,280
271,97,84,277
273,91,81,280
268,88,79,279
268,82,78,280
267,80,78,281
265,77,79,281
265,73,78,283
266,73,77,283
266,70,76,284
264,71,78,285
264,73,75,281
263,76,74,282
262,79,73,282
262,80,72,286
262,87,71,281
262,93,69,279
261,96,69,282
260,104,68,281
258,110,65,278
256,114,57,274
252,116,65,273
249,118,67,270
248,120,68,267
245,118,68,266
245,117,64,264
245,114,65,264
246,111,63,265
246,109,58,265
246,104,61,267
244,103,60,265
245,104,56,261
245,104,53,260
246,104,49,259
248,103,97,260
250,106,99,258
250,108,100,257
250,112,100,257
315,310,33,55
310,309,34,62
300,217,39,157
280,113,54,263
274,112,55,266
267,113,58,267
259,115,62,267
256,117,64,267
259,115,58,268
258,112,63,271
257,111,67,271
255,108,74,269
255,103,75,270
255,99,79,268
249,90,86,274
247,86,89,275
248,83,89,274
244,80,94,275
238,78,101,277
238,76,103,277
233,76,110,278
238,75,105,278
239,75,105,280
243,77,103,280
246,80,101,280
247,83,100,280
246,88,101,280
247,92,100,278
246,97,101,278
246,104,100,276
244,106,101,275
242,111,103,272
240,114,103,271
239,115,102,270
236,114,105,269
233,112,106,269
226,111,104,269
213,108,98,267
200,103,96,267
187,99,94,269
180,95,92,271
176,94,85,270
175,92,79,270
172,92,73,273
168,91,68,270
161,91,63,270
153,94,61,266
139,96,63,264
133,99,58,262
118,130,59,231
103,134,57,231
86,136,60,239
66,139,61,238
57,140,53,234
39,140,53,232
20,141,54,232
3,147,56,228
0,148,42,225
0,156,23,89
4,129,23,246
4,129,23,245
4,130,23,243
4,130,23,242
4,131,23,240
4,132,23,238
4,132,23,237
4,133,23,235
3,134,23,233
3,134,23,232
3,135,23,230
3,136,23,228
3,136,23,227
3,137,23,225
3,137,23,224
3,138,23,222
2,139,24,220
2,139,23,219
2,140,23,217
2,141,23,215
2,141,23,214
2,142,23,212
2,142,23,211
2,143,23,209
2,144,23,207
1,144,24,206
1,145,24,204
1,146,23,202
1,146,23,201
1,147,23,199
1,148,23,197
1,148,23,196
1,149,23,194
0,149,24,193
0,150,24,191
0,151,24,189
0,151,24,188
0,135,40,205
11,131,46,216
23,137,49,213
33,140,48,214
42,143,52,214
48,106,55,251
55,109,56,249
61,110,64,246
70,108,63,244
79,107,65,244
90,105,69,243
102,101,65,242
114,98,70,241
128,96,62,244
142,95,61,241
153,93,57,241
166,93,56,240
177,92,50,241
186,92,49,243
198,95,40,238
208,97,44,235
219,99,44,236
229,101,43,236
242,104,41,235
250,108,43,232
262,109,42,235
272,113,43,230
283,114,43,236
294,115,39,233
305,116,36,229
313,114,38,238
329,159,34,195
339,166,33,182
348,165,35,186
360,178,37,169
374,190,38,152
389,192,39,155
401,202,34,149
415,203,32,141
428,190,31,143
461,232,39,118
494,274,48,94
527,317,56,68
560,359,64,43
576,277,53,54
560,214,42,65
544,151,31,77
550,144,21,79
550,137,23,88
552,129,27,96
556,130,13,88
558,128,12,91
558,129,14,89
559,129,16,89
559,126,18,86
560,124,19,78
564,127,16,57
551,144,19,54
538,160,20,53
525,177,22,51
512,193,24,49
499,210,26,47
487,227,27,45
474,243,29,43
461,260,30,41
528,262,23,84
523,144,35,207
518,118,44,231
516,116,50,235
519,119,48,233
521,119,48,233
508,120,57,232
502,119,60,233
504,117,53,234
501,119,53,230
499,150,51,198
494,152,50,196
489,153,47,195
484,154,46,194
482,157,41,191
478,157,39,192
473,161,36,190
466,164,34,187
459,168,32,182
452,167,30,183
448,172,30,176
445,175,26,170
441,178,27,169
437,257,16,92
435,263,13,91
431,290,12,64
427,288,13,63
424,294,9,47
421,157,25,180
424,156,20,100
422,154,24,110
419,218,22,136
391,200,15,97
363,183,9,57
361,180,17,141
360,160,17,166
360,156,17,168
360,153,20,176
360,153,19,181
360,155,20,191
358,156,24,191
357,125,41,221
358,126,43,222
358,130,46,220
358,131,47,220
358,133,48,219
360,133,47,220
361,135,49,218
363,135,49,216
365,134,50,215
367,132,50,214
368,130,50,212
369,129,52,210
368,127,53,210
369,125,52,210
369,122,53,211
369,120,54,212
369,118,60,216
369,117,64,216
367,117,69,215
367,116,74,215
367,117,79,215
366,117,80,214
365,118,81,215
365,119,80,216
366,120,79,217
366,120,79,217
366,120,79,218
367,121,78,217
366,120,78,218
367,121,77,217
368,121,75,217
367,120,75,218
368,119,73,217
366,118,74,216
366,117,73,216
364,116,74,217
362,115,75,217
361,115,75,216
360,116,75,214
356,116,79,217
355,118,78,215
354,119,78,215
354,120,77,219
350,120,80,219
350,120,79,219
351,121,77,218
352,122,75,217
354,120,72,219
355,120,70,219
357,119,67,220
359,118,64,218
359,117,64,218
361,116,62,218
362,115,60,218
363,114,59,220
364,113,58,218
365,112,58,220
367,111,57,222
367,112,58,222
368,112,57,221
369,112,56,221
370,112,56,223
371,113,55,221
372,113,55,224
375,113,52,223
376,112,53,223
377,112,52,222
378,111,53,223
379,111,51,223
380,110,51,223
380,109,52,223
381,108,53,223
381,108,54,223
381,108,56,223
381,107,57,224
381,107,59,224
381,107,60,224
382,107,61,224
383,107,62,224
383,109,63,222
383,109,64,223
384,110,63,223
385,111,63,223
385,111,63,224
385,113,63,222
385,112,63,223
385,111,63,224
385,110,63,225
385,109,63,225
385,109,63,225
385,108,63,225
385,107,64,225
386,106,64,226
387,106,63,225
387,105,64,226
386,105,63,225
385,106,62,229
385,107,57,222
384,108,55,223
384,108,56,224
385,110,54,225
384,112,52,224
384,115,47,224
384,116,44,116
380,115,43,114
378,115,74,224
376,113,74,226
376,150,73,189
404,138,43,201
433,126,11,213
418,104,23,231
407,102,32,236
398,103,37,234
394,101,39,232
387,101,43,234
379,101,47,235
371,100,49,237
359,103,56,237
352,104,57,235
341,102,63,238
328,104,66,237
317,104,73,236
308,104,72,237
303,104,70,236
294,103,74,237
288,102,74,239
281,101,74,239
275,101,73,240
272,99,71,239
265,99,72,239
262,99,68,241
254,97,72,242
246,98,73,239
241,98,69,241
235,99,67,241
229,99,66,242
223,99,61,242
219,99,60,241
213,100,60,242
210,100,58,242
209,101,55,242
210,101,58,242
211,100,53,243
212,102,45,220
216,139,17,119
217,100,45,149
231,112,44,154
246,123,43,161
261,135,41,166
275,147,40,171
290,159,39,176
307,148,27,199
304,144,34,204
300,103,41,247
298,102,43,253
300,101,44,255
295,101,53,255
289,102,55,255
285,104,63,255
284,105,67,254
289,106,66,258
291,108,67,256
291,107,70,259
291,108,71,260
291,108,73,261
294,110,72,260
298,109,69,262
301,108,67,264
303,107,71,265
304,108,79,263
305,106,87,265
309,106,90,264
311,105,98,263
313,106,98,262
316,105,97,261
318,105,99,267
321,106,97,268
322,106,97,268
324,105,96,273
324,104,99,274
322,100,100,277
324,101,101,278
327,99,99,280
328,98,102,282
328,95,99,283
329,93,98,285
331,91,96,286
332,86,97,288
336,84,94,290
339,83,95,289
344,80,96,292
350,78,93,293
354,74,90,296
365,73,78,296
366,72,80,303
369,70,76,301
370,68,79,305
371,69,83,307
371,68,88,306
374,69,91,308
370,70,96,309
366,70,109,305
364,69,111,308
361,68,113,308
360,68,116,309
360,68,119,307
355,67,118,310
349,66,116,308
343,64,117,306
337,63,112,305
332,62,111,307
326,60,113,308
318,57,110,309
310,56,104,312
300,53,113,314
290,49,109,319
280,46,113,322
262,44,125,316
258,41,125,317
255,37,123,315
255,35,121,314
253,33,120,316
254,29,118,322
257,28,111,322
254,28,111,324
249,27,111,335
244,31,109,336
240,33,108,342
235,38,111,339
232,41,112,335
225,44,105,330
216,30,112,326
219,24,110,338
221,32,118,334
227,29,131,339
224,28,128,343
225,34,128,342
226,36,131,346
227,40,135,348
226,42,131,347
233,44,123,348
236,47,121,346
238,48,115,355
245,58,111,348
250,56,108,344
258,53,103,349
263,53,97,345
271,47,92,350
273,46,93,361
274,52,96,358
282,51,95,358
283,48,97,361
285,45,106,362
287,41,115,366
283,42,125,366
278,41,134,365
274,37,136,369
269,41,135,366
264,41,134,369
256,44,134,372
247,49,133,369
233,52,138,372
223,57,132,369
208,60,135,371
197,64,139,371
187,66,140,369
174,67,147,369
165,67,128,369
157,67,125,369
152,67,120,367
146,64,118,365
143,60,118,365
141,56,115,369
138,52,115,375
136,48,114,380
134,46,112,383
124,42,117,388
113,40,121,390
106,40,123,388
95,39,132,387
85,40,140,385
74,40,146,384
61,40,149,390
47,41,146,388
40,30,159,383
49,11,156,394
60,12,150,398
59,15,152,391
57,6,153,401
55,8,153,401
58,9,155,402
61,12,153,402
62,14,150,406
66,20,148,405
72,26,143,404
79,29,138,405
86,36,131,403
97,42,123,401
108,45,113,401
120,48,106,401
124,51,104,401
128,50,105,401
132,48,106,400
133,45,111,401
137,42,119,403
139,38,134,404
140,34,146,403
144,31,152,405
146,28,159,405
148,24,164,408
150,24,167,406
153,23,166,407
156,24,161,406
154,26,161,405
156,28,161,404
157,30,163,403
158,34,162,400
159,36,161,398
163,38,158,396
166,40,154,394
171,43,151,393
176,45,145,392
182,48,140,387
182,50,127,384
186,48,123,384
193,47,119,383
199,44,117,388
204,42,114,393
200,40,121,395
197,38,125,398
195,36,128,403
193,37,131,399
196,37,145,399
204,36,147,398
210,37,146,395
211,38,146,398
217,40,145,403
221,40,142,404
222,38,142,408
224,36,142,411
226,35,139,412
229,34,140,414
229,33,143,415
230,32,145,415
236,32,142,416
242,31,140,415
249,30,136,416
259,28,128,416
268,26,120,419
272,24,116,420
276,23,113,421
280,22,114,422
283,21,116,423
287,21,124,425
292,24,138,422
296,24,153,422
300,25,163,424
304,26,170,422
306,25,176,424
303,26,175,421
296,27,176,419
291,28,176,419
288,27,175,419
283,27,177,419
277,27,177,418
275,25,174,421
270,25,172,421
267,25,170,423
268,24,165,422
268,24,161,420
269,27,154,415
271,27,150,413
272,26,149,414
276,26,147,415
279,26,145,418
288,25,136,421
287,25,140,423
284,25,143,427
278,26,147,429
274,24,150,431
268,22,154,431
262,23,157,431
254,23,160,428
247,21,160,434
240,21,164,435
233,21,165,435
228,23,163,431
223,22,163,434
220,20,160,435
217,18,159,436
217,16,155,440
219,15,151,440
221,14,149,442
225,14,141,442
229,14,138,443
227,13,139,447
224,12,138,449
220,11,139,450
216,10,136,451
212,10,140,451
211,9,153,451
206,9,170,451
202,10,182,450
198,9,189,451
196,8,186,452
187,8,191,451
181,8,193,452
175,8,194,452
169,8,191,452
161,7,193,456
155,7,192,456
148,5,191,458
143,5,188,460
144,5,183,459
147,5,174,457
151,5,171,456
165,4,173,456
184,4,171,458
193,4,174,457
194,4,185,459
194,2,195,465
190,2,206,464
187,2,217,464
186,0,224,473
183,2,233,469
184,2,236,468
186,2,244,467
191,2,246,470
196,2,241,474
205,0,232,476
213,0,224,478
229,0,208,478
247,0,190,480
264,0,173,480
268,0,176,480
274,0,181,480
282,0,186,480
293,0,185,480
303,0,182,480
312,0,180,480
317,0,177,480
321,0,176,480
326,0,170,480
331,0,165,480
335,0,156,480
339,0,150,480
343,0,158,480
348,0,176,480
352,0,186,480
350,0,184,480
348,0,180,480
346,0,178,480
339,0,181,480
328,0,207,480
316,0,217,480
306,0,222,480
300,0,220,479
296,0,216,478
298,1,217,477
303,1,222,477
308,0,225,476
311,1,228,475
322,1,223,475
330,1,220,477
333,1,219,479
333,1,221,479
333,1,218,479
333,1,213,479
331,1,212,479
325,1,212,479
323,1,209,479
318,0,208,480
310,1,210,479
304,0,210,480
299,0,211,479
294,0,213,480
290,1,216,478
290,1,216,479
291,1,213,478
294,1,208,479
297,1,204,479
304,0,193,480
308,0,190,480
313,0,178,480
316,0,173,480
318,0,165,480
315,0,158,480
317,0,148,480
315,0,147,480
312,0,151,480
310,0,170,480
312,0,195,480
315,0,221,480
313,0,231,480
314,0,230,480
312,0,226,480
311,1,221,479
310,1,200,479
309,1,194,479
310,1,188,479
311,1,182,479
312,1,175,479
324,1,154,479
324,1,146,479
324,1,143,479
322,1,152,479
320,1,159,479
315,1,170,479
315,1,175,479
311,1,184,479
312,1,185,479
307,1,191,479
304,1,194,479
306,1,189,479
302,1,191,479
305,1,183,479
305,1,179,479
307,1,176,479
308,0,169,480
311,1,160,479
309,1,158,479
312,0,150,480
313,0,143,480
314,0,136,480
315,0,130,480
315,1,121,479
310,1,118,479
309,0,112,480
309,1,105,479
306,1,112,479
304,1,120,479
299,0,126,480
297,1,128,479
295,1,128,479
292,1,148,479
288,0,164,480
284,1,176,479
281,1,181,479
279,0,176,480
273,1,175,479
272,1,168,479
269,1,162,479
266,1,156,479
268,0,146,480
268,0,137,480
271,1,122,479
275,3,109,474
277,1,104,474
280,0,99,475
291,1,88,471
299,1,83,469
312,0,83,466
318,1,81,479
323,0,90,480
330,0,98,480
342,0,112,480
346,0,139,480
352,0,151,480
356,0,168,479
359,0,176,479
362,0,178,479
360,0,183,479
360,0,183,479
383,0,159,479
388,0,150,479
401,0,131,479
403,0,123,480
402,0,114,479
401,0,115,480
407,0,87,480
412,0,81,480
416,0,90,480
415,0,89,480
419,0,94,479
423,0,100,480
428,0,99,465
431,0,99,465
436,0,94,479
443,0,91,470
448,0,94,476
453,0,106,480
457,0,125,480
461,0,129,480
464,0,134,480
466,0,127,480
462,0,125,477
470,0,108,480
479,0,93,480
472,0,92,480
466,0,92,479
461,0,88,479
461,0,81,479
460,0,74,474
460,0,62,474
458,0,61,469
459,0,48,479
458,0,47,304
456,0,32,324
449,0,34,310
443,0,36,293
443,0,47,318
442,0,50,237
440,0,51,233
438,0,54,231
450,168,63,310
450,174,70,302
451,181,71,291
452,193,69,276
474,413,43,59
470,410,36,56
447,397,62,82
444,355,61,87
442,314,59,92
440,272,57,98
437,230,56,103
435,188,54,109
433,147,53,113
430,105,52,119
251,344,51,118
243,351,51,118
238,360,38,108
234,362,39,103
227,171,201,291
228,67,197,395
229,56,195,409
220,55,199,411
213,49,202,409
203,50,208,411
195,46,211,415
186,44,212,417
177,37,213,421
170,1,207,449
166,0,65,452
163,0,72,435
159,0,80,480
153,1,87,479
148,0,91,480
145,1,100,479
148,0,99,480
153,0,107,480
154,0,108,474
149,0,117,472
146,0,124,467
144,1,136,459
141,0,152,457
138,0,155,455
139,1,158,453
137,0,161,457
133,2,164,454
133,1,163,461
134,0,162,471
136,1,161,464
136,0,161,464
136,1,164,465
137,1,165,462
140,0,160,470
141,0,154,480
142,13,151,467
144,11,144,467
143,7,148,470
142,6,148,466
145,3,142,471
146,2,142,468
149,0,141,463
153,0,138,460
160,0,132,455
168,0,125,452
180,1,118,449
195,0,113,448
199,0,116,447
205,0,115,448
208,0,118,450
213,0,117,453
220,0,118,454
227,0,119,457
237,0,119,457
244,0,121,459
252,2,122,460
261,6,120,456
268,10,123,453
275,15,123,450
281,19,123,446
286,20,125,444
291,22,127,442
298,22,127,441
300,19,133,444
298,19,136,443
291,17,142,448
288,18,147,446
280,19,156,449
276,20,160,446
271,20,166,449
265,22,174,448
263,24,177,447
262,25,180,452
260,30,184,446
257,31,189,448
254,33,193,446
252,32,199,448
250,32,208,448
248,33,212,442
248,30,213,442
247,31,212,439
248,30,206,436
248,28,203,433
251,29,197,431
254,29,189,433
259,29,180,434
264,27,170,437
268,28,162,437
270,29,156,435
273,28,154,439
275,29,148,435
277,30,143,437
278,32,145,434
279,33,146,433
279,35,149,431
278,36,152,431
276,36,157,429
273,37,162,427
268,35,169,426
264,35,172,425
260,32,177,428
254,31,187,426
250,29,192,421
246,25,196,420
242,24,199,417
238,21,201,420
238,18,198,421
235,17,200,417
235,15,198,419
235,16,196,415
237,16,193,404
242,17,186,403
245,18,181,402
250,20,172,403
254,21,166,403
258,22,161,404
264,24,152,402
267,25,148,404
271,26,143,404
274,29,139,401
277,31,135,402
280,33,131,401
280,35,130,400
282,36,127,400
280,36,126,401
279,38,126,401
278,37,126,401
277,36,126,401
271,35,130,401
267,35,133,400
262,32,137,393
255,28,143,392
248,27,148,390
241,25,155,391
235,24,160,390
230,25,166,387
224,26,171,385
222,26,173,386
218,28,176,390
217,29,177,389
217,32,176,389
218,35,173,394
222,40,167,392
221,45,166,390
225,49,160,389
230,52,152,389
234,55,146,389
239,58,139,389
243,57,135,387
246,57,132,383
248,55,130,383
249,52,129,384
250,51,129,382
252,48,128,382
251,46,130,384
252,45,130,382
251,45,132,382
252,45,132,380
251,46,133,381
251,47,133,381
245,50,139,378
240,52,146,376
235,54,151,379
230,56,157,374
227,60,162,375
224,62,165,376
221,64,170,373
220,65,170,369
218,64,169,367
218,64,167,364
218,62,163,356
219,59,160,358
223,56,153,358
225,53,149,361
230,50,141,362
237,48,135,364
242,48,130,365
245,48,126,367
250,49,123,368
254,50,116,368
256,52,114,367
255,54,115,365
254,57,114,365
253,58,116,365
252,60,117,364
250,61,118,363
248,62,122,362
246,62,123,360
242,62,128,360
240,61,130,360
236,61,134,359
232,60,139,360
230,58,144,360
229,57,145,359
229,55,147,361
228,56,150,359
228,54,150,361
227,53,150,360
227,53,151,360
228,53,148,360
230,55,144,358
232,56,136,356
232,56,124,355
232,58,122,354
235,61,110,353
235,62,99,348
234,64,94,344
235,64,88,341
234,64,80,341
234,62,71,343
234,62,54,343
233,61,51,340
231,58,43,336
231,64,30,293
230,110,24,135
227,49,154,382
256,123,109,288
285,197,63,195
314,271,18,102
309,117,33,255
304,112,38,269
299,112,43,304
295,112,48,304
288,110,56,312
286,102,58,324
278,82,68,345
277,70,69,361
273,72,71,357
269,70,76,357
264,70,80,355
262,67,82,356
243,66,100,355
238,64,105,356
235,61,107,356
232,59,109,354
222,59,120,352
218,59,124,351
217,60,125,349
217,61,125,343
216,62,126,340
217,63,125,345
219,64,123,344
220,64,122,347
228,64,115,346
230,63,113,345
232,62,110,348
229,63,114,347
229,62,113,345
228,59,114,348
216,58,126,347
214,56,128,349
214,56,128,348
213,53,129,349
212,52,128,351
214,49,124,351
215,50,122,351
214,50,123,350
215,49,121,353
217,49,118,354
217,49,117,355
216,50,118,354
216,51,118,354
215,52,117,355
215,52,116,354
212,56,118,352
210,55,118,353
207,53,120,353
207,52,118,354
206,51,118,355
206,50,117,348
206,49,114,350
206,49,104,351
209,48,96,352
212,47,88,353
195,48,99,351
192,48,93,351
190,48,89,277
190,48,81,198
214,48,49,121
214,47,37,115
214,44,34,100
206,44,54,112
223,57,45,123
241,70,35,134
259,83,25,145
277,95,15,157
261,83,29,230
243,46,47,319
241,42,48,339
238,41,51,320
238,41,50,297
244,40,42,299
246,37,41,296
250,35,33,115
258,38,25,106
246,60,27,125
232,94,27,143
218,129,26,160
204,164,25,176
190,199,25,193
186,168,34,225
183,153,37,242
183,100,43,295
181,32,50,364
179,32,65,366
179,31,65,367
179,33,74,368
178,31,86,369
179,32,85,369
182,32,95,368
181,30,103,369
183,28,108,371
182,27,117,372
182,24,124,376
182,24,128,377
182,20,129,380
183,17,129,382
183,14,129,384
184,10,130,394
184,9,132,397
183,5,135,398
182,1,136,404
181,1,137,403
182,0,136,404
181,0,137,405
178,0,140,405
177,1,141,406
178,0,140,408
178,0,140,410
178,0,140,412
177,0,141,416
177,0,143,419
177,0,144,423
180,0,146,425
182,2,147,427
186,6,146,425
192,7,146,425
197,7,147,429
201,7,146,428
204,7,146,429
206,6,148,430
207,6,148,432
204,4,155,439
201,10,158,438
196,11,163,440
191,14,165,439
188,18,166,441
186,19,167,443
185,24,164,442
186,24,161,447
186,23,161,451
187,24,158,450
186,25,160,451
187,26,159,452
188,25,159,455
188,24,162,456
189,23,164,457
188,22,168,458
191,22,167,456
192,16,170,464
192,15,169,465
193,14,168,466
193,13,167,467
191,12,167,468
191,14,164,466
193,14,162,466
191,14,161,466
189,13,162,467
187,13,162,467
187,12,163,468
186,12,165,468
186,10,165,470
185,9,167,471
186,5,168,475
188,1,167,479
188,0,169,480
188,0,169,480
187,0,170,480
187,0,170,480
182,0,172,480
180,0,174,480
178,0,173,480
175,0,175,480
172,0,176,480
171,0,176,480
169,0,176,480
169,0,174,480
166,0,176,480
165,0,173,480
166,0,174,480
167,0,173,480
167,0,173,480
168,0,172,480
169,0,171,480
169,0,169,480
169,0,161,480
169,0,160,480
169,0,159,480
167,0,158,480
165,0,161,480
162,0,138,480
162,0,124,480
160,0,113,480
159,0,98,480
159,0,88,480
160,0,78,480
160,0,75,480
160,43,64,325
160,43,49,201
163,44,34,70
160,0,54,93
186,8,49,95
212,15,44,99
238,22,39,103
263,30,35,106
289,37,30,110
315,45,25,113
341,52,21,117
317,41,46,149
303,36,59,444
279,0,82,480
258,0,103,480
232,0,129,480
195,0,169,480
183,0,186,480
154,0,215,480
143,0,226,480
143,0,227,480
143,0,229,480
143,0,229,480
144,0,228,480
144,0,227,480
145,0,225,480
145,0,225,480
146,0,222,480
146,0,221,480
148,0,219,480
148,0,217,480
148,0,217,480
148,0,217,480
148,0,216,480
148,0,216,480
148,0,218,480
148,0,218,480
149,0,217,480
149,0,219,480
149,0,219,480
145,0,222,480
144,0,223,480
144,0,223,480
143,0,224,480
143,0,224,477
144,0,221,479
144,0,223,480
145,0,222,480
146,0,221,480
147,0,219,480
148,0,219,480
149,0,219,480
150,0,217,480
152,0,214,480
151,0,215,480
152,0,212,480
152,0,213,480
151,0,213,480
151,0,214,480
149,0,217,480
148,0,218,480
145,0,221,480
145,0,221,480
144,0,222,480
144,0,221,480
143,0,223,480
142,0,224,480
141,0,225,480
141,0,224,480
141,0,224,480
141,0,223,480
141,0,223,480
