250,12,146,468
250,12,144,468
249,12,143,468
247,12,143,468
246,12,142,468
245,12,142,468
243,12,144,468
242,12,144,468
241,12,144,468
241,12,142,468
240,12,142,468
240,12,141,468
240,12,140,468
240,12,140,468
240,12,139,468
240,12,138,468
240,12,147,468
240,12,163,468
240,12,177,468
240,12,191,468
240,12,206,468
240,12,221,468
240,12,225,468
240,12,230,468
240,12,234,468
240,12,238,468
241,12,237,468
242,12,236,468
243,12,235,468
244,12,228,468
245,12,221,468
245,12,215,468
244,12,209,468
246,12,194,468
247,12,180,468
247,12,167,468
248,12,153,468
248,12,140,468
248,12,126,468
248,12,127,468
248,11,127,469
248,10,127,470
248,9,127,471
246,9,129,471
244,9,131,471
242,9,133,471
240,9,135,471
239,9,136,471
237,9,138,471
235,9,140,471
234,9,141,471
234,9,141,471
233,9,142,471
233,9,142,471
232,9,143,471
232,9,143,471
231,9,144,471
231,9,144,471
229,9,146,471
226,9,149,471
224,9,159,471
222,8,169,472
220,8,179,472
218,7,186,473
216,7,193,473
216,7,197,473
216,7,198,473
216,7,199,473
217,6,202,474
212,6,211,474
208,6,218,474
203,6,227,474
198,6,235,474
193,6,242,474
193,6,245,474
193,6,249,474
192,6,253,474
193,6,253,474
193,6,253,474
196,6,248,474
198,7,244,473
201,8,240,472
208,8,229,472
215,9,216,471
228,11,198,469
234,10,186,470
239,11,174,469
237,8,170,472
235,7,165,473
233,6,159,474
230,6,155,474
228,6,149,474
226,6,154,474
224,6,156,474
223,6,157,474
222,6,158,474
221,6,159,474
220,6,160,474
219,6,162,474
218,6,162,474
217,6,163,474
218,6,162,474
220,6,160,474
219,6,164,474
219,6,167,474
218,4,172,476
218,4,179,476
220,4,184,476
223,12,189,468
226,10,194,470
229,9,199,471
231,8,205,472
234,8,210,472
237,7,210,473
240,9,208,471
243,7,206,473
246,5,204,475
248,3,203,477
256,2,199,478
263,2,203,478
271,1,205,479
280,1,204,479
289,0,202,480
298,0,201,480
303,0,201,480
316,0,193,480
323,1,195,479
341,1,188,479
359,1,188,479
371,1,193,479
395,0,188,480
408,0,193,480
418,0,194,480
437,0,191,480
445,0,195,480
458,1,182,479
472,1,168,479
479,1,161,479
491,1,149,479
501,1,139,479
506,1,134,479
511,1,129,479
510,1,130,479
512,1,128,479
510,1,130,479
508,1,132,479
501,1,139,479
495,1,145,479
489,1,151,479
472,1,168,479
460,1,180,479
448,1,192,479
439,1,201,479
429,1,211,479
420,1,220,479
416,1,223,479
412,1,227,479
407,1,217,479
403,0,204,480
399,0,191,480
395,0,177,480
391,0,164,480
365,0,178,480
346,0,186,480
329,0,194,480
312,0,206,480
295,0,218,480
283,0,221,480
271,0,224,480
260,0,225,480
248,0,228,480
236,0,227,480
234,0,223,480
236,0,228,480
237,0,226,480
234,0,227,480
222,3,228,477
208,4,233,476
204,5,229,475
208,6,214,474
210,7,204,473
212,8,194,472
213,8,181,472
220,6,163,474
220,3,156,477
218,0,147,480
223,0,129,480
217,1,123,479
225,0,109,480
232,0,96,462
240,0,81,444
238,0,81,437
131,1,185,430
130,13,182,421
201,9,79,440
132,4,115,461
133,0,81,480
145,12,86,468
162,29,91,451
172,37,89,443
180,44,85,436
189,52,79,428
197,51,79,429
203,54,88,425
208,50,97,428
214,47,106,430
219,37,115,438
225,33,116,443
232,29,122,444
238,22,125,448
229,20,140,448
220,19,155,448
211,17,171,449
202,15,184,441
198,15,195,438
198,18,198,435
203,22,201,432
213,27,199,433
222,31,200,435
235,37,200,433
248,42,195,431
258,48,195,429
268,54,196,426
277,56,193,421
285,56,188,424
294,58,185,422
303,59,182,421
298,60,188,420
293,75,195,405
294,72,194,408
296,66,189,414
298,67,184,413
300,61,175,419
302,58,174,422
309,51,167,429
321,41,163,439
343,34,152,446
348,32,157,448
354,28,160,451
352,27,164,450
350,26,158,452
350,23,153,455
352,23,150,454
348,24,153,452
345,26,155,450
345,29,157,448
341,29,160,448
340,32,161,445
337,36,164,441
331,41,167,436
324,47,170,430
318,52,173,425
311,58,176,419
307,59,173,418
307,59,167,413
307,58,161,409
308,54,154,408
308,50,150,407
316,45,137,408
330,42,122,404
318,38,133,402
305,38,143,402
297,37,150,405
289,36,157,408
281,35,163,410
280,36,163,411
278,37,164,412
279,41,162,410
277,45,163,408
276,50,162,405
276,53,161,404
277,55,163,404
278,56,161,404
267,58,170,402
264,59,168,399
261,60,169,396
254,58,171,396
243,56,178,393
239,57,177,386
232,55,179,388
225,53,182,389
218,52,184,389
216,50,178,390
212,48,175,392
211,46,170,393
210,48,165,394
211,49,164,393
214,51,158,394
216,54,155,393
219,56,150,393
222,59,146,392
224,61,143,392
227,63,138,392
230,66,134,391
230,66,133,391
230,66,131,391
230,66,130,388
230,64,128,387
230,62,127,386
230,60,126,385
226,57,128,388
223,55,130,390
217,55,136,386
211,56,142,381
208,56,144,372
204,56,147,368
203,56,147,367
203,55,147,367
202,54,147,366
199,54,149,365
199,55,149,363
200,56,148,364
200,56,148,365
200,57,148,367
199,59,149,366
198,61,149,366
197,62,150,366
196,64,150,366
195,66,153,365
194,67,154,366
194,68,154,365
193,68,157,366
189,68,160,366
188,65,162,367
187,66,165,367
186,64,164,368
184,63,167,368
185,61,166,367
185,59,164,367
186,60,163,366
191,60,155,364
196,60,148,361
200,60,140,356
204,60,135,355
211,62,125,353
223,63,108,353
227,64,101,354
228,65,99,355
229,66,105,355
229,67,111,356
230,68,116,356
231,68,121,357
230,69,126,356
232,70,127,355
236,68,126,357
237,67,127,358
238,66,127,359
239,65,128,359
240,64,128,360
241,63,124,359
242,61,120,359
244,60,115,359
245,58,108,367
247,59,104,366
248,61,100,367
253,65,99,367
260,67,89,368
271,70,70,368
274,74,63,367
275,79,57,364
278,87,46,253
283,106,36,210
248,61,100,367
283,65,94,364
317,70,89,359
352,74,82,356
348,73,100,358
342,72,112,359
336,71,119,358
332,71,117,362
327,71,116,365
322,71,114,368
310,72,116,366
292,73,127,367
269,73,143,369
258,76,146,381
250,76,145,383
242,77,144,384
231,78,148,382
229,78,143,381
231,77,134,380
233,74,132,383
236,71,132,386
239,68,132,389
242,65,129,392
244,62,127,395
238,59,132,397
231,56,138,398
225,53,142,400
216,50,151,402
205,47,161,403
189,44,173,407
171,41,182,414
157,41,183,415
144,36,188,421
138,32,184,426
131,27,183,435
126,25,178,438
117,26,179,439
110,24,177,445
105,24,172,449
99,24,166,451
98,27,157,451
97,30,148,450
97,29,138,451
96,32,129,448
98,31,127,449
121,31,120,449
129,34,116,446
131,29,126,451
134,25,150,455
139,23,166,457
144,18,183,462
144,24,202,436
146,0,206,450
146,0,210,452
148,0,211,442
149,0,213,439
149,0,214,440
150,0,213,440
152,0,211,440
159,0,204,445
167,0,196,449
179,0,183,454
188,0,173,459
202,0,160,465
216,9,148,462
231,16,141,461
248,27,128,453
262,33,126,447
270,43,127,437
277,46,130,434
283,48,134,432
289,50,165,430
295,48,183,432
295,44,197,436
292,38,206,442
283,34,209,441
274,29,212,440
265,19,214,447
258,15,215,450
255,8,213,452
251,2,212,454
252,0,206,457
252,0,200,455
253,0,194,454
258,0,181,457
263,0,168,461
268,0,155,465
273,0,142,469
279,6,129,466
284,16,126,460
285,20,124,460
287,26,124,454
286,30,126,450
284,34,128,446
282,32,135,448
279,34,144,446
275,32,151,448
270,29,157,451
261,26,163,449
254,24,163,450
248,22,162,450
241,20,163,450
235,19,162,450
228,18,162,449
220,18,161,456
212,23,159,457
197,47,160,433
193,50,157,430
187,51,156,429
183,57,148,423
182,55,142,425
185,57,135,423
181,51,133,426
177,46,131,428
173,40,128,430
176,31,121,436
186,25,114,433
194,22,130,431
197,16,143,439
198,16,156,436
200,16,166,432
200,16,176,436
202,19,181,435
203,22,186,436
202,27,188,435
202,33,190,433
202,38,190,433
202,42,190,432
202,47,190,430
202,48,192,432
202,48,192,428
204,46,188,432
210,45,183,433
217,43,176,430
222,40,172,433
232,35,162,435
244,31,150,438
256,28,144,441
266,26,143,443
284,23,135,445
293,20,137,448
298,19,143,425
303,0,149,440
307,0,149,444
312,0,151,437
315,0,151,436
324,0,145,439
325,0,150,439
325,0,153,444
326,0,154,450
322,3,158,452
325,13,155,448
325,21,153,447
330,39,150,440
332,76,151,404
335,80,152,400
338,86,148,393
345,98,142,382
354,99,135,381
366,107,128,373
373,108,124,371
383,103,120,376
392,103,118,377
400,94,116,386
406,88,119,391
408,74,137,405
413,61,154,412
412,51,169,408
415,35,181,408
418,20,192,407
421,9,197,411
427,0,196,412
430,0,195,405
431,0,193,402
433,0,194,394
436,0,196,394
439,0,195,394
438,0,194,394
437,0,192,394
438,0,190,396
439,0,188,400
443,0,182,403
445,0,177,408
446,0,179,412
447,0,182,418
447,0,182,423
446,0,183,429
446,0,182,434
450,12,177,429
450,21,172,428
447,32,171,425
446,39,169,422
445,46,168,419
446,55,166,415
445,58,166,416
437,61,163,414
431,63,158,412
425,65,154,408
418,63,151,406
414,60,149,406
405,57,148,402
390,49,149,406
373,42,149,405
357,34,147,405
340,27,147,405
330,19,141,403
328,15,137,400
325,10,135,399
328,6,133,396
330,1,132,399
330,1,129,394
335,4,119,392
339,6,115,390
343,9,111,387
341,16,111,387
338,24,112,386
335,31,113,387
332,38,121,381
332,45,132,380
332,52,139,378
331,60,148,375
331,67,155,374
330,74,156,370
328,75,156,369
327,74,154,368
327,73,152,368
328,67,152,370
337,65,141,368
336,60,141,370
337,59,139,365
338,55,136,368
339,51,132,377
344,49,126,369
347,51,136,369
354,52,139,372
362,58,137,370
370,61,137,371
379,65,137,373
386,71,142,371
397,74,137,372
405,78,134,369
411,80,127,367
416,82,120,356
416,83,115,325
413,85,112,310
415,81,105,279
418,85,97,253
425,82,86,229
431,82,74,212
464,124,38,135
358,68,85,247
359,69,83,240
360,69,80,235
361,70,78,229
362,70,75,224
363,70,73,218
364,71,70,212
365,71,68,207
366,71,65,202
367,75,64,252
363,78,67,266
359,81,69,264
356,81,71,353
354,82,87,352
352,81,92,353
352,79,97,355
353,80,102,354
356,78,105,355
358,77,109,356
361,76,113,356
362,74,116,356
365,70,113,358
367,69,114,357
370,67,115,358
375,65,110,360
376,65,115,359
379,65,115,361
382,65,115,362
384,66,119,362
398,67,119,362
412,67,116,361
429,65,110,363
440,66,110,358
448,65,112,358
462,66,108,356
474,64,104,357
484,61,100,359
495,59,91,361
507,54,91,365
518,52,92,366
525,48,99,371
523,49,114,369
521,43,119,375
519,41,121,377
517,40,123,378
520,38,120,383
530,36,110,388
546,34,94,393
555,40,85,390
566,40,74,393
576,46,64,390
587,158,53,282
602,174,38,270
616,197,24,250
616,197,24,250
612,197,28,249
608,197,32,248
604,197,36,246
599,197,41,245
595,197,45,244
591,197,49,242
587,197,53,241
582,197,58,239
578,197,62,238
574,197,66,237
570,197,70,235
550,24,90,413
518,22,122,430
498,16,142,438
482,19,158,434
473,22,167,434
465,24,175,434
454,28,186,432
443,33,197,428
440,40,200,426
430,43,199,424
425,47,195,422
420,48,188,420
412,48,182,421
406,50,170,416
401,53,157,409
396,55,144,403
379,52,144,403
361,48,146,403
347,48,146,402
333,45,133,412
320,44,133,412
304,44,134,409
284,43,139,416
250,48,152,416
214,50,166,411
183,49,172,410
160,53,176,408
136,54,181,410
127,54,182,420
130,58,182,417
132,57,181,423
136,58,180,421
134,59,182,420
133,57,184,423
145,57,182,423
162,54,178,426
173,51,171,429
183,48,165,432
191,42,156,436
197,37,149,437
202,32,143,438
202,25,140,444
201,21,136,443
199,15,136,447
197,9,135,451
195,6,133,453
193,5,128,452
187,3,131,443
171,0,147,450
160,0,158,449
156,0,170,446
152,0,181,453
154,0,186,450
161,0,185,449
169,0,186,457
179,6,187,454
189,10,187,455
200,17,185,453
211,23,183,452
222,30,181,450
233,36,179,443
244,43,178,436
253,48,168,432
260,52,163,426
269,54,155,426
276,57,148,419
280,57,144,420
283,56,139,423
286,54,134,426
292,49,128,429
298,45,120,434
306,42,121,438
305,43,132,436
296,35,151,443
292,31,165,447
287,28,184,444
287,24,194,435
287,22,204,435
295,19,202,437
303,16,203,444
314,14,204,444
322,11,208,449
337,8,207,453
347,7,211,460
359,11,210,461
370,9,203,466
382,8,196,469
393,9,189,471
409,9,175,471
417,14,166,466
421,20,159,460
425,18,155,462
422,20,160,458
416,18,165,461
415,16,167,464
412,13,171,467
411,8,187,471
416,6,193,474
414,4,206,476
412,2,220,478
417,0,223,480
423,0,217,480
429,0,211,480
434,0,206,480
443,0,197,480
451,1,189,479
450,0,190,480
449,0,191,480
448,0,192,480
449,0,191,480
452,2,188,478
449,8,182,472
456,12,165,468
447,16,154,464
438,20,143,460
431,18,129,462
423,18,125,462
417,16,126,464
412,14,126,466
376,11,158,469
355,9,180,471
338,7,198,473
322,4,214,476
314,1,224,479
315,0,228,480
311,0,229,456
309,0,230,454
306,0,232,452
306,0,233,446
306,0,234,441
305,0,229,442
304,0,225,443
304,0,219,444
305,0,208,450
305,0,198,456
294,0,192,466
282,0,188,475
266,0,188,480
257,8,179,472
247,16,173,464
239,26,166,454
231,34,169,446
226,43,169,437
221,46,169,434
217,50,168,430
212,50,169,430
211,48,170,432
210,46,171,434
209,42,172,438
208,37,173,443
207,31,173,449
206,26,174,448
205,20,174,449
204,15,173,449
203,10,173,449
203,6,169,450
201,5,165,449
198,4,162,448
195,3,159,447
195,6,148,444
188,11,144,438
180,16,139,432
173,21,130,426
166,26,125,436
162,35,127,445
160,70,128,410
156,72,130,408
149,78,134,402
139,92,142,388
136,92,142,388
109,100,166,380
104,97,168,383
99,94,171,386
99,91,166,389
101,80,159,400
99,73,158,407
94,63,160,408
89,53,161,409
82,44,163,406
74,33,165,405
66,23,167,408
58,13,169,411
50,3,171,419
42,0,171,419
37,0,168,418
31,0,166,418
23,0,166,418
23,0,156,424
23,0,149,428
23,6,147,425
25,12,137,425
27,18,128,425
31,24,124,426
37,35,114,420
43,45,104,416
48,56,95,411
54,66,85,404
64,69,67,401
67,113,49,363
67,117,49,228
67,117,49,183
67,117,49,142
67,117,49,97
82,101,50,118
97,85,52,140
111,68,54,162
126,52,56,183
141,36,57,204
155,20,59,226
153,18,64,308
151,16,69,391
151,15,70,395
152,14,70,398
152,16,71,399
152,18,72,400
153,24,72,403
153,32,73,399
154,39,72,396
147,47,83,401
139,55,103,399
137,64,118,399
121,68,138,401
119,73,143,397
114,76,148,396
111,75,151,397
108,75,155,395
105,72,157,395
105,68,158,397
106,61,157,397
105,56,157,395
107,49,157,395
113,42,150,397
120,36,144,397
130,29,138,399
137,27,142,395
151,21,134,396
162,16,132,399
177,13,125,406
188,12,122,411
192,11,125,416
195,12,129,420
198,16,134,420
199,16,150,424
198,20,162,424
198,25,167,423
198,28,170,424
197,30,173,426
197,33,175,427
197,33,177,431
201,30,176,434
206,26,174,439
211,23,170,441
218,18,163,446
229,18,153,446
239,17,144,448
249,17,136,450
263,18,124,451
269,18,120,455
278,19,115,456
282,20,119,458
287,22,127,458
292,24,145,455
297,24,162,456
307,25,169,453
311,26,181,453
310,25,190,454
309,27,195,453
308,26,196,454
307,25,197,455
305,24,198,456
304,23,199,457
302,22,198,458
305,20,197,460
307,18,189,462
309,16,181,464
310,8,170,461
312,0,158,468
318,0,144,466
326,0,132,465
342,0,119,464
340,0,119,463
340,0,125,461
339,0,142,470
331,0,169,470
325,0,190,469
319,4,207,469
311,11,216,462
304,19,218,460
298,27,216,452
294,29,212,450
291,33,214,446
284,36,211,444
278,36,207,444
273,35,202,445
268,31,198,449
269,28,188,451
269,26,180,452
269,23,171,454
270,20,161,456
274,17,149,458
281,14,137,460
288,12,134,461
296,10,128,464
294,11,130,463
289,11,131,465
280,15,136,463
272,18,140,462
264,22,155,458
256,25,167,455
247,28,174,451
239,32,176,448
231,35,173,445
223,37,173,443
214,38,172,442
206,40,171,440
197,39,171,441
189,38,170,442
184,36,166,444
186,36,153,444
180,35,149,439
180,35,140,438
181,35,134,430
185,35,128,428
193,34,117,428
197,37,110,423
190,37,115,421
182,37,117,423
175,37,121,421
167,39,137,420
159,39,151,421
154,41,157,420
143,42,169,419
132,44,178,421
124,44,179,419
128,44,180,417
134,44,178,416
136,45,183,414
137,45,180,412
137,44,182,412
138,44,182,411
142,43,176,410
147,42,172,410
154,43,165,408
161,44,158,405
169,45,150,403
178,45,141,403
188,46,131,406
199,46,125,404
212,45,118,405
226,45,110,406
233,44,108,407
237,45,107,405
242,45,104,405
244,45,107,405
248,46,118,403
252,46,126,403
255,47,138,402
254,48,147,401
255,49,149,400
255,50,152,399
255,51,153,397
256,51,153,397
256,51,153,396
257,52,153,395
257,52,154,394
261,51,151,395
273,51,137,394
283,51,128,406
291,71,120,400
295,79,115,383
301,74,115,387
305,76,117,393
314,78,115,386
324,76,113,391
326,73,116,387
328,62,122,395
331,60,123,393
332,52,138,397
334,45,147,400
337,37,154,405
340,30,161,408
345,23,158,413
349,20,151,418
352,17,146,422
356,14,140,426
364,11,130,430
369,11,119,433
374,11,109,436
379,11,98,439
375,15,97,441
372,21,94,439
368,25,93,439
363,32,93,438
357,35,93,438
352,39,92,437
347,41,91,437
342,40,78,437
336,40,80,413
336,37,94,418
336,36,105,417
336,31,115,422
336,28,120,425
331,25,128,424
326,21,131,425
323,19,126,426
319,17,122,427
315,15,118,428
312,13,113,429
263,10,152,438
213,8,192,447
205,10,190,445
198,9,187,453
194,12,179,444
191,14,170,436
272,17,73,436
267,19,80,284
260,21,87,261
252,22,95,332
248,22,99,332
265,3,101,361
270,1,105,361
277,1,106,445
285,1,119,437
292,0,127,440
300,0,135,441
312,0,132,441
320,2,127,446
328,4,121,451
336,0,115,463
336,8,118,458
336,8,118,458
336,8,118,458
348,25,110,440
359,43,103,421
370,61,95,402
382,79,87,382
393,97,80,363
404,114,72,345
416,132,64,325
427,150,57,306
438,168,49,287
450,186,41,267
461,203,34,249
461,200,56,252
461,211,79,240
461,221,103,229
461,0,119,452
461,0,125,452
456,0,130,455
452,0,134,457
451,0,135,461
448,0,136,463
449,0,132,466
448,2,131,466
441,3,130,466
434,3,130,468
427,4,129,468
425,5,143,469
422,5,157,470
427,5,161,472
433,5,164,473
432,5,173,475
427,3,185,477
421,2,195,478
415,1,204,479
409,0,214,480
405,3,218,477
401,2,216,478
396,2,215,478
392,1,212,479
388,1,210,479
383,0,209,480
378,0,206,480
373,0,204,480
371,0,196,480
371,0,192,480
371,0,188,480
375,0,183,480
380,0,176,480
384,0,170,480
385,0,167,480
390,0,158,480
392,0,150,480
392,0,143,480
390,0,148,480
387,0,174,480
384,0,189,480
380,0,206,480
372,0,227,480
368,0,235,480
365,0,237,480
357,1,238,479
348,1,240,479
341,1,240,479
336,1,214,479
330,1,211,479
324,1,208,479
318,1,205,479
320,0,196,480
321,0,187,480
327,0,177,480
332,0,167,480
338,0,156,480
348,0,145,480
355,0,143,480
368,0,137,480
368,0,138,480
365,0,143,480
361,0,148,480
358,0,153,480
354,0,166,480
345,0,200,480
334,0,218,480
328,0,196,480
320,0,199,480
311,0,199,480
302,0,200,480
294,0,200,480
286,0,188,480
278,0,183,480
272,0,183,480
270,0,176,480
267,0,170,480
266,0,166,480
267,0,161,480
270,0,156,480
275,0,146,480
278,0,144,480
281,0,142,480
286,0,138,480
290,0,136,480
288,0,138,480
283,0,142,480
279,0,159,480
272,0,179,480
264,1,193,479
258,1,201,479
249,0,205,480
242,0,204,480
234,0,207,480
226,0,207,480
219,0,207,480
211,1,208,479
209,1,201,479
208,1,194,479
211,1,183,479
215,1,171,479
220,1,158,479
226,1,143,479
235,1,135,479
245,1,125,479
253,1,115,479
249,1,118,479
245,0,135,480
241,0,152,480
238,0,168,480
242,1,186,479
252,1,193,479
254,1,204,479
255,1,207,479
256,2,207,478
255,0,211,480
255,0,208,480
257,0,205,480
261,0,200,480
265,0,195,480
272,0,187,480
282,0,176,480
294,0,164,480
303,0,154,480
316,0,143,480
325,0,135,480
343,0,128,480
350,0,131,480
356,0,135,480
367,0,134,480
373,0,156,480
378,0,179,480
383,0,202,480
389,0,217,480
394,0,233,480
397,0,239,480
397,0,243,480
397,0,237,480
397,0,231,480
397,0,232,480
401,0,226,480
405,0,219,480
408,0,214,480
406,0,207,480
411,0,193,480
418,0,181,480
425,0,183,480
433,0,188,480
439,0,192,480
449,0,191,480
459,0,181,480
470,0,170,480
468,0,172,480
466,0,174,480
465,0,175,480
463,0,177,480
462,0,178,480
462,0,178,480
454,0,186,480
448,0,192,480
442,0,198,480
435,0,198,480
429,0,197,480
422,0,197,480
416,0,196,480
410,0,193,480
406,0,187,480
403,0,181,480
404,0,180,480
405,0,180,480
406,0,180,480
420,0,165,480
421,0,164,480
433,0,156,480
434,0,162,480
433,0,166,480
437,0,169,480
441,0,167,480
437,0,173,480
421,0,191,480
421,0,217,480
415,0,225,480
412,0,228,480
408,0,232,480
401,0,219,480
393,0,207,480
387,0,205,480
380,0,204,480
378,0,198,480
380,0,187,480
382,0,180,480
386,0,170,480
390,0,166,480
393,0,162,480
400,0,157,480
407,0,152,480
416,0,142,480
424,0,135,480
422,0,139,480
416,0,148,479
412,0,163,479
404,0,178,479
394,1,191,479
388,0,194,480
379,0,195,480
370,0,197,480
362,0,196,480
353,1,195,479
344,1,195,479
340,1,191,479
335,1,189,479
330,1,186,479
330,1,185,479
332,0,181,480
334,0,178,480
338,0,171,480
346,0,164,480
348,0,160,480
348,0,163,480
343,0,170,480
337,0,175,480
336,0,178,480
334,0,179,480
332,0,207,480
330,0,220,480
329,0,230,480
328,0,234,480
324,0,232,480
312,0,236,480
304,0,234,480
296,0,233,480
288,0,231,480
280,0,230,480
276,0,223,480
275,0,214,480
278,0,200,480
282,0,186,480
286,0,175,480
290,0,164,480
294,0,154,480
305,0,143,480
312,0,137,480
318,0,128,480
314,0,128,480
309,0,131,480
299,0,159,480
290,0,206,480
280,0,223,480
270,0,232,480
260,0,234,480
249,0,238,480
239,0,241,480
231,0,234,480
223,0,227,480
215,0,220,480
209,0,211,480
206,0,206,480
203,0,201,480
203,0,187,480
205,4,177,476
210,0,173,480
210,20,173,460
217,19,167,461
224,19,161,461
227,24,158,456
225,21,157,459
231,22,165,458
240,21,164,459
242,14,166,466
245,13,166,467
244,7,169,473
244,2,176,478
244,0,179,480
242,0,181,480
242,0,184,480
241,0,188,480
239,0,190,480
239,0,192,480
243,0,189,480
245,0,190,480
252,0,184,480
264,0,175,479
275,0,167,479
288,3,157,476
300,7,149,472
312,10,140,469
323,13,133,466
325,17,135,462
328,19,135,461
328,22,139,458
331,22,140,458
332,22,167,458
334,22,194,458
335,18,200,462
336,15,206,465
337,11,213,469
338,7,212,473
340,3,209,477
341,2,208,478
342,1,207,479
343,0,205,480
347,0,205,480
350,0,206,480
353,0,207,480
356,0,208,480
363,1,210,479
370,2,212,478
377,3,214,477
384,4,216,476
395,7,212,473
401,10,212,470
407,12,213,468
413,15,211,465
419,15,211,465
425,14,208,466
431,13,203,467
437,11,198,469
443,8,193,472
447,7,187,473
452,4,185,476
455,4,183,476
459,4,180,476
462,3,178,477
465,4,175,476
468,4,172,476
471,6,169,474
473,7,167,473
477,8,163,472
479,10,161,470
483,18,157,462
485,18,155,462
489,21,151,459
490,25,150,455
493,26,147,454
498,26,142,454
499,27,141,452
501,27,139,452
503,28,137,450
504,28,136,449
506,29,134,449
508,29,132,450
510,30,130,449
511,30,129,450
513,31,127,449
511,32,129,448
500,33,140,445
489,34,151,442
477,36,163,439
467,37,173,439
459,39,181,436
450,40,190,431
442,41,180,429
433,43,172,425
426,44,172,414
420,46,170,410
415,47,163,409
409,47,159,408
403,49,144,407
401,48,139,406
397,49,134,405
395,49,126,405
381,49,131,405
373,50,141,405
363,48,150,408
352,48,155,408
353,47,151,409
363,46,139,410
368,46,129,409
373,46,123,409
377,44,117,410
377,46,116,407
373,45,118,408
369,45,121,407
372,44,119,406
375,43,120,405
383,41,117,404
391,43,109,404
400,45,100,402
338,58,157,390
334,53,159,389
335,191,41,68
340,185,49,68
347,38,69,410
354,32,80,418
361,28,87,424
369,27,95,425
376,26,102,421
369,25,123,424
363,23,135,427
359,23,154,429
359,23,169,433
362,23,176,433
372,23,187,434
378,21,190,435
388,22,200,440
397,24,204,439
407,24,209,442
419,23,212,446
432,25,208,454
442,31,198,448
452,30,188,448
462,30,178,447
476,31,164,446
478,29,162,447
462,28,173,447
451,27,163,448
440,23,153,457
432,20,154,459
425,17,156,461
418,14,159,463
410,10,162,466
392,8,176,467
372,7,191,463
359,5,198,465
350,8,200,466
344,8,207,465
345,9,206,470
344,11,206,469
347,13,204,467
350,15,202,465
353,14,195,466
356,14,188,466
353,14,182,465
349,10,174,469
346,10,162,470
342,5,154,475
339,4,143,476
333,0,133,479
323,0,135,479
313,0,136,479
299,2,140,477
290,1,141,478
266,1,159,478
244,1,175,479
226,0,186,480
208,0,198,480
202,0,204,479
197,0,209,479
189,0,216,479
189,0,216,479
192,0,220,479
195,0,221,479
198,1,220,479
201,0,218,480
206,0,217,480
207,0,218,480
218,1,211,478
229,0,205,478
235,0,200,478
245,0,189,478
245,1,185,477
245,1,178,477
241,1,170,478
239,1,162,478
238,1,150,478
238,1,140,478
242,0,142,479
246,1,147,478
250,1,152,479
255,1,156,479
248,0,174,480
249,0,180,480
241,5,199,475
249,10,194,470
257,13,192,467
268,11,190,469
278,9,189,471
289,7,186,473
297,1,189,478
281,0,212,479
286,1,214,478
294,1,212,478
302,1,207,478
313,1,197,478
320,1,186,479
326,1,181,479
319,0,187,480
316,0,188,480
314,0,188,480
313,0,185,480
313,0,181,480
317,0,184,480
320,0,190,480
325,0,198,480
331,0,198,480
331,0,207,480
334,0,210,480
340,0,214,480
346,0,218,480
352,0,222,480
358,0,226,480
368,0,226,480
378,0,226,480
388,0,226,480
401,0,223,480
410,0,220,480
422,0,210,480
433,0,199,480
442,0,190,480
445,0,183,480
452,0,170,480
460,0,154,480
468,0,137,480
474,0,127,480
477,0,130,480
478,0,137,480
470,0,154,480
462,0,170,480
454,0,186,480
452,0,188,480
454,0,186,480
461,0,179,480
467,0,173,480
487,17,153,463
516,15,124,465
533,16,107,464
550,19,90,461
568,14,72,466
582,11,58,469
589,4,51,476
601,0,39,480
612,0,28,480
601,2,39,478
589,4,51,476
600,168,40,109
585,128,55,139
570,111,70,369
560,85,80,388
553,0,87,465
545,0,95,480
540,0,100,480
534,0,106,480
535,0,105,480
536,0,104,480
538,0,102,480
539,0,101,480
536,0,104,480
534,0,106,480
533,0,107,480
531,0,109,480
530,0,110,480
528,0,112,480
526,0,114,480
520,0,120,480
514,0,126,480
509,0,131,480
503,0,137,480
495,0,145,480
488,0,152,470
480,0,156,466
474,0,146,469
466,0,148,461
454,0,153,452
423,0,177,455
401,0,193,456
384,0,203,454
369,0,214,461
366,0,213,467
362,0,214,473
361,0,214,478
359,0,215,476
358,8,215,472
358,16,211,464
358,24,208,456
357,29,202,451
357,33,191,447
346,36,190,444
335,34,190,442
324,33,191,440
315,29,188,440
306,25,186,441
300,22,180,440
295,18,183,440
290,14,185,441
286,11,188,440
287,25,185,437
288,40,183,434
290,40,181,434
293,49,179,431
299,54,174,425
305,53,169,425
312,62,164,418
317,59,160,419
322,56,156,419
327,54,152,419
334,47,147,423
338,47,149,421
343,44,148,418
349,43,148,417
352,42,150,403
353,41,154,400
358,40,157,395
362,38,158,395
365,36,161,394
369,34,162,398
372,32,165,401
378,30,165,402
381,28,167,407
388,28,166,407
393,30,167,407
398,31,168,409
403,33,169,409
408,34,170,410
417,40,163,407
417,44,166,405
420,47,165,406
424,50,163,407
427,53,163,406
431,56,161,404
434,57,161,401
439,54,155,399
443,52,151,396
447,49,147,395
451,46,142,393
459,44,134,390
466,41,126,389
470,38,122,387
474,36,118,384
476,34,115,386
478,33,113,387
479,35,107,388
479,37,106,389
480,38,109,391
481,40,111,391
482,43,110,383
480,49,111,381
478,50,117,372
472,39,122,384
467,42,120,383
457,44,113,381
444,43,108,381
436,65,77,362
425,87,67,340
415,126,57,302
415,126,57,302
419,117,57,312
423,109,56,321
427,100,55,331
432,92,54,339
436,83,53,349
440,74,53,359
444,66,52,368
448,57,52,378
438,54,55,381
422,52,64,381
414,49,64,383
400,50,71,381
385,49,78,381
371,48,85,380
361,51,98,377
353,47,114,377
350,46,127,376
339,48,146,378
331,51,157,375
325,54,161,374
319,58,159,370
314,58,158,371
307,62,158,369
298,63,161,368
292,64,160,367
285,64,159,367
279,62,155,371
274,68,152,365
269,66,149,367
269,63,140,370
269,64,132,368
266,61,126,368
267,61,117,375
265,74,115,373
264,80,112,362
264,73,111,370
263,74,108,370
257,69,108,377
254,69,110,381
261,70,122,383
265,71,135,379
264,65,146,379
260,66,159,378
259,61,166,378
260,61,169,379
259,58,170,382
258,55,171,388
257,54,172,393
256,50,172,397
259,50,169,398
262,49,166,399
268,50,159,401
274,50,153,404
280,51,147,406
289,52,137,408
298,52,128,407
314,53,116,408
329,53,101,410
339,52,93,413
344,50,99,413
349,49,105,413
354,48,119,413
359,46,135,414
367,43,144,416
372,41,149,419
375,40,151,419
377,38,154,420
379,37,152,420
378,36,154,423
376,36,154,424
377,37,153,424
378,38,152,424
379,39,151,424
380,40,150,423
387,41,144,423
394,42,137,423
402,42,141,424
412,43,139,417
421,43,141,417
432,42,136,418
438,41,136,420
435,41,139,417
430,40,143,415
425,40,148,413
420,39,153,411
416,39,157,408
411,38,156,407
396,40,162,405
383,41,163,405
370,42,159,405
360,43,154,405
348,44,148,405
339,45,145,405
327,47,146,404
316,48,144,404
304,49,145,404
295,47,144,405
287,48,140,404
276,45,140,408
265,43,138,411
254,42,136,413
244,40,131,415
234,38,129,413
226,35,126,417
223,35,116,417
223,34,113,418
228,34,110,417
229,31,107,421
230,31,108,422
227,30,117,425
226,30,131,426
234,29,147,429
245,29,151,430
256,26,154,435
267,28,159,434
274,25,162,439
285,24,163,441
298,16,160,429
305,0,159,434
309,0,157,441
313,0,158,430
323,0,152,429
332,0,148,428
338,0,144,430
344,0,141,431
352,0,134,432
359,0,135,436
366,0,140,446
365,0,153,448
371,0,155,459
378,0,162,462
390,2,164,470
398,9,171,468
410,18,168,462
422,20,164,460
433,26,158,451
445,28,152,451
453,28,152,452
459,25,155,453
466,20,159,459
473,15,162,465
467,21,165,459
468,27,161,453
465,14,164,466
462,14,169,466
463,7,168,473
458,3,169,477
453,7,171,473
457,2,163,478
460,0,155,480
462,0,149,480
466,0,145,480
471,0,134,480
478,0,125,480
481,2,116,478
489,8,106,472
493,18,97,462
414,37,145,203
410,43,145,144
405,47,143,141
400,45,72,229
392,43,81,282
385,41,88,336
378,39,96,389
370,37,104,443
365,35,107,445
360,32,109,448
355,30,112,450
349,28,116,452
344,26,123,454
340,23,134,457
345,21,138,459
348,17,140,463
350,17,140,463
352,17,140,463
350,17,141,463
349,16,141,464
347,16,143,464
345,16,144,464
343,15,146,465
341,15,147,465
340,15,150,465
340,15,151,465
342,15,151,465
343,14,152,466
344,12,154,468
346,9,156,470
347,5,158,475
349,1,160,479
358,0,168,480
371,0,171,480
382,0,171,480
392,0,171,479
398,0,175,480
404,0,175,480
412,0,177,480
420,0,179,480
428,0,181,480
436,0,184,480
444,0,185,480
452,0,188,480
453,0,187,480
455,0,185,480
457,0,183,480
460,0,180,480
462,0,178,480
466,0,174,480
465,0,175,480
463,0,177,480
462,0,178,480
460,0,180,480
458,0,182,480
457,0,183,480
455,0,185,480
454,0,186,480
452,0,188,480
451,0,189,480
449,0,191,480
447,0,192,480
446,0,192,480
444,0,193,480
442,0,190,480
441,0,188,480
439,0,187,480
437,0,185,480
437,0,183,480
436,0,182,480
435,0,180,480
434,0,179,480
434,0,177,480
433,0,180,480
431,0,183,480
430,0,186,480
429,0,189,480
428,0,192,480
429,0,193,480
431,0,193,480
432,0,194,480
433,0,196,480
435,0,196,480
436,0,197,480
437,0,199,480
431,0,204,480
429,0,201,480
428,0,198,480
427,0,195,480
422,0,194,480
417,0,193,480
412,0,192,480
407,0,190,480
402,0,188,480
397,0,186,480
392,0,184,480
389,0,181,480
386,0,179,480
382,0,177,480
379,0,174,480
375,0,173,480
369,1,173,479
363,1,173,479
356,1,174,479
350,1,175,479
344,1,175,479
337,0,175,479
330,0,176,479
324,0,176,478
317,0,176,478
310,0,175,479
303,0,175,479
296,0,175,479
289,1,174,478
282,1,174,478
274,1,175,478
267,1,174,478
260,1,173,478
252,1,173,478
243,0,174,480
235,0,174,480
235,0,166,480
239,0,164,480
238,0,166,480
238,0,167,480
237,0,168,480
236,0,169,480
235,0,169,480
234,0,169,480
233,0,170,480
233,0,170,480
233,0,170,480
233,0,171,480
233,0,171,480
233,0,171,480
233,0,172,480
233,0,172,480
233,0,172,480
233,0,173,480
233,0,173,480
233,0,173,480
233,0,173,480
233,0,174,480
233,0,174,480
233,0,174,480
233,0,174,480
233,0,175,480
233,0,175,480
233,0,175,480
233,0,175,480
233,0,175,480
233,0,175,480
233,0,176,480
233,0,176,480
233,0,176,480
233,0,176,480
233,0,176,480
233,0,177,480
233,0,177,480
