242,21,172,444
242,21,175,447
243,19,174,447
244,18,176,450
246,18,175,448
247,17,174,450
250,18,174,448
253,16,173,451
258,16,170,449
263,15,167,450
264,16,166,448
267,16,163,448
271,16,159,448
270,16,160,448
270,16,160,448
270,16,160,448
270,16,160,448
270,16,160,448
270,16,160,448
270,16,159,448
270,16,159,448
270,16,159,448
270,16,159,448
270,16,159,448
270,16,159,448
270,16,159,448
270,16,160,448
270,16,160,448
270,16,161,448
270,16,162,448
270,16,162,448
270,16,163,448
270,16,164,448
270,16,164,448
270,16,165,448
270,16,166,448
270,16,166,448
270,16,166,448
270,16,166,448
270,16,167,448
270,16,167,448
269,16,168,448
268,16,169,448
267,16,171,448
264,16,170,448
262,16,168,448
261,16,168,448
260,16,168,448
260,15,173,449
261,15,178,449
262,15,183,449
259,15,191,449
256,14,197,450
253,13,204,452
250,13,210,453
246,12,218,455
243,12,221,455
240,12,224,455
237,12,227,456
233,12,231,456
230,12,234,456
227,12,232,456
224,12,230,456
221,12,229,456
218,12,227,456
215,12,225,456
216,13,218,456
217,13,210,457
222,14,199,457
227,14,187,457
231,15,177,457
237,16,168,459
242,18,161,459
247,20,153,460
246,49,154,431
248,47,152,432
245,48,153,431
242,48,153,430
238,49,154,429
235,50,155,428
232,50,155,428
230,45,160,435
228,46,164,430
227,47,167,426
225,48,172,421
223,48,176,417
220,51,183,413
217,54,190,409
214,58,196,405
210,62,203,403
207,67,209,401
208,73,206,397
208,80,204,393
209,86,201,389
210,93,198,384
210,99,200,381
213,107,197,373
215,114,194,366
218,119,190,361
220,124,187,356
223,129,184,351
228,131,180,348
234,132,175,347
243,134,167,341
252,135,159,337
259,140,153,330
264,141,147,324
270,141,140,319
280,146,133,316
284,151,131,313
286,156,131,310
288,162,131,305
290,167,132,302
293,172,131,298
291,177,135,295
288,182,140,291
287,185,142,289
285,189,145,286
283,193,148,282
281,196,151,280
279,200,154,276
282,202,154,274
286,203,153,273
291,206,151,269
296,208,149,267
301,210,147,264
307,211,142,263
314,210,136,263
320,210,130,263
325,209,126,263
330,209,122,263
331,206,122,264
332,204,122,264
332,201,123,264
333,198,123,265
334,195,123,266
333,191,124,267
332,188,125,267
332,184,126,269
331,180,127,270
330,176,128,271
328,175,128,271
327,173,128,272
326,172,127,272
325,170,127,273
324,168,126,274
322,169,124,273
327,170,115,272
332,172,106,266
337,174,97,260
342,176,89,254
342,178,81,252
345,181,70,224
348,183,58,197
351,185,47,170
237,190,153,145
226,184,154,145
216,179,154,145
205,174,159,150
194,169,60,158
184,164,77,251
170,158,85,257
157,152,86,263
143,146,87,269
128,142,92,273
113,138,97,277
93,130,110,285
81,128,115,288
69,126,120,291
58,124,124,294
46,122,129,296
35,122,135,299
24,123,141,301
15,123,142,303
5,124,144,305
0,124,141,307
0,127,153,305
0,124,165,309
0,123,178,311
0,118,172,317
0,117,180,319
0,115,186,319
0,109,196,322
6,102,200,326
16,97,201,329
23,89,203,334
32,85,201,339
42,75,198,333
50,46,194,348
53,38,195,363
60,39,188,356
55,21,192,368
51,17,196,371
48,13,198,375
45,9,201,379
44,12,201,373
48,13,196,373
52,14,191,374
61,21,180,373
70,28,169,372
79,35,159,371
93,43,147,368
103,54,144,362
117,65,138,356
122,68,140,358
130,71,138,368
133,89,138,355
136,86,137,350
144,83,131,351
151,79,126,351
159,75,119,350
169,73,117,351
179,71,115,351
190,62,113,353
200,58,112,353
209,54,111,353
216,46,112,357
218,42,114,357
219,38,117,357
220,34,120,358
222,30,122,358
226,29,123,359
231,29,122,359
236,28,122,360
239,28,121,360
242,28,120,360
246,31,120,358
249,34,125,356
251,37,131,355
254,40,136,353
257,45,135,349
260,49,134,348
262,54,133,345
265,58,132,344
267,62,131,343
270,67,130,340
271,67,130,340
272,67,131,340
277,67,125,340
281,67,120,340
285,67,115,340
287,66,109,340
290,65,105,339
292,64,103,338
294,63,100,337
297,62,96,337
299,62,98,337
301,62,101,338
303,62,103,339
305,63,106,338
308,63,108,339
312,67,110,336
314,71,110,336
317,73,110,335
321,76,108,334
320,78,112,334
322,83,113,329
328,84,111,329
336,85,106,327
344,86,102,326
350,87,103,325
352,85,115,326
354,84,127,326
356,82,139,329
354,79,147,330
353,77,154,331
341,76,178,331
335,75,192,332
328,74,207,332
322,73,221,333
315,72,237,336
315,75,243,336
316,77,247,337
317,81,250,338
322,85,248,340
326,89,247,341
333,92,241,341
341,96,231,339
348,100,223,338
355,101,215,340
363,101,206,341
375,100,189,342
387,99,172,343
399,96,154,344
411,93,137,346
422,89,121,348
437,86,108,349
451,82,101,353
461,78,97,357
463,75,94,355
464,72,92,354
468,72,91,354
471,70,91,357
475,70,86,358
478,70,78,361
481,70,70,364
479,72,70,365
479,169,57,271
482,179,158,274
485,189,155,265
490,200,150,257
489,196,151,261
491,170,149,287
490,169,150,286
599,170,41,282
564,58,76,391
564,53,76,395
568,48,72,399
571,44,69,401
575,39,65,405
566,36,74,407
555,36,85,407
545,35,95,408
551,35,89,409
562,36,78,397
565,35,75,389
569,38,71,388
573,40,67,388
575,41,65,390
576,44,64,389
577,48,63,387
577,50,63,386
578,52,62,386
579,54,61,385
580,56,60,384
577,55,63,386
577,53,63,388
577,51,63,390
577,49,63,392
577,48,63,393
577,46,63,395
569,43,71,396
562,40,78,398
554,40,86,396
547,40,93,394
540,39,100,394
530,41,107,390
521,42,113,388
512,44,118,385
503,47,116,383
493,50,114,380
485,52,112,380
477,55,110,379
469,58,107,377
461,60,105,377
453,63,103,376
446,64,99,374
440,66,95,371
433,65,92,371
427,65,89,370
420,65,86,369
413,66,82,366
402,66,85,364
391,66,88,362
381,67,91,360
367,67,96,358
359,69,100,355
350,70,105,353
344,72,107,350
338,74,110,347
332,75,112,345
341,76,114,349
344,80,115,342
347,80,116,339
349,80,117,337
348,81,124,335
348,81,127,333
349,82,128,331
349,83,131,328
349,83,131,326
350,84,130,324
350,87,129,320
351,90,127,316
351,93,127,312
352,96,125,308
352,99,126,304
359,107,116,297
362,111,112,293
364,116,113,288
366,122,114,283
368,128,115,277
368,133,118,273
367,138,122,268
366,143,126,264
368,147,127,261
371,152,127,257
377,156,125,253
383,160,123,249
390,164,119,245
395,166,118,242
401,168,116,239
401,171,117,236
401,173,118,234
400,175,119,232
400,177,120,230
400,180,121,227
399,183,123,225
398,186,126,223
397,190,129,220
396,193,131,219
395,196,134,217
395,199,136,217
395,203,138,217
392,205,142,215
394,206,140,213
395,208,140,211
399,209,136,210
401,209,133,210
404,207,129,212
406,210,127,209
412,206,120,213
416,205,113,216
422,203,103,221
429,203,93,221
435,203,84,225
442,203,73,230
449,206,63,228
456,208,52,228
463,214,45,213
470,226,42,128
477,203,38,230
446,206,35,204
414,209,32,178
383,212,28,153
382,210,38,160
382,205,46,182
381,205,56,198
381,207,65,214
380,209,74,228
379,210,84,232
383,213,93,232
384,215,98,231
385,216,102,231
388,216,107,230
391,216,112,230
394,216,116,229
394,214,119,229
395,213,117,228
395,211,115,228
394,209,112,228
393,208,110,226
392,203,110,227
392,198,108,228
391,193,108,229
391,189,107,229
390,184,107,231
389,180,108,229
389,177,108,227
388,175,109,228
388,172,109,231
387,170,110,232
386,171,110,233
383,173,112,233
380,176,114,232
377,178,116,232
374,181,118,231
371,184,117,229
368,188,117,226
365,192,116,224
361,195,117,222
358,199,116,219
354,201,115,216
350,204,114,213
346,206,113,210
341,208,113,207
337,211,112,203
332,211,112,201
328,211,110,198
323,211,110,196
318,211,110,193
313,211,109,191
307,208,107,193
300,205,106,195
293,202,105,197
285,199,105,200
276,196,106,202
268,193,106,205
261,190,105,208
251,186,109,212
242,182,111,217
232,177,119,222
221,174,127,225
210,170,136,229
199,167,144,232
188,165,152,235
177,163,160,237
167,160,166,239
159,159,170,240
150,159,174,240
142,158,178,240
134,160,181,238
125,163,184,236
122,166,180,234
126,168,178,232
130,172,175,229
133,175,172,227
134,180,169,223
135,183,165,221
132,186,168,219
129,187,168,220
125,187,168,221
122,184,167,224
117,181,167,225
115,177,162,228
113,172,158,231
110,167,155,235
107,160,151,239
104,154,148,242
101,147,151,246
98,141,151,247
95,138,152,250
94,133,151,252
91,132,155,253
88,131,158,254
85,130,162,255
82,132,165,252
78,135,168,250
74,138,171,249
70,141,174,247
66,143,172,250
63,146,170,251
60,150,166,248
54,150,170,250
49,150,174,251
50,151,171,252
47,148,171,256
45,144,172,260
44,140,171,264
45,135,167,269
47,129,162,275
46,121,159,283
39,118,159,288
36,114,161,293
32,111,154,298
34,108,154,303
46,104,148,308
51,102,146,311
61,100,145,314
72,98,143,316
84,95,138,319
96,93,133,320
105,90,132,321
112,87,133,321
120,84,132,322
128,80,132,324
136,77,133,325
150,72,130,329
164,72,127,329
178,72,124,328
191,72,122,328
204,72,120,327
215,70,117,330
226,70,116,331
238,71,114,331
249,71,114,332
260,73,116,331
272,71,115,334
283,69,114,337
296,69,115,338
308,68,116,340
319,68,118,341
329,67,120,342
339,65,122,344
349,64,123,345
352,63,123,347
355,62,123,349
358,62,121,349
360,63,120,348
363,63,117,348
365,63,116,348
368,64,114,347
369,65,110,346
370,66,106,346
371,67,102,346
372,68,99,346
374,69,95,346
373,71,96,344
374,79,95,336
376,103,93,313
377,97,92,319
377,91,92,325
379,89,55,327
380,85,49,332
382,85,42,331
383,84,36,120
377,91,92,325
386,88,83,300
394,86,74,274
402,83,65,249
410,80,56,224
418,78,48,199
427,75,38,174
414,71,46,212
401,68,54,249
389,71,61,280
379,71,67,321
371,72,70,328
364,73,73,335
356,74,83,335
348,74,92,336
341,75,101,336
332,77,107,332
323,78,112,330
315,78,117,329
306,79,122,326
297,79,128,325
290,80,131,323
283,80,133,322
276,80,136,321
269,80,131,320
262,81,132,319
254,81,132,320
247,81,131,321
240,82,130,322
232,82,130,323
223,82,129,324
211,84,128,327
199,87,127,328
186,89,128,328
173,91,127,329
160,93,128,329
149,94,127,331
138,96,126,333
128,97,124,335
130,97,117,336
133,97,117,336
136,95,113,338
138,94,112,338
140,93,108,338
135,91,111,339
123,89,122,341
117,86,128,342
111,84,134,342
109,81,148,343
107,79,162,343
105,77,175,343
107,74,178,344
108,71,182,344
110,68,184,344
116,67,179,345
128,65,168,346
145,65,147,347
162,65,130,348
172,65,120,349
171,65,122,350
169,67,123,349
169,67,123,351
169,68,129,352
169,69,147,351
169,71,165,348
169,69,180,350
173,67,189,351
177,65,199,352
176,64,212,352
175,62,225,352
174,60,238,353
171,56,248,355
168,52,258,357
165,48,267,360
161,45,278,361
158,44,288,360
155,38,297,365
154,35,303,368
150,33,308,370
147,32,312,370
143,30,317,372
143,32,317,371
150,32,315,373
156,34,315,372
162,34,314,374
169,36,312,373
177,38,311,373
188,41,306,372
198,43,303,372
207,45,295,371
217,47,287,371
224,50,278,369
234,50,270,370
239,50,261,371
245,50,252,372
249,50,241,373
256,52,227,373
263,53,219,374
269,55,207,374
276,58,194,373
283,60,181,372
293,59,163,376
302,62,146,375
312,64,128,375
322,65,117,376
331,66,108,377
336,66,101,377
340,66,96,378
344,66,90,378
349,66,84,379
348,66,84,379
351,66,81,378
353,65,79,378
357,65,84,378
361,65,88,361
364,64,93,346
371,67,97,303
376,66,103,172
279,69,209,145
278,132,219,73
276,128,231,76
280,121,233,78
284,114,227,141
288,88,40,334
285,72,52,359
282,71,65,369
280,71,79,367
277,70,93,367
274,68,107,367
273,67,113,366
272,65,120,366
258,63,135,367
246,61,141,369
240,59,141,370
242,57,136,372
244,55,130,373
250,55,117,371
252,55,115,373
253,55,113,374
248,55,118,376
241,55,123,376
236,56,128,377
231,58,133,377
220,61,145,376
208,62,156,377
201,63,163,377
212,63,151,376
233,62,131,377
259,64,109,373
278,62,94,373
283,62,117,374
288,61,151,370
292,60,178,369
299,59,195,372
305,57,205,376
311,56,216,379
321,54,215,383
331,53,214,386
340,51,214,390
345,50,218,393
335,49,237,396
326,46,247,402
318,44,256,406
314,43,248,409
318,42,220,412
333,40,222,416
361,37,215,421
388,35,208,425
429,32,187,429
439,29,195,434
454,26,186,439
474,22,166,444
489,19,151,448
503,15,137,454
512,12,128,458
521,9,119,462
533,7,107,465
530,5,110,468
522,4,118,470
514,2,126,473
508,0,132,478
501,0,139,478
494,0,146,478
479,0,161,479
464,0,176,480
450,0,190,480
435,0,205,480
431,0,209,479
426,0,214,479
425,0,215,480
423,0,217,480
421,0,219,480
417,0,223,480
412,0,228,480
407,0,233,480
394,0,246,480
370,0,270,480
346,0,294,480
326,0,314,480
306,0,334,480
296,0,344,480
294,0,346,480
301,0,339,480
316,0,315,480
348,0,264,480
380,0,213,480
382,0,197,480
375,0,206,480
368,0,215,480
361,0,224,480
357,0,227,480
354,0,226,480
351,0,225,480
353,0,224,480
355,0,223,480
357,0,221,480
360,0,221,480
362,1,207,479
364,1,214,479
366,1,217,479
369,1,219,479
371,1,241,479
373,1,248,479
375,1,238,479
383,1,223,479
390,1,184,479
394,1,185,479
364,1,216,479
350,1,228,479
336,1,256,479
328,1,253,479
327,1,242,479
326,2,230,478
333,52,202,153
338,56,182,147
328,1,253,479
358,104,138,108
369,111,123,109
380,121,98,107
397,144,67,95
413,136,83,101
429,129,98,106
516,64,67,293
603,0,37,479
570,0,70,479
536,0,104,479
527,0,113,479
503,0,137,479
492,0,148,480
498,0,142,480
499,0,141,480
501,0,139,480
503,0,137,480
504,0,136,480
511,0,129,480
524,0,116,480
519,0,121,480
514,0,126,480
509,0,131,480
504,0,136,480
499,0,141,480
485,0,155,480
472,0,168,480
465,0,175,480
458,0,182,480
445,0,195,480
413,0,227,480
381,0,259,480
358,0,282,480
339,0,301,480
324,0,316,480
313,0,326,480
303,0,335,480
300,0,323,480
299,0,311,480
299,0,298,480
304,0,285,480
307,0,278,480
314,0,270,480
320,0,267,480
326,0,266,480
328,0,269,480
331,0,271,480
329,0,282,480
327,0,287,480
326,0,291,480
324,0,295,480
322,0,295,480
320,0,295,480
325,0,282,480
330,0,269,480
327,0,263,480
325,0,255,480
322,0,249,480
319,0,243,480
314,0,239,480
309,0,231,480
304,0,223,480
298,0,213,480
292,0,202,480
281,0,196,480
275,0,182,480
269,0,187,480
263,0,191,480
255,0,195,480
247,0,199,480
241,0,198,480
234,0,198,480
228,0,196,480
221,0,196,480
217,1,198,479
218,1,189,479
219,1,181,479
217,1,181,479
214,1,182,479
212,1,182,479
216,1,177,479
219,1,173,479
222,1,168,479
230,1,161,479
229,1,171,479
221,1,185,479
213,1,199,479
206,1,212,479
194,1,228,479
183,1,243,479
174,1,251,479
175,1,252,479
182,1,247,479
188,1,243,479
194,1,238,479
200,1,231,479
206,1,225,479
208,1,223,479
208,1,222,479
210,1,220,479
210,1,217,479
210,1,213,479
213,1,207,479
216,1,200,479
225,1,188,479
234,1,174,479
244,1,162,479
253,1,158,479
256,1,159,479
259,1,160,479
266,1,153,479
281,1,143,479
284,1,163,479
286,1,183,479
287,1,203,479
289,1,210,479
291,2,217,478
293,0,213,480
296,2,208,478
298,4,205,476
297,6,204,474
296,8,202,472
295,9,201,471
294,7,200,473
293,4,199,476
292,4,194,476
292,4,188,476
296,4,179,476
301,4,169,476
306,4,170,476
314,5,168,475
329,6,160,474
342,7,150,473
344,8,151,472
346,9,153,471
348,11,158,469
351,12,162,468
353,14,167,466
354,12,174,468
351,11,168,469
342,10,172,469
330,8,170,470
317,7,170,469
304,5,169,470
290,4,168,472
272,2,172,478
267,20,163,460
261,30,165,450
259,18,162,462
250,24,167,456
245,22,165,458
240,17,164,463
234,13,163,467
229,2,161,476
224,1,160,474
227,1,151,468
231,1,142,469
234,1,134,471
237,1,125,472
241,1,116,473
240,1,114,476
239,1,113,479
232,1,127,479
224,1,142,479
217,1,160,479
206,3,178,477
196,6,193,474
184,8,202,472
171,8,205,472
159,8,206,472
147,14,209,466
135,11,211,469
123,7,214,473
111,4,216,476
99,0,219,480
89,0,217,480
80,0,214,480
76,0,205,480
77,0,209,480
78,0,213,480
83,0,211,480
99,0,199,480
112,0,192,480
110,0,196,480
106,0,202,480
102,0,203,480
94,0,206,480
87,0,209,480
80,0,229,480
73,0,248,480
69,0,260,480
66,0,266,479
65,0,265,479
76,0,252,479
85,0,250,477
81,0,255,479
89,0,249,476
98,0,241,474
106,0,234,472
115,0,227,470
127,0,214,472
147,0,209,474
166,0,204,477
165,0,220,479
166,0,250,480
171,0,277,480
188,0,282,480
205,0,287,480
218,0,284,480
231,0,278,480
240,0,267,480
248,0,256,480
254,4,234,430
260,8,212,379
266,12,190,329
272,15,160,318
286,18,122,302
300,22,84,325
310,27,72,280
284,62,96,297
257,97,121,314
276,178,86,112
269,122,81,143
261,67,76,172
254,12,71,202
258,10,76,462
262,8,81,468
268,5,84,472
275,2,86,476
277,2,91,473
275,0,109,473
268,1,155,474
262,1,177,476
255,27,177,452
258,22,190,458
263,24,189,456
292,28,163,451
303,30,156,449
315,34,148,445
326,36,140,443
328,34,143,445
329,32,146,447
331,30,149,449
326,28,162,452
321,26,181,454
318,21,210,459
315,16,238,464
311,11,266,469
308,6,294,474
304,0,316,480
301,0,329,480
297,0,343,480
293,0,347,480
290,0,350,479
286,0,354,479
283,0,357,479
280,0,360,478
276,0,364,477
276,0,364,476
275,0,365,475
276,0,364,476
278,0,362,477
288,0,352,478
297,0,343,479
314,0,326,480
330,0,310,480
344,0,296,480
345,0,295,480
339,0,301,480
333,0,295,480
333,2,276,478
333,5,257,475
334,7,238,473
332,9,225,471
330,12,212,468
326,14,198,466
321,16,185,464
313,15,180,465
305,14,175,466
297,13,189,467
297,13,171,467
280,16,184,464
268,20,193,460
256,24,201,456
244,29,210,451
236,38,217,442
228,48,223,432
220,57,230,423
216,70,228,410
212,82,227,398
196,93,234,387
194,104,226,376
193,115,218,365
175,126,226,354
152,134,240,346
134,142,246,338
116,149,252,331
105,156,252,324
100,164,245,316
94,171,239,309
90,178,233,302
86,185,227,295
81,192,221,288
75,199,217,281
69,206,213,274
54,214,218,266
40,219,222,261
25,223,227,257
11,227,231,253
1,232,228,248
1,234,217,246
1,236,205,244
1,239,206,241
1,241,207,239
1,244,208,236
1,244,212,236
1,244,216,236
1,241,220,239
1,241,225,239
1,215,231,265
7,197,235,283
11,195,235,285
15,182,235,298
20,169,235,311
24,163,236,317
32,156,235,324
39,149,234,331
47,148,235,332
55,147,237,333
62,146,239,334
74,148,241,332
91,150,238,330
109,152,233,328
127,154,229,326
139,156,227,324
148,155,227,325
156,148,227,332
161,141,231,339
166,127,234,353
171,114,238,366
178,98,238,382
185,81,238,399
191,65,243,415
202,48,240,432
213,32,238,448
227,21,227,459
241,8,219,472
256,4,229,476
270,0,241,480
284,0,256,480
292,16,278,464
300,28,300,452
306,25,324,455
312,12,327,468
318,0,322,480
318,0,322,480
318,0,322,480
318,0,322,480
322,0,318,480
324,0,316,480
328,0,312,480
332,0,308,480
336,0,304,480
339,0,301,480
343,0,297,480
351,0,289,480
360,0,280,480
368,0,272,480
376,0,264,480
384,0,256,480
396,0,244,480
407,0,233,480
419,0,221,480
430,0,210,480
442,0,198,480
457,0,182,480
473,0,165,480
488,0,150,480
500,0,137,480
510,0,126,480
507,0,128,480
503,0,131,480
496,0,140,480
495,0,145,480
494,0,146,480
490,0,150,480
489,0,151,480
494,0,146,480
494,68,142,412
484,83,149,397
521,0,89,480
519,0,118,458
514,0,126,394
506,0,134,400
501,1,139,360
502,1,138,202
494,1,146,191
487,1,153,200
472,1,168,219
457,1,183,239
446,0,194,259
446,0,194,328
436,0,204,416
427,1,213,457
419,1,221,458
407,1,233,463
394,1,246,473
378,1,262,473
361,1,268,474
345,1,261,474
323,1,256,474
300,1,252,474
278,1,247,474
270,1,240,474
268,1,227,474
269,3,213,472
275,6,194,469
281,9,175,466
287,9,159,466
278,10,158,465
268,8,159,468
258,6,160,471
249,5,160,473
239,3,161,476
229,3,162,477
224,2,158,478
220,2,152,478
226,0,151,479
232,1,149,476
225,0,162,473
212,0,180,474
200,0,195,474
190,0,210,474
186,0,252,477
183,0,292,480
191,0,311,480
199,0,324,480
207,0,328,480
215,0,323,480
223,0,319,480
235,3,303,477
239,4,295,476
242,4,288,476
246,4,281,476
242,6,284,474
244,6,289,474
246,7,294,473
249,8,298,472
251,9,303,471
253,10,308,470
258,10,308,469
274,10,296,468
290,10,284,467
318,10,254,467
346,10,224,466
380,12,178,461
410,10,171,461
431,8,160,454
442,6,170,461
452,6,173,461
457,10,183,457
462,13,178,459
468,17,172,458
472,20,168,457
468,24,172,456
469,26,171,454
470,29,170,451
471,32,169,448
473,34,167,446
475,37,165,443
480,37,160,443
476,35,164,445
467,33,173,447
457,31,183,449
449,26,191,454
442,22,198,458
432,18,208,458
422,14,218,459
412,10,228,459
402,6,238,459
392,6,248,457
376,6,245,452
368,3,232,455
359,6,225,451
355,6,215,449
353,12,208,448
352,18,200,446
357,25,190,444
361,31,180,442
371,38,165,440
387,43,158,435
404,48,150,430
405,54,159,424
399,55,167,420
393,56,177,416
383,53,186,413
372,51,191,409
362,49,194,405
351,47,199,401
341,45,199,397
333,42,198,401
324,40,197,404
316,43,200,402
307,45,205,400
299,47,208,399
285,50,216,400
272,54,224,400
258,57,232,400
244,60,236,401
230,63,241,402
220,65,243,401
209,67,247,400
198,67,251,402
188,67,254,403
177,68,261,403
170,66,263,403
162,63,267,404
154,61,271,404
150,58,270,402
145,56,271,398
144,52,263,397
142,47,254,404
140,41,245,411
139,41,227,413
135,45,214,407
129,41,197,411
122,41,182,411
108,39,171,416
96,37,159,420
94,34,143,426
87,34,148,427
80,33,153,429
73,32,158,431
66,32,163,432
60,31,168,435
58,29,171,436
56,28,175,436
54,26,179,437
55,25,180,437
57,23,180,438
57,23,180,438
73,22,173,437
89,22,166,435
105,21,159,434
122,20,152,432
132,20,146,432
144,19,139,432
154,19,133,431
166,19,122,429
176,18,114,428
192,21,87,307
208,23,81,285
231,28,78,244
250,31,66,205
284,84,50,177
184,92,171,162
185,93,191,161
185,133,212,128
284,84,50,177
189,28,245,219
197,23,253,218
204,24,132,402
212,24,140,417
224,24,144,420
236,23,154,424
257,21,159,411
278,1,179,428
283,0,170,432
299,0,137,426
300,0,128,421
303,0,118,423
305,0,130,422
298,0,139,425
291,0,148,428
294,0,148,432
296,9,145,428
298,19,142,422
300,28,140,417
302,37,137,413
305,45,133,409
305,52,130,404
305,58,126,401
304,61,125,398
304,63,123,396
285,65,149,394
271,61,182,395
257,56,215,396
243,52,239,397
240,48,250,396
236,44,262,394
236,41,264,393
239,37,262,395
244,35,253,409
249,63,245,393
252,68,237,382
262,67,220,386
271,75,204,381
280,77,187,377
288,78,172,374
297,80,156,370
304,75,146,370
312,74,136,367
320,72,126,365
324,70,122,363
328,68,119,361
330,62,116,360
331,60,114,360
331,59,113,360
332,58,111,359
332,58,110,356
333,59,107,357
334,60,105,358
332,64,105,356
331,68,105,354
330,72,104,352
327,78,108,349
324,84,112,347
322,90,114,345
319,96,118,342
317,102,119,337
316,108,121,331
315,109,123,330
313,111,125,328
312,113,127,326
311,115,129,324
310,115,130,322
310,115,130,319
309,115,135,317
309,114,139,316
308,114,144,313
312,114,141,310
316,114,138,311
320,114,136,312
324,114,134,313
327,114,129,313
331,115,124,311
336,115,118,310
336,115,116,309
337,115,114,308
337,116,112,306
336,113,109,307
336,111,104,306
335,108,101,307
334,106,102,305
333,104,103,303
332,101,104,304
331,97,105,305
329,93,107,307
328,89,108,309
327,85,109,310
323,82,112,314
319,78,115,318
316,77,116,320
314,75,116,323
312,74,116,324
310,74,114,326
309,75,111,327
307,76,109,328
306,76,105,330
304,77,108,332
305,77,109,331
306,77,109,330
307,77,109,330
308,77,109,329
309,77,109,329
308,75,106,329
308,73,101,330
308,71,97,330
308,69,89,331
309,67,81,331
304,67,81,332
300,67,83,333
296,67,86,334
291,67,89,334
287,67,93,335
284,68,101,336
281,70,108,336
278,72,115,335
275,73,123,336
272,75,130,336
270,76,132,337
267,78,135,336
264,76,138,340
262,76,137,342
259,76,138,344
259,75,132,344
258,73,133,345
258,71,132,346
257,70,133,347
257,68,132,348
257,67,133,349
257,66,130,350
257,66,127,350
257,64,121,352
256,63,119,351
257,63,110,352
258,63,101,353
259,64,92,352
260,64,83,353
269,64,66,353
269,64,70,351
269,64,70,307
269,64,69,263
269,64,66,233
269,64,66,353
294,95,62,321
320,125,56,290
345,155,52,259
370,185,48,229
361,118,57,296
357,59,61,355
344,59,74,355
334,59,88,355
325,59,102,355
320,56,110,358
312,56,122,358
304,55,133,359
302,55,138,360
303,54,151,363
304,53,163,365
303,53,180,365
304,53,189,365
291,53,207,365
290,53,217,369
290,53,220,372
292,54,217,373
292,54,217,375
294,54,213,375
296,55,209,375
294,55,211,375
321,54,185,376
317,53,190,377
313,52,195,378
310,51,199,379
309,50,201,380
309,50,201,381
308,49,202,382
317,49,185,382
325,48,169,383
334,48,152,384
337,48,142,385
341,49,131,386
345,49,121,387
345,49,120,389
345,50,119,389
345,50,118,390
345,50,120,390
345,50,121,391
345,50,123,391
345,50,125,392
345,48,127,392
345,46,129,393
345,44,131,394
345,42,133,395
345,40,135,396
345,38,136,398
346,36,136,400
346,34,136,402
346,33,137,403
346,31,138,405
348,31,136,405
349,30,135,406
350,30,134,406
350,30,137,412
353,27,134,415
353,27,136,416
353,27,138,416
353,27,140,417
354,26,142,418
355,24,145,420
355,23,147,422
356,21,149,424
357,19,151,426
357,17,153,429
358,15,155,431
359,14,156,432
361,12,157,434
362,10,158,436
364,8,159,438
365,6,160,440
366,6,160,442
366,6,161,443
366,5,162,445
366,5,163,447
367,5,163,448
367,7,163,451
368,10,161,452
367,12,161,455
366,15,162,457
365,17,162,459
367,19,161,458
369,20,160,458
372,22,158,456
374,23,156,456
376,25,155,455
383,22,147,458
390,20,140,460
397,18,132,462
404,16,124,464
411,14,116,466
415,14,111,466
418,14,108,466
422,14,103,466
425,14,99,466
429,14,95,466
435,19,89,461
366,32,152,446
364,23,150,457
363,14,126,466
360,16,118,464
358,17,109,463
355,19,102,461
352,21,94,459
350,23,85,457
350,21,93,459
350,20,101,460
350,16,108,464
350,11,116,469
350,7,124,473
350,3,131,477
348,0,138,480
347,0,142,480
345,0,151,480
344,1,171,479
342,1,174,479
340,1,175,479
338,1,176,479
337,1,175,479
335,1,176,479
333,1,176,479
334,1,175,479
335,1,174,479
336,1,173,479
335,1,174,479
334,1,175,479
332,1,176,479
330,1,180,479
318,1,210,479
306,1,241,479
296,1,266,479
285,1,291,479
275,1,316,479
265,1,332,479
255,1,347,479
245,1,363,479
238,1,372,479
238,1,374,479
237,1,376,479
236,1,379,479
235,1,382,479
237,1,380,479
236,1,385,479
244,1,375,479
252,1,365,479
266,1,343,479
280,1,314,479
302,1,269,479
325,1,223,479
334,1,196,479
336,1,175,479
336,1,175,479
337,1,174,479
337,1,174,479
338,1,173,479
338,1,173,479
338,1,174,479
338,1,175,479
337,1,177,479
337,1,177,479
337,1,178,479
337,1,178,479
337,0,178,480
337,0,178,480
337,0,178,480
337,0,178,480
337,0,178,480
337,0,178,480
337,0,178,480
337,0,178,480
337,0,178,480
337,0,178,480
337,0,178,480
337,0,178,480
337,0,178,480
