263,0,217,481
263,0,209,480
264,0,202,480
240,0,219,480
225,0,215,480
224,1,203,479
214,0,206,480
214,1,201,479
214,1,198,479
217,1,191,479
221,0,186,480
222,0,187,480
222,0,193,480
223,0,202,480
224,0,220,480
224,0,239,480
227,0,249,480
230,0,259,480
233,0,269,480
240,0,271,480
247,0,274,480
256,0,269,480
261,0,264,480
262,0,262,480
262,0,258,480
262,0,246,480
265,0,232,480
267,0,215,480
274,0,180,480
278,0,153,480
277,0,134,480
277,0,139,480
277,0,139,480
276,0,135,480
276,0,130,480
274,0,138,480
273,0,143,479
271,0,148,478
270,0,153,477
269,2,161,474
268,3,169,473
268,5,173,470
267,7,178,467
267,9,177,467
267,11,176,466
262,13,180,459
258,12,171,468
251,38,170,440
244,42,167,438
241,43,167,437
239,44,167,436
244,43,160,437
249,43,153,436
257,42,144,437
265,35,136,443
274,33,126,445
278,25,123,452
288,17,114,456
294,16,109,450
296,10,109,453
298,4,109,456
305,4,102,452
304,1,106,456
304,2,112,455
304,4,117,453
307,4,116,454
305,7,122,449
300,10,132,448
294,13,143,447
290,17,149,444
286,20,156,442
285,23,161,438
284,26,166,435
283,29,171,431
282,32,176,427
284,32,178,427
285,31,178,430
289,30,176,428
292,29,175,426
295,26,174,426
298,22,172,428
303,20,169,429
306,17,168,431
309,15,167,432
311,12,166,435
313,10,166,436
314,10,169,435
315,11,171,433
316,13,177,435
317,15,184,437
318,17,190,439
319,23,196,436
319,29,202,433
320,35,208,430
320,40,214,428
318,43,223,428
312,47,234,424
305,51,246,420
297,49,257,422
289,47,260,424
282,44,262,426
273,41,265,427
265,37,257,428
257,34,249,429
249,30,242,430
242,27,258,431
241,27,252,430
240,27,246,429
240,27,239,426
252,27,221,423
272,27,194,420
301,29,160,414
333,31,123,414
331,34,119,412
330,36,115,412
331,38,107,410
331,39,106,412
331,39,105,414
327,42,107,411
321,41,112,401
315,40,118,380
311,38,119,378
311,35,110,381
308,31,105,383
307,132,78,275
305,138,107,269
357,145,83,208
409,152,58,147
461,158,34,87
457,156,38,89
443,11,52,234
269,10,197,228
426,10,40,248
417,14,57,384
408,14,72,397
405,20,75,395
393,25,90,419
373,29,104,417
357,34,120,417
357,39,123,412
350,42,132,409
339,42,143,409
332,42,190,392
327,22,205,394
329,17,209,399
302,23,240,386
302,13,237,392
306,15,231,387
304,15,224,387
308,13,206,389
300,16,194,387
291,22,181,382
281,28,169,386
273,34,156,384
265,40,142,381
250,45,135,384
232,50,138,381
214,54,142,378
205,57,143,375
196,59,144,372
186,61,146,370
184,55,139,372
180,52,134,371
176,49,129,370
176,46,120,370
177,43,110,369
171,40,108,374
165,47,105,387
155,63,107,365
144,56,109,369
123,60,121,368
120,60,115,368
109,60,125,371
112,60,126,371
116,61,125,370
110,61,131,370
105,57,133,372
100,54,134,373
99,55,140,368
108,50,144,370
117,45,147,371
127,44,148,365
137,42,148,364
146,39,150,364
156,36,150,363
166,34,146,361
175,33,143,360
184,32,140,360
193,31,139,359
202,30,137,359
211,29,136,358
225,30,129,358
232,31,129,360
238,32,130,361
245,33,131,363
253,38,130,360
265,41,125,360
277,44,120,360
288,52,120,359
299,60,120,357
310,68,120,356
320,74,118,353
327,80,121,350
334,87,124,347
333,93,128,342
336,93,133,339
341,93,135,337
346,92,136,337
354,91,134,333
350,90,132,330
346,88,130,327
344,90,126,321
343,92,123,316
341,94,126,310
339,96,129,304
337,97,133,299
335,103,137,295
332,108,143,293
330,114,147,289
327,119,152,286
324,125,157,282
323,132,158,277
322,138,159,274
321,145,161,269
320,150,162,267
319,155,163,265
318,156,165,262
317,157,168,259
314,158,170,256
311,158,172,254
308,159,174,251
307,160,175,249
305,160,176,248
303,161,178,245
301,161,180,244
296,162,182,241
296,165,180,240
296,167,179,240
296,170,178,239
296,173,176,238
296,176,175,237
298,178,167,238
299,182,165,236
301,186,161,235
303,186,158,237
308,188,152,237
313,186,147,237
318,184,142,236
326,183,133,234
334,180,125,234
341,177,118,234
349,176,110,234
344,174,115,235
340,172,119,238
336,171,123,245
332,174,127,243
330,179,127,242
329,185,131,240
330,196,133,233
335,208,131,225
348,220,121,217
362,228,109,214
368,232,104,209
374,234,100,206
381,236,95,203
389,235,89,195
399,232,81,191
410,228,72,188
427,225,57,187
441,221,44,184
455,218,31,180
462,218,24,177
371,176,115,222
368,172,90,148
365,168,65,73
363,168,76,88
358,169,86,118
353,170,90,216
348,171,97,218
343,171,103,220
339,172,109,222
334,173,120,239
329,174,133,239
325,172,146,241
320,172,151,242
316,168,155,245
312,165,158,245
309,162,161,245
305,159,166,241
302,153,169,242
300,147,171,244
297,142,171,248
295,136,170,253
293,131,169,256
291,125,169,261
285,120,172,265
283,118,167,268
281,117,162,271
279,115,157,275
278,113,151,279
276,112,146,282
276,111,138,284
275,111,133,285
274,110,127,287
273,110,122,288
272,107,118,290
273,104,112,293
273,102,108,295
271,100,109,296
269,98,111,297
267,96,113,298
265,93,113,301
264,90,112,304
262,88,112,305
260,85,112,308
256,82,115,311
255,83,112,310
254,83,110,310
252,84,107,308
250,85,103,307
248,86,100,305
249,87,92,305
248,87,83,306
246,88,81,306
245,89,78,307
244,89,76,308
230,88,88,308
215,88,100,308
205,87,107,307
195,86,114,305
184,85,122,304
182,84,124,306
179,83,126,307
174,82,131,308
168,81,136,310
164,80,140,312
159,79,144,314
155,78,146,315
151,77,149,317
148,76,151,319
144,75,154,321
146,74,154,322
148,73,148,323
151,72,142,324
153,72,136,324
158,71,125,325
164,69,117,327
171,68,109,328
172,67,103,329
174,66,96,330
176,64,89,332
178,64,86,332
179,64,87,332
181,63,87,333
182,63,88,333
179,62,93,334
178,63,98,333
177,63,102,333
176,63,110,333
184,62,112,334
192,62,114,334
202,62,112,334
204,63,118,334
206,63,125,334
209,64,130,334
209,64,141,334
213,63,153,335
218,62,163,337
224,62,179,337
234,63,191,337
247,63,200,338
262,62,199,338
280,60,198,339
289,59,199,339
298,59,200,338
307,58,201,338
309,57,203,338
301,56,205,337
294,55,215,336
287,54,225,336
280,53,236,335
275,53,244,335
269,52,254,336
264,52,263,336
258,52,273,336
253,51,281,337
252,55,279,338
250,58,278,339
249,62,276,340
250,66,270,340
250,69,266,340
253,73,259,339
256,78,252,336
257,80,242,337
259,83,232,336
262,85,209,336
262,85,185,336
265,86,161,335
267,86,139,336
265,86,128,336
256,86,129,336
249,87,127,336
239,88,131,334
233,89,130,334
228,90,130,334
222,91,131,334
216,93,128,333
210,94,126,333
204,95,126,333
197,97,127,336
186,98,134,340
177,100,137,340
169,102,139,340
155,100,147,340
141,98,147,339
128,96,146,339
110,92,126,340
92,88,120,342
83,83,126,344
76,79,130,342
69,75,133,340
63,74,133,339
56,72,133,338
51,71,131,337
49,73,126,333
54,73,124,334
56,76,121,334
59,79,116,334
65,82,107,335
71,85,98,335
77,88,88,335
83,137,69,286
90,140,61,283
96,139,47,284
86,113,68,310
77,88,88,335
105,86,86,331
132,84,84,327
160,81,82,324
187,79,80,320
215,77,78,316
231,74,75,319
239,74,84,319
247,74,94,319
255,74,103,320
265,74,119,320
268,75,131,321
272,75,142,322
270,76,151,321
267,76,162,321
265,76,172,321
265,76,176,327
265,77,182,327
266,78,186,326
266,79,192,326
266,80,193,324
265,78,194,326
263,77,196,326
262,76,197,327
260,75,200,327
258,74,202,328
255,74,204,328
252,74,207,328
249,74,209,328
244,74,214,328
243,74,214,328
236,74,221,330
230,75,226,329
223,76,233,327
219,76,236,328
215,77,240,327
205,78,249,325
197,78,257,324
189,79,264,321
181,79,272,320
186,80,266,318
191,79,260,319
197,78,253,319
203,77,245,320
208,76,239,321
214,75,232,321
224,74,218,322
233,73,205,322
243,72,192,322
253,72,178,321
262,71,166,321
271,70,150,323
280,69,135,325
280,70,128,325
279,70,123,327
278,71,117,327
276,71,111,327
275,71,109,328
273,71,125,328
271,72,140,327
269,72,153,328
274,71,159,329
280,71,163,330
288,70,166,332
294,70,170,333
290,69,185,335
282,68,199,336
274,67,214,337
266,66,228,338
261,65,240,339
255,66,251,338
250,65,257,336
246,65,261,334
241,64,264,332
236,64,266,330
231,63,269,328
230,64,263,329
234,64,246,330
239,65,228,331
244,66,210,332
257,67,187,332
275,68,166,333
293,70,146,333
313,72,127,332
311,73,130,332
310,75,131,331
310,74,132,332
310,73,133,333
310,72,134,334
310,70,135,336
310,69,136,337
310,69,137,337
311,69,136,336
315,68,135,337
319,68,135,337
323,67,134,337
328,67,130,338
335,67,124,342
342,67,118,347
349,67,111,351
356,67,104,355
357,68,102,354
358,68,100,355
355,68,102,355
352,68,99,356
348,68,98,356
344,68,99,356
340,66,102,357
337,64,103,357
333,63,106,357
330,61,108,358
322,60,113,355
315,60,118,351
308,60,122,349
300,59,127,348
293,59,131,345
292,60,128,345
287,61,128,345
282,62,129,345
278,62,129,346
273,63,129,346
266,64,132,345
260,64,134,345
242,63,150,346
228,61,162,348
218,59,184,350
206,58,212,352
206,57,222,353
206,57,227,353
206,56,232,354
210,55,227,357
219,56,214,357
228,57,202,357
230,57,195,359
233,58,187,359
236,59,179,359
234,59,176,359
232,61,165,360
226,63,158,361
220,65,150,361
211,66,140,362
191,66,135,361
169,66,131,359
150,66,121,358
130,66,131,357
111,65,145,356
122,65,133,352
111,65,143,350
101,65,151,348
94,65,157,346
109,65,141,350
103,66,145,350
97,67,149,350
103,92,143,326
108,70,137,349
114,71,130,349
120,73,120,350
122,74,115,351
123,76,111,351
124,78,106,352
130,79,97,353
140,81,83,352
150,79,69,356
153,78,73,287
174,80,60,213
196,82,46,140
196,76,46,148
177,107,45,198
159,139,42,248
172,130,35,286
175,85,52,336
175,85,78,336
179,85,94,335
186,72,89,348
188,68,106,352
191,68,116,350
197,64,115,352
202,63,117,354
209,62,119,355
216,62,123,356
222,61,125,356
232,61,126,357
242,61,126,357
252,62,127,357
262,62,132,358
272,63,137,357
285,58,136,364
293,58,140,367
301,60,144,368
309,59,147,365
320,58,146,368
329,56,145,370
338,54,144,372
340,51,138,372
341,48,134,373
343,46,137,373
345,42,132,375
346,39,131,376
348,36,130,377
349,32,132,379
353,29,133,380
355,27,135,379
357,24,137,379
358,20,138,378
359,19,140,374
360,26,141,362
364,20,136,369
367,24,133,366
371,29,128,363
374,33,124,360
378,40,120,355
368,49,127,349
359,58,122,344
351,70,119,335
341,81,117,328
331,93,115,320
317,102,122,315
309,118,123,303
301,127,124,299
293,135,125,295
287,146,127,284
281,152,131,278
275,158,135,272
266,162,139,269
257,166,143,265
247,170,149,261
237,172,147,260
227,175,147,259
217,177,148,258
207,180,148,256
197,180,149,258
188,180,148,261
179,179,147,265
171,178,139,269
162,176,139,274
154,175,141,279
154,175,136,279
153,168,132,285
153,161,127,291
152,155,124,297
147,148,124,303
147,140,130,308
147,132,137,312
144,124,146,317
142,115,154,322
139,107,163,327
135,100,173,332
130,93,183,338
126,86,193,344
122,81,202,348
118,76,212,353
119,73,215,357
120,70,218,361
119,67,223,365
118,64,228,369
118,61,232,373
118,60,234,375
118,60,237,376
118,59,239,379
118,59,242,380
118,58,244,382
120,56,244,384
123,54,244,386
125,52,244,387
128,50,243,389
130,48,243,391
135,47,239,393
139,46,236,395
143,45,233,397
147,44,230,400
152,44,221,401
157,44,216,402
163,44,209,402
168,44,201,403
174,45,192,403
179,45,184,404
185,45,175,405
188,45,169,406
192,44,161,408
194,44,159,409
196,44,156,410
199,42,156,413
201,40,156,416
204,38,156,419
207,36,156,422
211,36,153,422
215,33,153,427
220,31,152,431
224,29,151,435
229,26,150,440
230,24,153,444
230,22,158,447
230,21,162,449
233,19,156,452
235,18,151,454
238,16,145,456
240,19,118,454
246,18,115,448
251,22,103,430
257,27,91,411
258,48,74,376
257,50,74,369
253,58,57,354
249,61,50,323
253,56,66,345
257,50,83,369
257,50,83,369
305,0,128,463
290,1,145,466
275,2,162,469
246,0,193,475
231,0,205,476
224,0,203,477
216,0,202,478
193,0,236,479
171,0,268,480
165,0,223,480
160,0,232,480
155,0,240,480
150,0,248,480
138,0,266,480
132,0,273,480
126,0,280,480
124,0,281,480
122,0,282,480
120,0,284,480
119,0,278,480
118,0,273,480
121,0,259,480
124,0,242,480
126,0,218,480
112,0,211,480
99,0,203,480
85,0,196,480
71,0,194,480
58,0,191,480
50,0,190,480
44,0,193,480
38,0,196,480
32,0,199,480
25,0,206,480
18,0,212,480
11,0,218,480
7,0,217,480
4,0,216,480
0,0,210,480
0,0,193,480
0,0,176,480
0,0,159,480
0,0,142,480
0,0,125,480
0,0,124,480
0,0,123,480
0,0,122,480
0,0,123,480
0,0,124,480
0,0,130,480
0,0,132,480
0,0,134,480
0,0,136,480
0,0,139,480
0,0,147,480
0,0,156,480
0,0,162,480
0,0,167,480
0,0,173,480
1,0,182,480
2,0,191,480
3,0,200,480
4,0,209,480
5,0,218,480
23,0,211,480
32,0,214,480
39,0,218,480
49,0,219,480
59,0,220,480
73,0,223,480
83,0,225,480
93,0,227,480
102,0,230,480
113,0,221,480
117,0,220,480
122,0,218,480
126,0,217,480
130,0,216,480
134,0,215,480
140,0,221,480
146,0,226,480
148,0,233,480
155,0,241,480
170,0,241,480
189,0,230,480
208,0,220,480
228,0,208,480
247,0,195,480
267,0,181,480
277,0,174,480
282,0,169,480
291,0,158,480
292,0,181,480
297,0,200,480
295,0,212,480
293,1,224,479
286,3,190,477
275,0,195,479
272,6,192,473
271,14,189,465
270,21,185,458
276,24,174,455
282,26,163,454
287,44,154,436
293,55,151,425
298,46,149,434
304,49,146,431
309,50,141,430
314,42,136,438
314,39,136,441
310,29,137,451
304,20,140,460
297,10,143,470
291,1,146,479
288,1,150,479
285,1,155,479
287,1,164,479
288,1,175,479
290,1,184,479
296,1,188,479
303,1,191,479
306,1,184,479
305,1,183,479
304,1,183,479
306,1,183,479
308,1,183,479
305,1,185,479
302,1,186,479
304,1,183,479
303,1,183,479
302,0,184,480
300,0,180,480
299,0,175,480
298,0,170,480
294,1,168,479
291,2,166,478
287,3,164,477
283,6,161,474
279,8,158,472
275,6,173,474
269,4,196,476
262,2,219,478
255,0,242,480
247,1,242,479
238,1,239,479
228,1,237,479
218,1,238,479
209,1,239,479
199,1,241,479
192,1,238,479
186,1,234,479
181,1,227,479
177,1,218,479
179,1,204,479
182,0,196,480
185,3,188,477
188,5,180,475
198,8,172,472
207,12,165,468
214,14,158,466
211,15,161,465
207,16,165,464
204,18,168,462
198,16,169,464
187,12,186,467
175,8,204,470
164,6,209,472
152,3,216,474
140,1,222,475
130,1,221,474
120,1,221,474
110,1,220,473
100,1,220,472
90,1,220,471
87,1,211,473
85,1,201,474
83,1,191,476
81,1,184,477
79,1,177,479
79,1,165,479
80,0,152,480
80,0,141,480
81,0,128,480
71,0,129,480
62,0,145,480
54,0,159,479
45,0,175,479
36,1,191,477
28,1,197,477
15,1,205,477
2,0,214,478
1,0,203,478
1,0,192,478
0,0,182,478
0,0,172,471
0,0,162,465
0,0,151,458
0,0,144,452
0,0,137,462
0,1,147,477
0,8,150,471
0,14,153,465
0,20,156,460
0,30,171,450
8,29,174,451
16,28,177,452
27,22,173,458
37,15,170,465
47,8,168,472
55,7,173,464
64,5,176,457
72,3,181,449
81,2,179,446
89,0,178,443
97,0,172,444
105,0,167,445
113,0,161,446
121,0,155,447
130,0,149,448
66,0,212,451
71,0,207,459
77,0,200,464
86,190,192,274
130,0,149,448
137,0,137,450
144,0,126,452
151,0,115,453
158,1,104,454
165,1,93,456
172,1,81,457
172,2,89,464
173,3,95,472
176,12,102,457
177,3,107,471
180,4,110,474
182,17,120,461
182,4,130,473
182,3,143,473
183,2,156,473
189,1,171,478
195,1,168,467
196,1,168,468
193,0,171,463
199,0,166,457
203,0,167,454
208,0,166,451
217,0,162,448
230,0,153,445
243,0,163,442
259,0,157,440
274,0,152,448
295,0,141,455
289,0,158,462
279,0,178,467
271,0,191,472
264,0,204,468
260,0,216,472
256,0,229,476
253,0,231,480
254,4,238,476
254,7,246,473
256,7,245,472
267,7,219,472
282,5,219,473
301,3,195,475
304,2,186,476
307,0,178,478
308,0,165,478
310,0,151,478
302,0,150,479
294,0,157,479
286,0,168,479
278,0,179,480
270,0,189,480
263,0,201,480
256,1,213,479
248,1,225,479
241,1,227,479
234,1,229,479
228,1,222,479
226,1,208,479
202,0,216,480
177,0,225,480
153,0,229,480
131,0,240,480
122,0,244,480
117,0,245,480
116,0,240,480
115,0,235,480
119,0,231,480
123,0,228,480
128,0,219,480
131,0,208,480
124,0,206,480
131,0,198,480
138,0,195,480
144,0,187,480
151,0,174,480
157,0,155,480
157,0,139,480
164,0,135,480
171,0,130,480
179,0,124,480
157,0,149,480
137,0,174,480
117,0,200,480
105,0,215,480
92,0,230,480
80,0,245,480
74,0,256,480
76,0,259,480
86,0,254,480
109,0,234,480
138,32,208,448
166,45,187,435
194,51,163,429
194,57,163,423
193,68,167,412
197,68,167,412
207,75,165,405
213,72,162,408
220,70,160,410
227,66,158,414
238,60,153,420
249,48,148,432
260,37,143,443
272,26,151,454
279,15,180,465
286,4,202,476
296,0,212,480
294,0,216,474
296,0,215,468
298,0,214,463
288,0,216,455
277,0,211,448
267,0,200,440
257,0,190,433
252,0,193,430
248,0,194,428
250,0,196,429
255,0,186,429
255,0,188,435
248,0,212,441
248,0,227,448
250,0,240,458
252,0,252,467
263,8,252,470
278,17,247,462
294,25,242,455
319,31,217,449
327,34,193,446
328,34,216,446
330,35,227,445
331,35,239,445
334,27,244,453
333,19,241,461
338,8,234,472
345,4,212,476
352,0,199,480
358,0,193,480
373,0,182,479
388,0,171,479
403,0,160,479
412,0,154,480
418,0,155,480
424,0,156,480
428,0,167,480
432,0,185,480
436,0,204,480
441,0,199,480
432,0,208,480
410,0,230,480
386,0,254,480
371,0,269,480
363,0,277,480
363,0,277,480
363,0,277,480
369,0,271,480
376,0,264,480
385,0,255,480
397,0,243,480
408,0,232,480
427,0,213,480
446,0,194,480
463,0,177,480
480,0,160,480
491,0,149,480
499,0,141,480
505,0,135,480
510,0,130,478
506,0,134,477
506,0,134,476
506,0,134,476
507,0,133,475
503,0,137,478
500,0,140,480
497,0,143,478
487,0,153,479
477,0,162,480
467,0,170,480
458,1,168,479
449,1,165,479
439,1,163,479
415,1,177,479
403,4,182,476
391,14,187,466
386,20,185,460
381,27,183,453
376,33,182,447
369,34,180,445
362,35,179,443
354,32,178,439
347,29,176,435
339,26,175,431
337,25,167,452
324,40,172,437
310,48,165,423
295,47,166,423
280,46,167,422
261,43,173,422
251,41,182,425
244,41,183,420
231,32,190,424
218,29,196,418
211,25,198,420
204,21,200,421
200,20,202,418
196,19,203,415
191,17,205,413
191,19,205,403
195,21,200,402
199,23,196,402
205,25,190,402
211,27,183,402
220,32,175,404
229,37,167,402
230,42,166,400
234,45,166,399
238,48,166,399
242,50,163,397
245,52,161,395
248,54,159,393
251,56,157,391
254,58,155,389
260,57,157,391
267,56,157,392
270,59,165,389
273,61,172,387
276,63,180,386
268,67,200,384
251,71,229,382
241,75,251,375
232,79,272,369
222,83,294,362
216,83,310,362
217,84,320,362
218,85,330,362
224,86,336,361
231,86,340,362
243,85,337,362
255,83,334,363
267,82,331,363
279,81,328,363
291,79,325,364
303,80,314,366
316,81,303,367
329,82,292,369
343,82,275,372
349,83,267,374
353,85,247,372
360,87,229,370
367,89,211,368
374,91,193,366
381,92,178,365
386,91,160,362
390,90,144,358
390,87,137,357
391,84,130,356
391,82,124,354
391,76,119,355
391,68,115,359
386,62,111,362
379,58,124,363
370,54,140,363
366,51,151,365
362,49,162,366
359,46,171,368
361,47,173,368
363,47,174,368
366,50,171,367
368,53,169,366
368,56,169,365
368,59,169,364
372,62,165,363
379,69,156,358
386,82,148,347
414,105,118,321
461,162,70,54
467,165,62,50
403,165,124,113
340,113,185,229
276,61,246,344
267,56,256,347
258,52,266,349
253,50,269,349
247,47,273,364
242,45,276,366
236,43,277,365
230,41,175,364
225,38,180,366
220,36,185,367
214,33,191,368
209,30,196,370
204,28,201,371
199,27,210,373
195,27,219,375
191,27,229,379
186,26,241,384
182,26,251,389
177,27,273,391
173,29,293,393
168,30,315,396
163,32,316,397
159,33,317,400
153,34,322,401
148,36,327,401
142,37,332,402
137,38,337,403
131,40,342,402
125,38,347,404
118,35,353,406
112,33,355,408
105,31,358,409
99,29,359,410
99,28,346,412
99,27,333,414
99,26,319,416
112,25,284,419
125,24,250,422
157,24,192,422
184,25,156,425
188,26,145,427
188,27,146,429
188,28,148,431
184,32,150,431
180,35,152,432
176,38,155,433
171,38,162,434
167,39,169,435
163,38,170,439
163,37,167,439
162,36,165,440
162,35,162,441
161,34,171,440
161,29,183,445
167,27,186,446
168,25,189,447
171,23,189,448
183,22,181,448
196,23,165,449
209,25,148,448
218,27,136,448
227,28,117,448
230,30,105,448
213,33,131,445
204,37,148,441
196,40,165,439
198,41,171,438
201,42,175,438
215,44,175,435
229,42,175,436
243,41,174,436
269,40,162,435
294,40,151,434
319,37,143,435
343,34,136,436
368,32,136,436
393,29,140,436
407,26,181,437
419,25,217,437
428,25,212,437
437,24,203,437
447,23,193,437
457,22,183,437
470,22,170,440
482,23,158,442
495,23,145,445
510,23,130,448
506,23,134,451
508,23,132,451
509,23,131,451
510,23,130,452
512,23,128,452
513,23,127,453
513,20,127,454
513,18,127,453
516,15,124,454
519,13,121,454
522,10,118,455
524,9,116,454
515,10,125,451
507,12,133,448
496,13,144,445
469,13,171,443
441,16,199,441
413,19,227,439
385,23,255,436
362,26,278,434
339,29,301,431
324,33,316,427
315,37,325,423
305,40,335,420
305,41,335,419
305,42,335,418
301,42,339,417
297,43,343,415
281,43,359,414
271,43,357,412
250,43,359,411
232,43,351,410
214,42,343,410
196,42,335,409
178,41,328,409
161,41,319,408
155,42,299,404
158,42,276,401
161,43,253,397
166,43,242,399
171,44,233,399
184,44,216,391
197,23,201,399
211,3,185,405
224,4,166,406
215,2,171,396
205,1,179,399
194,0,188,402
200,2,181,399
206,1,173,405
211,5,166,406
220,14,153,401
229,22,142,400
237,31,132,398
238,40,129,396
239,48,125,394
230,56,133,391
221,64,141,388
212,72,149,384
208,75,151,384
204,78,154,383
205,78,153,382
196,75,162,388
186,78,172,382
177,81,181,375
166,74,192,389
161,80,199,388
157,80,223,375
155,75,240,377
153,68,276,380
151,62,297,382
158,55,299,384
165,49,293,384
171,43,287,385
178,37,272,385
185,30,257,387
193,28,239,387
196,25,227,388
199,22,215,390
197,20,214,394
196,18,212,399
194,20,216,400
189,23,205,397
187,26,238,399
189,30,242,399
196,32,241,400
207,38,216,397
219,44,191,395
235,47,166,395
248,50,142,395
260,52,124,397
267,51,110,398
273,49,97,400
280,48,83,401
286,46,70,403
286,46,70,403
304,62,68,387
323,78,66,371
341,93,64,357
359,109,63,341
377,124,62,326
395,140,60,311
393,124,73,329
385,104,92,352
375,45,113,413
367,39,123,422
360,39,130,424
353,39,137,426
346,40,144,427
339,40,151,430
341,39,149,431
337,38,154,432
332,37,160,432
328,36,165,432
328,32,166,435
328,28,167,439
331,26,165,440
331,24,166,441
332,22,166,442
332,20,167,444
333,18,167,445
336,18,168,446
343,18,165,447
350,18,161,449
357,18,158,450
363,18,174,451
367,9,190,443
370,0,206,434
366,0,221,432
363,0,234,429
359,0,248,427
356,0,250,430
352,0,254,433
348,0,255,436
345,0,251,438
343,0,247,441
341,1,242,447
339,7,231,457
337,13,221,467
335,36,201,444
334,60,180,420
332,63,169,417
330,74,157,406
329,75,148,405
325,72,142,408
316,53,157,427
304,49,157,429
291,41,157,421
275,27,160,422
257,14,165,423
253,0,156,422
251,0,157,416
250,0,156,410
248,0,156,404
246,0,154,399
244,0,151,395
244,0,148,395
244,0,146,396
244,0,144,396
244,0,137,401
244,0,129,406
245,0,121,412
241,0,123,419
237,0,125,425
233,0,126,432
227,9,138,427
221,18,151,428
216,27,163,429
214,48,176,414
212,65,182,403
210,64,189,409
207,70,192,405
202,70,197,405
199,74,199,404
197,78,199,402
195,71,196,403
192,65,192,402
189,60,188,401
187,46,182,408
186,34,176,409
185,22,170,411
188,12,164,415
191,3,161,419
194,0,155,416
197,0,155,410
200,0,153,405
200,0,156,403
201,0,159,401
203,0,161,404
204,0,163,406
206,0,165,409
207,0,164,411
209,0,158,414
210,0,153,417
211,0,151,419
212,0,149,422
213,0,148,426
214,0,147,430
215,0,146,435
214,0,142,440
212,0,139,445
216,0,132,448
220,4,127,447
224,8,122,447
228,12,117,446
232,16,112,446
241,29,104,431
251,43,95,416
260,60,86,398
269,60,78,396
279,60,69,395
287,58,61,396
176,54,175,398
172,53,178,402
176,53,173,407
180,53,158,413
183,57,56,411
178,0,94,472
178,0,114,474
177,0,114,477
176,1,114,478
175,0,113,479
174,3,109,476
174,7,120,472
173,10,131,469
171,13,141,466
167,15,152,464
162,17,163,462
158,17,178,463
154,18,192,462
150,18,199,462
145,16,199,464
141,14,199,466
137,11,196,469
131,7,197,473
126,2,197,478
123,2,193,478
119,2,190,478
116,1,186,479
113,0,184,480
110,0,182,480
107,0,187,480
104,0,193,480
101,0,200,480
98,0,207,480
70,0,234,480
42,0,259,480
13,0,285,480
0,3,293,477
0,5,287,475
0,7,282,473
0,7,277,473
0,7,273,473
0,5,266,475
0,3,260,477
0,1,253,479
0,1,243,479
0,1,235,479
0,1,226,479
19,1,207,479
39,1,186,479
55,1,168,479
54,0,163,480
52,0,159,480
51,1,154,479
49,1,162,479
50,1,166,479
51,1,169,479
51,1,166,479
51,1,163,479
51,2,160,478
51,9,156,471
51,16,152,464
49,20,155,460
47,25,157,455
46,29,159,451
46,30,157,450
43,25,172,455
40,21,187,459
38,16,202,464
36,9,212,471
8,3,244,477
0,1,255,479
1,0,254,480
1,0,254,480
1,0,254,480
1,0,255,480
1,0,253,480
1,0,251,480
1,0,248,480
1,0,249,480
1,0,251,480
1,0,253,480
1,0,254,480
1,0,254,480
1,0,255,480
1,0,254,480
1,0,254,480
1,0,254,480
2,0,249,480
25,0,222,480
34,0,212,480
41,0,209,480
41,0,215,480
38,0,219,480
39,0,221,480
40,0,220,480
43,0,217,480
47,0,214,480
50,0,211,480
54,0,208,480
58,0,208,480
