281,32,123,400
280,32,125,399
280,32,125,398
281,32,124,399
279,31,126,399
279,31,126,399
278,31,127,398
276,31,129,398
277,31,128,398
278,31,127,398
279,31,126,398
282,31,123,398
284,31,121,398
284,31,121,398
285,31,120,398
285,31,120,398
285,31,120,398
286,31,119,398
286,31,119,398
286,31,119,398
287,31,118,398
288,31,118,398
288,31,119,398
289,31,119,398
290,32,120,397
291,32,120,397
291,32,121,397
292,32,121,397
293,32,121,397
294,33,121,396
294,33,122,396
295,33,122,396
296,33,122,396
296,33,123,396
299,34,121,395
302,34,119,395
304,34,118,395
305,34,118,395
306,34,118,395
306,34,119,395
307,34,118,395
308,34,118,395
308,34,119,395
309,34,119,395
309,34,119,395
309,34,120,395
310,34,120,395
310,35,121,394
311,35,120,394
311,35,121,394
311,35,122,394
312,35,122,394
312,35,123,394
313,35,124,394
313,35,125,394
310,35,127,394
309,36,128,401
306,47,132,388
300,42,139,393
300,39,140,410
298,62,140,397
295,62,142,393
295,60,142,399
294,64,142,392
292,60,146,398
292,60,148,398
292,52,148,398
292,46,150,404
293,40,150,405
293,34,152,405
293,32,153,409
294,29,153,413
294,23,156,416
294,24,156,415
299,21,152,417
303,20,149,421
291,24,161,420
290,27,162,420
289,30,163,420
288,34,164,419
287,37,164,419
286,40,163,419
289,44,164,418
293,43,168,419
298,43,172,418
299,43,174,416
303,40,174,416
306,37,170,416
310,34,166,416
313,31,161,417
315,28,157,417
317,25,152,418
319,22,144,419
313,20,143,419
314,19,134,417
315,18,125,416
316,16,116,416
317,15,104,417
317,14,107,416
318,13,109,415
321,14,104,415
324,15,99,415
326,16,95,414
326,16,90,414
326,16,85,414
326,16,80,413
326,16,75,413
326,16,76,412
318,14,85,417
309,11,96,423
309,11,99,424
307,10,113,429
304,11,124,429
305,12,129,429
303,13,140,428
302,14,150,428
298,16,164,429
301,17,171,428
306,18,174,430
311,18,178,428
315,19,183,427
320,20,186,423
325,20,190,420
329,21,194,416
329,21,198,415
313,23,219,415
297,25,233,415
300,26,231,415
304,27,232,415
309,28,227,414
316,31,216,413
310,34,218,412
306,37,218,410
298,40,222,409
291,45,221,405
285,50,219,401
275,52,221,400
265,54,223,399
256,57,223,397
246,59,224,397
230,59,232,397
214,58,236,399
197,58,244,398
180,57,254,394
171,56,256,388
155,56,264,383
138,56,273,378
122,56,280,373
110,57,282,372
107,57,274,372
104,58,266,371
102,58,263,371
101,59,254,370
100,60,250,369
100,61,239,371
100,62,227,374
100,64,223,367
102,65,210,344
102,66,203,342
99,66,198,342
96,66,194,342
94,66,195,342
95,65,191,343
90,65,187,343
90,65,175,347
88,65,168,345
85,65,161,291
83,65,150,252
83,67,148,220
84,67,134,209
80,69,105,194
80,73,94,83
75,78,82,78
72,80,67,79
73,80,51,73
71,87,42,62
69,89,34,55
0,0,0,0
0,0,0,0
200,194,54,199
198,185,40,210
196,194,40,203
194,117,39,285
173,110,60,288
158,75,80,329
151,75,83,326
147,78,83,320
137,77,89,318
125,80,98,315
119,79,101,317
120,80,97,316
111,80,105,316
113,80,103,316
110,80,106,314
107,80,109,313
103,80,113,312
99,80,117,316
94,80,123,313
88,80,131,311
87,80,131,316
84,80,134,316
77,82,144,313
70,84,154,309
63,86,164,306
69,88,161,303
75,90,158,300
81,92,158,298
86,93,158,297
92,94,155,296
98,97,162,296
111,97,157,296
118,97,166,296
133,97,162,292
144,100,159,290
157,99,157,290
169,98,155,289
181,97,152,288
193,98,150,285
205,98,148,284
217,98,145,282
224,96,146,281
236,96,143,280
251,96,138,281
266,97,133,281
280,97,134,281
295,98,134,281
300,97,148,283
328,97,131,285
344,97,132,287
361,97,133,289
377,97,135,291
394,97,136,292
410,97,137,294
411,98,137,294
411,99,130,295
410,100,128,295
411,101,123,296
412,102,119,297
414,105,115,295
415,108,112,293
419,109,109,292
422,110,105,292
425,109,102,293
430,107,98,294
434,105,95,294
439,103,91,294
442,101,95,295
445,99,99,296
449,97,102,298
450,95,102,300
451,93,101,303
452,93,101,307
450,93,103,308
448,92,105,311
446,91,107,313
444,89,111,317
442,90,114,318
444,90,114,318
446,90,113,318
448,90,112,319
450,87,112,320
452,83,112,323
454,82,111,320
457,77,109,321
460,71,107,323
463,66,105,323
463,58,105,331
459,54,109,325
455,46,115,329
451,38,121,334
440,34,123,334
436,29,122,336
429,26,127,338
421,23,135,340
417,22,141,346
412,22,141,345
409,23,142,347
406,24,142,348
401,27,141,347
397,34,138,343
398,37,132,345
398,39,124,342
397,40,121,344
393,42,115,350
389,48,109,350
386,51,104,353
385,56,98,354
379,58,94,349
372,49,94,362
362,47,94,363
354,47,99,361
345,48,105,359
336,48,111,357
328,44,107,359
314,45,112,363
303,47,115,360
292,46,113,362
283,49,111,362
273,47,110,368
257,52,111,375
247,62,110,370
236,64,108,370
225,66,106,370
214,69,103,370
203,71,103,370
196,71,108,374
178,75,124,367
171,72,129,370
156,69,139,373
143,65,135,374
132,61,138,378
134,58,137,381
146,59,120,378
146,51,120,382
155,48,103,379
162,45,96,382
170,41,88,386
174,41,84,364
185,12,72,376
191,0,66,387
197,0,58,381
197,0,58,367
199,0,53,367
199,0,60,369
0,0,0,0
0,0,0,0
291,52,40,296
285,28,54,331
284,63,68,303
317,292,43,85
319,283,45,103
315,279,55,118
317,283,51,124
272,53,96,378
0,0,0,0
0,0,0,0
0,0,0,0
0,0,0,0
0,0,0,0
0,0,0,0
0,0,0,0
265,74,82,282
260,68,91,290
265,60,93,330
282,52,101,350
301,43,87,359
302,35,113,377
312,28,110,393
324,21,104,398
332,15,115,402
340,11,127,405
345,8,123,410
350,8,125,411
356,7,132,414
361,6,141,417
366,9,148,417
371,12,160,417
374,16,170,418
386,20,170,417
388,29,171,415
395,34,160,414
403,40,148,412
412,42,139,412
412,44,139,412
411,46,140,402
413,47,137,401
416,48,134,396
419,48,131,392
422,46,137,389
428,43,154,387
428,40,176,385
430,38,188,409
423,59,217,393
419,59,221,390
412,53,228,403
409,52,231,404
405,51,235,405
402,50,238,406
402,45,237,407
402,40,237,409
402,37,238,412
403,31,237,413
408,24,232,420
412,23,228,423
415,16,225,433
417,15,223,434
422,12,218,440
427,10,213,445
432,12,208,446
428,14,212,442
424,18,216,444
418,22,222,443
413,25,227,443
410,28,230,442
406,32,234,441
404,35,236,438
405,34,234,441
405,33,235,439
410,31,224,439
414,30,213,437
414,20,202,434
413,10,192,432
412,0,181,429
414,0,192,429
421,0,199,425
421,0,199,414
421,0,194,414
427,0,192,414
429,0,196,414
428,0,197,416
427,0,197,419
426,0,189,421
424,0,180,421
420,0,178,431
417,0,183,435
414,5,191,434
415,15,190,432
416,26,189,429
416,33,186,428
421,41,180,429
428,52,169,423
438,56,154,424
434,58,148,419
429,60,143,413
424,58,159,415
411,56,182,413
396,51,201,412
384,47,209,410
369,42,213,411
360,36,216,414
354,32,213,417
351,27,209,421
350,20,202,424
354,17,192,426
362,13,178,429
357,10,177,431
354,8,175,432
354,8,168,432
354,10,162,430
352,12,154,433
355,17,151,428
353,20,161,429
353,24,169,428
353,27,168,427
356,32,165,425
362,32,159,425
357,38,152,420
353,44,144,416
350,47,140,413
346,49,133,410
335,49,139,407
325,49,142,404
317,49,142,402
308,46,142,402
300,45,136,403
300,45,131,403
285,40,131,408
279,40,129,403
273,40,135,403
268,40,138,403
268,40,134,403
259,42,129,399
257,42,119,399
257,45,116,396
257,45,101,396
258,48,94,393
260,49,83,392
252,53,80,414
250,77,82,396
247,82,82,388
244,77,160,389
239,80,169,393
235,78,174,378
233,78,183,378
227,78,189,369
224,69,196,373
220,69,202,365
219,54,204,365
218,46,206,366
218,46,206,351
216,46,205,342
216,46,205,332
220,46,200,321
224,46,194,336
224,0,190,379
224,0,186,390
229,0,173,390
229,0,167,401
304,0,95,409
298,0,108,420
281,0,135,429
268,0,148,439
251,0,169,446
243,0,175,454
227,0,188,463
223,0,192,474
221,7,191,473
220,9,187,471
220,14,184,466
226,17,176,463
236,12,162,468
247,10,151,470
265,8,130,472
271,2,122,478
274,0,119,480
282,0,108,474
294,0,97,466
311,0,80,466
324,0,67,466
324,34,67,432
357,34,34,432
357,233,34,233
365,247,26,221
0,0,0,0
0,0,0,0
0,0,0,0
0,0,0,0
0,0,0,0
0,0,0,0
0,0,0,0
0,0,0,0
0,0,0,0
0,0,0,0
203,228,90,234
213,123,98,348
223,18,105,462
233,22,99,458
243,16,104,464
251,12,99,468
260,7,90,473
260,4,93,476
260,0,97,480
260,0,86,478
250,0,102,480
246,0,106,480
241,0,110,480
240,0,110,480
239,0,110,480
240,5,109,475
232,10,118,470
225,14,125,466
220,20,133,460
216,23,140,456
214,29,146,451
210,33,150,447
206,38,154,442
198,40,162,440
190,42,170,438
183,44,177,436
177,43,183,437
167,40,193,440
160,35,197,445
156,31,200,449
154,25,201,455
152,22,204,458
153,18,205,462
153,15,206,465
156,13,204,467
162,13,197,467
170,13,188,467
177,16,180,464
184,18,172,462
193,21,161,459
203,24,156,456
212,29,146,448
223,34,135,442
230,38,127,438
229,42,126,434
227,46,127,430
224,48,128,430
222,49,127,431
220,48,128,431
218,47,129,431
215,46,131,432
213,44,130,433
212,39,127,437
208,34,127,441
204,29,128,445
200,24,128,450
196,19,128,454
190,13,135,461
186,9,136,465
182,5,138,469
178,1,140,473
175,0,140,474
171,0,144,477
169,0,146,477
168,0,146,478
166,0,148,478
165,0,148,479
163,0,150,479
162,0,151,480
159,0,157,480
157,0,162,480
154,0,169,480
152,0,177,480
150,0,193,480
147,0,203,480
145,0,213,480
140,0,225,480
136,0,236,480
133,0,243,480
130,0,251,480
134,1,245,479
138,1,239,479
141,1,234,479
145,1,228,479
148,1,223,479
152,1,216,479
154,1,209,479
159,1,202,479
163,1,213,479
170,1,212,477
169,1,220,479
167,1,222,479
163,1,226,476
159,1,230,479
157,1,232,479
159,1,230,473
160,1,229,479
165,1,225,479
166,2,222,478
165,1,229,477
172,1,229,479
175,1,229,479
178,1,237,479
180,1,241,479
183,1,243,479
186,1,243,479
185,1,248,479
187,1,243,479
189,1,238,479
195,1,229,479
203,1,219,479
213,1,206,479
218,0,196,480
224,0,186,480
229,0,176,480
235,0,165,480
239,0,159,480
237,0,158,476
235,0,159,473
232,0,162,470
227,0,166,467
220,0,174,464
213,0,182,461
211,1,186,462
205,0,194,466
200,3,201,465
198,8,200,461
196,11,203,462
194,14,200,458
194,16,189,455
194,17,179,454
194,19,172,451
195,17,165,449
196,18,156,446
201,19,145,442
206,20,135,437
212,20,127,435
221,18,115,435
224,19,111,432
221,19,115,430
223,20,113,426
224,22,113,426
228,24,109,446
230,60,109,407
233,59,106,405
233,61,100,407
232,69,100,393
231,67,102,392
235,71,101,390
238,69,99,385
237,64,108,387
236,60,120,388
236,53,129,386
235,46,140,383
244,40,140,380
245,30,148,389
250,26,149,387
259,19,148,393
265,13,151,398
272,12,152,397
279,5,153,403
286,4,150,406
294,3,147,409
301,2,145,413
301,6,145,409
323,8,127,414
334,10,120,418
345,14,109,418
372,14,87,423
394,14,64,394
414,25,57,306
0,0,0,0
0,0,0,0
0,0,0,0
0,0,0,0
327,36,93,402
326,31,117,412
328,28,143,411
320,24,166,415
318,26,171,415
317,23,182,420
317,21,186,426
317,19,189,431
317,18,188,436
315,18,183,436
314,19,177,435
313,20,171,434
311,22,166,432
310,24,156,432
297,25,159,433
284,26,162,434
271,27,165,435
264,27,175,445
256,27,185,449
248,26,196,454
241,25,203,455
222,22,220,458
203,20,237,459
189,18,249,462
186,16,245,464
183,14,242,466
180,11,239,469
178,8,230,472
177,5,221,475
175,3,213,477
173,2,205,478
171,0,197,480
171,0,186,480
172,0,175,480
166,0,170,480
160,0,169,480
154,0,168,480
170,0,145,480
148,0,153,480
128,0,160,480
115,0,164,480
96,0,178,480
77,0,191,480
65,0,196,480
64,0,190,480
106,0,142,480
98,0,148,480
109,0,137,480
102,0,142,480
110,0,134,480
120,0,124,480
142,0,96,480
0,0,0,0
0,0,0,0
17,140,67,340
9,134,91,346
0,109,135,371
0,0,142,480
0,0,135,480
0,0,115,480
0,0,108,480
0,0,102,480
1,0,91,480
1,0,97,480
1,0,98,480
1,0,103,480
1,0,109,480
1,0,116,480
1,0,123,479
0,0,138,479
0,0,145,479
0,1,151,478
0,1,154,478
0,0,156,480
0,0,158,480
0,0,148,480
0,0,138,480
0,0,124,480
0,0,109,480
0,0,98,480
1,0,81,480
1,3,85,477
1,0,89,480
1,0,99,480
0,0,104,480
0,0,108,480
0,0,112,480
0,0,116,480
0,0,120,480
1,0,127,480
1,0,134,479
1,0,143,480
0,0,154,480
0,0,163,480
0,0,173,480
0,0,175,480
0,0,172,480
0,0,169,480
0,0,166,480
0,0,163,480
0,0,158,480
0,0,154,480
0,0,155,480
0,0,162,480
12,0,156,480
5,0,173,480
5,0,183,480
4,0,190,478
3,0,197,476
1,0,205,475
0,0,212,473
5,0,216,470
18,0,214,468
28,0,211,466
38,0,209,465
49,0,205,463
59,0,202,461
70,0,199,460
80,0,196,458
90,0,190,458
100,0,185,458
105,0,181,458
104,0,182,458
101,0,187,458
100,0,187,457
101,0,184,457
102,0,181,457
102,0,178,457
106,0,176,455
111,1,173,452
118,1,173,451
128,1,170,448
138,1,168,449
152,1,162,448
166,1,157,447
180,1,152,447
194,1,146,446
208,1,142,445
222,1,138,444
238,3,133,443
255,4,127,443
274,6,117,441
285,8,116,440
292,10,118,438
292,12,128,436
295,14,133,431
298,16,137,427
301,18,137,423
304,20,149,419
306,22,162,415
313,20,166,414
319,19,171,413
326,17,175,413
334,17,177,412
342,18,176,412
352,19,174,409
361,19,171,410
371,19,167,411
382,19,156,412
375,18,148,413
367,17,141,413
365,17,140,413
362,18,141,412
356,18,145,413
351,18,147,413
346,19,150,412
345,19,148,412
338,21,153,410
332,23,158,409
326,24,164,409
320,26,169,408
302,38,186,422
293,56,178,403
282,60,188,394
270,62,200,399
259,68,210,386
253,64,214,392
245,65,217,382
237,58,221,378
232,51,214,376
232,47,207,365
227,39,193,370
227,34,184,372
241,31,173,370
253,26,158,378
262,30,146,375
263,30,142,377
264,38,139,376
263,46,137,371
265,45,134,360
267,32,132,372
269,41,129,372
271,47,127,365
273,50,122,366
275,52,118,369
278,61,111,378
278,84,113,361
279,84,111,359
281,86,109,364
282,92,109,361
285,88,107,363
286,95,106,364
288,99,105,352
292,89,103,358
295,88,101,355
299,83,99,355
303,78,97,356
302,77,100,353
301,69,102,357
300,67,105,355
299,65,108,353
302,66,108,354
304,67,116,355
307,68,126,356
310,72,137,354
312,76,150,352
316,81,159,350
320,86,162,348
324,86,168,351
328,90,166,349
334,90,160,349
338,87,156,354
342,84,153,358
345,82,151,361
346,79,151,362
347,77,151,362
348,74,150,363
350,71,149,365
355,67,146,366
360,62,143,369
365,57,139,372
370,53,136,374
380,51,126,376
388,48,116,377
395,44,113,379
403,41,113,380
411,37,113,383
429,38,99,380
430,35,103,381
430,35,105,383
430,35,107,384
430,35,109,385
430,35,117,385
434,40,121,384
439,45,123,384
443,50,126,383
449,53,126,379
450,53,134,379
450,53,143,379
450,60,154,372
456,62,156,356
476,66,146,133
488,70,143,114
488,77,152,100
547,84,93,106
545,93,95,201
542,104,98,317
520,120,115,300
503,132,132,293
482,149,143,281
464,160,155,268
437,156,176,261
416,162,196,261
410,178,202,245
402,178,203,244
395,191,202,238
387,198,202,223
387,194,202,227
384,204,200,224
382,210,198,219
379,217,196,214
377,223,194,209
370,223,193,209
363,227,195,211
357,228,196,211
351,229,197,211
345,231,197,209
336,224,203,212
332,219,202,215
327,215,203,217
323,210,203,221
318,206,203,223
314,201,203,227
313,199,200,228
312,196,197,231
309,194,196,234
305,193,196,236
302,192,184,237
298,193,172,237
296,193,158,237
286,193,142,237
283,201,118,229
277,200,119,229
269,200,95,232
263,200,210,232
258,200,212,232
401,191,69,67
380,185,90,73
367,181,103,100
346,174,115,177
325,167,127,254
303,158,144,266
307,149,137,275
283,139,167,284
260,130,197,291
264,121,195,301
272,112,187,312
278,106,182,317
285,99,176,323
291,92,171,329
302,88,167,330
308,84,171,337
314,79,175,344
313,75,179,349
309,72,177,351
300,69,182,351
296,66,182,354
296,63,178,357
296,61,174,359
296,58,170,362
296,56,166,364
296,53,162,367
299,52,155,368
303,51,147,369
306,49,140,371
309,48,133,372
314,46,124,374
319,47,114,372
326,46,103,373
333,46,92,373
329,46,97,372
329,44,105,373
323,47,122,370
316,46,139,371
310,47,149,369
304,47,159,369
298,48,160,367
292,49,164,366
281,50,166,368
275,51,163,367
269,53,159,365
263,51,156,367
262,51,148,368
261,50,146,371
260,49,136,384
259,63,126,377
258,67,118,368
257,68,116,371
255,68,115,375
253,60,113,387
259,59,118,388
272,56,125,386
280,48,137,390
280,43,152,390
280,38,166,390
279,32,171,397
280,29,174,401
281,26,177,406
280,24,179,413
283,21,176,418
285,19,175,421
288,21,172,421
296,23,165,424
303,24,158,428
316,27,145,428
323,29,138,429
331,31,131,430
338,33,124,431
350,33,117,434
354,32,123,432
358,29,130,437
363,26,138,437
367,22,156,437
374,19,172,439
380,15,176,441
386,11,180,443
394,7,174,445
394,4,175,446
393,0,177,448
393,0,178,446
396,0,176,446
396,0,177,447
397,0,177,449
404,0,169,452
412,0,159,455
419,0,151,458
426,5,143,457
427,13,133,452
436,18,133,450
443,21,130,450
449,24,128,449
456,25,124,450
451,28,146,449
445,26,171,441
440,25,186,436
434,22,201,432
428,20,207,426
422,18,213,426
418,16,209,422
414,6,197,405
416,0,190,410
414,0,189,412
412,0,189,402
405,0,188,402
406,0,187,401
403,0,190,397
400,0,198,400
403,0,202,402
404,0,203,407
406,0,204,411
397,0,211,415
388,0,216,420
378,9,218,417
368,17,217,415
358,29,213,409
348,38,206,406
340,48,201,402
336,57,188,396
330,63,183,396
326,66,169,393
322,69,156,391
318,71,142,389
311,73,135,381
306,70,123,383
299,66,121,381
289,61,121,378
279,56,123,376
269,51,125,373
256,46,129,371
246,40,124,376
235,38,125,372
224,35,126,378
214,35,126,373
203,34,127,376
192,34,128,381
187,42,119,404
181,71,115,378
178,73,101,378
175,76,101,385
172,86,98,374
159,85,113,381
146,89,123,376
139,86,129,372
136,80,129,378
136,79,127,373
129,68,135,374
131,61,131,378
128,52,132,375
128,39,130,384
125,34,132,385
122,28,133,387
120,23,132,388
124,22,131,387
129,20,129,387
126,17,128,391
125,19,126,395
126,22,119,393
127,24,113,402
130,32,114,396
132,38,114,398
136,46,116,400
140,52,115,398
138,61,120,398
134,64,131,394
135,66,138,390
129,69,149,391
136,66,146,392
142,63,144,393
149,60,141,395
167,54,131,399
172,50,135,397
178,41,139,395
185,38,142,394
196,28,137,401
210,24,127,403
224,20,118,405
232,16,111,407
255,17,88,406
281,103,65,320
0,0,0,0
0,0,0,0
0,0,0,0
0,0,0,0
227,12,58,404
222,12,80,414
211,19,98,429
203,24,147,428
199,29,160,429
194,36,161,424
185,39,166,424
185,42,168,420
186,42,169,420
186,42,171,419
186,38,174,422
184,32,173,425
182,27,173,427
180,21,172,430
187,17,159,431
183,12,158,433
180,8,155,434
178,4,151,435
173,0,150,435
166,0,142,432
156,0,139,434
146,0,138,435
137,0,133,437
131,0,123,439
123,0,131,441
115,0,139,443
106,0,148,445
88,3,165,441
67,5,184,438
53,6,194,435
47,0,196,426
46,0,192,433
42,0,192,433
43,0,192,432
39,0,194,436
40,0,192,434
41,0,190,422
41,0,186,425
41,0,182,428
37,0,177,430
34,0,172,432
39,0,161,434
43,0,150,437
32,0,154,439
20,0,159,441
11,0,159,443
10,0,154,446
9,0,160,450
13,5,161,447
16,12,161,439
18,16,165,437
18,20,171,433
23,23,171,429
28,25,170,426
36,25,169,422
45,24,167,421
53,23,165,419
62,22,163,418
76,20,154,417
94,18,141,416
96,16,142,418
98,16,141,415
100,16,140,413
102,16,140,411
108,16,135,408
120,16,123,404
137,16,102,388
134,18,103,387
0,0,0,0
0,0,0,0
0,0,0,0
0,0,0,0
0,0,0,0
119,43,67,376
111,38,94,378
109,39,111,375
115,39,119,375
121,40,127,373
127,40,136,373
133,41,144,372
139,41,153,372
147,41,149,370
155,40,145,370
163,40,142,368
172,39,137,367
179,39,129,367
187,39,120,367
194,39,112,367
201,39,104,367
209,39,95,367
213,39,89,367
218,39,82,367
219,41,86,365
220,42,90,364
221,44,94,362
222,46,98,360
223,48,103,358
225,50,108,356
233,50,108,356
242,50,106,355
250,50,106,354
259,50,105,353
267,50,105,353
270,51,111,351
272,51,118,350
275,51,123,350
278,52,123,349
280,52,124,360
282,70,126,358
289,84,122,340
293,81,117,343
299,83,112,339
304,83,113,335
313,81,109,339
320,81,111,329
331,74,112,333
343,69,111,333
355,64,111,334
368,55,109,338
373,53,113,335
374,47,112,340
375,41,113,347
376,39,114,345
379,37,113,349
381,36,114,352
383,34,114,355
386,37,114,354
388,39,114,353
391,44,117,354
394,49,119,354
397,55,121,354
400,60,118,354
395,65,121,355
392,71,126,354
392,75,123,352
390,77,126,355
390,78,124,354
391,77,123,353
391,75,122,354
381,73,129,359
376,68,134,362
370,64,141,364
372,57,140,370
384,51,128,374
385,45,128,377
385,39,129,380
388,33,121,383
388,27,123,386
385,22,128,389
380,16,135,392
376,11,144,394
370,6,158,399
367,3,165,402
362,4,172,402
357,63,154,346
356,67,148,345
355,80,150,341
352,97,153,320
351,108,151,320
351,133,134,303
355,133,109,310
359,132,88,317
364,66,143,348
377,74,133,225
379,78,155,219
440,78,124,402
437,77,129,403
434,77,134,403
431,68,139,405
431,65,141,406
431,62,142,407
413,56,162,411
402,49,179,415
405,43,181,419
407,37,185,422
419,33,181,429
430,31,181,432
435,31,186,435
442,33,190,437
450,35,190,441
460,39,180,441
469,42,171,438
478,45,162,435
488,48,151,432
497,51,142,429
507,49,133,431
515,44,125,436
519,40,121,440
521,33,119,447
524,26,116,454
527,18,113,462
527,11,113,469
519,0,121,476
523,0,117,476
525,0,115,467
521,0,119,458
524,0,116,457
531,0,109,454
537,0,103,456
547,0,93,452
556,0,84,454
565,0,75,456
562,0,78,457
559,0,81,458
553,1,87,470
547,1,92,470
535,1,105,475
523,1,117,479
510,1,130,479
498,1,142,479
488,0,152,480
479,0,161,480
469,12,171,468
462,22,178,458
458,28,182,452
458,33,182,447
460,38,180,442
463,39,177,441
468,39,172,441
474,36,166,444
481,31,159,449
489,25,151,455
488,17,152,463
481,9,159,471
472,5,168,475
467,0,168,480
462,0,168,480
459,0,181,480
459,0,181,480
454,0,186,480
448,0,192,480
442,0,198,480
434,0,206,479
421,0,207,479
415,0,194,479
408,0,180,479
401,0,172,479
395,0,168,479
388,1,165,479
382,1,162,479
381,4,149,476
377,8,146,472
373,12,143,468
363,16,144,464
358,16,144,464
354,19,143,461
349,21,156,459
347,20,167,460
342,21,181,459
337,20,187,460
331,19,194,461
325,16,197,464
319,13,201,467
314,10,198,470
308,8,195,472
302,5,193,475
293,2,190,478
294,2,188,478
296,2,196,478
293,0,205,480
284,0,211,480
275,0,217,480
272,0,219,480
272,0,224,480
276,0,227,480
288,0,224,480
307,0,212,480
323,1,204,479
351,1,187,479
360,1,188,479
373,0,184,480
388,0,178,480
398,0,201,480
400,0,230,480
400,0,240,480
400,0,240,480
378,0,262,480
357,0,282,480
336,0,303,480
315,0,324,480
309,0,328,480
303,0,332,480
303,0,330,479
303,0,327,479
312,1,323,478
321,1,319,478
330,1,310,478
345,1,295,478
370,1,270,478
406,1,234,479
441,1,199,479
475,1,165,479
489,1,151,479
501,1,139,479
514,1,126,479
518,1,121,479
515,1,124,479
512,1,127,479
512,1,128,479
514,1,126,479
517,1,123,479
520,1,120,479
518,0,122,480
515,0,125,480
513,0,127,480
516,0,124,480
519,0,121,480
522,0,118,480
525,0,115,480
529,0,111,480
533,0,107,480
538,0,102,480
542,0,98,480
546,0,94,479
559,0,80,479
567,1,72,478
575,1,65,478
583,1,57,478
534,25,106,454
496,27,144,452
468,28,172,451
446,31,194,448
434,30,206,449
429,33,211,446
427,33,213,446
430,22,210,457
434,11,206,468
448,0,192,479
464,0,176,479
491,0,149,479
515,0,124,480
517,0,123,480
519,0,121,480
520,0,120,480
522,0,118,480
526,0,114,480
536,0,104,480
544,0,96,480
548,1,92,479
549,1,91,478
556,1,84,478
569,1,71,478
566,1,74,478
566,1,74,478
567,1,73,478
567,1,73,478
562,1,78,478
558,1,82,478
553,1,87,478
547,1,93,478
540,1,100,478
530,1,109,479
520,1,119,479
507,1,132,479
502,0,138,480
494,0,146,480
486,0,154,480
478,0,161,480
459,72,180,408
446,60,193,420
440,56,200,423
448,56,192,423
459,82,181,397
472,0,167,479
491,0,149,479
515,0,125,479
566,0,74,479
559,0,81,479
553,0,86,479
557,0,83,480
569,0,71,480
578,0,62,480
584,0,56,364
593,0,47,176
0,0,0,0
0,0,0,0
0,0,0,0
0,0,0,0
0,0,0,0
0,0,0,0
0,0,0,0
0,0,0,0
0,0,0,0
0,0,0,0
522,0,74,480
519,0,88,480
511,1,108,479
507,0,133,480
492,0,148,480
453,0,187,480
419,0,221,480
398,0,242,480
381,0,259,480
370,0,270,480
366,0,274,480
362,0,277,480
358,0,280,480
361,0,268,480
365,0,255,480
379,0,233,480
396,0,221,480
412,0,211,479
409,0,220,479
408,1,227,478
404,1,236,478
403,1,237,478
406,1,228,478
414,1,202,478
421,1,170,478
414,1,154,478
409,1,136,478
404,1,131,479
396,1,138,479
390,1,147,477
383,1,155,477
376,1,158,477
370,1,160,477
360,0,160,478
352,0,171,478
342,0,182,479
326,0,200,480
288,1,232,479
256,1,246,479
228,1,258,479
217,1,254,478
205,0,250,479
198,0,251,479
194,0,251,478
191,0,248,478
188,0,241,478
189,0,239,478
193,0,233,477
204,0,220,478
214,0,218,479
232,0,214,477
250,0,205,477
271,0,197,477
262,0,208,477
254,0,218,478
245,0,219,478
239,0,216,479
232,0,214,479
224,1,214,479
231,2,212,478
238,0,210,479
242,0,207,479
245,0,205,480
250,0,200,480
261,0,189,480
271,0,179,480
284,0,167,480
297,0,175,480
314,0,180,480
313,0,197,480
281,0,241,479
249,0,278,479
229,0,298,479
215,1,305,478
210,1,298,478
212,1,312,478
216,1,322,478
225,0,323,480
235,0,318,480
245,0,312,480
256,0,304,480
266,0,299,480
282,1,286,479
301,1,269,479
327,1,246,479
358,1,218,479
395,1,194,479
403,0,208,480
416,0,218,479
430,0,210,479
447,0,193,479
453,0,187,479
453,0,187,479
453,0,187,479
453,0,187,479
453,0,187,479
454,0,186,479
454,0,186,479
454,1,186,478
454,1,186,478
449,1,191,478
443,1,197,479
438,1,202,479
431,1,209,479
428,1,212,479
424,1,216,479
420,1,219,479
415,1,225,479
409,1,231,479
394,0,246,480
383,0,257,480
377,0,263,479
375,0,264,479
370,0,267,479
372,0,266,479
374,0,265,479
385,0,255,479
396,0,244,479
414,0,226,480
436,0,204,480
461,0,179,480
490,0,150,480
484,0,155,480
477,0,163,480
468,0,172,480
461,0,179,480
455,0,185,480
449,0,191,479
444,0,196,480
444,0,196,480
444,0,196,480
448,0,192,480
450,0,190,480
454,0,186,480
466,0,174,480
473,0,167,480
481,0,159,480
478,0,162,480
475,0,165,480
473,0,166,480
469,0,171,480
465,0,175,480
461,0,179,480
457,0,183,480
455,0,185,480
454,1,186,479
448,1,192,479
442,1,198,479
436,1,204,479
430,1,210,479
433,1,207,479
423,1,217,479
413,1,227,479
407,1,233,479
402,1,238,479
399,1,241,479
403,1,237,479
406,1,234,478
413,1,226,478
421,1,218,478
425,1,214,478
425,1,214,478
425,2,215,477
418,2,222,477
413,2,223,478
399,0,229,480
390,0,233,480
381,0,241,480
380,0,238,480
384,0,230,480
387,0,222,480
392,0,209,479
383,0,208,479
374,0,207,479
369,1,199,478
369,1,192,478
374,1,204,478
378,1,216,478
384,1,232,478
396,1,234,479
387,1,243,479
383,1,252,479
378,1,253,479
375,1,250,479
371,0,247,480
369,0,242,480
358,0,253,479
345,0,255,479
337,0,253,479
326,0,249,479
307,0,250,479
307,0,239,479
288,0,257,479
290,0,253,479
284,0,259,479
291,0,252,479
320,0,223,479
329,0,224,479
347,0,222,479
362,0,221,479
377,0,212,479
386,0,208,479
397,0,215,480
410,0,218,480
423,0,217,480
430,0,210,480
434,0,206,480
437,0,203,480
442,0,198,480
437,1,203,478
437,1,203,478
437,1,203,478
435,1,205,478
432,1,208,478
423,1,217,478
407,1,233,478
393,1,247,478
377,1,263,479
362,0,278,480
349,0,290,480
338,0,302,480
330,0,310,480
323,0,317,480
324,0,316,472
334,0,306,468
352,0,288,468
378,0,262,465
396,1,244,464
391,1,239,464
383,0,233,462
372,0,244,462
368,0,269,462
366,0,272,462
364,0,268,462
368,0,250,462
367,0,233,462
370,0,216,468
375,1,204,467
384,1,197,471
393,1,193,471
398,1,195,471
395,1,201,471
395,1,222,471
394,1,229,471
391,1,225,467
388,1,210,465
388,1,188,464
386,1,197,458
361,0,226,454
324,0,263,454
292,0,294,446
280,0,312,446
280,0,315,446
283,0,311,446
288,0,306,446
296,0,298,450
312,1,285,445
336,1,261,445
362,1,234,445
388,1,208,445
410,1,186,445
427,1,169,445
437,1,182,445
446,1,194,445
457,1,183,445
465,0,175,446
475,1,164,449
482,51,157,399
489,45,151,405
498,61,142,389
514,49,126,401
537,44,103,408
557,45,83,407
572,53,68,399
579,60,61,378
587,83,53,354
0,0,0,0
0,0,0,0
0,0,0,0
0,0,0,0
0,0,0,0
0,0,0,0
0,0,0,0
0,0,0,0
0,0,0,0
0,0,0,0
0,0,0,0
0,0,0,0
0,0,0,0
0,0,0,0
0,0,0,0
0,0,0,0
0,0,0,0
442,0,177,328
461,0,157,342
463,0,161,362
471,0,169,371
479,0,161,386
489,3,151,413
499,0,141,415
510,0,130,414
519,0,121,414
529,0,110,414
532,0,108,410
531,0,109,408
531,0,109,407
531,0,109,405
530,0,110,400
527,1,112,401
527,1,113,401
516,1,124,401
505,1,134,402
498,0,140,405
487,0,145,405
477,0,148,405
468,0,148,405
464,0,144,405
455,0,143,405
455,0,137,405
450,1,133,404
446,1,129,404
443,1,126,404
438,1,126,400
432,1,126,399
425,1,127,397
420,1,126,392
414,1,127,392
407,3,126,394
399,6,125,391
389,8,122,392
384,11,112,388
379,14,108,386
373,18,98,384
354,21,105,382
329,25,118,380
304,28,130,378
288,31,134,377
272,33,137,377
261,36,135,376
251,39,133,375
240,42,135,375
237,50,135,390
241,73,135,372
239,72,133,367
238,71,130,371
236,73,124,367
233,67,120,371
218,62,125,372
207,56,130,366
194,40,144,377
186,32,153,377
177,14,165,386
170,2,173,393
163,0,182,390
160,0,186,380
157,0,189,376
154,0,192,372
151,0,192,372
149,0,191,373
149,0,187,375
149,0,184,376
150,1,182,377
152,1,178,380
155,1,174,384
157,1,172,387
158,1,169,390
162,1,166,394
166,1,160,397
167,1,154,400
169,0,148,404
170,0,145,407
172,0,145,409
178,0,143,412
183,0,141,414
185,0,140,420
187,0,139,426
189,0,138,431
190,0,138,437
192,0,141,442
180,0,160,452
165,0,182,460
151,0,207,471
142,0,224,480
140,0,234,480
177,8,198,472
185,18,191,462
194,28,182,452
205,37,170,443
215,42,160,438
218,46,155,434
217,46,164,433
215,46,166,434
212,43,174,437
206,37,180,443
194,32,189,448
181,23,191,457
173,5,191,475
169,0,192,480
169,0,195,479
179,0,200,477
203,0,186,473
217,0,173,469
235,0,155,461
245,0,151,450
254,0,144,429
287,1,115,428
305,1,99,427
331,52,73,175
346,60,58,134
106,52,298,383
106,52,292,383
106,48,112,400
107,0,143,447
115,0,173,452
124,0,202,456
132,0,198,461
144,0,188,459
156,0,202,463
166,0,196,463
177,1,179,462
187,1,162,468
182,0,162,471
169,0,175,473
156,0,189,475
147,0,201,475
141,0,209,476
138,0,215,478
125,0,231,480
123,0,235,480
126,0,232,480
131,1,238,479
141,1,238,479
150,1,239,479
164,1,234,479
181,1,230,478
204,1,215,478
214,1,207,478
223,1,199,478
238,0,184,479
250,0,168,479
250,0,163,479
246,0,163,479
242,0,170,479
237,0,185,478
233,0,196,478
229,1,208,477
224,1,219,478
216,1,235,478
209,1,248,479
215,0,249,480
221,0,249,480
234,2,245,478
247,1,239,479
256,0,234,480
269,0,225,480
279,0,220,480
289,0,215,480
303,0,206,480
313,0,196,479
324,0,185,479
333,1,171,478
343,0,154,479
348,0,149,479
345,0,152,475
336,0,162,474
326,0,172,471
321,0,177,468
313,0,178,480
292,0,186,479
281,10,190,469
276,10,194,470
272,16,198,464
270,21,201,459
271,22,201,458
267,20,206,460
270,15,204,464
270,11,201,465
271,4,194,466
271,0,188,464
275,0,177,459
275,0,170,452
276,0,157,439
275,0,146,426
275,0,133,426
264,0,130,420
255,1,124,419
250,0,113,428
243,0,115,432
237,0,117,431
208,0,142,431
191,8,158,427
179,13,167,423
166,18,177,419
160,23,182,415
157,29,185,413
156,30,184,411
154,32,184,409
154,32,184,406
154,32,183,403
154,32,182,399
138,24,189,407
115,20,189,411
86,17,208,409
59,15,235,411
36,14,256,412
16,11,265,415
9,11,261,437
10,40,253,408
20,40,240,407
28,48,224,330
46,74,200,245
67,66,174,197
93,63,154,199
0,0,0,0
0,0,0,0
0,0,0,0
0,0,0,0
0,0,0,0
280,59,41,378
279,40,49,395
273,23,57,406
267,17,66,412
256,16,79,410
251,16,86,411
237,14,103,415
234,15,109,410
225,16,122,409
230,19,120,407
228,23,125,403
215,29,140,397
206,34,150,392
196,42,162,383
179,46,181,377
178,50,184,373
177,51,191,373
180,52,196,373
183,53,201,374
184,52,205,375
190,50,204,377
191,48,203,377
197,44,202,381
201,41,201,383
204,39,207,383
204,36,217,383
207,31,215,387
208,30,214,388
208,28,214,390
208,28,213,390
208,28,211,390
210,30,206,390
212,31,201,391
215,32,195,392
219,32,188,396
223,35,186,396
232,38,177,396
240,41,169,396
248,41,161,396
259,41,150,396
269,41,140,396
280,41,129,395
282,38,127,394
282,36,127,394
282,34,127,396
282,32,127,398
282,30,127,400
282,28,127,403
283,28,129,403
284,28,130,403
284,30,128,404
283,32,128,406
282,38,127,403
281,41,126,408
280,44,125,412
280,50,125,411
281,54,125,410
283,58,124,409
284,62,124,408
284,64,121,410
284,65,124,408
284,67,126,405
284,66,129,406
284,65,131,406
284,63,134,407
283,59,139,406
283,57,144,408
283,54,147,408
283,50,150,409
283,48,152,408
283,47,154,407
282,45,157,405
283,43,158,403
286,41,157,402
294,41,152,402
301,41,149,402
305,40,149,401
310,39,149,401
315,39,147,400
320,39,144,399
322,39,141,398
326,39,138,402
327,40,138,401
327,39,138,402
327,39,138,402
327,38,138,402
329,35,136,402
330,34,135,403
331,32,135,405
333,29,133,408
334,29,132,408
336,29,130,408
340,27,130,411
350,30,124,409
357,30,118,409
360,32,116,410
362,34,114,410
364,36,113,410
365,38,115,410
366,40,117,409
367,42,119,405
368,44,121,402
369,46,123,398
370,45,125,399
371,45,126,399
372,44,128,394
373,43,127,394
374,42,126,394
375,41,125,394
376,39,124,394
374,38,125,394
372,36,127,395
371,35,130,397
371,34,132,400
372,33,134,402
373,32,135,404
370,30,140,408
370,31,135,408
374,30,129,409
378,28,124,411
382,27,118,412
386,25,112,414
386,25,112,407
378,21,118,399
373,8,115,403
368,8,114,394
365,8,115,389
365,5,110,392
362,5,98,385
360,17,87,362
360,2,74,377
0,0,0,0
0,0,0,0
0,0,0,0
0,0,0,0
439,0,76,401
427,5,83,400
409,5,93,405
394,6,98,411
380,16,102,406
366,17,105,410
347,24,117,408
307,31,153,402
308,34,149,411
312,38,141,407
316,38,135,407
320,37,129,410
323,36,124,413
323,34,122,417
317,30,124,421
312,25,136,420
304,22,155,420
296,20,165,421
288,18,166,419
281,15,171,419
284,11,159,426
284,11,154,425
288,9,141,426
285,7,136,428
282,5,131,430
285,6,118,432
287,7,107,433
284,7,99,433
274,10,98,436
269,11,96,434
265,14,92,431
265,14,96,436
266,15,98,379
271,18,97,407
273,18,95,407
277,18,92,412
282,18,90,411
286,18,86,407
290,18,78,407
289,224,68,199
272,145,76,280
270,133,70,292
295,188,46,237
301,164,45,252
307,165,44,251
307,152,47,264
302,147,51,268
296,13,56,400
295,13,62,402
294,13,67,403
294,15,74,401
294,18,81,398
302,20,83,406
303,22,93,407
308,24,97,407
308,27,106,405
303,28,128,404
298,27,148,405
295,30,169,402
294,30,165,400
289,30,165,397
288,27,160,405
282,27,163,405
279,24,160,408
273,25,159,405
262,20,164,408
262,20,158,409
262,19,153,411
263,19,146,411
263,18,140,413
266,20,137,411
274,20,137,412
276,20,142,413
278,20,146,413
285,20,144,414
281,22,148,413
275,22,154,413
269,25,161,411
265,25,162,411
263,28,163,411
263,28,165,411
260,29,164,411
253,30,166,410
246,31,168,410
239,31,168,408
232,31,168,406
226,31,167,404
224,30,160,404
222,28,154,404
224,27,148,404
227,27,136,402
235,27,120,400
240,28,112,397
247,28,105,400
253,28,106,402
256,28,110,402
253,28,117,402
249,29,124,405
241,29,143,404
235,30,157,398
224,31,171,396
216,31,176,399
219,45,176,408
218,66,179,389
218,63,179,392
217,64,179,396
219,65,177,393
220,60,175,399
231,60,163,394
235,53,159,394
241,43,153,404
251,38,143,400
262,28,131,405
274,18,119,410
285,12,125,412
297,0,129,421
300,0,136,419
303,0,143,418
306,1,147,415
309,1,150,413
314,1,150,416
319,0,150,419
320,0,152,422
321,0,154,428
322,5,154,427
325,9,151,426
323,18,152,422
325,26,150,430
327,35,147,426
330,42,144,425
334,49,141,423
341,54,134,419
350,58,127,410
361,58,121,412
376,57,116,400
389,53,111,401
397,48,112,404
401,42,111,412
396,39,116,410
393,36,136,412
385,33,150,411
376,31,165,407
368,29,178,404
365,31,178,400
363,28,178,383
361,4,178,396
362,4,177,405
360,10,179,392
354,1,175,399
352,3,173,401
346,6,174,397
342,7,169,401
340,14,166,397
338,19,173,398
335,30,181,393
335,41,187,390
335,50,189,392
327,63,198,380
321,66,201,382
315,73,201,380
312,75,196,378
307,76,189,378
303,76,181,374
299,75,173,371
294,73,166,366
290,71,158,365
286,66,148,364
282,63,138,362
277,59,128,362
275,58,122,363
272,56,111,363
268,56,100,363
264,56,94,363
259,58,83,361
253,62,78,195
248,64,68,193
232,70,68,157
0,0,0,0
0,0,0,0
0,0,0,0
0,0,0,0
0,0,0,0
0,0,0,0
0,0,0,0
277,137,57,255
254,128,74,264
232,77,89,320
206,78,110,331
179,80,127,331
168,79,129,331
143,77,144,331
120,77,154,328
131,77,141,327
140,77,126,324
145,79,114,319
149,79,109,319
156,82,102,316
160,84,97,314
164,85,92,313
167,87,87,310
169,87,84,309
159,88,93,307
152,88,99,306
149,87,101,307
146,86,103,307
144,85,104,307
142,85,107,310
140,84,109,310
135,84,113,310
132,84,115,311
130,84,116,311
128,84,118,312
126,85,116,315
127,100,121,322
137,116,116,306
140,113,114,310
144,118,111,309
149,116,105,309
154,115,90,307
159,113,89,307
164,104,87,309
171,100,86,308
178,94,84,306
187,87,88,306
185,81,99,308
185,72,108,310
185,66,119,311
184,64,126,307
184,50,130,303
169,25,137,315
169,20,131,320
169,20,129,313
168,9,132,318
169,7,133,321
169,6,130,321
167,5,132,324
168,8,130,324
170,14,128,323
170,21,124,323
170,30,122,323
174,42,122,319
170,57,122,316
173,68,119,314
180,81,114,311
189,91,105,310
199,101,95,308
205,107,85,309
211,114,77,302
216,121,73,303
222,123,67,287
228,124,62,276
232,124,58,276
232,118,53,254
233,115,47,250
228,116,50,248
0,0,0,0
0,0,0,0
0,0,0,0
0,0,0,0
0,0,0,0
0,0,0,0
0,0,0,0
0,0,0,0
0,0,0,0
0,0,0,0
0,0,0,0
163,128,44,249
159,126,44,256
157,133,54,252
156,54,63,335
154,58,82,334
152,62,83,334
151,65,92,334
166,70,80,333
170,73,83,333
175,79,84,329
175,82,88,329
166,86,100,325
160,85,110,326
154,85,119,326
147,85,130,326
151,83,130,326
149,83,137,322
155,80,135,322
160,77,135,323
166,74,134,324
171,72,134,324
179,70,133,325
183,65,135,327
189,63,133,329
195,60,130,329
197,58,130,331
202,58,128,332
207,58,124,333
213,64,119,328
212,64,120,329
210,64,121,330
208,66,120,330
209,66,116,334
210,69,119,338
212,69,125,342
216,71,129,345
220,71,134,349
223,73,138,348
227,74,141,347
230,74,146,347
236,73,144,349
241,72,142,350
247,70,139,352
253,68,132,352
261,66,124,354
266,64,121,356
273,63,118,355
280,61,114,356
287,59,107,357
293,60,104,357
297,59,102,360
302,58,100,363
307,62,97,361
306,63,101,359
305,63,102,362
305,65,110,360
306,63,117,362
296,63,131,367
292,72,143,375
295,84,146,361
300,80,148,364
306,80,150,365
313,80,150,358
321,73,153,365
333,73,151,359
339,62,154,362
349,53,151,369
358,46,147,372
368,39,143,375
377,36,136,374
386,33,128,370
392,28,119,374
393,28,115,374
393,30,117,376
394,31,118,378
396,32,117,373
394,27,110,369
392,16,109,381
382,23,119,376
378,23,129,369
393,22,119,376
401,30,114,367
409,30,109,367
403,35,119,372
418,42,113,364
428,44,114,374
430,53,122,367
438,53,122,374
446,63,113,386
446,84,108,363
456,80,93,359
0,0,0,0
0,0,0,0
0,0,0,0
0,0,0,0
396,74,44,366
387,65,64,376
379,62,78,369
370,46,95,377
364,40,108,379
354,31,121,381
335,22,137,385
321,18,151,384
314,12,160,388
312,9,163,391
312,8,164,392
312,7,164,393
309,10,169,395
309,14,169,397
308,17,169,399
309,24,161,398
310,32,153,397
311,42,145,393
312,50,136,389
313,59,125,383
314,65,114,383
308,67,108,385
303,66,102,387
298,65,95,389
293,64,97,383
281,60,106,385
261,55,122,389
246,50,134,389
231,44,146,391
216,39,163,392
208,37,171,394
207,35,173,396
206,32,175,398
204,31,177,402
203,30,178,405
203,30,177,408
202,31,176,410
202,32,174,412
202,35,170,412
202,36,163,414
210,42,155,414
217,46,145,413
219,47,144,414
215,47,143,414
211,48,143,413
206,48,144,413
202,48,143,413
208,48,140,410
212,43,148,413
220,42,153,413
229,39,154,412
240,36,152,412
247,35,153,412
258,33,150,412
272,33,146,414
286,32,142,416
300,32,142,418
314,33,142,419
326,35,141,420
337,36,140,423
344,36,142,425
351,40,141,420
358,42,145,416
363,43,154,412
373,44,157,408
384,39,159,410
396,34,160,411
409,32,164,413
422,30,168,414
436,27,174,416
449,25,178,417
465,24,175,421
481,23,159,424
497,22,143,428
513,21,127,432
529,23,111,432
538,32,102,429
540,33,100,429
541,34,99,429
546,35,94,429
552,37,88,428
558,38,82,428
564,34,76,416
578,34,62,414
584,32,56,411
588,33,52,403
592,34,48,395
596,52,44,370
595,52,45,369
592,40,48,377
589,28,51,385
589,28,51,388
589,29,51,389
589,29,51,391
590,22,50,389
586,43,54,347
578,16,62,365
579,29,61,356
576,8,64,369
571,4,69,370
568,0,72,374
565,0,75,372
562,6,78,368
560,13,80,362
558,19,82,357
553,45,87,338
548,65,92,325
547,86,93,314
546,112,70,288
545,106,71,293
0,0,0,0
0,0,0,0
0,0,0,0
0,0,0,0
0,0,0,0
0,0,0,0
0,0,0,0
0,0,0,0
0,0,0,0
0,0,0,0
534,36,80,350
515,30,89,355
501,25,95,359
477,21,112,359
468,21,113,370
452,20,120,370
439,17,131,372
429,19,143,370
423,20,147,370
418,22,152,369
413,25,157,367
407,29,163,365
395,32,175,363
386,37,180,359
377,42,185,356
367,44,190,355
357,48,194,352
347,53,199,348
339,56,199,346
330,57,199,343
321,58,199,341
312,59,199,338
312,60,185,346
308,78,180,342
306,88,170,328
310,82,154,336
313,86,138,333
307,80,128,336
302,78,123,342
292,73,124,338
282,63,131,345
273,59,141,347
265,52,148,349
258,46,146,353
258,43,136,354
258,40,126,358
257,40,124,362
261,42,119,362
262,43,120,366
261,48,128,366
255,53,142,366
256,57,146,370
253,65,149,366
251,69,141,365
250,72,132,366
245,75,127,363
222,73,162,367
196,71,192,367
173,68,223,368
154,66,241,368
150,63,244,369
146,60,248,370
142,57,251,371
146,54,246,372
151,50,241,374
155,47,236,375
164,44,227,380
180,45,211,378
201,43,194,381
222,42,178,382
243,45,178,380
254,45,182,380
261,46,187,380
264,45,188,381
269,46,181,382
273,47,174,382
276,47,161,386
280,45,150,390
291,46,132,388
296,44,124,390
301,42,130,392
302,41,135,393
302,39,138,395
303,38,140,397
304,36,142,399
302,36,146,400
301,33,158,404
299,30,172,408
298,27,181,412
299,24,185,416
299,23,184,420
300,22,179,424
270,19,200,415
237,1,209,424
216,0,209,431
201,0,204,430
191,0,210,429
181,0,216,428
182,0,226,427
195,1,224,427
202,1,218,427
211,0,216,422
223,1,220,423
242,0,223,427
262,0,218,430
282,9,209,428
302,16,200,426
319,21,189,424
324,26,185,422
327,31,176,419
323,35,167,418
316,38,150,415
309,41,133,413
306,39,123,412
300,38,124,410
293,38,125,407
287,37,126,405
280,36,127,403
274,35,128,401
268,34,130,400
262,33,131,398
256,32,133,397
252,33,136,396
266,33,125,392
274,34,116,391
282,35,108,390
306,38,82,385
305,39,82,384
300,39,87,384
321,43,66,382
329,45,57,380
346,47,39,378
0,0,0,0
0,0,0,0
0,0,0,0
0,0,0,0
0,0,0,0
0,0,0,0
251,49,55,364
250,43,76,384
249,42,83,396
249,54,90,392
248,57,98,390
247,60,105,388
247,60,112,388
247,61,120,386
254,62,120,392
267,67,124,385
272,62,122,386
279,58,122,391
284,53,125,389
291,47,129,393
297,41,129,396
302,36,130,397
305,33,130,398
307,29,131,399
309,26,132,399
311,22,133,401
313,19,134,401
309,0,133,404
306,0,140,406
308,0,139,404
310,0,138,402
309,0,138,405
309,0,137,408
309,0,136,414
310,3,134,417
311,11,133,415
311,20,132,412
313,28,132,412
314,36,131,407
314,44,130,406
317,50,130,404
318,56,128,404
318,57,128,401
319,56,127,400
319,54,126,401
319,48,127,402
319,43,127,402
318,38,128,402
318,33,128,402
318,28,128,404
318,22,128,408
317,17,129,410
318,16,129,411
319,15,129,411
320,14,130,411
320,17,130,408
313,20,142,408
306,22,155,410
289,24,189,413
