251,0,173,473
251,0,173,473
250,0,174,473
249,0,175,473
248,0,176,473
248,0,177,473
247,0,177,473
246,0,179,473
246,0,179,473
245,0,179,473
244,0,180,473
243,0,181,473
243,0,181,473
242,0,182,473
241,0,183,473
240,0,184,473
240,0,184,473
239,0,185,473
240,0,184,473
240,0,184,473
241,0,183,473
241,0,183,473
242,0,182,473
241,0,183,473
241,0,183,473
240,0,184,473
239,0,185,473
238,0,186,473
238,0,186,473
237,0,187,473
236,0,188,473
236,0,188,473
235,0,189,473
235,0,189,473
235,0,189,473
235,0,189,473
235,0,189,473
235,0,189,473
235,0,189,473
237,0,188,473
238,0,190,473
241,0,192,472
242,0,197,472
245,0,200,472
248,0,202,472
250,0,203,472
253,0,203,472
258,0,199,472
260,0,198,472
262,0,196,472
263,0,195,472
265,0,191,472
268,0,187,472
270,0,183,471
268,0,183,471
266,0,183,471
264,0,185,471
262,0,188,470
262,0,189,470
267,0,183,470
268,0,183,473
268,0,184,473
269,0,183,473
274,0,178,478
277,8,176,470
281,15,174,464
282,14,173,465
287,14,168,466
289,15,168,465
299,8,161,471
304,8,162,471
316,0,154,479
318,0,157,480
326,0,164,480
335,0,166,474
338,0,165,470
342,0,186,470
353,0,199,470
357,0,218,464
362,0,225,464
365,0,237,464
374,0,228,470
381,0,226,478
385,0,223,479
387,0,225,479
387,0,199,479
387,0,203,479
390,0,193,479
395,0,186,480
402,0,178,480
410,0,180,480
417,0,179,479
425,0,172,479
439,0,174,479
452,0,177,479
471,0,169,479
497,0,143,479
503,0,137,480
510,0,130,480
513,0,127,480
517,0,123,480
521,0,119,480
523,0,117,480
527,0,113,480
530,0,110,480
530,0,110,480
534,0,106,480
530,0,110,480
525,0,115,480
518,0,122,480
512,0,128,480
507,0,133,480
511,0,129,480
511,0,129,480
512,0,128,480
515,0,125,480
521,0,119,480
530,0,110,480
538,0,102,480
540,0,100,480
542,0,98,480
550,0,90,480
555,0,85,480
553,0,87,480
551,0,89,480
550,0,90,480
548,0,92,480
544,0,96,480
540,0,100,480
536,0,104,480
530,0,110,480
524,0,116,480
518,0,122,480
511,0,129,480
509,0,131,480
507,0,133,480
504,0,136,480
505,0,135,480
503,0,137,480
505,0,135,480
509,0,131,480
515,0,125,480
524,0,116,480
532,0,108,480
538,0,102,480
533,0,107,480
529,0,111,480
524,0,116,480
520,0,120,480
517,0,123,480
509,0,131,480
508,0,132,480
502,0,138,480
497,0,143,480
491,0,149,480
484,0,156,480
477,0,163,480
471,0,169,480
464,0,176,480
457,0,183,480
455,0,183,480
454,0,177,480
455,0,172,480
457,0,164,480
463,0,154,480
467,0,146,480
459,0,148,480
459,0,146,480
462,0,141,480
459,0,141,480
456,2,158,478
449,3,174,477
446,4,191,468
441,6,196,459
433,9,203,454
428,10,204,453
419,13,204,449
413,15,198,447
403,18,198,444
392,18,201,446
388,19,198,444
380,18,198,444
373,18,193,444
364,18,204,443
360,18,210,443
355,19,215,441
354,20,216,440
349,23,219,438
351,23,216,437
351,27,214,435
352,27,208,434
351,28,201,433
350,27,193,433
353,27,181,433
347,28,173,431
341,30,165,429
335,30,157,428
327,34,149,424
320,34,146,422
312,38,142,419
305,38,138,415
296,40,138,413
288,42,136,411
280,43,135,410
277,45,129,408
282,62,130,407
285,66,128,397
286,62,128,403
286,65,129,394
287,65,130,395
290,64,134,401
294,79,133,369
293,80,138,369
295,76,139,374
296,77,143,369
296,71,145,371
298,69,145,371
298,66,146,365
297,58,145,372
297,56,145,369
295,49,143,371
298,46,139,372
301,44,135,372
304,42,130,368
307,40,126,364
310,38,122,360
314,37,115,354
319,40,108,338
327,43,96,313
331,48,89,302
336,54,78,285
344,62,64,249
366,111,35,175
342,100,46,141
319,88,56,108
295,76,67,75
271,65,79,41
274,66,70,185
278,67,60,187
282,66,60,286
281,64,61,303
280,62,64,352
268,60,75,354
261,57,79,356
248,53,92,355
233,51,108,356
223,47,132,359
218,44,145,360
215,42,145,361
212,38,145,365
208,38,149,368
207,36,148,370
206,35,147,372
205,34,145,374
204,33,144,376
203,32,143,378
202,30,142,380
198,32,141,384
196,33,134,385
194,35,128,388
190,38,122,389
186,39,113,391
181,41,106,392
176,41,103,395
170,41,104,391
164,41,101,393
159,42,104,394
142,39,118,397
141,39,118,394
140,35,113,400
142,35,103,399
144,28,98,402
146,27,95,405
150,27,91,403
152,25,88,404
154,24,85,405
157,26,81,403
164,79,72,350
173,218,60,207
124,186,57,236
75,154,54,265
71,158,50,262
66,162,48,258
62,166,44,255
63,116,55,302
64,21,72,397
60,16,95,398
61,9,111,416
63,9,111,411
71,1,110,417
73,0,114,421
83,1,107,412
77,0,118,414
66,1,131,413
63,0,140,410
60,2,148,389
49,1,155,390
39,0,164,390
42,2,163,383
38,1,168,392
39,0,167,392
58,0,153,399
58,0,156,406
75,4,145,404
87,7,140,410
98,17,139,401
113,24,131,398
129,30,119,394
143,35,106,391
159,38,93,389
175,65,74,361
189,124,58,300
156,130,55,249
123,135,52,199
90,140,48,149
57,145,45,99
59,155,36,79
53,36,59,195
49,13,81,380
46,14,80,379
41,16,91,382
36,19,103,384
31,22,114,386
32,25,119,384
33,28,123,383
35,31,127,381
36,35,131,378
40,34,135,380
45,34,138,381
50,34,141,382
53,33,143,379
57,32,145,377
62,31,137,378
68,30,129,379
66,29,127,375
64,29,125,372
59,31,125,387
61,52,120,378
67,58,115,370
65,53,113,379
63,59,109,374
55,55,120,379
29,54,146,379
29,51,149,377
24,43,161,375
23,42,167,376
23,36,174,383
28,33,172,386
32,34,175,388
42,32,171,389
42,33,176,394
51,34,173,395
60,34,169,396
72,39,162,396
84,44,155,396
97,49,147,396
107,58,142,390
118,62,132,390
115,68,131,387
113,73,137,386
113,75,137,381
116,71,137,381
123,72,135,382
129,73,139,379
136,70,142,380
146,70,143,378
154,66,140,377
153,63,149,377
160,65,151,371
167,63,155,370
184,63,149,370
196,63,149,371
210,61,145,373
218,63,150,371
232,60,147,374
243,61,143,376
254,63,139,376
267,64,132,375
277,65,126,369
289,66,117,369
299,67,110,368
304,68,109,367
310,70,106,365
317,68,101,368
327,66,91,377
336,75,89,368
336,76,95,364
330,72,109,371
329,74,121,366
328,68,137,367
323,68,149,365
330,65,151,363
337,60,156,368
344,55,160,368
351,49,161,372
358,49,162,371
365,45,162,374
375,43,163,375
382,41,162,377
388,38,166,378
396,38,166,382
404,39,166,384
405,40,163,385
403,41,157,390
405,44,150,391
399,48,152,389
390,52,153,389
382,54,155,387
373,54,154,387
365,56,156,385
361,56,150,384
356,53,145,386
353,54,144,384
351,52,140,385
352,50,138,383
349,51,139,383
349,50,137,382
350,49,135,382
350,49,134,380
351,50,135,379
354,51,131,378
356,52,128,380
358,54,126,380
361,55,122,381
359,58,123,379
358,61,123,381
355,63,115,378
341,66,115,374
328,66,117,368
316,69,116,358
306,70,122,354
299,70,117,354
287,72,116,352
280,71,116,353
268,72,119,352
260,70,116,351
252,69,114,352
238,70,120,351
238,70,119,351
230,70,130,351
226,69,129,352
226,72,133,349
223,71,136,350
225,74,132,350
227,75,131,349
233,78,122,349
236,78,116,349
232,79,119,348
229,80,122,347
225,81,126,350
220,81,128,352
214,80,132,347
207,79,138,347
202,79,143,346
198,78,144,346
193,77,146,346
194,76,143,346
190,74,144,345
190,73,142,343
190,71,139,342
189,70,137,340
192,69,132,339
204,68,126,338
211,67,129,336
225,66,124,340
240,65,118,340
255,64,112,341
267,63,111,345
279,62,113,345
293,61,111,344
310,60,106,351
322,58,102,351
338,57,93,351
346,56,95,351
346,54,101,353
343,53,98,353
344,52,101,353
344,50,102,356
348,49,104,356
349,48,107,359
352,47,109,357
354,46,112,356
358,44,113,358
361,42,115,361
363,39,117,363
362,38,118,363
364,37,117,363
364,35,116,367
364,34,120,367
364,33,129,367
364,32,141,367
369,30,147,368
368,29,156,369
366,26,162,372
367,25,163,372
366,24,163,374
367,23,166,374
368,21,166,375
364,20,155,371
357,7,155,368
357,0,159,376
358,0,155,373
358,0,152,370
363,0,144,374
365,0,139,367
369,0,141,371
375,0,141,375
378,0,144,375
385,0,138,383
390,5,134,385
390,9,130,389
393,18,123,391
389,28,124,389
385,38,120,389
383,45,118,390
378,49,120,386
372,52,124,383
367,51,129,384
357,47,132,388
348,46,130,384
339,38,127,387
330,30,125,391
323,24,126,392
317,12,127,400
314,8,123,401
311,5,123,401
308,1,122,408
309,2,115,406
307,5,112,406
308,9,106,407
308,14,103,406
309,18,98,406
309,22,95,406
306,27,95,403
304,31,95,401
298,33,103,399
292,35,119,396
287,35,130,395
278,32,145,395
274,30,151,396
266,26,156,397
254,24,160,397
247,22,159,398
240,20,162,398
232,19,163,399
228,19,159,401
223,22,157,422
209,47,156,402
205,50,152,401
201,50,148,402
200,58,138,393
200,54,128,396
195,55,127,394
190,50,128,392
185,45,120,391
180,39,104,380
178,34,93,389
164,27,95,399
157,24,91,399
150,19,83,399
145,17,82,402
136,17,72,402
161,74,76,350
185,132,81,298
210,189,85,246
211,209,81,225
192,162,95,276
176,34,103,418
151,38,120,420
132,37,129,421
117,39,143,427
108,41,148,426
101,42,155,428
105,41,148,430
114,40,137,428
120,36,141,433
129,33,139,436
141,26,134,441
148,21,132,445
150,16,133,450
152,11,134,454
153,9,136,453
152,5,138,443
152,0,137,432
157,2,137,432
161,0,137,419
157,0,138,418
156,0,139,419
157,0,138,413
159,0,137,407
160,0,136,402
160,0,136,396
163,0,134,396
165,1,131,400
168,0,128,402
174,0,125,401
180,1,129,403
188,0,130,403
197,1,129,401
207,0,130,405
211,3,138,404
215,10,142,399
219,16,142,395
222,22,144,390
226,28,138,386
230,34,132,381
233,40,128,377
233,44,123,375
234,47,116,374
233,51,110,387
235,70,103,370
237,69,96,367
239,66,93,382
240,83,95,366
241,79,93,364
244,82,84,363
251,92,72,345
254,84,64,347
344,42,42,276
351,44,37,268
359,46,30,261
352,40,44,301
344,23,59,360
342,13,68,391
347,9,70,391
345,0,85,399
344,1,99,398
344,0,119,398
352,0,129,402
352,3,138,404
351,6,141,405
346,14,144,403
348,21,146,403
348,30,147,399
349,38,146,399
350,49,148,393
354,56,145,397
364,64,136,392
368,69,134,386
381,72,127,384
391,73,124,380
402,71,122,374
418,68,113,378
432,67,106,380
434,63,112,385
436,56,116,388
440,54,136,391
442,49,151,398
444,46,169,399
446,42,176,400
447,40,186,394
448,37,186,395
450,37,185,393
450,36,186,400
446,37,184,399
441,38,183,399
436,38,180,404
433,40,176,403
430,42,173,403
425,45,169,401
420,48,157,399
417,49,148,400
414,51,145,393
415,49,142,395
413,50,142,393
413,46,139,398
411,47,139,391
416,44,131,395
412,41,130,398
405,41,132,394
399,41,133,394
392,41,132,393
382,42,134,392
369,45,137,387
356,45,140,387
347,47,139,387
337,47,140,387
326,51,138,385
314,53,141,383
303,54,144,386
293,54,145,386
284,54,146,386
279,54,142,387
274,55,138,383
272,55,132,383
269,56,129,378
267,53,121,374
264,53,117,373
259,49,112,373
258,47,106,375
255,48,113,374
263,48,111,374
267,46,124,375
267,46,139,375
266,46,156,369
266,47,166,376
267,49,172,374
270,49,174,374
271,49,173,373
272,50,171,372
276,50,168,366
278,49,168,368
283,49,162,369
290,48,155,368
291,46,155,370
292,43,155,372
294,41,153,373
301,40,147,374
304,38,151,375
311,38,154,375
325,38,151,374
330,38,155,376
336,38,160,376
340,37,162,377
345,36,161,379
350,36,159,380
354,35,156,383
358,36,154,382
360,36,152,382
361,37,151,381
364,39,146,383
366,39,142,383
368,40,138,382
370,43,136,380
374,43,132,380
377,43,129,379
377,45,126,377
372,46,123,375
368,48,123,373
361,46,124,371
356,45,123,372
354,46,122,368
357,47,125,352
357,47,127,348
357,48,134,342
358,48,136,351
363,49,135,352
369,50,133,350
379,52,125,353
385,56,120,352
398,58,108,355
406,65,102,353
414,71,95,352
423,76,88,337
439,127,71,287
449,124,62,291
361,131,150,139
361,138,149,132
362,143,146,127
361,168,33,100
363,75,65,192
363,73,70,256
365,71,72,280
366,69,76,289
367,68,75,290
365,66,70,317
364,65,67,336
355,64,73,339
345,65,82,339
334,66,115,338
329,68,121,334
330,68,126,340
325,70,133,337
330,70,130,342
332,70,132,342
332,72,133,342
332,73,134,343
332,71,132,347
326,71,135,349
325,69,132,347
319,65,133,352
317,62,129,352
310,59,130,355
307,56,123,356
297,54,122,358
288,50,118,359
280,49,111,360
270,47,108,365
265,46,101,366
258,46,97,369
254,47,98,372
243,48,107,372
224,50,121,375
210,51,132,375
194,53,145,378
187,54,149,377
188,55,148,377
189,55,145,381
183,55,147,381
183,53,143,381
184,50,139,381
176,48,144,382
173,43,143,384
167,39,143,385
161,34,143,390
156,29,143,393
150,25,142,397
144,22,139,400
139,19,137,404
136,18,132,411
130,16,128,418
126,17,118,421
122,18,118,424
117,18,122,428
104,19,137,431
85,22,158,425
76,23,168,427
105,24,140,413
107,25,136,413
105,24,137,418
109,25,144,410
119,24,141,412
126,23,142,412
135,22,139,409
151,22,130,409
176,34,115,394
136,14,82,376
139,13,76,371
143,12,69,366
146,11,63,361
150,9,56,357
153,11,61,368
157,10,71,392
162,11,83,447
169,14,114,446
173,13,122,448
176,15,122,447
177,14,127,451
184,15,126,451
194,15,117,452
205,15,111,449
205,14,117,448
221,14,113,448
239,25,95,334
261,27,77,320
278,28,65,213
169,9,109,442
177,7,105,446
186,5,101,450
195,2,97,455
204,0,93,459
213,0,102,461
223,0,111,463
232,0,120,465
254,0,130,462
257,0,154,465
262,1,146,469
263,0,139,479
264,1,131,479
262,0,133,480
263,1,136,479
264,1,140,479
266,1,142,479
248,2,166,478
231,2,189,478
222,0,205,480
214,2,219,478
256,0,183,480
260,3,185,477
264,7,182,473
270,10,178,470
277,13,174,467
281,16,171,464
285,18,171,462
290,18,174,462
294,17,174,463
298,16,171,464
302,17,166,463
308,13,163,467
313,9,155,471
306,7,157,473
301,3,161,477
296,0,172,480
291,0,187,480
289,0,203,480
290,0,211,480
291,0,214,480
292,0,217,480
293,0,220,480
298,0,219,480
309,0,218,480
321,0,223,480
337,0,213,480
341,0,215,480
346,0,211,480
354,0,208,480
362,0,202,480
373,1,205,479
386,1,203,479
395,1,210,479
400,1,213,479
406,1,208,479
410,1,197,479
412,1,184,479
404,0,192,480
396,0,191,480
397,0,184,480
398,0,177,480
399,0,172,480
390,0,178,480
376,0,186,480
366,0,192,480
356,0,197,480
351,0,197,480
342,0,203,480
341,0,202,480
342,0,201,480
345,0,194,480
351,0,189,480
353,0,184,480
351,0,188,480
352,0,185,480
354,0,180,480
352,0,174,480
344,0,170,480
334,0,168,480
320,0,168,480
308,0,164,480
296,0,159,480
283,0,163,480
273,0,170,480
268,0,174,480
246,0,190,480
237,0,195,480
228,0,201,480
222,0,206,480
221,0,201,480
221,0,196,480
215,0,199,480
210,0,201,480
204,0,207,480
198,0,217,480
194,0,223,480
188,0,231,480
184,0,230,480
179,0,232,480
175,0,232,480
171,0,232,480
168,0,231,480
164,0,230,480
164,0,228,480
162,0,226,480
164,0,220,480
167,0,213,480
171,0,207,480
178,0,196,480
185,0,185,480
190,0,178,480
193,0,170,480
195,0,164,480
196,0,159,480
197,0,155,480
198,0,151,480
199,0,147,480
200,0,143,480
201,0,139,480
202,0,135,479
204,0,130,479
205,0,126,478
206,0,122,477
207,0,118,477
208,0,114,476
202,0,115,476
198,5,123,471
198,8,126,465
199,11,126,458
199,14,129,454
200,15,130,451
201,16,130,448
201,17,135,441
201,16,136,437
201,15,137,434
201,15,138,429
201,14,135,426
201,14,134,425
201,14,134,424
200,13,135,423
200,13,135,422
200,16,135,418
202,17,132,418
205,19,129,416
207,21,126,415
208,25,121,411
210,27,119,408
212,28,116,407
214,29,113,405
216,32,111,402
217,35,109,398
218,38,107,381
221,40,101,378
222,41,93,355
226,43,80,351
227,45,75,325
230,52,65,289
237,89,126,219
239,92,125,151
241,39,125,209
311,39,55,257
306,40,61,280
293,41,75,293
297,42,72,303
289,44,82,314
281,47,91,324
272,49,102,336
264,52,112,346
256,54,122,357
258,54,123,359
255,56,128,357
257,56,127,356
264,57,122,353
270,57,118,352
275,58,115,347
280,58,112,344
285,58,109,340
290,59,105,335
295,59,102,332
300,58,99,329
300,58,99,325
304,58,94,330
305,58,94,328
306,59,94,327
310,59,105,330
312,60,117,329
314,61,126,326
315,62,138,323
318,63,139,323
318,63,140,322
317,64,143,323
318,63,142,325
319,62,141,326
321,61,139,327
322,60,139,328
323,59,138,330
324,58,137,331
328,58,134,331
333,58,128,331
339,57,122,332
344,57,117,331
350,57,110,331
355,57,105,331
361,56,99,332
371,56,89,331
381,56,81,331
391,56,73,331
393,55,74,269
396,56,66,247
399,60,53,235
402,66,47,217
403,87,39,163
435,72,51,242
468,57,61,321
459,57,72,322
453,58,80,322
447,58,88,323
446,58,90,324
452,58,86,325
453,58,87,326
444,57,96,328
435,57,107,332
429,63,112,349
424,86,118,330
419,83,125,334
422,85,121,336
428,87,123,332
433,84,126,333
442,84,125,332
454,75,121,328
457,66,126,336
461,59,128,340
465,52,131,345
470,45,133,350
474,38,136,355
477,32,137,361
480,27,138,363
484,23,138,363
487,20,140,369
490,24,144,368
491,18,137,375
495,19,140,382
497,21,137,383
497,23,139,386
497,26,143,386
497,26,143,394
499,31,141,397
502,35,138,395
505,38,135,400
509,42,131,397
516,43,124,398
521,41,119,402
527,40,113,400
534,36,106,406
540,34,100,403
548,28,92,405
559,22,81,409
576,14,64,410
578,12,62,413
580,10,60,412
584,8,56,415
586,8,54,416
587,10,53,414
587,16,53,409
587,62,53,363
587,63,53,362
586,68,54,362
573,72,67,367
572,72,68,371
569,77,71,370
564,82,76,369
560,83,80,368
556,37,84,414
553,25,87,405
550,0,90,425
552,0,88,425
553,0,87,425
554,0,86,425
555,0,85,425
558,0,82,425
561,0,79,434
559,0,81,434
554,0,86,448
549,0,91,448
542,6,98,442
535,11,105,452
528,18,112,445
520,21,120,442
512,22,128,441
505,23,135,440
497,24,143,439
490,22,150,434
483,17,157,437
475,16,157,436
468,13,155,438
462,9,154,440
457,8,153,439
452,7,154,440
448,5,153,440
443,5,155,439
438,4,155,440
435,6,153,439
429,9,163,437
425,8,172,439
419,12,181,434
417,12,185,433
412,15,188,433
406,17,189,434
395,19,189,431
389,19,182,431
381,19,185,430
373,17,183,432
367,17,181,431
361,18,179,429
354,16,176,430
346,15,174,431
339,14,170,431
334,13,165,431
336,13,152,430
346,12,143,430
343,11,145,442
350,25,145,443
359,40,139,421
363,33,143,444
364,35,148,445
365,37,148,441
360,33,154,447
355,38,159,442
350,32,169,448
345,27,173,450
338,24,175,448
331,16,173,457
326,12,171,463
315,8,175,462
311,2,172,469
308,1,167,471
306,1,161,472
304,0,155,474
305,1,145,475
316,0,123,477
325,1,107,477
324,1,99,478
319,0,103,480
316,1,102,466
312,0,102,455
307,5,103,450
306,7,100,470
305,7,117,471
303,7,131,472
306,6,141,474
307,4,143,470
309,0,141,479
308,0,134,480
310,0,120,474
313,0,106,474
318,1,96,472
184,1,222,467
181,1,216,468
182,1,208,478
182,1,180,479
185,0,174,478
191,0,166,461
205,1,137,430
219,1,109,401
233,2,81,371
247,2,52,341
261,3,24,311
265,0,33,316
270,1,41,335
266,1,60,386
268,1,74,385
271,0,95,411
272,0,110,430
275,0,120,441
277,0,131,452
280,0,142,463
282,0,153,458
284,0,164,472
289,0,169,480
297,0,164,480
306,0,163,480
315,0,165,480
323,1,168,479
334,1,168,479
347,1,163,479
362,1,156,479
388,1,137,476
392,1,140,479
398,1,145,479
404,1,149,479
407,1,155,479
412,1,166,477
416,1,173,479
422,0,179,478
421,0,191,480
421,0,201,478
422,0,204,480
423,0,217,476
424,0,216,478
421,0,219,480
427,0,213,480
422,0,218,480
424,0,213,480
427,0,205,480
424,0,211,480
429,0,211,479
434,0,206,480
443,0,197,480
454,0,186,480
465,0,175,479
474,0,166,480
481,2,159,478
480,0,160,480
479,0,161,480
479,0,161,480
472,0,168,480
466,0,174,480
461,0,179,480
455,0,185,480
447,0,193,480
441,0,199,480
435,0,205,480
429,0,211,480
426,0,214,480
422,0,215,480
420,0,209,480
421,0,203,480
424,0,194,480
428,0,195,480
433,0,193,480
440,0,189,480
451,0,178,480
462,0,166,480
470,0,158,480
469,0,160,480
467,0,166,480
462,0,173,480
459,0,177,480
457,0,180,480
455,0,183,480
454,0,185,480
452,0,188,480
444,0,196,480
436,0,204,480
427,0,213,480
421,0,219,480
413,0,227,480
409,0,229,480
406,0,231,480
402,0,233,480
402,0,229,480
404,0,224,480
408,0,216,480
415,0,205,480
423,0,207,480
433,0,204,480
442,0,198,480
452,0,188,480
463,0,177,480
460,0,180,480
458,0,182,480
457,0,183,480
450,0,190,480
443,0,197,480
436,0,204,480
428,0,212,480
421,0,217,480
414,0,216,480
407,0,217,480
400,0,218,480
393,0,220,480
389,0,221,480
390,0,216,480
391,0,219,480
395,0,222,480
402,0,219,480
408,0,217,480
418,0,206,480
430,0,193,480
441,0,181,480
452,0,174,480
448,0,181,480
448,0,184,480
446,0,185,480
441,0,190,480
429,0,202,480
424,0,216,480
419,0,221,480
417,0,217,480
410,0,221,480
404,0,217,480
393,0,221,480
385,0,220,480
383,0,220,480
381,0,220,480
378,0,221,480
383,0,217,480
388,0,206,480
411,0,192,480
410,0,193,480
445,0,156,480
445,0,173,480
443,0,180,480
438,0,191,480
437,0,197,480
429,0,207,480
423,0,213,480
415,0,221,480
409,0,227,480
402,0,231,480
393,0,238,480
388,0,238,480
382,0,239,480
376,0,237,480
370,0,236,480
372,0,228,480
372,0,222,480
376,0,212,480
381,0,196,480
388,0,188,480
396,0,180,480
410,0,165,480
421,0,162,480
416,0,170,480
413,0,177,480
407,0,185,480
404,0,190,480
400,0,192,480
397,0,194,480
394,0,206,480
386,0,213,480
378,0,221,480
374,0,215,480
368,0,213,480
360,0,212,480
356,0,205,480
349,0,203,480
340,0,209,480
335,0,211,480
334,0,211,480
332,0,212,480
337,0,209,480
344,0,207,480
356,0,197,480
377,0,175,480
388,0,165,480
384,0,176,480
381,0,182,480
378,0,188,480
370,0,194,480
358,0,207,480
348,0,216,480
342,0,228,480
331,0,235,480
320,0,231,480
314,0,235,480
306,0,232,480
297,0,225,480
287,0,223,480
278,0,219,480
272,0,220,480
265,0,226,480
263,0,218,480
261,0,219,480
267,0,220,480
274,0,220,480
283,0,220,480
294,0,210,480
308,0,208,480
301,0,214,480
296,0,216,480
286,0,220,480
279,0,221,480
269,0,223,480
262,0,219,480
253,0,216,480
252,0,207,480
244,0,202,480
236,0,200,480
224,0,198,480
219,0,197,480
214,0,197,480
208,0,198,480
199,0,202,480
189,0,208,480
181,0,212,480
177,0,212,480
179,0,204,480
188,0,191,480
191,0,181,480
206,0,162,480
212,0,152,480
204,0,157,480
196,0,164,480
184,0,176,480
173,0,186,480
162,0,195,480
149,0,210,480
139,0,224,480
131,0,222,480
117,0,233,480
109,0,232,480
100,0,226,480
91,0,226,480
83,0,222,480
74,0,219,480
67,0,222,480
61,0,223,480
66,0,216,480
85,0,211,480
106,0,201,480
124,0,200,480
147,0,194,480
171,0,188,480
193,0,182,480
202,0,189,480
208,0,194,480
215,0,199,480
222,0,200,480
228,0,200,480
235,0,199,480
235,0,202,480
240,0,202,480
240,0,204,480
248,0,200,480
250,0,201,480
252,0,201,480
254,0,201,480
260,0,198,480
260,0,199,480
263,0,198,480
277,0,186,480
292,0,174,480
309,0,164,480
327,0,157,480
339,0,153,480
344,0,159,480
350,0,166,480
357,0,167,480
363,0,171,480
368,0,186,480
374,0,210,480
379,0,231,480
380,0,234,480
382,0,235,480
383,0,237,480
384,0,230,480
386,0,222,480
387,0,215,480
389,0,211,480
390,0,213,480
406,0,205,480
408,0,217,480
416,0,224,480
425,0,215,480
440,0,200,480
455,0,185,480
472,0,168,480
484,0,156,480
488,0,152,480
492,0,148,480
497,0,143,480
501,0,139,480
507,0,133,480
513,0,127,480
518,0,122,480
524,12,116,468
529,28,111,452
535,28,105,452
538,37,102,443
545,42,95,438
551,45,89,435
558,49,82,431
564,43,76,437
569,39,71,441
575,37,65,443
581,30,59,450
588,30,52,450
595,32,45,441
603,42,37,407
610,73,30,369
619,67,21,238
619,67,21,238
619,66,21,237
618,64,22,236
618,63,21,235
618,62,21,233
617,61,22,232
617,60,22,230
616,59,22,229
616,58,22,228
616,57,22,226
615,56,23,225
615,55,22,223
615,54,22,222
614,53,23,220
614,51,23,220
613,50,23,219
613,49,23,217
613,48,23,216
612,47,24,214
612,46,23,213
611,45,24,211
611,44,24,210
611,43,24,209
610,42,24,207
610,41,24,206
610,40,24,204
609,39,25,203
609,37,24,202
608,36,25,201
608,35,25,200
608,34,25,198
607,33,25,197
607,32,25,195
607,31,25,194
606,30,26,193
606,29,25,191
605,28,26,190
605,27,26,188
605,26,26,187
602,21,29,192
599,11,32,242
596,19,39,274
592,0,48,304
587,0,53,335
583,0,57,366
577,0,63,382
570,0,70,389
564,0,76,393
557,0,83,398
546,11,94,393
537,22,103,388
528,33,112,384
517,46,118,401
507,69,115,392
492,101,119,363
485,104,119,369
474,118,118,362
464,125,117,355
458,128,118,352
452,132,117,348
444,128,115,346
441,128,111,345
435,122,104,341
431,117,99,339
426,112,96,332
417,100,93,332
404,91,94,332
389,81,87,328
372,70,86,320
357,62,74,317
345,51,74,323
337,45,71,325
330,39,76,330
328,30,71,334
326,31,69,328
327,28,61,329
322,28,61,330
318,29,57,332
318,30,51,332
310,33,49,332
302,34,48,336
294,39,46,330
289,43,52,329
302,35,53,321
296,21,58,336
291,28,58,336
289,31,51,328
286,32,48,331
285,42,40,324
255,159,47,221
246,192,44,192
237,225,41,163
228,257,38,135
218,290,25,107
200,289,42,112
190,293,47,112
179,78,74,331
169,74,88,339
159,78,101,335
156,78,107,336
157,79,105,334
160,78,105,339
151,75,112,338
158,71,106,339
150,66,109,340
151,62,106,342
161,56,100,350
162,61,104,359
184,75,93,342
192,71,98,343
195,71,108,345
201,73,119,339
206,70,129,344
210,72,139,340
217,64,136,347
221,60,134,351
228,57,130,354
234,50,120,360
239,48,121,362
245,44,120,366
250,41,121,369
255,40,119,369
263,35,117,374
272,36,118,373
273,36,126,372
287,36,122,372
296,39,124,369
311,38,119,370
336,41,104,366
353,45,97,370
368,46,91,369
380,46,88,374
393,47,81,373
407,47,73,373
420,54,64,369
419,104,65,317
428,110,48,311
426,302,40,117
431,310,35,104
325,257,67,161
318,284,65,134
311,310,62,108
304,337,60,81
297,363,57,55
276,329,83,88
268,304,96,113
263,287,106,130
255,257,114,172
266,203,104,226
259,36,105,394
252,35,107,395
253,34,105,400
257,34,99,401
251,32,104,404
251,31,100,405
251,29,97,408
256,29,89,409
251,28,92,410
249,27,93,409
244,26,99,411
234,24,111,417
225,22,122,423
216,20,116,429
209,19,118,436
202,18,125,439
194,18,129,443
171,17,149,446
153,18,163,442
139,18,173,438
128,19,184,438
123,20,191,441
122,19,190,446
121,18,193,452
118,18,196,456
116,16,198,461
117,13,194,467
114,10,193,470
116,7,187,473
123,3,177,477
134,0,165,476
145,0,152,480
155,0,139,479
157,0,137,479
160,0,135,479
158,0,138,479
158,1,141,478
157,1,146,478
150,1,164,478
143,1,181,478
136,1,197,478
133,1,209,478
139,1,204,478
147,1,203,479
152,2,207,478
161,2,209,478
172,0,211,480
182,0,207,480
197,0,200,480
206,0,198,480
219,0,191,480
229,0,183,480
244,0,170,480
258,0,156,480
263,0,147,464
266,0,138,476
262,0,133,475
261,0,121,475
260,0,126,475
260,0,129,458
244,0,149,457
223,0,168,457
205,0,190,456
198,0,204,455
194,0,215,461
201,0,216,461
210,0,213,470
212,0,223,470
223,0,223,480
233,0,224,480
244,0,222,480
277,0,189,480
280,3,190,477
295,3,172,477
298,3,167,477
301,4,157,476
296,0,158,480
287,0,162,480
281,0,165,480
275,0,170,480
273,0,172,480
271,0,171,480
268,0,180,480
270,0,187,480
272,0,193,480
275,0,199,480
281,0,202,480
289,0,202,480
296,0,204,480
309,0,200,476
323,0,194,476
330,0,188,472
337,2,189,470
344,2,185,474
351,8,179,472
357,11,170,469
359,25,163,455
360,30,152,450
361,32,145,448
363,36,131,437
368,36,118,436
362,36,114,432
352,38,120,430
342,35,124,431
317,35,145,421
299,31,153,424
284,32,168,422
274,30,177,423
267,28,185,424
267,27,185,424
266,28,186,422
263,27,186,422
263,27,186,421
262,28,187,412
265,29,179,410
262,30,175,412
252,32,180,413
237,35,184,412
226,38,183,413
216,41,181,409
201,45,181,407
194,44,178,407
187,45,181,405
178,44,188,406
175,44,189,402
172,43,190,402
173,44,188,401
179,43,175,397
177,44,178,395
179,45,171,393
184,44,163,391
194,45,150,389
207,46,135,385
220,47,117,375
226,49,108,372
234,50,93,366
242,51,82,363
245,52,73,361
248,54,60,353
251,94,44,253
254,100,32,218
257,106,32,215
283,115,34,215
309,123,36,216
335,132,38,216
361,140,40,217
387,149,42,217
413,157,44,217
438,166,47,217
464,174,49,218
457,181,51,218
451,188,52,218
444,194,54,219
437,201,56,219
430,208,59,219
423,214,61,220
416,221,63,220
330,239,54,197
323,233,59,200
320,235,56,201
322,237,48,195
323,240,39,194
325,242,37,184
327,246,34,173
328,251,32,160
330,248,27,156
333,239,36,155
333,237,42,152
334,203,50,180
335,196,57,185
333,190,70,190
330,178,74,201
328,181,79,196
329,36,79,346
328,35,77,352
326,38,81,355
329,38,79,361
328,44,82,361
326,48,86,364
324,54,87,362
318,57,95,364
303,60,111,366
305,61,111,367
302,61,114,367
299,62,117,366
296,62,125,366
302,56,123,367
312,53,117,371
322,51,111,373
333,49,104,376
342,47,99,378
344,45,101,381
346,48,102,385
347,47,105,387
351,48,102,388
356,53,93,388
361,52,78,391
362,55,74,390
362,58,70,389
363,63,69,386
360,114,62,331
364,131,54,316
366,193,51,253
364,215,53,222
368,343,36,95
372,359,30,77
487,159,64,130
496,164,61,119
506,169,58,107
515,175,55,94
524,180,52,83
533,185,50,71
543,190,46,59
539,179,56,179
529,170,71,283
523,42,83,412
519,37,92,421
511,37,115,423
506,35,134,425
501,35,139,423
491,34,149,419
484,31,156,410
480,0,160,411
479,1,161,415
480,0,160,416
479,1,158,404
482,0,152,404
479,1,151,397
476,0,150,397
480,0,145,397
487,0,137,396
491,0,137,395
495,0,135,400
500,0,118,400
504,5,104,399
507,16,81,378
522,20,79,376
538,24,76,375
553,28,74,373
568,31,72,373
558,35,82,427
555,39,85,424
548,40,92,421
543,40,97,417
538,37,102,418
527,33,113,417
513,30,127,412
503,27,134,411
497,23,140,411
485,16,146,412
472,10,155,417
466,11,158,412
464,6,152,418
468,6,147,416
467,6,143,417
471,7,132,417
476,11,127,414
483,12,119,414
482,15,118,413
482,20,113,415
486,21,107,415
481,26,120,411
477,30,135,412
473,32,154,409
470,36,170,404
465,36,175,401
460,36,180,402
450,37,182,398
444,37,182,402
436,35,184,401
430,32,181,401
423,31,181,402
420,26,178,407
413,22,178,410
411,22,171,408
410,22,165,408
408,21,160,409
410,22,150,409
412,24,141,406
413,26,141,404
415,29,143,402
416,30,143,402
418,31,141,401
421,32,137,401
418,33,137,400
414,35,138,399
411,36,138,398
406,37,140,398
403,38,139,396
392,40,144,395
381,41,149,388
376,42,146,387
372,43,142,386
367,45,137,383
360,45,135,383
354,46,134,382
348,47,132,380
343,49,130,378
338,50,133,376
336,51,132,373
332,52,134,372
330,53,135,366
329,55,134,359
331,58,131,355
333,59,127,353
338,58,118,353
332,59,118,351
327,59,118,350
320,60,125,348
315,61,134,346
309,62,140,344
308,64,142,363
304,88,136,348
297,94,137,337
296,91,137,343
289,94,135,337
281,89,129,337
272,87,127,339
262,80,128,338
254,68,125,340
241,63,133,337
227,54,144,340
218,47,148,346
206,43,155,343
200,38,157,341
192,36,162,342
187,34,165,342
181,33,170,342
177,35,169,343
178,35,167,344
185,36,162,345
187,38,155,347
187,38,148,346
186,41,140,347
179,43,136,347
172,45,131,347
167,46,125,347
169,50,120,345
166,50,120,348
164,52,118,348
163,51,116,347
162,50,115,349
159,50,118,351
157,47,119,353
155,44,121,354
153,41,123,355
152,38,124,357
150,35,125,358
145,35,126,360
139,35,128,361
134,35,129,363
129,34,130,365
125,36,129,366
126,38,123,368
127,41,116,368
132,42,105,368
137,44,94,366
142,45,90,365
147,47,86,364
149,48,90,348
160,48,89,333
183,49,70,223
206,52,59,219
208,52,58,226
204,52,62,256
200,52,66,285
197,52,69,314
193,52,74,344
207,53,74,343
212,53,83,348
221,53,89,348
226,54,107,347
227,52,118,350
230,52,136,352
232,52,141,355
237,53,137,357
242,53,134,359
245,51,130,354
254,45,118,360
262,45,119,361
272,42,117,364
280,42,116,361
288,42,114,357
290,39,121,361
284,39,134,361
281,41,148,359
283,41,153,360
292,41,152,363
304,41,152,366
311,43,156,380
324,55,155,369
335,56,159,371
350,57,161,377
364,60,158,377
370,60,151,381
361,65,149,380
356,65,138,381
358,66,127,384
358,69,117,382
344,66,122,387
333,66,119,387
321,61,126,391
311,56,133,395
304,53,136,395
297,47,140,397
294,45,140,397
291,40,139,399
282,36,142,397
283,32,141,401
281,28,145,402
280,28,143,400
281,26,142,399
296,25,126,400
301,24,120,392
310,2,109,384
313,1,103,388
314,1,101,386
322,0,87,385
329,0,75,383
317,38,78,342
305,65,69,322
293,92,61,301
282,120,51,279
270,148,42,257
258,175,34,236
246,202,25,215
235,40,50,378
217,47,77,374
206,54,95,372
189,62,112,362
179,66,121,367
171,71,129,363
168,73,135,361
167,72,136,360
166,71,143,359
166,69,150,359
164,65,156,362
165,59,153,363
166,53,151,364
164,46,148,366
166,40,143,373
163,38,140,371
162,33,134,372
168,29,121,395
160,50,121,378
157,52,113,374
146,50,109,385
142,57,107,379
134,55,109,381
136,58,110,381
144,60,112,371
151,55,113,374
152,54,118,375
151,49,125,373
167,45,120,376
166,39,128,375
172,37,130,376
179,35,133,377
191,33,129,378
198,32,130,378
202,32,134,377
210,30,137,378
216,31,137,382
225,32,137,380
234,35,136,382
244,38,132,379
251,41,134,382
261,46,133,376
273,51,129,375
282,53,128,373
293,55,124,374
302,56,123,366
312,56,123,366
323,55,121,367
333,55,118,361
344,51,118,364
355,50,116,365
366,46,114,365
376,41,117,369
385,41,116,369
393,37,118,375
401,37,121,374
410,37,121,375
420,35,122,378
429,35,127,376
443,29,126,369
441,4,127,379
436,5,127,383
435,9,130,374
441,0,128,379
443,2,129,383
439,5,134,379
442,8,132,378
440,15,133,375
440,21,134,376
443,27,131,375
445,35,129,374
441,44,131,396
443,78,129,364
446,85,125,359
443,88,126,364
441,97,126,357
438,96,128,365
437,101,127,363
437,101,126,352
436,95,126,359
435,93,126,355
433,82,126,357
429,74,129,358
428,67,127,357
428,49,127,363
426,40,130,365
424,30,132,368
423,19,133,374
423,13,133,372
424,6,130,379
420,0,135,384
420,1,135,381
417,0,136,387
416,2,138,387
412,6,140,387
412,12,140,385
409,20,141,385
410,26,140,388
407,37,144,385
405,45,146,384
405,55,145,383
402,64,148,382
402,68,148,388
402,76,149,381
403,79,148,381
403,81,149,381
404,84,148,381
404,83,149,379
405,82,148,377
405,78,149,378
406,74,148,379
406,71,149,379
407,64,149,383
408,59,148,385
408,51,149,390
409,44,148,394
409,38,149,396
410,32,149,399
410,27,149,401
411,21,149,404
411,17,149,405
412,13,149,414
412,12,148,412
413,11,148,411
413,12,149,408
414,14,148,404
414,16,149,404
415,20,143,403
415,24,137,405
416,31,116,409
417,34,102,408
417,40,97,404
418,45,91,401
418,49,79,400
419,52,69,399
419,57,81,274
438,62,74,286
457,67,67,298
476,72,60,310
495,77,53,323
514,83,46,334
533,88,39,346
552,93,32,359
535,74,47,356
519,1,63,426
504,1,79,427
476,0,108,418
447,0,135,415
444,0,136,415
427,0,154,406
422,2,160,412
422,1,161,412
422,1,159,412
422,1,157,420
423,0,156,428
423,0,157,436
423,2,154,444
424,2,154,450
424,13,154,447
424,24,155,444
424,34,153,437
416,40,155,436
412,45,152,435
407,46,150,429
402,47,150,430
399,46,148,426
394,43,150,424
387,38,150,424
381,33,150,424
375,28,150,424
369,22,149,425
364,17,148,427
361,12,148,428
363,10,151,430
368,5,148,431
368,0,148,436
367,3,147,435
367,4,146,435
367,7,147,435
368,10,146,435
366,12,147,435
367,18,145,433
367,21,144,436
367,27,144,430
365,30,146,431
366,38,143,442
365,63,142,415
366,64,143,414
367,61,143,418
365,66,144,413
366,65,145,415
368,63,144,417
370,55,145,425
369,45,145,433
368,39,147,429
370,27,150,434
371,18,148,436
370,5,149,441
370,1,151,440
371,0,151,433
370,0,155,432
372,0,154,431
371,0,157,430
373,1,157,428
372,0,159,425
374,0,159,427
373,0,159,430
372,0,160,436
371,0,161,442
370,0,162,449
370,0,162,455
370,0,165,475
368,11,163,457
367,23,164,451
366,35,165,445
364,45,167,435
364,48,167,432
364,51,168,429
364,53,169,427
363,51,171,429
363,46,172,434
363,42,173,438
362,37,174,443
362,28,171,452
361,19,177,461
362,10,179,470
363,5,178,465
363,0,178,460
364,0,176,449
364,0,178,447
365,0,178,444
366,0,179,441
367,0,175,444
367,0,173,447
368,0,173,449
369,0,174,452
367,0,175,459
366,1,175,465
365,1,175,472
363,1,177,479
362,2,173,478
360,15,173,465
359,29,172,451
357,39,173,441
356,48,172,432
358,52,171,428
356,54,173,426
355,56,173,424
353,54,175,426
353,48,175,432
352,43,176,437
352,37,177,443
351,32,178,448
353,23,177,457
354,14,176,466
355,5,176,475
355,0,176,475
355,0,176,476
356,0,175,476
356,0,175,477
356,0,175,478
356,0,175,479
356,0,175,480
355,0,174,480
354,0,173,480
353,6,173,474
353,12,171,468
351,20,173,460
351,23,173,456
351,27,173,452
351,31,173,447
351,32,172,447
353,32,171,448
353,30,173,449
353,26,173,454
353,22,173,458
354,18,172,462
354,14,173,466
353,10,174,470
352,6,175,474
351,2,177,478
349,2,179,478
348,2,180,478
346,2,182,478
346,3,179,475
345,6,180,474
343,10,181,470
342,14,182,466
341,18,183,462
340,20,183,460
340,23,182,457
340,25,182,455
338,24,185,456
337,22,187,458
335,21,190,459
334,20,192,460
333,18,193,462
332,16,194,464
331,14,195,466
330,13,195,467
329,13,196,467
328,13,197,467
328,13,197,466
327,16,198,463
327,16,190,463
326,17,191,463
325,18,192,462
325,20,192,459
324,23,192,457
324,23,191,457
