381,9,101,433
383,8,96,431
384,8,92,432
378,9,95,431
376,9,95,433
374,10,96,431
373,10,95,432
371,11,99,432
371,11,100,429
369,14,102,426
337,15,133,425
311,15,157,422
297,19,172,416
290,18,180,415
291,20,179,410
293,20,176,407
309,23,158,403
336,23,130,399
335,25,130,396
339,24,123,393
340,30,122,385
341,30,123,382
341,29,126,382
344,28,125,383
351,28,120,384
358,27,114,385
356,30,118,382
355,28,119,383
354,27,120,384
351,28,152,384
346,28,180,386
321,27,203,388
300,27,223,388
284,26,240,391
272,26,251,390
268,25,258,391
269,24,255,392
273,24,228,390
276,23,224,391
282,23,211,391
286,22,203,393
289,21,199,394
289,21,199,394
285,21,198,393
282,21,231,391
276,22,243,390
276,23,244,390
280,22,237,392
287,37,229,405
300,54,216,386
320,52,200,388
347,51,171,402
352,52,164,398
345,47,165,405
342,46,147,405
342,41,140,395
339,36,164,401
340,34,175,397
340,14,178,413
342,8,176,417
344,0,167,421
344,0,162,424
343,0,155,422
344,0,148,414
344,0,146,417
342,0,159,419
339,0,161,423
336,0,157,426
333,0,154,431
332,0,144,437
329,0,137,442
326,4,136,443
302,8,148,444
285,12,163,444
278,15,166,445
273,16,166,441
270,12,171,445
272,13,170,442
276,9,168,447
284,7,160,447
297,6,149,446
303,6,143,447
300,6,146,452
302,7,144,456
315,8,128,458
309,12,132,455
304,15,158,455
300,22,183,448
298,25,199,448
294,31,212,443
294,32,218,444
294,38,220,441
295,41,218,438
301,42,210,433
306,42,202,431
310,40,187,428
316,38,178,427
318,36,153,425
324,34,149,426
330,32,153,425
337,31,152,425
338,32,158,424
338,31,157,425
338,31,168,426
340,32,166,425
340,33,166,425
327,37,179,422
307,40,199,421
286,43,215,421
271,47,218,418
261,49,228,417
258,50,230,416
261,52,230,413
264,52,224,411
264,53,224,408
270,51,218,408
274,46,208,410
280,42,197,411
288,39,172,411
300,35,157,407
316,33,128,382
334,95,84,306
380,95,38,295
385,94,38,274
389,93,38,253
394,92,38,231
399,91,37,210
403,90,38,189
408,89,38,167
413,88,37,146
432,85,37,146
545,145,24,20
541,141,25,21
525,102,40,65
522,98,44,75
515,98,47,90
510,96,42,135
504,96,41,149
497,44,57,188
496,39,85,211
495,36,119,226
493,32,144,253
494,30,146,268
494,30,146,341
495,30,145,385
495,29,145,383
494,31,146,379
492,32,148,373
492,34,148,386
492,35,148,382
492,36,148,377
492,36,148,379
492,35,148,380
492,35,148,382
492,35,148,381
491,36,149,381
490,35,150,385
481,34,159,388
482,36,156,387
483,32,148,390
483,32,103,390
483,28,93,392
484,28,90,393
489,29,81,389
493,29,77,387
497,29,73,383
499,29,71,381
506,30,64,375
506,32,64,368
508,32,65,371
510,34,65,370
510,34,66,376
514,37,61,373
514,38,64,372
524,36,55,366
523,36,59,369
520,38,62,367
523,38,59,363
524,38,55,363
526,38,50,364
528,38,46,362
528,38,42,358
530,95,36,300
530,185,35,208
530,165,33,224
529,154,31,236
529,141,29,248
523,102,63,289
518,93,120,294
522,92,118,214
522,82,118,224
526,85,114,223
530,87,110,204
534,87,106,162
537,88,103,144
541,88,99,141
543,90,83,123
545,96,59,128
547,96,30,103
543,95,34,104
512,95,34,105
509,97,34,104
506,98,34,105
503,100,34,104
500,101,34,104
469,122,34,104
438,143,34,104
438,147,39,56
438,121,48,170
442,114,52,200
443,120,68,230
444,120,76,242
447,111,87,311
446,52,101,378
439,52,126,378
453,53,135,377
458,52,139,376
465,51,140,375
472,51,155,377
484,50,154,379
499,48,141,383
509,47,131,383
522,46,118,385
536,42,104,391
549,40,91,393
562,39,78,396
575,39,65,399
588,39,52,400
603,35,37,404
616,34,24,405
627,42,13,397
618,34,22,143
618,34,22,118
618,34,22,118
618,34,22,118
618,34,22,118
618,34,22,118
618,34,22,118
618,34,22,118
618,34,22,118
618,34,22,118
618,34,22,118
618,34,22,118
618,34,22,118
618,34,22,118
618,34,22,118
618,34,22,118
618,34,22,118
618,34,22,118
618,34,22,118
618,34,22,118
618,34,22,118
618,34,22,118
618,34,22,118
618,34,22,118
618,34,22,118
618,34,22,118
618,34,22,118
618,34,22,118
618,34,22,118
618,34,22,118
618,34,22,118
618,34,22,118
618,34,22,118
596,17,44,248
573,0,67,378
548,0,92,383
534,0,106,396
518,10,110,387
498,23,110,381
486,32,98,379
472,43,93,375
466,54,86,393
436,84,97,373
408,101,116,357
395,102,125,363
383,106,131,362
372,108,131,362
363,114,129,356
360,115,122,349
366,111,109,348
363,108,103,347
357,97,99,347
346,87,96,347
329,77,110,347
326,66,106,348
319,54,107,350
312,43,99,353
302,35,110,354
290,27,117,356
279,15,128,361
270,11,132,362
263,7,138,363
265,0,131,366
272,0,120,368
273,0,126,369
273,0,123,370
272,2,122,368
271,4,120,368
269,7,120,369
268,11,120,366
267,16,119,363
264,23,115,367
261,30,113,367
261,42,109,362
257,49,105,357
251,56,99,347
239,64,98,340
232,66,94,338
225,69,86,337
210,69,94,354
190,70,108,355
169,67,123,358
164,65,126,350
139,61,147,353
128,52,153,362
116,47,163,363
112,39,163,368
108,32,164,372
114,26,156,368
119,20,148,372
126,17,139,374
126,14,127,376
120,13,127,378
119,15,124,379
117,15,123,379
120,15,117,386
126,20,116,379
125,23,120,380
124,28,128,379
124,32,134,375
130,36,132,378
126,43,156,373
126,45,180,371
132,48,189,369
138,47,198,370
150,46,199,372
153,47,201,371
145,43,212,373
141,36,218,372
138,26,219,384
133,25,219,383
125,19,221,389
121,18,224,390
118,17,230,386
116,11,233,391
117,11,231,392
122,13,224,392
127,13,215,393
138,16,199,391
150,19,185,389
172,26,159,388
201,31,131,382
227,34,108,382
244,39,96,383
251,41,93,383
255,47,91,375
251,38,99,372
241,27,123,387
232,33,142,377
232,29,147,377
229,28,150,378
228,31,148,374
226,30,143,374
224,32,139,370
224,32,130,370
224,34,121,372
222,37,118,371
219,43,114,390
217,73,105,366
219,75,99,360
215,75,96,371
208,82,100,361
200,82,108,359
195,85,116,357
193,81,120,354
187,70,127,362
183,69,131,362
173,63,141,355
164,52,150,359
151,47,159,357
142,36,165,360
136,27,167,365
136,20,161,366
134,13,161,370
134,4,160,380
137,2,159,383
142,0,156,386
146,2,150,388
149,0,128,389
148,0,134,397
148,5,125,399
148,9,117,401
149,19,113,404
150,29,109,406
154,39,105,406
157,55,102,386
162,61,93,384
166,66,89,372
171,73,84,351
172,71,83,335
174,73,81,315
177,73,78,291
177,122,41,88
183,119,31,82
188,130,26,62
201,126,26,63
233,128,25,68
264,130,26,73
296,132,25,77
328,135,25,81
360,137,25,86
360,136,32,88
370,128,32,98
377,126,37,102
386,121,40,108
390,120,49,111
373,20,78,216
381,25,85,215
395,31,82,410
402,32,91,422
414,37,98,414
427,40,100,416
435,41,106,417
445,41,106,420
458,39,104,422
465,36,109,424
474,33,111,426
476,30,114,432
476,26,114,433
463,20,135,436
463,16,141,437
463,10,149,439
460,7,158,443
450,4,173,446
446,1,181,448
439,1,192,448
431,1,202,451
431,1,209,454
435,2,205,457
434,7,206,456
439,8,201,458
450,12,190,455
447,13,193,460
449,16,191,458
449,19,191,456
449,19,191,448
449,0,189,444
446,0,189,450
446,0,186,448
446,0,184,435
446,0,183,434
446,0,178,432
436,0,177,433
434,0,173,444
434,0,170,442
427,0,173,449
422,0,175,454
419,6,175,454
420,13,179,455
426,21,177,447
426,24,176,447
423,30,175,442
423,32,170,440
427,33,161,438
433,32,150,435
437,29,141,435
437,25,135,435
439,22,130,434
438,17,154,434
438,13,166,436
433,8,183,439
431,4,190,439
424,3,202,437
423,2,203,436
422,0,205,439
419,0,202,440
414,0,203,442
412,5,198,438
411,7,200,442
412,14,196,438
409,19,195,437
406,26,192,454
407,52,209,428
410,53,220,427
410,54,194,426
409,60,195,420
409,55,199,425
410,56,198,424
413,48,199,432
410,38,202,437
412,33,200,430
413,18,199,437
419,7,193,444
418,2,193,444
418,0,191,440
420,0,187,435
421,0,186,435
426,0,181,436
431,10,168,426
431,16,158,416
438,13,151,414
444,5,141,431
454,10,126,426
460,9,114,427
474,0,166,443
477,0,163,447
482,0,158,455
484,0,156,465
490,0,150,474
489,0,151,480
492,0,148,480
495,0,145,480
497,30,143,450
497,41,143,439
492,41,148,439
490,51,150,429
490,51,150,429
491,56,149,424
492,57,148,423
490,50,150,430
486,47,154,433
487,43,153,437
485,32,155,448
487,24,153,456
489,22,151,458
489,78,74,402
489,42,81,438
491,34,81,446
495,31,76,443
502,17,72,441
507,0,67,418
509,0,65,410
508,0,66,398
501,0,73,380
489,0,73,369
487,0,82,354
483,277,51,61
483,285,30,37
493,261,31,54
504,238,30,70
515,214,30,87
525,190,30,104
536,166,30,121
546,143,30,137
557,119,30,155
568,95,30,172
578,71,30,189
589,48,30,205
599,24,30,222
610,0,30,239
582,0,58,383
558,0,82,386
526,0,114,394
504,0,136,391
484,0,156,379
479,0,157,387
471,0,163,383
470,0,162,375
472,0,154,373
471,0,149,370
467,0,146,363
464,0,153,362
457,0,160,358
434,0,180,356
401,0,209,357
368,0,242,355
352,0,255,356
342,0,259,358
338,0,258,358
338,0,253,357
344,0,244,360
354,0,231,366
371,0,214,370
384,0,199,374
377,0,199,376
378,0,196,374
382,0,187,376
382,0,180,378
392,0,164,377
396,0,154,379
402,0,143,383
411,0,129,389
415,0,119,402
422,0,116,427
443,40,93,395
454,47,82,402
466,124,74,337
474,250,64,214
336,201,254,271
333,208,274,266
326,208,299,268
326,205,310,60
341,207,299,53
352,204,288,54
364,203,276,49
372,207,268,47
381,210,259,43
387,198,90,272
389,193,99,287
395,189,119,289
400,182,139,298
409,160,157,320
424,98,179,382
439,90,201,382
457,90,183,364
476,82,164,368
503,68,136,379
526,66,113,371
564,52,76,372
586,52,54,361
600,71,40,334
599,68,41,322
596,80,44,294
593,83,47,289
589,57,51,296
589,56,51,296
588,38,52,299
588,32,52,302
593,28,47,299
593,22,47,301
586,14,54,298
590,0,50,305
576,0,64,301
563,0,77,300
552,0,88,299
544,0,96,292
545,0,95,290
553,0,87,289
565,0,75,289
582,0,58,288
594,0,46,288
593,0,47,289
595,0,45,290
596,0,44,292
596,0,44,296
598,0,42,298
599,0,41,301
598,0,42,306
596,0,44,311
596,0,44,317
589,0,51,319
579,0,61,330
567,0,73,339
556,0,84,350
553,0,87,361
534,0,106,377
516,0,124,393
504,14,136,397
497,34,143,392
495,53,145,387
498,72,142,381
506,88,134,374
518,99,122,370
523,104,117,367
523,107,117,367
521,111,119,363
520,112,120,359
520,111,120,355
519,107,121,352
518,102,122,348
521,95,119,346
530,87,110,345
549,77,91,345
562,64,78,348
567,52,73,350
565,45,74,351
561,34,79,358
550,26,90,357
544,22,96,354
540,14,100,360
537,11,103,360
532,9,108,362
529,9,111,361
526,11,114,362
522,12,118,364
522,15,118,362
522,21,118,361
502,27,138,367
480,34,160,359
466,43,174,358
459,53,181,357
460,63,180,352
478,72,162,346
478,78,162,345
487,83,153,344
504,86,136,341
513,88,127,336
510,87,130,332
506,83,129,333
506,79,123,336
507,76,110,335
512,72,102,334
518,67,96,334
518,61,97,336
524,56,92,338
542,53,77,300
566,50,58,286
568,52,66,262
590,66,50,218
463,89,177,109
451,92,189,106
444,104,100,182
441,92,119,222
443,90,130,278
447,64,130,313
452,52,134,329
460,57,150,323
466,62,146,317
468,67,148,316
465,72,155,315
462,77,159,313
455,80,164,314
451,80,168,318
446,80,173,318
447,80,172,317
447,80,172,309
449,76,163,306
454,73,154,304
462,68,139,300
475,66,122,300
490,62,102,299
504,59,82,296
507,55,75,299
503,51,74,302
496,48,78,304
492,46,79,306
491,45,80,305
492,43,69,306
491,42,64,307
488,42,60,308
490,44,56,309
486,48,49,311
461,50,71,309
445,54,75,134
435,134,65,62
434,142,65,64
435,156,56,58
442,168,43,52
458,185,22,32
451,184,29,41
486,180,28,48
522,176,27,54
558,172,25,61
552,154,50,82
544,138,71,95
535,136,90,97
528,137,102,262
524,136,104,262
506,95,120,302
494,93,128,306
494,94,122,305
489,91,119,307
483,88,116,309
477,88,111,308
470,88,109,305
462,88,108,304
458,90,101,302
453,91,98,302
447,92,98,302
445,94,94,299
439,95,98,299
435,97,97,297
430,99,98,296
431,100,95,295
433,101,90,299
434,102,93,298
433,102,107,298
431,103,116,298
432,102,114,298
431,101,111,297
430,96,109,298
428,91,108,302
429,88,107,300
429,82,107,301
430,76,108,304
428,71,119,304
426,70,132,303
424,69,136,303
422,67,133,304
420,66,123,305
415,66,116,305
413,68,100,304
415,69,86,303
416,71,83,303
413,74,91,298
409,76,102,299
406,80,112,298
394,83,125,294
382,86,141,295
375,88,151,288
367,89,165,289
361,90,173,288
359,88,176,290
356,88,188,291
355,86,211,290
357,83,231,291
359,80,242,294
358,75,254,296
361,70,257,299
363,68,253,300
367,64,241,303
375,61,220,306
386,59,190,307
394,58,161,307
404,59,124,309
414,60,105,306
422,62,98,305
426,63,95,309
423,65,99,309
406,67,115,311
398,69,123,309
397,70,123,310
395,71,126,312
398,71,123,310
405,69,117,312
404,69,117,311
401,65,118,315
402,63,117,316
390,61,128,316
381,58,136,318
378,56,137,322
382,56,132,323
390,54,124,329
395,54,119,331
402,53,112,335
410,53,105,340
419,54,96,337
420,53,95,341
419,56,104,342
416,56,117,341
409,55,129,344
404,56,139,344
401,55,146,346
398,55,148,347
394,54,149,347
386,52,155,350
374,52,161,350
360,50,170,351
345,47,179,355
333,45,186,354
324,42,187,358
317,40,183,360
313,38,181,361
313,39,181,362
313,39,175,362
316,38,168,365
322,40,160,365
328,43,149,365
337,42,138,370
343,45,131,370
346,44,127,371
347,43,126,377
344,48,128,379
341,53,129,381
337,56,129,381
336,58,120,383
337,61,113,383
334,63,112,383
325,63,118,383
308,63,138,383
295,61,151,383
284,57,163,384
274,55,170,385
270,52,167,388
265,51,163,384
260,49,163,381
260,49,158,378
262,48,152,377
269,50,133,378
274,66,120,367
279,50,93,378
268,50,111,385
267,50,110,389
264,56,100,391
250,60,106,384
235,62,191,398
221,60,208,398
206,60,225,398
192,144,237,310
177,144,252,308
165,143,261,307
160,140,262,307
157,136,262,310
156,32,255,417
159,26,250,422
276,22,128,422
251,17,136,421
250,14,132,425
228,12,145,428
211,11,154,428
203,10,159,435
207,10,150,432
209,12,143,434
213,15,132,436
212,7,123,445
208,5,124,449
205,5,124,453
203,0,123,459
200,0,126,462
195,2,128,458
186,12,137,449
175,20,147,437
165,29,155,426
156,25,163,428
150,24,167,425
145,20,170,425
144,18,175,423
157,18,172,419
172,18,163,414
192,16,144,413
227,16,117,412
247,16,104,413
253,17,146,409
258,13,175,397
261,0,198,405
261,2,214,400
264,2,217,393
243,0,236,404
242,0,230,400
247,0,221,392
250,0,206,398
254,0,184,397
267,0,163,396
277,0,167,400
268,0,184,402
262,0,199,404
266,0,207,407
274,11,211,396
282,14,214,397
292,20,214,398
302,25,213,398
315,28,201,399
329,33,192,396
348,36,179,396
377,38,152,390
413,37,120,390
417,36,125,392
423,35,141,392
432,35,166,388
442,28,180,395
449,26,189,395
457,22,183,396
468,18,172,404
478,19,162,417
488,36,150,404
503,33,137,406
510,31,130,413
524,33,116,408
536,29,104,414
534,28,106,413
519,25,121,411
498,19,142,415
488,18,152,412
490,14,150,406
496,10,144,407
488,0,152,394
471,0,169,364
456,0,184,374
455,0,185,365
458,0,182,358
465,0,175,357
479,0,161,353
479,0,161,354
471,0,164,363
463,0,168,366
458,0,169,372
453,0,169,379
447,0,168,385
435,0,175,394
430,8,177,394
430,19,178,391
429,28,178,388
433,37,174,383
437,43,170,383
450,48,159,381
451,49,159,382
450,47,186,381
451,44,189,381
451,39,189,382
450,32,190,382
448,26,192,383
443,19,197,387
437,10,203,390
432,5,208,392
428,0,212,392
424,0,206,392
420,0,193,387
417,0,167,392
414,0,133,416
396,20,130,397
374,21,149,403
362,29,156,403
351,38,163,395
345,38,167,402
342,46,167,394
344,43,163,391
350,43,157,394
351,41,155,389
351,34,155,392
349,32,157,390
348,20,158,395
348,17,153,396
338,12,160,396
329,6,163,398
323,2,165,398
320,0,162,394
306,0,169,395
296,0,171,396
290,0,167,399
290,0,164,404
290,0,179,407
295,0,204,416
303,1,217,422
313,5,222,419
312,7,228,418
300,13,244,414
309,18,236,410
315,24,230,400
315,28,228,402
328,46,212,390
328,31,206,404
318,31,205,404
360,29,153,404
357,66,144,364
259,85,227,362
256,111,204,335
256,366,44,79
255,338,51,104
255,240,59,200
234,142,94,297
223,119,125,319
212,0,154,436
206,0,175,435
212,0,182,439
262,0,124,440
202,0,175,443
202,0,157,449
202,0,151,453
196,0,155,458
191,0,163,461
187,0,169,463
181,0,175,469
176,0,183,470
176,0,184,471
182,0,181,472
185,0,189,471
187,0,199,469
192,0,206,466
201,0,236,466
210,0,265,465
222,0,283,461
231,0,298,454
250,0,293,451
251,0,299,446
264,0,288,442
272,0,281,439
280,0,273,431
287,0,265,414
289,0,251,404
288,0,222,405
294,0,176,394
291,0,156,390
255,0,181,385
227,0,195,384
206,0,202,385
186,0,221,385
176,0,228,392
168,0,234,393
165,0,235,392
168,0,231,392
176,0,219,394
184,0,210,401
189,0,210,410
192,0,208,414
194,0,210,417
195,0,213,423
195,0,217,429
198,0,216,432
206,0,208,436
220,0,193,442
232,0,180,445
245,0,166,452
262,0,147,457
275,0,129,462
268,0,167,467
266,0,197,474
272,0,220,478
261,0,251,480
247,0,284,480
233,0,311,480
228,0,323,480
226,0,329,480
228,0,324,480
234,0,310,480
242,0,284,480
252,0,247,480
262,0,223,480
272,0,222,480
283,0,221,480
270,0,242,480
254,0,258,480
245,0,268,480
249,0,265,478
258,0,256,472
268,0,242,463
273,0,232,457
285,0,208,456
299,0,179,455
312,0,154,453
314,0,154,452
314,0,155,449
311,0,159,447
300,0,172,446
291,0,180,444
275,0,197,445
262,0,215,447
260,1,220,447
264,0,228,454
280,0,221,463
313,0,203,476
328,0,201,480
343,0,195,480
353,0,198,480
360,0,192,480
374,0,212,480
387,0,235,480
400,0,240,480
398,0,242,480
407,0,233,480
405,0,235,480
400,0,240,480
398,0,242,480
396,0,244,480
390,0,250,480
368,0,272,480
347,0,293,480
330,0,310,480
315,0,325,480
304,0,336,480
296,0,344,480
295,0,345,480
298,0,338,480
307,0,325,480
315,0,317,480
327,0,307,480
342,0,298,480
366,0,274,480
395,0,245,480
434,0,206,480
462,0,178,480
473,0,167,480
474,0,166,480
477,0,163,480
472,0,168,480
469,0,171,480
467,0,173,480
441,0,199,480
418,0,222,480
396,0,244,480
379,0,261,480
372,0,268,480
366,0,274,480
364,0,276,480
360,0,280,480
362,0,278,480
370,0,269,480
378,0,262,480
381,0,259,480
382,0,258,480
383,0,257,480
378,0,254,480
365,0,263,480
352,0,269,480
331,0,281,480
316,0,291,480
301,0,302,480
288,0,312,480
280,0,321,480
258,0,339,480
247,0,343,480
236,0,349,480
231,0,348,480
228,2,344,478
226,0,340,480
228,0,328,480
229,0,320,480
236,0,303,480
239,0,288,480
246,0,267,480
258,0,238,480
272,0,206,480
275,0,187,480
273,0,174,480
282,0,145,480
302,0,121,480
300,0,127,480
295,0,138,480
288,0,153,480
294,0,145,480
271,0,172,480
252,0,214,480
236,0,240,480
223,0,267,480
209,0,283,480
197,0,295,480
190,0,300,480
185,0,307,480
190,0,301,480
208,0,289,480
246,0,258,480
282,0,226,480
324,0,194,480
350,0,177,480
361,0,173,480
372,0,171,480
380,0,184,480
392,0,188,480
403,0,185,480
412,0,176,480
422,0,164,480
432,0,162,480
440,0,166,480
447,0,169,480
458,0,167,480
470,0,165,480
481,0,159,480
493,0,147,480
502,0,138,480
515,0,125,480
525,0,115,480
534,0,106,480
543,0,97,480
555,0,85,480
567,0,73,480
576,0,64,480
588,0,52,480
599,0,41,480
602,0,38,480
606,0,34,480
610,46,30,434
618,46,22,322
624,51,16,301
628,55,12,285
622,54,18,337
617,54,23,411
588,59,52,421
554,60,86,420
522,61,118,419
504,59,136,421
489,57,151,423
482,55,158,425
481,55,159,425
484,51,156,429
493,50,147,430
500,51,140,429
491,0,149,480
485,0,155,480
474,0,166,415
459,0,181,368
447,0,175,350
437,0,185,303
429,0,185,299
424,0,175,234
424,0,158,229
428,0,137,224
432,0,108,214
432,0,108,237
470,5,84,329
508,10,60,420
481,0,78,452
439,0,104,455
415,0,113,456
386,0,131,463
355,0,151,461
332,0,166,462
305,0,181,463
277,0,198,463
257,0,202,464
254,0,195,464
254,0,187,462
248,0,186,463
239,0,190,468
233,0,193,472
227,0,195,474
227,0,195,473
236,0,189,476
234,0,195,477
238,0,196,480
237,0,192,480
237,0,192,480
237,0,189,480
237,0,184,480
237,0,179,480
229,0,179,480
221,0,173,480
212,0,172,480
204,0,168,480
199,0,157,480
194,0,155,480
181,0,161,480
159,0,174,480
142,0,186,480
132,0,192,480
112,0,207,480
102,0,214,480
97,0,213,480
95,0,210,480
100,0,200,480
101,0,198,480
100,0,197,480
99,0,194,480
95,0,198,480
82,0,220,480
67,0,226,480
54,0,242,480
50,0,244,480
54,0,238,480
46,0,240,480
26,0,249,480
10,0,247,480
0,0,263,480
3,0,260,480
8,0,257,480
17,0,283,480
29,0,306,480
42,0,326,480
58,0,333,480
76,0,340,480
90,0,344,480
98,0,358,480
96,0,372,480
84,0,397,480
69,0,420,480
54,0,431,480
42,0,442,480
38,0,444,480
40,0,437,480
47,0,419,480
63,0,396,480
92,0,351,480
124,0,303,480
163,0,251,480
199,0,219,480
233,0,190,480
245,0,171,480
245,0,163,480
245,0,158,480
246,0,151,480
246,0,144,480
249,0,137,477
252,0,128,480
251,0,130,480
252,0,129,480
250,0,132,476
250,0,134,480
250,0,137,480
249,0,143,480
248,0,167,480
228,0,216,480
198,0,268,480
171,0,318,480
150,1,352,479
129,4,376,476
117,4,389,466
112,8,394,449
107,8,390,446
107,9,377,442
111,9,362,443
119,12,346,447
122,14,340,447
123,15,336,446
125,14,334,450
133,17,328,449
140,18,329,450
157,18,319,447
173,18,315,452
196,18,300,452
224,18,274,452
257,18,240,450
285,20,207,442
293,17,190,444
297,14,176,445
300,14,162,443
301,16,151,436
308,16,151,442
312,18,161,438
314,19,164,433
315,20,163,423
318,21,158,418
320,22,150,412
320,22,150,413
322,23,150,412
326,24,154,408
327,26,157,404
330,26,157,408
331,28,151,408
333,29,162,406
337,29,161,408
341,29,159,408
347,32,156,405
352,32,148,406
344,32,157,406
327,34,173,404
314,36,186,400
300,34,200,398
291,34,209,400
287,34,216,394
283,37,220,392
284,36,217,400
286,37,214,393
292,37,196,395
299,37,179,395
310,37,164,390
322,37,147,389
337,36,130,383
358,35,105,381
370,34,90,378
380,34,73,334
390,33,61,312
397,32,46,280
404,32,32,66
407,35,27,48
407,32,27,57
427,59,27,89
448,85,27,121
469,112,26,153
489,139,27,185
510,166,26,216
498,78,53,308
491,64,81,339
482,14,107,395
472,12,137,401
458,14,166,400
443,16,193,404
430,19,210,406
427,22,213,402
419,26,221,396
415,27,225,398
405,28,235,397
394,30,246,403
380,33,260,404
366,35,274,405
363,37,277,403
374,40,266,398
385,41,255,395
392,41,248,395
303,41,337,394
300,39,340,397
302,39,333,397
302,39,331,398
303,40,326,400
305,42,318,398
307,42,311,398
312,44,303,394
315,44,293,391
321,46,282,385
326,47,271,384
332,50,257,375
342,55,241,377
354,60,224,370
369,125,207,308
387,119,93,311
412,119,81,310
426,103,79,330
431,99,83,335
434,37,80,398
439,36,94,401
442,34,100,405
449,33,103,408
453,31,110,411
458,31,114,412
464,30,114,416
470,30,114,416
478,30,116,420
481,32,121,420
481,32,130,422
483,30,142,423
486,30,135,424
490,28,131,424
496,24,139,429
498,23,142,431
501,20,139,432
505,19,135,434
508,16,132,436
511,14,129,437
514,11,126,441
514,8,126,446
514,5,126,447
513,2,127,452
513,0,127,454
514,0,126,455
517,0,123,457
520,0,120,458
521,0,119,461
524,0,116,462
524,0,116,464
525,0,115,467
520,0,120,468
515,0,125,468
511,0,129,471
506,0,134,468
495,0,145,468
485,0,155,453
478,0,162,454
469,0,171,454
452,0,188,453
436,0,204,455
428,0,212,456
424,0,216,460
431,0,209,461
461,0,179,463
495,0,145,466
518,0,122,467
513,0,127,470
508,0,132,471
506,0,134,468
503,0,137,466
489,0,151,467
480,0,160,469
471,0,169,472
468,0,172,475
467,0,173,477
468,0,172,477
442,0,198,474
417,0,223,468
399,0,241,470
383,0,257,471
373,0,267,470
373,0,267,471
378,0,262,475
390,0,245,478
406,0,224,480
429,0,193,480
454,0,168,480
458,0,161,480
458,0,158,480
457,0,157,480
458,0,155,476
459,0,156,472
460,0,163,472
460,0,170,470
462,0,174,457
463,0,177,457
470,0,170,455
472,0,168,454
474,0,166,464
463,2,177,460
444,0,196,467
432,0,208,467
428,0,212,469
425,0,215,468
426,0,214,468
428,0,212,469
436,0,204,468
443,0,197,465
455,0,185,466
464,0,176,472
475,0,165,475
484,0,156,475
490,0,150,480
496,0,144,480
500,0,140,480
509,0,131,480
517,0,123,480
526,116,100,364
535,82,94,398
556,49,67,211
529,52,62,67
543,55,55,95
556,57,49,123
570,59,42,152
584,62,35,180
598,64,28,209
612,66,21,238
626,68,14,266
617,67,23,255
614,64,26,323
608,64,32,395
590,64,50,416
582,62,58,418
575,60,65,420
569,60,71,420
564,0,76,480
556,0,84,480
530,0,110,480
492,0,148,480
463,0,177,480
440,0,200,480
422,0,218,480
410,0,230,480
400,0,240,480
388,0,252,480
379,0,261,480
374,0,266,480
370,0,270,480
360,0,280,480
356,0,284,480
350,0,286,480
342,0,274,480
337,0,256,480
329,0,233,480
319,0,220,480
313,0,201,480
310,0,184,480
310,6,167,474
310,8,153,472
302,12,151,468
292,13,153,467
284,14,154,466
282,18,153,462
282,36,154,444
278,30,158,450
278,28,158,452
275,26,161,454
275,17,161,463
273,15,163,465
271,2,166,478
269,0,168,480
267,0,172,480
265,0,174,480
264,0,177,480
264,0,178,480
262,0,181,480
262,0,182,480
260,0,184,480
259,0,185,480
258,0,183,480
257,0,184,480
256,0,183,480
254,0,183,480
252,0,183,480
250,0,183,480
247,0,183,480
246,0,184,480
244,0,186,480
244,0,187,480
244,0,188,480
242,0,189,480
240,0,191,480
239,0,192,480
236,0,195,480
232,0,198,480
227,0,203,480
222,0,208,480
218,0,212,480
212,0,218,480
207,0,222,480
205,0,223,480
204,0,222,480
202,0,221,480
199,0,220,480
190,0,228,480
175,0,251,480
157,0,284,480
145,0,297,480
132,0,314,480
120,0,327,480
112,0,340,480
112,0,342,480
126,0,328,480
140,0,314,480
163,0,291,480
181,0,273,480
210,0,244,480
233,0,214,480
258,0,187,480
274,0,163,480
284,0,144,444
292,0,123,277
312,0,106,273
324,0,94,273
324,0,94,273
268,48,78,228
212,96,62,184
156,144,46,140
101,192,29,96
101,137,43,343
100,7,56,473
91,1,86,479
85,0,126,480
80,0,150,480
72,0,206,480
61,0,268,480
49,0,304,480
38,0,313,480
29,0,322,480
21,0,331,480
17,0,333,480
5,0,348,480
0,0,353,480
0,0,357,480
0,0,358,480
0,0,359,480
0,0,362,480
0,0,362,480
0,0,360,480
0,0,359,480
0,0,355,480
0,0,352,480
4,0,343,480
7,0,337,480
10,0,330,480
15,0,317,480
19,0,311,480
23,0,305,480
26,0,298,480
30,0,294,480
32,0,291,480
35,1,285,479
37,1,281,479
37,1,280,479
39,1,279,479
40,1,280,479
41,0,279,480
43,0,277,480
44,1,276,479
49,1,271,479
53,1,267,479
53,1,266,479
54,1,264,479
55,1,264,479
57,1,263,479
57,1,264,479
60,1,262,479
60,1,262,479
60,0,262,480
60,0,262,480
60,0,262,480
60,1,262,479
60,1,261,479
60,1,260,479
60,1,258,479
58,1,258,479
58,1,258,479
54,1,260,479
51,1,261,479
48,1,261,479
46,1,263,479
44,1,260,479
40,1,262,479
38,1,262,479
34,1,263,479
