103,0,140,465
99,0,144,464
100,0,141,462
97,0,147,464
97,0,144,460
95,0,149,464
95,0,148,464
96,0,148,464
95,0,149,466
96,0,147,465
98,0,142,467
101,0,137,466
104,0,135,464
109,0,131,466
108,0,132,465
115,0,126,468
116,0,126,468
117,0,126,470
116,0,125,473
115,0,126,473
116,0,124,472
115,0,126,475
114,0,126,476
114,0,126,477
113,0,125,479
112,0,128,480
113,0,125,480
111,0,127,480
112,0,126,480
112,0,126,480
113,0,125,480
113,0,123,480
113,0,126,480
113,0,126,480
113,0,127,480
112,0,128,480
112,0,124,478
109,0,126,477
111,0,125,476
109,0,126,474
107,0,129,476
105,0,130,473
104,0,131,471
102,0,133,470
101,0,133,468
100,0,134,467
98,0,139,468
96,0,141,466
95,0,141,465
94,0,141,463
97,0,139,465
95,0,141,465
98,0,139,465
100,0,137,465
102,0,135,465
104,0,133,465
107,0,131,465
109,0,129,465
111,0,127,465
114,0,125,464
116,0,123,464
121,0,118,464
120,0,119,464
120,0,119,464
120,0,119,464
119,0,120,464
119,0,120,464
118,0,121,464
118,0,121,464
117,0,122,464
117,0,122,464
116,0,123,464
116,0,123,464
115,0,124,464
115,0,124,464
114,0,125,464
114,0,125,464
113,0,126,464
113,0,126,464
112,0,127,464
113,0,126,464
114,0,125,464
115,0,124,464
115,0,124,464
116,0,123,464
116,0,123,464
117,0,122,464
117,0,122,464
118,0,121,464
118,0,121,464
119,0,120,464
119,0,120,464
119,0,119,464
119,0,119,464
119,0,119,464
119,0,119,464
119,0,119,464
119,0,118,464
119,0,118,464
119,0,118,464
119,0,118,464
119,0,118,464
119,0,118,464
120,0,117,464
120,0,117,464
120,0,117,463
121,0,116,463
121,0,117,463
131,0,116,464
134,0,116,463
137,0,116,463
140,0,116,463
144,0,115,462
147,0,115,462
150,0,115,462
153,1,115,460
157,1,114,460
163,1,111,460
168,1,110,460
173,1,110,460
178,0,110,461
183,0,110,460
188,0,110,460
193,0,110,460
198,0,110,460
203,0,110,460
209,0,111,460
215,0,111,459
221,0,112,459
227,0,113,458
233,0,113,458
239,0,114,457
245,0,115,457
251,0,115,456
257,0,116,456
263,0,117,455
268,0,119,455
274,1,120,454
282,0,118,475
285,16,117,463
291,19,116,460
293,11,114,468
299,18,113,461
305,15,113,465
304,10,114,469
306,10,110,466
308,7,110,466
309,0,110,468
310,0,109,464
311,0,109,459
312,0,108,455
313,0,108,451
313,0,110,448
314,0,111,445
314,0,114,442
314,0,116,439
315,0,118,440
316,0,120,442
317,0,123,444
318,0,125,446
318,0,131,449
318,0,136,452
318,0,142,455
318,0,146,456
318,0,149,456
318,0,153,457
318,0,156,458
318,0,160,459
318,0,161,456
318,0,162,453
316,0,165,449
315,0,166,447
313,0,169,444
312,0,170,442
310,0,173,439
310,0,173,439
311,0,172,439
311,0,173,441
312,0,172,443
313,0,172,445
313,0,172,447
314,0,172,450
315,0,171,454
315,0,172,457
316,0,171,461
316,0,172,465
318,0,170,467
320,0,168,468
321,0,169,467
323,0,169,465
325,0,168,463
327,0,168,461
329,0,170,459
330,0,172,458
332,0,174,456
334,0,174,456
336,0,175,456
338,0,175,457
339,0,177,459
342,0,177,463
345,0,176,467
347,0,177,471
350,0,177,475
353,0,176,479
354,0,176,479
355,0,175,479
357,0,174,479
358,0,173,479
360,0,172,479
361,0,171,479
362,0,171,479
364,0,169,479
365,0,169,479
367,0,162,479
368,0,164,479
368,0,163,479
369,0,161,479
370,0,159,479
371,0,157,479
372,0,155,479
374,0,153,479
376,0,150,479
378,0,148,479
379,0,146,479
384,0,141,479
385,0,140,480
390,0,138,475
392,0,143,471
395,0,148,467
398,0,152,463
399,0,159,460
400,0,166,457
400,0,173,453
401,0,180,450
403,0,183,451
403,0,185,452
402,0,187,453
402,0,189,455
402,0,191,456
410,0,185,457
415,0,182,460
422,0,176,461
429,0,171,462
437,0,164,464
439,0,163,465
441,0,162,466
443,0,162,467
446,0,160,468
450,0,156,468
450,0,160,468
459,0,156,470
468,0,151,471
478,0,145,472
487,0,140,474
496,0,136,475
501,0,138,475
505,0,134,475
508,0,131,475
512,0,127,475
516,0,123,475
518,0,122,479
521,0,119,479
524,0,116,479
526,0,114,479
529,0,111,480
532,0,108,480
534,0,106,480
537,0,102,480
538,0,102,480
539,0,101,480
541,0,99,480
542,0,98,480
543,0,97,480
544,0,96,480
552,0,88,480
560,0,80,480
568,0,72,480
577,0,63,480
585,0,55,480
585,0,55,480
585,0,55,480
585,0,55,480
585,1,55,479
585,1,55,479
585,2,55,478
585,2,55,478
585,2,55,478
586,3,54,477
586,3,54,477
586,4,54,476
586,4,54,476
586,4,54,476
586,5,54,475
586,5,54,475
586,6,54,474
586,6,54,474
586,6,54,474
587,7,53,473
587,7,53,473
587,8,53,472
587,8,53,472
587,9,53,471
587,9,53,471
587,9,53,471
587,10,53,470
587,10,53,470
587,11,53,469
588,11,52,469
588,11,52,469
588,12,52,468
588,12,53,468
588,13,53,467
588,13,53,467
588,13,53,467
588,14,53,466
588,14,53,466
589,15,52,465
589,15,52,465
589,15,52,465
589,16,52,464
589,16,52,464
589,17,52,463
589,17,52,463
589,17,52,463
589,18,52,462
589,18,52,462
590,19,51,461
590,19,51,461
590,20,51,460
590,20,51,460
590,20,51,460
590,21,51,459
590,21,51,459
590,22,51,458
590,22,51,458
590,22,51,458
591,23,50,457
591,23,50,457
591,24,50,456
591,24,50,456
591,24,50,456
591,25,50,455
591,25,50,455
591,26,50,454
591,26,50,454
592,26,49,454
592,27,49,453
592,27,49,453
592,28,49,452
592,28,49,452
592,28,49,452
592,29,49,451
592,29,49,451
592,30,49,450
592,30,49,450
593,30,48,450
593,31,48,449
593,31,48,449
593,32,48,448
593,32,48,448
593,32,48,448
593,33,48,447
593,33,48,447
593,34,48,446
593,34,48,446
594,35,47,445
594,35,47,445
594,35,48,445
594,36,48,444
594,36,48,444
594,37,48,443
594,37,48,443
594,37,48,443
594,38,48,442
594,38,48,442
595,39,47,441
595,39,47,441
595,39,47,441
595,40,47,440
595,40,47,440
595,41,47,439
595,41,47,439
595,41,47,439
595,42,47,438
596,42,46,438
596,43,46,437
596,43,46,437
596,43,46,437
596,44,46,436
596,44,46,436
596,45,46,435
596,45,46,435
596,45,46,435
596,46,46,434
597,46,45,434
597,47,45,433
597,47,45,433
597,48,45,432
597,48,45,432
597,48,45,432
597,49,45,431
597,49,45,431
597,50,45,430
598,50,44,430
598,50,44,430
598,51,44,429
598,51,44,429
598,52,44,428
598,52,44,428
598,52,44,428
598,53,44,427
598,53,44,427
598,54,44,426
599,54,43,426
599,54,43,426
599,55,43,425
599,55,43,425
599,56,43,424
581,53,59,427
566,40,74,440
557,0,83,480
530,0,110,479
521,0,119,480
506,0,121,480
492,0,120,480
475,0,129,480
462,0,127,480
445,0,130,480
430,0,132,480
413,0,135,480
400,0,135,480
384,0,139,480
367,0,144,480
351,0,146,480
334,0,158,480
318,3,172,476
302,0,193,480
287,0,201,480
278,0,198,480
268,0,196,480
251,0,201,480
236,0,204,480
224,0,209,480
211,0,216,480
193,0,227,480
181,1,227,479
168,1,227,479
156,1,228,479
150,0,216,480
140,0,215,480
139,0,202,480
137,0,190,480
136,0,177,480
134,0,165,480
131,0,160,480
129,0,153,480
118,0,156,480
106,0,159,480
95,0,162,480
83,0,165,480
71,0,165,480
58,0,166,480
45,0,171,480
28,0,171,480
18,0,170,480
8,1,169,478
0,1,167,478
0,1,154,478
0,1,140,478
0,1,127,478
0,1,110,478
0,0,92,479
0,0,75,479
0,27,58,452
0,33,47,446
0,46,51,433
0,49,49,430
0,51,48,428
0,54,46,425
0,57,45,422
0,58,43,421
0,54,43,425
0,56,43,423
0,60,50,420
0,66,54,413
0,71,57,408
0,71,62,409
0,71,66,405
0,71,70,400
0,71,70,396
0,71,70,391
0,65,72,403
0,58,73,416
0,52,75,428
0,51,80,429
0,50,86,430
0,49,92,431
0,48,97,432
0,0,103,480
0,0,108,480
0,1,114,479
0,0,119,480
0,0,128,480
0,0,136,480
0,0,146,480
0,0,156,480
0,0,163,476
0,0,170,472
5,0,170,470
12,0,170,469
19,0,170,467
26,0,170,466
33,0,170,465
40,0,171,463
46,0,172,462
55,0,169,462
63,1,167,462
72,1,163,462
80,1,161,462
89,1,158,463
94,6,157,457
100,8,155,453
105,11,154,449
111,13,152,446
116,15,151,443
121,15,149,442
127,14,147,442
132,14,146,440
129,13,149,440
130,11,148,434
130,10,148,428
131,9,148,428
132,8,147,429
132,6,147,431
133,5,146,432
135,6,144,430
137,6,142,430
139,7,140,429
140,7,139,428
142,8,132,427
142,8,122,427
143,8,116,426
145,9,113,425
145,9,108,425
142,9,110,426
141,10,109,425
140,10,108,425
139,10,107,425
138,10,106,425
135,8,108,427
132,6,111,429
131,6,111,428
131,6,109,426
130,6,109,425
129,6,109,424
128,6,109,423
127,6,108,422
127,6,108,418
127,6,106,420
124,7,108,417
120,8,110,415
116,9,112,412
113,10,114,410
104,9,120,409
96,9,126,408
88,9,132,407
80,9,138,405
72,9,144,404
63,8,149,404
60,8,149,404
56,7,149,405
53,7,149,405
49,6,150,407
47,6,150,409
44,6,152,411
47,6,152,411
49,6,153,412
54,4,152,415
58,2,152,419
61,3,153,419
64,3,155,421
64,3,163,423
69,7,161,416
74,7,159,417
79,8,157,417
84,7,154,418
88,6,149,419
92,4,145,421
96,3,140,422
101,2,132,423
105,1,124,424
109,0,117,425
113,0,117,425
118,0,119,425
122,1,118,424
129,3,116,422
135,5,115,420
133,7,123,420
131,9,131,419
137,11,130,419
143,14,132,418
148,15,133,417
154,17,134,414
163,18,134,412
172,19,134,409
174,19,139,406
182,17,140,409
189,17,140,409
197,16,139,410
204,16,139,410
211,15,139,411
219,15,139,411
225,15,137,410
231,15,135,409
240,15,128,409
249,15,117,409
258,14,112,409
266,14,108,407
275,13,103,407
287,13,94,402
295,13,93,402
302,13,93,402
310,12,91,402
319,10,91,402
328,8,92,402
336,6,94,402
345,4,94,402
354,2,95,402
358,2,102,400
362,2,108,398
363,2,109,398
364,2,110,398
365,1,110,399
366,1,111,399
367,1,112,399
368,1,112,399
370,0,112,400
371,0,113,400
372,0,110,401
374,0,105,403
428,30,49,375
427,26,41,380
427,26,30,380
427,26,22,380
0,0,0,0
0,0,0,0
0,0,0,0
0,0,0,0
0,0,0,0
0,0,0,0
0,0,0,0
0,0,0,0
0,0,0,0
0,0,0,0
0,0,0,0
0,0,0,0
0,0,0,0
0,0,0,0
0,0,0,0
0,0,0,0
0,0,0,0
0,0,0,0
0,0,0,0
0,0,0,0
0,0,0,0
0,0,0,0
0,0,0,0
0,0,0,0
184,-1,121,481
182,0,130,478
184,0,130,478
179,0,142,475
175,0,151,479
172,0,156,478
166,0,161,476
164,0,156,479
166,0,144,475
161,0,142,475
219,0,83,478
217,0,82,472
214,0,84,471
215,0,83,469
215,0,82,469
216,0,87,472
226,0,90,471
241,0,82,472
252,0,82,477
262,0,90,478
270,0,89,480
277,0,96,480
282,1,100,479
289,0,103,479
298,0,103,477
304,0,105,480
311,0,107,480
317,0,111,480
317,0,118,480
317,0,124,480
317,0,131,480
317,0,137,480
317,0,144,480
316,0,149,480
315,0,154,480
314,0,159,480
313,0,164,480
312,0,170,480
311,0,175,480
311,0,181,480
311,0,187,480
311,0,193,480
311,0,199,480
311,0,202,480
311,0,206,480
311,0,209,480
311,0,213,480
311,0,217,480
311,0,226,480
311,0,232,480
311,0,239,480
311,0,245,480
304,0,245,480
297,0,250,480
293,0,246,480
289,0,247,480
284,0,250,480
281,0,248,480
281,0,241,480
272,0,243,480
269,0,246,480
266,0,249,480
262,0,253,480
258,0,257,480
257,0,259,480
256,0,262,480
255,0,265,480
254,0,269,480
250,0,272,480
246,0,275,480
241,0,276,480
237,0,275,480
233,0,275,480
229,0,274,480
225,0,274,480
221,0,273,480
221,0,278,480
221,0,282,480
221,0,287,480
221,0,291,480
221,0,296,480
219,0,298,480
217,0,300,480
215,0,302,480
212,0,306,480
209,0,309,480
206,0,313,480
202,0,318,480
199,0,322,480
196,0,326,480
194,0,328,480
192,0,330,480
188,0,334,480
184,0,338,480
182,0,336,480
180,0,334,480
179,0,332,480
177,0,330,480
176,0,328,480
175,0,327,480
176,0,324,480
177,0,320,480
175,0,322,480
172,0,325,480
169,0,328,480
166,0,331,480
163,0,334,480
160,0,337,480
160,0,339,480
160,0,341,480
160,0,342,480
160,0,344,480
160,0,346,480
160,0,350,480
160,0,355,480
160,0,359,480
160,0,364,480
160,0,369,480
160,0,374,480
167,0,373,480
173,0,374,479
179,0,375,479
185,0,376,478
190,0,377,478
193,0,379,478
195,0,381,479
198,1,382,478
200,1,385,478
198,1,385,478
195,1,385,478
192,1,386,478
190,1,385,478
187,1,386,478
184,1,387,478
179,1,385,478
175,1,382,478
170,1,381,478
167,1,377,479
166,1,368,479
164,1,360,478
162,1,352,478
154,1,349,478
143,1,347,478
131,1,345,478
119,0,343,480
107,0,341,480
96,1,339,479
84,0,335,480
75,0,332,480
66,0,328,480
57,0,325,480
53,0,319,480
49,0,313,480
38,0,316,480
28,0,318,480
19,0,318,480
10,0,319,480
7,0,315,480
4,0,312,480
0,0,309,480
0,0,303,480
0,0,296,480
0,0,290,480
0,0,281,480
0,0,272,480
0,0,263,480
0,0,257,480
0,0,251,480
0,0,235,480
0,0,233,480
0,0,231,480
0,0,229,480
0,0,222,480
0,0,220,480
0,0,214,480
0,0,209,480
0,0,202,480
0,0,196,480
0,0,188,480
0,0,181,480
0,0,174,480
0,0,164,480
0,0,145,480
0,0,126,480
0,0,120,480
0,0,115,480
0,0,110,480
0,0,105,480
0,0,99,480
0,0,97,480
0,0,94,480
0,0,91,480
0,0,86,480
0,0,80,480
0,0,75,480
0,0,69,480
0,0,63,480
0,0,57,480
0,0,50,480
0,0,44,480
0,0,38,480
0,0,35,480
0,0,37,480
0,0,39,480
0,0,41,480
0,0,43,480
0,0,44,480
0,0,48,480
0,0,57,480
0,0,66,480
0,0,75,480
0,0,83,480
0,0,92,480
0,0,101,480
0,0,110,480
0,0,119,480
0,0,127,480
0,0,135,480
0,0,143,480
0,0,151,480
0,0,159,480
0,0,171,480
0,1,184,479
0,1,196,479
8,1,196,479
17,1,195,479
25,0,196,480
33,0,196,480
42,0,195,480
48,0,199,480
53,0,203,480
59,0,207,480
65,0,210,480
71,0,213,480
77,0,217,480
86,0,216,480
95,0,214,480
104,0,213,479
113,0,211,479
122,0,210,479
130,0,212,479
138,0,213,479
146,0,215,479
128,0,242,480
110,0,270,480
107,0,270,480
104,0,270,479
111,0,266,479
117,0,263,479
124,0,255,479
130,0,255,479
158,0,240,479
173,0,237,480
179,0,239,480
184,0,242,480
189,0,246,480
195,3,243,477
195,3,247,477
196,3,247,477
198,3,246,477
200,3,240,477
204,3,231,477
208,3,222,477
214,2,213,478
220,1,199,479
225,1,185,479
231,0,171,480
242,0,165,480
242,0,168,480
246,0,169,480
250,0,170,480
247,0,182,480
244,0,195,480
250,0,198,480
256,0,204,480
261,0,210,480
265,0,214,480
268,0,220,480
272,0,224,480
272,0,230,480
272,0,233,480
272,0,235,480
276,0,227,480
280,0,218,480
284,0,209,480
288,0,200,480
292,0,192,480
298,0,186,480
304,0,181,480
310,0,182,479
316,0,184,479
298,0,212,479
282,0,234,479
271,0,253,479
266,0,264,479
261,0,274,479
265,0,273,480
269,0,275,480
273,0,278,479
282,0,276,479
318,0,246,479
328,0,246,479
338,0,246,480
347,0,246,480
348,0,252,480
348,0,258,480
349,0,264,480
353,0,268,479
356,0,265,479
359,0,262,479
369,0,248,479
384,0,223,479
396,0,201,479
410,0,174,479
420,0,150,479
430,0,138,479
423,0,128,480
420,0,125,480
420,0,117,480
421,0,108,480
419,0,99,480
419,0,97,480
419,0,97,480
419,0,95,480
419,0,93,480
419,0,91,480
419,0,89,480
419,0,86,480
419,0,84,480
419,265,76,215
419,306,68,174
421,355,55,125
421,355,40,125
421,355,40,125
406,344,42,136
392,333,43,147
377,321,45,159
363,310,46,170
349,299,47,181
334,288,49,192
320,276,50,204
305,265,52,215
291,254,53,226
277,242,54,238
262,231,56,249
248,220,57,260
233,209,59,271
219,197,60,283
204,186,62,294
190,175,62,305
176,164,63,316
161,152,65,328
147,141,66,339
132,130,68,350
127,120,79,359
122,16,92,464
117,21,107,459
118,15,110,465
114,16,120,464
117,0,126,480
120,0,128,480
123,0,132,480
125,0,137,480
128,0,144,480
131,0,148,480
133,0,153,480
136,0,158,480
138,0,163,480
140,0,166,480
142,0,170,480
144,0,173,480
146,0,176,480
148,0,179,480
149,0,184,480
150,0,188,479
151,0,192,479
152,0,196,479
151,0,203,479
150,0,209,479
149,0,216,479
149,0,220,479
149,1,223,479
149,1,227,479
149,1,231,479
151,1,227,479
153,1,223,479
155,1,219,479
158,1,210,479
164,1,207,479
170,1,204,479
176,0,201,480
181,0,199,480
180,0,206,480
179,0,212,480
177,0,219,480
176,0,227,480
174,0,233,480
173,0,241,480
174,0,244,480
174,0,246,480
183,0,240,480
186,0,239,480
187,0,239,480
185,0,242,480
183,0,247,480
181,0,251,480
179,0,256,480
178,0,260,480
178,0,264,480
180,0,265,480
182,0,267,480
184,0,269,480
187,0,267,480
191,0,271,480
193,0,276,480
195,0,285,480
200,0,287,480
205,0,290,480
208,0,290,480
213,0,295,480
216,0,302,479
224,1,304,479
229,0,312,479
234,0,311,479
240,1,316,479
246,1,321,479
252,0,327,480
257,0,335,480
266,0,340,480
272,0,345,480
267,0,350,480
261,0,356,480
260,0,357,480
260,0,362,480
255,0,367,480
251,0,371,480
247,0,375,480
242,0,380,480
238,0,384,480
234,0,388,480
231,0,383,480
226,0,382,480
220,0,383,480
214,0,383,480
208,0,389,480
202,0,384,480
193,0,388,480
184,0,389,480
176,1,388,479
169,0,388,479
157,0,389,479
146,0,388,479
134,0,388,479
123,0,388,479
109,0,391,479
95,0,395,479
82,0,398,479
72,0,400,479
62,0,403,479
52,0,405,479
43,0,407,479
39,0,407,479
34,0,410,479
29,0,413,480
24,0,416,480
21,0,417,480
18,0,417,480
14,0,419,480
15,0,418,480
16,0,417,480
17,0,416,480
18,0,415,480
19,0,414,480
20,0,413,480
21,0,412,480
23,0,415,480
24,0,418,480
25,0,421,480
26,0,424,480
28,0,431,480
32,0,435,480
32,0,442,480
35,0,444,480
38,0,447,480
42,0,447,480
45,0,451,480
49,0,451,480
53,0,449,480
57,1,447,479
58,1,443,479
58,1,439,479
59,1,435,479
57,1,431,479
56,1,426,479
55,1,421,479
52,1,415,479
50,1,408,479
48,1,400,479
44,1,395,479
40,1,390,479
37,1,383,479
34,1,377,479
31,1,371,479
28,1,366,479
25,1,360,479
23,1,361,479
26,1,351,479
32,1,337,479
35,1,327,479
39,1,323,479
44,1,317,479
49,1,311,479
53,1,306,479
57,1,301,479
62,1,294,479
67,1,288,479
77,1,278,479
86,1,269,479
95,1,260,479
104,1,250,479
113,1,241,479
123,1,231,479
132,1,222,479
141,1,213,479
151,1,208,479
161,1,203,479
171,1,198,479
181,1,193,479
187,0,190,480
193,0,188,479
199,0,183,479
206,0,176,479
212,0,170,479
219,0,167,479
225,0,160,479
225,0,159,479
225,0,158,479
226,0,156,479
227,0,159,479
229,0,165,479
235,0,163,479
242,0,162,479
244,0,166,479
246,0,170,479
248,0,174,479
248,0,198,479
247,0,204,479
251,0,201,479
255,0,198,479
260,0,192,480
261,0,190,480
262,0,188,480
266,0,185,480
271,0,181,480
275,0,178,480
280,0,173,479
284,0,170,479
288,0,170,479
292,0,170,479
295,0,172,479
299,0,171,479
302,0,171,479
305,0,171,479
308,0,170,480
312,0,167,480
313,0,168,480
315,1,169,479
317,1,169,479
318,1,171,479
320,1,171,479
323,1,169,479
327,1,165,479
330,1,162,479
333,1,160,479
336,1,157,479
340,1,153,479
344,1,150,479
348,1,146,479
352,1,142,479
356,1,139,479
356,1,139,479
360,1,137,479
365,1,135,479
369,1,133,479
374,1,131,479
375,1,132,479
377,1,133,479
378,1,134,479
380,1,135,479
381,1,136,479
383,1,134,477
384,1,133,475
386,1,131,472
386,1,141,469
388,1,146,465
389,1,154,463
391,0,161,463
393,0,166,462
395,0,169,463
397,0,173,464
399,0,172,467
401,0,171,467
403,0,175,468
406,0,178,469
408,0,183,471
411,0,186,472
413,0,190,474
416,0,193,475
418,0,198,476
427,0,194,478
436,0,191,479
445,0,189,479
454,0,186,480
461,0,179,480
468,0,172,480
475,0,165,480
483,1,157,479
490,1,150,479
492,1,148,479
494,1,146,479
496,1,144,479
510,1,130,479
524,1,116,479
537,1,103,479
551,2,89,478
564,2,76,478
582,5,58,475
582,5,58,475
582,5,58,475
582,6,58,474
582,6,58,474
582,6,58,474
582,6,58,474
582,7,58,473
582,7,58,473
582,7,58,473
582,7,58,473
582,8,58,472
582,8,58,472
582,8,58,472
582,9,58,471
582,9,58,471
582,9,58,471
582,9,58,471
581,10,59,470
581,10,59,470
581,10,59,470
581,10,59,470
581,11,59,469
581,11,59,469
581,11,59,469
581,12,59,468
581,12,59,468
581,12,59,468
581,12,59,468
581,13,59,467
581,13,59,467
581,13,59,467
581,13,59,467
581,14,59,466
581,14,59,466
581,14,59,466
581,15,59,465
580,15,60,465
580,15,60,465
580,15,60,465
580,16,60,464
580,16,60,464
580,16,60,464
580,16,60,464
580,17,60,463
580,17,60,463
580,17,60,464
580,18,60,463
580,18,60,463
580,18,60,463
580,18,60,463
580,19,60,462
580,19,60,462
580,19,60,462
580,19,60,462
580,20,60,461
579,20,61,461
579,20,61,461
579,21,61,460
579,21,61,460
579,21,61,460
579,21,61,460
579,22,61,459
579,22,61,459
579,22,61,459
579,22,61,459
579,23,61,458
579,23,61,458
579,23,61,458
579,24,61,457
579,24,61,457
579,24,61,457
579,24,61,457
579,25,61,456
579,25,61,456
578,25,62,456
578,25,62,456
578,26,62,455
578,26,62,455
578,26,62,455
578,26,62,455
578,27,62,454
578,27,62,454
578,27,62,454
578,28,62,453
578,28,62,453
578,28,62,453
578,28,62,453
578,29,62,452
578,29,62,452
578,29,62,452
578,29,62,452
578,30,62,451
578,30,62,451
577,30,63,451
577,31,63,450
577,31,63,450
577,31,63,450
577,31,63,450
577,32,63,449
577,32,63,449
577,32,63,449
577,32,63,449
577,33,63,448
577,33,63,448
577,33,63,448
577,34,63,447
577,34,63,447
577,34,63,447
577,34,63,447
577,35,63,446
577,35,63,446
576,35,64,446
576,35,64,446
576,36,64,445
576,36,64,445
576,36,64,445
576,37,64,444
576,37,64,444
576,37,64,444
576,37,64,444
576,38,64,443
576,38,64,443
576,38,64,443
576,38,64,443
576,39,64,442
576,39,64,442
576,39,64,442
576,40,64,441
576,40,64,441
576,40,64,441
576,40,64,441
553,24,87,456
544,0,96,480
530,1,84,479
517,0,91,480
503,0,88,480
488,0,88,480
475,0,83,480
463,0,89,480
448,0,93,479
436,0,95,480
418,0,107,480
409,0,110,480
398,0,115,480
387,0,120,480
390,0,124,480
392,0,129,480
394,0,134,480
397,0,137,480
399,0,142,480
400,0,148,480
402,0,153,480
403,0,159,480
404,0,165,480
405,0,171,480
406,0,177,480
408,0,180,480
402,0,191,480
405,0,191,480
407,0,192,480
409,0,194,480
412,0,194,480
414,0,196,480
416,0,197,480
416,0,200,480
416,0,203,480
416,0,206,480
420,0,206,480
424,0,207,480
428,0,208,480
432,0,208,480
436,0,204,480
440,0,200,480
443,0,197,480
446,0,194,480
448,0,192,480
452,0,188,480
456,0,184,480
461,0,179,480
465,0,175,480
469,0,171,480
473,0,167,480
474,0,166,480
476,0,164,480
477,0,163,480
478,0,162,480
468,0,172,480
469,0,171,480
471,0,169,480
472,0,168,480
474,1,166,479
475,1,165,479
467,1,173,479
462,1,178,479
456,1,180,479
450,1,187,479
442,1,189,479
431,1,191,479
419,1,194,479
409,0,196,480
401,0,193,480
393,0,184,480
386,0,175,480
379,0,166,480
372,0,164,480
364,0,167,480
357,0,169,479
350,0,168,479
342,0,170,479
335,0,168,476
328,0,166,472
321,0,165,469
313,0,164,466
306,0,162,462
293,0,167,459
284,0,165,455
276,0,162,452
268,0,159,449
257,1,158,447
247,2,156,445
236,4,155,442
226,5,153,441
215,6,153,439
205,7,151,437
194,8,150,435
184,10,148,433
173,12,147,430
161,13,149,429
149,13,150,429
152,23,149,425
150,24,149,422
148,24,150,420
146,24,151,417
142,26,155,410
139,25,158,407
136,24,160,404
134,23,162,400
130,22,160,401
127,22,157,401
124,21,155,402
121,20,152,403
121,34,150,411
127,48,139,395
126,52,140,394
128,59,138,390
130,59,136,383
135,61,134,384
140,65,135,378
148,58,135,376
155,56,132,374
167,51,130,373
175,46,129,371
187,44,129,368
200,37,127,367
212,32,125,367
224,28,123,361
234,22,119,365
239,18,121,368
244,16,121,368
252,16,121,367
260,16,121,365
268,16,121,364
276,16,121,362
284,20,122,357
291,25,124,351
299,30,124,345
306,34,126,346
314,39,127,346
325,44,127,344
335,49,129,343
341,53,125,341
339,57,124,339
342,58,122,338
345,59,120,336
348,60,117,334
346,57,118,334
344,55,119,333
342,52,120,333
340,50,122,332
337,47,124,333
334,44,127,334
331,40,130,336
328,38,133,336
325,37,135,335
322,35,138,335
319,36,140,335
320,38,139,330
321,39,137,325
322,41,136,320
324,35,133,322
325,35,132,324
326,41,128,318
327,40,127,322
328,44,125,318
329,48,122,314
322,30,113,317
322,30,110,322
324,39,105,313
319,33,107,312
314,35,108,314
309,40,113,309
304,41,110,309
300,49,110,303
296,51,110,304
292,56,105,302
289,63,102,298
284,65,102,299
281,68,99,296
274,70,101,297
269,71,101,294
264,71,100,292
259,72,100,289
253,73,101,286
248,70,100,287
243,68,100,287
237,65,100,288
232,62,100,289
226,61,99,289
220,59,98,290
214,58,96,290
209,57,94,290
209,57,88,290
200,59,88,289
193,60,86,289
186,61,84,290
179,63,83,289
173,64,80,289
166,65,78,290
159,67,75,290
152,68,72,291
147,68,73,291
151,70,72,288
155,71,72,286
155,70,73,286
156,70,72,285
156,70,73,284
156,69,73,284
157,69,73,283
157,69,74,281
157,68,74,281
158,68,74,279
158,68,74,282
158,68,74,277
159,69,73,275
159,70,73,274
159,71,77,273
160,72,80,273
162,73,84,272
163,72,88,271
165,73,87,269
166,74,86,267
167,74,85,267
168,74,84,267
170,74,82,267
171,71,81,270
172,72,80,268
174,72,78,268
175,73,77,266
176,73,76,266
176,73,76,266
176,73,76,265
176,72,76,266
176,72,76,266
175,79,77,277
175,100,77,265
176,97,76,265
179,98,73,266
182,102,69,264
186,98,67,268
190,100,65,266
193,93,63,264
197,86,61,267
201,80,58,270
204,72,57,271
208,64,54,273
209,57,55,274
212,48,54,278
215,43,52,279
217,38,52,280
219,35,52,281
221,31,52,283
223,28,52,285
226,24,51,287
226,25,53,288
226,27,55,287
226,28,57,288
226,29,59,289
226,34,61,291
226,42,63,286
226,48,64,286
227,56,65,283
228,64,66,279
229,72,67,275
230,80,69,272
232,84,68,268
264,87,36,34
266,86,36,34
268,82,36,34
270,79,36,34
271,74,36,34
272,69,37,34
273,64,37,35
274,61,37,34
276,58,37,34
278,57,37,34
278,57,38,34
280,57,37,34
282,61,38,34
283,66,38,34
285,71,38,34
286,76,38,34
288,81,38,34
289,86,38,34
291,90,38,34
293,95,38,34
294,98,38,35
295,101,39,35
298,101,38,35
300,100,39,36
301,97,42,36
304,94,41,36
308,90,39,36
309,85,41,35
310,78,41,37
312,73,42,39
314,69,42,39
315,65,43,40
317,60,43,41
318,60,42,39
318,58,43,41
318,57,44,41
319,57,44,42
320,58,43,42
320,58,43,44
321,61,43,43
321,64,43,41
320,66,43,42
320,69,42,41
319,71,43,41
318,74,43,41
318,76,42,41
316,75,43,41
315,73,42,41
313,72,43,41
312,69,42,40
310,65,43,40
309,62,42,40
308,59,42,39
306,57,42,39
304,54,42,39
302,52,42,38
301,51,42,39
299,50,42,40
297,51,43,38
296,53,42,38
295,54,42,39
294,56,42,39
292,58,43,38
291,60,42,38
290,62,42,38
289,61,42,38
287,60,43,38
286,59,43,38
285,58,42,38
284,57,42,39
282,54,43,39
281,52,42,38
279,49,43,38
278,46,42,38
276,44,42,39
274,41,42,41
272,39,42,41
270,38,42,41
268,37,42,41
265,36,43,40
263,38,43,40
261,39,43,38
259,39,43,38
257,39,43,38
256,40,42,38
254,40,42,38
252,40,42,38
250,40,42,39
248,41,42,38
248,40,42,38
247,39,43,38
247,38,42,38
246,36,43,39
245,34,45,39
243,33,47,38
242,31,48,39
240,30,50,38
239,29,51,38
237,28,51,39
235,27,52,40
233,27,52,40
225,27,59,60
216,27,66,79
207,27,74,98
198,27,81,118
190,27,88,137
189,28,87,361
186,28,89,363
183,28,90,366
187,27,90,369
192,27,89,371
196,26,90,373
200,25,90,376
204,25,90,378
208,24,90,381
212,24,90,382
217,23,89,385
221,22,90,388
226,16,90,394
230,17,92,393
238,16,94,395
240,14,102,398
241,12,110,401
242,11,119,403
243,9,127,406
246,7,134,409
260,4,130,413
268,4,131,414
276,3,133,416
286,3,130,418
295,3,127,420
305,3,124,422
314,2,122,425
323,2,119,427
333,2,122,426
342,2,126,424
349,1,130,426
357,1,134,427
364,1,139,428
373,1,143,434
382,1,146,440
391,1,145,440
403,1,144,445
413,1,146,453
421,1,147,459
427,3,147,463
423,0,145,470
420,2,142,471
417,2,144,474
413,1,147,479
411,1,148,479
408,1,149,479
406,0,150,480
403,0,152,480
400,0,154,480
397,0,155,480
394,0,156,480
390,0,159,480
387,0,160,480
383,0,162,480
380,0,164,479
376,0,166,479
373,0,168,479
366,0,169,479
351,0,172,479
342,0,173,479
332,0,172,480
321,0,175,480
312,1,178,479
283,1,192,479
261,1,201,479
237,1,209,479
219,1,211,479
201,1,213,479
182,1,215,479
164,1,216,479
147,1,217,479
136,0,212,479
125,0,206,479
109,0,205,479
93,0,204,479
71,0,204,479
47,0,210,479
29,0,209,479
10,0,210,479
0,0,201,480
0,0,182,480
0,0,172,480
0,0,167,480
0,0,162,480
0,0,157,480
0,0,154,480
0,0,152,480
0,0,150,480
0,0,147,480
0,0,145,480
0,0,143,480
0,0,142,480
0,0,145,480
0,0,169,480
0,0,179,480
0,0,188,480
0,0,198,480
0,0,207,480
0,0,216,480
0,0,220,480
0,0,224,480
0,0,230,480
0,0,237,480
0,0,243,480
6,0,244,480
18,0,244,480
33,0,245,480
57,0,230,480
71,0,225,480
86,0,219,480
100,0,214,480
110,0,212,480
120,0,210,480
128,0,211,480
137,0,211,480
145,0,212,480
154,0,212,480
163,0,212,480
171,0,213,480
180,0,213,480
188,0,214,480
196,1,215,479
204,1,216,479
205,1,216,479
202,1,217,479
202,1,219,479
203,1,221,479
204,1,222,479
204,1,223,479
204,1,223,479
204,1,224,479
204,1,224,479
202,1,227,479
199,1,231,479
197,1,235,479
194,1,239,479
192,1,242,479
189,1,246,479
187,1,249,479
184,1,253,479
182,1,256,479
179,1,259,479
177,1,261,479
174,1,264,479
171,1,267,479
169,1,269,479
166,1,272,479
163,1,275,479
161,1,277,479
158,1,280,479
156,1,282,479
157,1,281,479
159,1,279,479
160,1,282,479
161,1,285,479
162,1,287,479
163,1,290,479
164,1,293,479
165,1,296,479
166,1,299,479
167,1,301,479
168,1,304,479
169,1,307,479
170,1,310,479
172,1,312,479
179,1,309,479
186,1,305,479
194,1,300,479
202,1,294,479
210,1,288,479
219,1,281,479
227,1,275,479
242,1,269,479
250,1,267,479
259,1,263,479
267,1,269,479
272,1,273,479
277,1,276,479
281,1,281,479
286,1,284,479
296,1,283,479
305,1,283,479
314,1,282,479
326,0,275,479
342,0,263,479
358,0,251,479
370,0,242,479
380,1,237,478
390,1,231,478
401,2,225,478
411,2,219,478
419,2,216,478
427,2,213,478
431,2,209,478
443,1,197,479
443,1,197,479
444,1,196,479
445,1,195,479
446,0,193,480
447,0,192,480
449,0,190,480
452,0,188,480
455,0,185,480
458,0,182,480
461,0,179,480
463,0,177,480
479,0,161,480
494,0,146,480
505,0,135,480
527,0,113,480
549,0,91,480
571,0,69,480
575,0,65,480
573,0,67,480
564,0,76,480
557,0,83,480
551,0,89,480
545,0,95,480
539,0,101,480
533,0,107,480
527,0,113,480
521,0,119,480
524,0,116,480
520,0,120,480
516,0,124,480
511,0,129,480
507,0,133,480
501,0,139,480
495,0,145,480
489,0,151,480
491,0,149,480
494,0,146,480
496,0,144,480
499,0,141,480
501,0,139,480
503,0,137,480
506,0,134,480
505,0,135,480
505,0,135,480
500,0,140,480
496,0,144,480
494,0,146,480
492,0,148,480
488,0,152,480
484,0,156,480
479,0,161,480
475,0,165,480
470,0,170,480
464,0,176,480
459,0,181,480
454,0,186,480
453,0,187,480
453,0,187,480
453,0,187,480
453,0,187,480
453,0,187,480
460,0,180,480
466,0,174,480
472,0,168,480
478,0,162,480
473,0,167,480
468,0,172,480
464,0,176,480
460,0,180,480
458,0,182,480
456,0,184,480
450,0,190,480
445,0,195,480
439,0,201,480
434,0,206,480
428,0,212,480
420,0,212,480
411,0,214,480
402,0,216,480
393,0,218,480
383,0,221,480
379,0,214,480
373,0,211,480
368,0,208,480
362,0,205,480
365,0,194,480
367,0,183,480
373,0,194,480
379,1,197,479
392,1,187,479
401,1,175,479
408,1,155,479
398,1,159,479
391,1,156,479
384,1,153,479
377,1,151,479
376,1,142,479
374,1,134,479
366,1,140,479
357,1,146,479
344,1,152,479
332,1,127,479
332,1,114,479
319,1,115,479
312,1,109,479
305,1,103,479
300,1,100,479
295,1,97,479
295,1,92,479
299,1,77,479
303,1,63,479
303,1,54,479
307,3,54,477
311,16,54,464
316,28,54,452
321,40,54,439
326,52,54,427
331,64,54,415
335,76,54,403
340,89,54,390
345,101,54,377
350,113,54,365
355,125,54,353
359,137,55,341
364,150,54,327
369,162,54,315
374,174,54,303
379,186,54,291
384,198,54,279
388,210,55,266
393,223,54,253
398,235,54,241
403,247,54,229
408,259,54,217
412,271,55,204
417,284,55,191
422,296,54,179
427,308,54,167
432,320,54,154
436,332,55,142
441,344,55,130
446,357,54,117
451,369,54,105
456,381,54,92
460,393,55,80
465,405,55,68
470,418,55,55
470,386,55,88
470,354,55,120
471,323,55,152
471,291,55,185
471,260,56,217
471,228,56,250
471,197,57,282
472,165,56,314
472,134,56,346
472,102,57,379
470,50,61,430
472,10,64,470
470,5,73,475
473,0,84,480
472,0,97,480
469,1,107,478
469,0,115,480
472,0,116,480
470,0,121,480
470,0,123,480
462,0,137,480
452,0,138,480
447,0,141,480
443,0,143,480
438,0,146,480
436,0,154,478
435,0,161,476
427,0,167,478
419,0,172,480
411,0,173,480
403,0,175,480
395,0,176,480
384,0,177,480
374,0,178,480
366,0,176,480
359,0,173,479
354,0,168,479
357,0,159,477
364,0,153,475
370,0,147,473
376,0,142,471
384,0,131,469
381,0,131,467
375,0,134,465
369,0,153,461
363,0,172,457
357,0,191,453
351,0,199,449
342,0,211,449
333,0,223,449
325,0,224,445
318,0,221,446
310,0,218,448
302,0,215,449
296,0,212,449
291,0,208,449
285,0,204,449
285,0,196,449
285,0,185,449
285,0,178,449
288,0,170,447
291,0,162,445
294,0,154,444
296,0,145,444
296,0,138,444
293,1,134,443
290,1,130,444
282,1,131,444
276,1,138,444
270,2,144,443
263,2,151,444
257,2,157,444
246,2,162,444
235,2,164,444
225,2,166,443
215,2,167,443
205,1,168,444
195,1,169,444
183,1,169,447
172,1,168,450
166,1,163,464
161,1,158,477
161,16,149,456
161,16,143,452
161,15,138,449
161,18,126,442
174,12,111,447
187,12,111,441
187,8,115,439
188,3,118,437
189,2,132,435
190,2,146,431
192,1,159,428
193,0,173,426
196,0,184,425
198,0,188,424
198,0,190,426
194,0,196,432
193,0,197,434
191,0,199,437
190,0,200,439
189,2,198,439
188,4,197,439
187,6,195,439
186,6,193,440
190,8,187,437
195,8,179,436
203,6,168,438
211,4,158,439
220,2,146,440
228,0,136,441
240,0,131,438
252,0,126,436
265,0,120,434
267,0,120,433
270,1,120,430
273,1,120,429
275,1,120,428
278,1,131,428
280,1,143,428
288,2,142,427
288,2,143,427
289,2,142,428
289,2,142,428
289,2,140,430
289,2,139,432
289,1,137,435
289,1,136,429
289,1,135,423
294,1,128,422
299,0,122,422
307,0,117,421
319,0,105,421
319,0,105,421
321,0,108,415
321,0,110,414
321,0,113,413
321,0,116,412
321,0,118,412
321,0,133,413
321,0,137,414
321,0,138,415
321,0,140,416
321,0,142,417
321,0,141,418
321,0,140,421
321,0,139,424
321,0,138,426
321,0,139,429
321,0,141,432
318,0,144,434
314,0,149,437
311,0,153,440
308,0,156,442
304,0,161,445
301,0,165,446
297,1,170,447
293,1,169,448
290,2,167,449
286,2,166,450
283,2,162,452
280,1,157,455
278,1,155,457
277,0,152,460
276,0,148,462
281,1,144,464
285,1,141,466
284,1,141,468
282,1,142,469
281,1,141,471
280,1,141,473
278,1,142,474
277,1,141,476
276,1,141,477
274,1,142,479
274,1,143,479
274,1,143,479
274,1,144,479
274,1,145,479
274,1,146,479
274,1,147,479
274,1,148,479
274,1,150,479
274,1,151,479
274,1,152,479
274,1,153,479
274,1,155,479
274,1,160,479
274,1,165,479
280,1,166,479
286,1,166,479
292,1,167,479
298,0,167,480
305,0,166,480
311,0,167,480
318,0,167,480
325,1,167,479
332,1,168,479
340,2,167,478
347,2,167,478
355,2,169,478
364,2,170,478
372,2,171,478
381,1,172,479
389,1,174,479
397,1,175,479
406,1,176,479
414,1,178,479
423,1,178,479
431,0,180,480
439,0,182,480
448,0,182,480
456,0,184,480
466,0,174,480
476,0,164,480
486,0,154,480
495,0,145,480
505,0,135,480
505,0,135,480
505,0,135,480
504,0,136,480
503,0,137,480
502,0,138,480
501,0,139,480
488,0,152,480
475,0,165,480
463,0,177,480
450,0,188,480
437,0,200,480
424,0,211,480
408,0,213,480
397,0,212,480
387,0,209,480
370,0,210,480
354,0,210,480
343,0,207,480
331,0,205,480
319,0,205,480
305,0,210,480
296,0,208,480
287,0,206,480
277,0,205,480
268,0,203,480
256,0,205,480
244,0,206,480
232,0,207,480
220,0,208,480
208,0,209,480
196,0,210,480
180,0,211,480
166,0,212,480
153,0,212,480
139,0,213,480
125,0,214,480
112,0,214,480
108,0,223,480
109,0,223,480
110,0,223,480
111,0,223,480
112,0,223,480
113,0,224,480
114,0,224,480
115,0,224,480
116,0,224,480
117,0,224,480
118,0,224,480
119,0,225,480
120,0,225,480
121,0,225,480
122,0,225,480
123,0,225,480
124,0,225,480
125,0,226,480
126,0,226,480
127,0,226,480
128,0,226,480
129,0,226,480
130,0,226,480
130,0,228,480
131,0,228,480
132,0,228,480
132,0,229,480
133,0,229,480
134,0,229,480
134,0,230,480
135,0,230,480
136,0,230,480
136,0,231,480
137,0,231,480
138,0,231,480
138,0,232,480
139,0,232,480
140,0,233,480
140,0,234,480
137,0,238,480
139,0,237,480
140,0,237,480
142,0,236,480
144,0,235,480
146,0,234,480
146,0,233,480
146,0,231,480
146,0,230,480
145,0,228,480
145,0,226,480
144,0,224,480
144,0,222,480
143,0,220,480
142,0,219,480
141,0,216,480
139,0,214,480
137,0,212,480
135,0,210,480
134,0,207,480
132,0,205,480
124,0,211,480
117,0,216,480
109,0,222,480
102,0,229,480
97,0,231,480
92,0,232,480
87,0,234,480
82,0,235,480
77,0,237,480
72,0,239,480
