231,105,198,375
236,105,194,375
241,106,190,374
246,106,185,374
251,106,179,374
256,106,176,374
261,106,171,374
262,106,171,374
262,106,172,374
263,106,172,374
264,107,171,373
264,107,174,373
264,107,174,373
264,107,174,373
264,108,174,372
264,108,174,372
265,108,173,372
266,107,171,373
267,107,170,373
268,107,168,373
269,107,167,373
271,106,163,374
272,106,161,374
274,106,157,374
275,105,155,375
277,105,151,375
277,105,150,375
278,106,148,374
278,106,146,374
278,107,145,373
279,107,143,373
279,107,142,373
279,108,142,372
279,108,141,372
279,108,140,372
279,109,140,371
279,109,140,371
278,109,141,371
278,109,142,371
278,109,142,371
277,118,143,362
278,118,142,362
278,117,143,363
277,137,144,343
276,140,145,340
275,134,147,346
275,135,147,345
274,135,149,345
274,133,149,347
273,132,151,348
273,123,151,357
272,115,153,365
272,107,153,373
271,99,155,381
271,91,155,389
270,83,157,397
269,78,157,402
269,74,157,406
268,69,158,411
267,67,159,413
266,64,159,416
265,65,159,415
264,66,160,414
263,68,159,412
262,71,158,409
261,74,157,406
260,78,154,402
258,82,151,398
256,86,149,394
254,90,147,390
250,94,146,386
245,96,145,384
243,95,142,385
241,95,143,385
240,95,142,385
238,95,143,385
237,91,143,389
236,87,143,393
235,84,143,396
234,80,143,400
235,76,152,404
233,71,162,409
233,66,170,414
237,61,178,419
241,56,180,424
245,51,183,429
239,47,192,433
234,44,199,436
229,41,207,439
223,37,213,443
218,34,218,446
219,34,215,446
221,34,212,446
224,34,205,446
227,37,199,443
230,40,192,440
231,43,188,437
233,45,186,435
235,52,180,428
236,58,176,422
238,65,170,415
240,71,168,409
241,78,167,402
243,86,167,394
245,92,165,388
246,98,169,382
247,103,169,377
247,108,171,372
249,110,173,370
249,111,175,369
248,111,179,369
249,110,180,370
249,108,183,372
249,107,186,373
253,106,185,374
256,105,184,375
258,104,185,376
263,106,182,374
268,108,180,372
273,110,179,370
278,113,177,367
283,116,176,364
290,120,172,360
296,122,172,358
304,124,170,356
312,126,168,354
321,129,168,351
331,130,167,350
341,132,166,348
350,133,166,347
358,134,166,346
363,134,169,346
368,132,169,348
375,129,169,351
380,126,170,354
384,123,174,357
391,122,171,358
394,119,172,361
397,118,175,362
401,117,176,363
404,116,179,364
408,116,184,364
412,116,190,364
416,117,195,363
420,117,200,363
424,117,203,363
429,119,203,361
434,120,202,360
438,120,202,360
443,121,197,359
448,121,192,359
452,120,188,360
456,119,184,361
460,118,180,362
464,118,176,362
468,117,172,363
471,118,169,362
475,118,165,362
478,120,162,360
482,122,158,358
486,123,154,357
488,124,152,356
491,124,149,356
493,124,147,356
496,125,144,355
500,125,140,355
504,126,136,354
507,127,133,353
511,128,129,352
514,130,126,350
517,131,123,349
521,132,119,348
525,133,115,347
528,134,112,346
531,135,109,345
533,136,107,344
536,136,104,344
540,136,100,344
544,136,96,344
548,136,92,344
552,135,88,345
556,134,84,346
561,134,79,346
564,136,76,344
566,137,74,343
568,141,72,339
570,151,70,329
574,151,66,329
578,150,62,330
580,151,60,329
585,159,55,321
589,166,51,314
593,186,47,294
596,190,44,290
599,191,41,289
600,193,40,287
601,194,39,286
602,195,38,283
602,196,38,247
604,197,36,211
605,199,35,175
605,200,35,174
606,201,34,174
606,202,34,173
606,203,34,173
607,204,33,172
609,204,31,170
611,204,29,168
612,204,28,166
614,204,26,164
616,204,24,162
618,204,22,159
620,206,20,155
623,207,17,151
625,209,15,147
627,210,13,143
629,212,11,139
632,213,8,135
607,207,33,166
607,207,33,166
607,208,33,165
607,208,33,165
607,208,33,165
608,209,32,163
608,209,32,163
608,210,32,162
608,210,32,162
608,211,32,161
608,211,32,161
608,212,32,160
608,212,32,160
608,212,32,160
609,213,31,159
609,213,31,159
609,214,31,158
609,214,31,158
609,215,31,157
609,215,31,157
609,215,31,157
609,216,31,156
609,216,31,156
609,217,31,155
610,217,30,155
610,218,30,153
610,218,30,153
610,219,30,152
610,219,30,152
610,219,30,152
610,220,30,151
610,220,30,151
610,221,30,150
611,221,29,150
611,222,29,149
611,222,29,149
611,223,29,148
611,223,29,148
611,223,29,148
611,224,29,147
611,224,29,147
611,225,29,146
615,244,25,126
619,263,21,106
623,282,17,86
619,257,21,112
616,232,24,138
613,227,27,143
612,221,28,148
611,220,29,148
610,218,30,150
608,214,32,153
607,210,33,176
606,214,34,266
602,178,38,302
597,174,43,306
592,169,48,311
587,162,53,318
581,162,59,318
577,161,63,319
573,164,67,316
570,164,70,316
565,164,75,316
560,164,80,316
555,163,85,317
550,163,90,317
544,163,96,317
539,162,101,318
534,162,106,318
530,162,110,318
525,161,115,319
529,161,111,319
532,161,108,319
535,160,105,320
537,160,103,320
540,160,100,320
543,159,97,321
546,159,94,321
548,158,92,322
551,157,89,323
554,156,86,324
557,155,83,325
560,154,80,326
562,154,78,326
565,151,75,329
570,151,70,329
573,147,67,333
578,146,62,334
580,145,60,335
583,143,57,337
586,143,54,337
590,142,50,338
594,142,46,338
598,142,42,338
601,142,39,338
603,142,37,338
606,142,34,338
608,142,32,338
610,142,30,338
612,142,28,338
614,142,26,338
616,142,24,338
618,142,22,338
619,147,21,333
620,200,20,280
621,201,19,279
622,202,18,278
623,203,17,277
624,211,16,269
626,232,14,248
627,253,13,227
627,253,13,227
627,253,13,227
627,252,13,228
627,252,13,228
627,252,13,228
627,252,13,228
627,251,13,229
627,251,13,229
627,251,13,229
627,251,13,229
627,250,13,230
627,250,13,230
627,250,13,230
627,250,13,230
627,249,13,231
627,249,13,231
627,249,13,231
627,249,13,231
627,248,13,232
626,248,14,232
626,248,14,232
626,248,14,232
626,247,14,233
626,247,14,233
626,247,14,233
626,247,14,233
626,246,14,234
626,246,14,234
626,246,14,234
626,246,14,234
626,245,14,235
626,245,14,235
626,245,14,235
626,245,14,235
626,244,14,236
626,244,14,236
626,244,14,236
626,244,14,236
626,243,14,237
626,243,14,237
626,243,14,237
626,243,14,237
626,242,14,238
626,242,14,238
626,242,14,238
626,242,14,238
626,241,14,239
626,241,14,239
626,241,14,239
626,241,14,239
626,240,14,240
626,240,14,240
626,240,14,240
626,240,14,240
626,239,14,241
626,239,14,241
626,239,14,241
626,239,14,241
626,238,14,242
626,238,14,242
626,238,14,242
626,237,14,243
626,237,14,243
626,237,14,243
626,237,14,243
626,236,14,244
626,236,14,244
626,236,14,244
626,236,14,244
626,235,14,245
626,235,14,245
626,235,14,245
626,235,14,245
626,234,14,246
626,234,14,246
626,234,14,246
626,234,14,246
626,233,14,247
626,233,14,247
626,233,14,247
626,233,14,247
626,232,14,248
626,232,14,248
626,232,14,248
626,232,14,248
626,231,14,249
625,231,15,249
625,231,15,249
625,231,15,249
625,230,15,250
625,230,15,250
625,230,15,250
625,230,15,250
625,229,15,251
625,229,15,251
625,229,15,251
625,229,15,251
625,228,15,252
625,228,15,252
625,228,15,252
625,228,15,252
625,227,15,253
625,227,15,253
625,227,15,253
625,227,15,253
625,226,15,254
625,226,15,254
625,226,15,254
625,226,15,254
625,225,15,255
625,225,15,255
625,225,15,255
625,225,15,255
625,224,15,256
625,224,15,256
625,224,15,256
625,224,15,256
625,223,15,257
625,223,15,257
625,223,15,257
625,223,15,257
625,222,15,258
625,222,15,258
625,222,15,258
625,222,15,258
625,221,15,259
625,221,15,259
625,221,15,259
625,221,15,259
625,220,15,260
625,220,15,260
625,220,15,260
625,220,15,260
625,219,15,261
625,219,15,261
625,219,15,261
625,218,15,262
625,218,15,262
625,218,15,262
625,218,15,262
625,217,15,263
625,217,15,263
625,217,15,263
625,217,15,263
625,216,15,264
625,216,15,264
625,216,15,264
625,216,15,264
625,215,15,265
625,215,15,265
625,215,15,265
625,215,15,265
624,214,16,266
624,214,16,266
624,214,16,266
624,214,16,266
624,213,16,267
624,213,16,267
624,213,16,267
624,213,16,267
624,212,16,268
624,212,16,268
624,212,16,268
624,212,16,268
624,211,16,269
624,211,16,269
624,211,16,269
624,211,16,269
624,210,16,270
624,210,16,270
624,210,16,270
624,210,16,270
624,209,16,271
624,209,16,271
624,209,16,271
624,209,16,271
624,208,16,272
624,208,16,272
624,208,16,272
624,208,16,272
624,207,16,273
624,207,16,273
624,207,16,273
624,207,16,273
624,206,16,274
624,206,16,274
624,206,16,274
624,206,16,274
624,205,16,275
624,205,16,275
624,205,16,275
624,205,16,275
624,204,16,276
624,204,16,276
624,204,16,276
624,204,16,276
624,203,16,277
624,203,16,277
624,203,16,277
624,203,16,277
624,202,16,278
624,202,16,278
624,202,16,278
624,202,16,278
624,201,16,279
624,201,16,279
624,201,16,279
624,200,16,280
624,200,16,280
624,200,16,280
624,200,16,280
624,199,16,281
624,199,16,281
624,199,16,281
624,199,16,281
624,198,16,282
624,198,16,282
624,198,16,282
624,198,16,282
623,197,17,283
623,197,17,283
623,197,17,283
623,197,17,283
623,196,17,284
623,196,17,284
623,196,17,284
623,196,17,284
623,195,17,285
623,195,17,285
623,195,17,285
623,195,17,285
623,194,17,286
623,194,17,286
623,194,17,286
623,194,17,286
623,193,17,287
623,193,17,287
623,193,17,287
623,193,17,287
623,192,17,288
623,192,17,288
623,192,17,288
623,192,17,288
623,191,17,289
623,191,17,289
623,191,17,289
623,191,17,289
623,190,17,290
623,190,17,290
623,190,17,290
623,190,17,290
623,189,17,291
623,189,17,291
623,189,17,291
623,189,17,291
623,188,17,292
623,188,17,292
623,188,17,292
623,188,17,292
623,187,17,293
623,187,17,293
623,187,17,293
623,187,17,293
623,186,17,294
623,186,17,294
623,186,17,294
623,186,17,294
623,185,17,295
623,185,17,295
623,185,17,295
623,185,17,295
623,184,17,296
623,184,17,296
623,184,17,296
623,184,17,296
623,183,17,297
623,183,17,297
623,183,17,297
623,183,17,297
623,182,17,298
623,182,17,298
623,182,17,298
623,182,17,298
623,181,17,299
623,181,17,299
622,181,18,299
622,180,18,300
622,180,18,300
622,180,18,300
622,180,18,300
622,179,18,301
622,179,18,301
622,179,18,301
622,179,18,301
622,178,18,302
622,178,18,302
622,178,18,302
622,178,18,302
622,177,18,303
622,177,18,303
622,177,18,303
622,177,18,303
622,176,18,304
622,176,18,304
622,176,18,304
622,176,18,304
622,175,18,305
622,175,18,305
622,175,18,305
622,175,18,305
622,174,18,306
622,174,18,306
622,174,18,306
622,174,18,306
622,173,18,307
622,173,18,307
622,173,18,307
622,173,18,307
622,172,18,308
622,172,18,308
622,172,18,308
622,172,18,308
622,171,18,309
622,171,18,309
622,171,18,309
622,171,18,309
622,170,18,310
622,170,18,310
622,170,18,310
622,170,18,310
622,169,18,311
622,169,18,311
622,169,18,311
622,169,18,311
622,168,18,312
622,168,18,312
622,168,18,312
622,168,18,312
622,167,18,313
622,167,18,313
622,167,18,313
622,167,18,313
622,166,18,314
622,166,18,314
622,166,18,314
622,166,18,314
622,165,18,315
608,133,32,347
594,101,46,379
580,75,60,405
563,68,77,412
552,64,88,416
538,64,102,416
526,66,114,414
512,69,128,411
498,75,142,405
485,80,155,400
472,88,168,392
461,88,179,392
446,90,188,390
431,90,194,390
427,90,196,390
432,92,196,388
428,88,200,392
425,85,204,395
422,82,204,398
422,77,204,403
422,74,205,406
424,70,204,410
427,67,202,413
429,63,200,417
432,59,198,421
435,56,196,424
436,54,197,426
438,52,196,428
439,49,197,431
440,47,198,433
442,47,196,433
445,47,194,433
449,47,190,433
456,47,184,433
463,47,177,433
469,47,171,433
474,47,166,433
480,48,160,432
486,43,154,437
491,24,149,456
495,25,145,455
500,25,140,455
504,16,136,464
504,18,136,462
514,9,126,471
522,0,118,480
527,0,113,480
533,0,107,480
538,0,102,480
542,0,98,480
544,6,96,474
550,13,90,467
554,20,85,460
560,28,80,452
565,41,74,439
574,52,66,428
581,70,58,410
589,86,51,394
595,98,45,382
599,127,41,353
603,132,37,348
608,129,32,282
616,160,24,183
621,168,19,135
480,110,153,370
481,112,152,368
483,114,150,366
484,115,150,365
485,117,149,363
487,119,147,361
488,120,146,360
489,122,145,358
491,124,143,356
492,125,142,355
493,127,141,353
495,129,139,351
496,130,138,350
497,132,137,348
499,134,135,346
500,135,134,345
501,137,133,343
503,139,131,341
504,140,130,340
505,142,129,338
507,143,128,337
508,145,127,335
509,147,126,333
511,148,124,332
512,150,123,330
513,152,122,328
515,153,120,327
516,155,119,325
517,157,118,323
519,158,116,322
520,160,115,320
521,162,114,318
523,163,112,317
524,165,111,315
525,167,110,313
527,168,108,312
528,170,108,310
529,172,107,308
531,173,105,307
532,175,104,305
533,177,103,303
535,178,101,302
536,180,100,300
537,182,99,298
539,183,97,297
540,185,96,295
541,186,95,294
543,188,93,292
544,190,92,290
545,191,91,289
547,193,89,287
548,195,88,285
549,196,87,284
551,198,86,282
552,200,85,280
553,201,84,279
555,203,82,277
556,205,81,275
557,206,80,274
559,208,78,272
560,210,77,270
561,211,76,269
562,213,75,267
564,215,73,265
565,216,72,264
566,218,71,262
568,220,69,260
569,221,68,259
570,223,67,257
572,225,66,255
573,226,65,254
574,228,64,252
576,229,62,251
577,231,61,249
578,233,60,247
580,234,58,246
581,236,57,244
582,238,56,242
584,239,54,241
585,241,53,239
586,243,52,237
588,244,50,236
589,246,49,234
590,248,48,232
592,249,46,231
593,251,45,229
594,253,45,227
596,254,43,226
597,256,42,224
598,258,41,222
600,259,39,221
601,261,38,219
602,263,37,217
604,264,35,216
605,266,34,214
606,268,33,212
608,269,31,211
609,271,30,209
610,272,29,208
612,274,27,206
613,276,26,204
614,277,25,203
616,279,24,201
617,281,23,199
618,282,22,198
620,284,20,196
621,286,19,194
622,287,18,193
617,289,23,191
612,275,28,205
608,264,32,216
604,126,36,354
600,125,40,355
596,125,44,355
593,125,47,355
589,124,51,356
584,126,56,354
579,127,61,353
578,138,62,342
578,155,62,325
564,160,76,320
556,162,84,318
548,164,92,316
541,163,99,317
533,161,107,319
526,160,114,320
515,150,125,330
505,148,131,332
493,143,133,337
483,138,140,342
474,133,146,347
466,129,152,351
456,128,159,352
446,126,166,354
437,125,168,355
428,124,171,356
428,126,170,354
428,128,170,352
427,130,168,350
426,132,166,348
425,135,163,345
423,137,162,343
423,139,158,341
422,141,154,339
421,141,150,339
421,141,145,339
417,139,146,341
414,136,145,344
410,133,145,347
407,130,144,350
403,127,144,353
400,125,141,355
398,122,137,358
395,120,134,360
392,117,131,363
389,115,128,365
386,114,126,366
384,113,122,367
381,113,120,367
376,114,120,366
372,114,118,366
369,115,116,365
366,115,114,365
362,116,114,364
360,116,115,364
357,117,117,363
357,117,113,363
356,117,110,363
355,117,107,363
355,117,106,363
354,116,105,364
351,116,106,364
347,116,107,364
343,116,108,364
339,116,110,364
335,116,113,364
330,115,116,365
324,115,120,365
319,114,122,366
314,114,125,366
311,113,126,367
309,113,124,367
307,114,123,366
304,114,122,366
302,114,120,366
299,114,119,366
295,115,120,365
292,116,120,364
288,116,121,364
284,116,122,364
281,117,123,363
277,118,123,362
272,118,125,362
268,119,126,361
264,120,127,360
259,121,129,359
254,122,130,358
248,122,132,358
243,123,134,357
238,124,135,356
232,125,138,355
225,124,141,356
213,124,143,356
202,123,145,357
191,123,147,357
179,122,149,358
170,121,150,359
160,120,152,360
144,119,156,361
132,119,155,361
119,118,155,362
102,116,158,364
86,114,161,366
69,112,164,368
53,111,166,369
36,109,169,371
19,107,167,373
0,103,167,377
0,102,153,378
0,98,137,382
0,93,122,387
0,88,108,392
0,83,90,397
0,82,69,398
0,85,50,395
0,161,31,319
0,161,31,319
0,163,31,317
0,165,30,315
0,167,30,313
0,169,30,311
0,171,30,309
0,174,30,306
0,176,30,304
0,178,30,302
0,180,29,300
0,182,29,298
0,185,29,295
0,187,29,293
0,189,29,291
0,191,29,289
0,193,29,287
0,195,28,285
0,198,28,282
0,200,28,280
0,202,28,278
0,204,28,276
0,206,28,274
0,208,28,272
0,211,27,269
0,213,27,267
0,215,27,265
0,217,27,263
0,219,27,261
0,221,27,259
0,224,27,256
0,226,26,254
0,228,26,252
0,230,26,250
0,232,26,248
0,234,26,246
0,237,26,243
0,239,26,241
0,241,25,239
0,243,25,237
0,245,25,235
0,248,25,232
0,250,25,230
0,252,25,228
0,254,25,226
0,256,24,224
0,258,24,222
0,261,24,219
0,263,24,217
0,265,24,215
0,267,24,213
0,269,24,211
0,271,23,209
0,274,23,206
0,276,23,204
0,278,23,202
0,280,23,200
0,282,23,198
0,284,23,196
0,287,22,193
0,289,22,191
0,291,22,189
0,293,22,187
0,295,22,185
0,298,22,182
0,300,22,180
0,302,21,178
0,304,21,176
0,306,21,174
0,308,21,172
0,311,21,169
0,313,21,167
0,315,21,165
0,317,20,163
0,319,20,161
0,321,20,159
0,324,20,156
0,326,20,154
0,328,20,152
0,330,20,150
0,332,19,148
0,334,19,146
0,337,19,143
0,339,19,141
0,341,19,139
0,343,19,137
0,345,19,135
0,347,18,133
0,350,18,130
0,352,18,128
0,354,18,126
0,356,18,124
0,358,18,122
0,361,18,119
0,363,17,117
0,365,17,115
0,367,17,113
0,369,17,111
0,371,17,109
0,307,22,173
0,263,22,217
0,245,28,235
0,208,28,272
0,208,43,272
0,183,47,297
0,176,47,304
0,168,47,312
0,159,48,321
0,155,48,325
0,149,50,331
0,143,54,337
0,132,57,348
0,121,60,359
0,110,64,370
0,99,67,381
0,72,70,408
0,68,76,412
0,65,82,415
0,62,87,418
0,57,88,423
0,55,90,425
0,56,83,424
0,62,77,418
0,67,70,413
0,68,64,412
0,69,58,411
0,75,54,405
0,82,51,398
0,89,47,391
0,95,44,385
0,95,40,385
0,95,36,385
0,95,33,385
0,95,29,385
0,95,26,385
0,96,23,384
0,110,20,348
0,128,18,308
0,129,15,286
0,131,12,262
0,135,12,237
0,139,11,211
0,139,11,212
0,139,12,213
0,140,12,213
0,140,12,214
0,140,12,216
0,141,12,216
0,141,12,217
0,142,12,217
0,142,12,218
0,142,12,219
0,143,12,219
0,143,12,220
0,143,12,221
0,144,12,221
0,144,12,222
0,145,12,222
0,145,12,223
0,145,12,224
0,146,12,224
0,146,12,225
0,146,12,226
0,147,12,226
0,147,12,227
0,148,12,227
0,148,12,228
0,148,12,229
0,149,12,229
0,149,12,230
0,149,12,231
0,150,12,231
0,150,12,232
0,151,12,232
0,151,12,233
0,151,12,234
0,152,12,234
0,152,12,235
0,152,12,236
0,153,12,236
0,153,11,237
0,154,11,237
0,154,11,238
0,154,11,239
0,155,11,239
0,155,11,240
0,155,11,241
0,156,11,241
0,156,11,242
0,157,11,242
0,157,11,243
0,157,11,244
0,158,11,244
0,158,11,245
0,158,11,246
0,159,11,246
0,159,11,247
0,160,11,247
0,160,11,248
0,160,11,249
0,161,11,249
0,161,11,250
0,161,11,251
0,162,11,251
0,162,11,252
0,163,11,252
0,163,11,253
0,163,11,254
0,164,11,254
0,164,11,255
0,164,11,256
0,165,11,256
0,165,11,257
0,166,11,257
0,166,11,258
0,166,11,259
0,167,11,259
0,167,11,260
0,167,11,261
0,168,11,261
0,168,11,262
0,169,11,262
0,169,11,263
0,169,11,264
0,170,11,264
0,170,11,265
0,170,11,266
0,171,11,266
0,171,11,267
0,172,11,267
0,172,11,268
0,172,11,269
0,173,11,269
0,173,11,270
0,173,11,271
0,174,11,271
0,174,11,272
0,175,11,272
0,175,11,273
0,175,11,274
0,176,11,274
0,176,11,275
0,176,11,276
0,177,11,276
0,177,11,277
0,178,11,277
0,178,11,278
0,178,11,279
0,179,11,279
0,179,11,280
0,179,11,281
0,180,11,281
0,180,11,282
0,181,11,282
0,181,11,283
0,181,11,284
0,182,11,284
0,182,11,285
0,182,11,286
0,170,14,310
0,158,28,322
0,149,35,331
0,146,40,334
0,143,45,337
0,140,50,340
0,137,44,343
0,130,45,350
0,124,43,356
0,117,42,363
0,110,41,370
0,103,39,377
0,96,39,384
0,88,38,392
0,85,39,395
0,81,38,399
0,77,36,403
0,76,37,404
0,72,39,408
0,71,41,409
0,71,43,409
0,70,45,410
0,73,48,407
0,76,51,404
0,79,54,401
0,82,57,398
0,85,60,395
0,88,62,392
0,89,62,391
0,87,64,393
0,85,66,395
0,83,68,397
0,78,71,402
0,73,75,407
0,68,78,412
0,63,82,417
0,58,85,422
0,56,85,424
0,53,84,427
0,51,84,429
0,49,85,431
0,47,86,433
0,49,84,431
0,52,82,428
0,54,80,426
0,57,78,423
0,59,75,421
0,62,74,418
0,66,70,414
0,69,66,411
0,72,60,408
0,75,54,405
0,82,47,398
0,88,40,392
0,95,35,385
0,101,31,379
0,137,26,343
0,142,20,338
0,149,16,331
0,148,13,332
0,144,10,336
0,137,26,343
0,137,25,342
0,138,25,339
0,138,25,338
0,139,25,336
0,139,25,335
0,140,25,332
0,140,25,331
0,141,25,329
0,141,25,328
0,141,24,326
0,142,24,324
0,142,24,323
0,143,24,321
0,143,24,319
0,144,24,317
0,144,24,316
0,144,24,315
0,145,24,312
0,145,24,311
0,146,23,309
0,146,23,308
0,147,23,305
0,147,23,304
0,148,23,302
0,148,23,301
0,148,23,299
0,149,23,297
0,149,23,296
0,150,22,294
0,150,22,292
0,151,22,290
0,151,22,289
0,151,22,288
0,152,22,285
0,152,22,284
0,153,22,282
0,153,22,281
0,154,22,278
0,154,21,277
0,155,21,275
0,155,21,274
0,155,21,272
0,156,21,270
0,156,21,269
0,157,21,266
0,157,21,265
0,158,21,263
0,158,20,262
0,158,20,260
0,159,20,258
0,159,20,257
0,160,20,255
0,160,20,253
0,161,20,251
0,161,20,250
0,162,20,248
0,162,20,246
0,162,19,245
0,163,19,243
0,163,19,242
0,164,19,239
0,164,19,238
0,165,19,236
0,165,19,235
0,166,19,232
0,166,19,231
0,166,18,230
0,167,18,228
0,167,18,226
0,168,18,224
0,168,18,223
0,169,18,221
0,169,18,219
0,169,18,218
0,170,18,216
0,170,18,215
0,171,17,212
0,171,17,211
0,172,17,209
0,172,17,208
0,173,17,205
0,173,17,204
0,173,17,203
0,174,17,201
0,174,17,199
0,175,16,197
0,175,16,196
0,176,16,194
0,176,16,192
0,176,16,191
0,177,16,189
0,177,16,187
0,178,16,185
0,178,16,184
0,179,16,182
0,179,15,180
0,180,15,178
0,180,15,177
0,180,15,176
0,181,15,173
0,181,15,172
0,182,15,170
0,182,15,169
0,183,15,166
0,183,14,165
0,183,14,164
0,184,14,162
0,184,14,160
0,185,14,158
0,185,14,157
0,186,14,155
0,186,14,153
0,187,14,151
0,187,14,150
0,187,13,149
0,188,13,146
0,188,13,145
0,189,13,143
0,189,13,142
0,190,13,139
0,190,13,138
0,190,13,137
0,183,22,201
0,175,30,305
0,168,41,312
0,117,51,363
0,114,60,366
0,112,69,368
0,112,78,368
0,114,87,366
0,117,96,363
0,120,105,360
0,122,114,358
0,126,123,354
0,128,132,352
0,132,141,348
0,143,150,337
0,160,161,320
0,156,169,324
0,160,176,320
12,160,175,320
18,160,169,320
18,162,166,318
17,157,168,323
17,152,168,328
20,148,167,332
23,141,165,339
22,136,169,344
21,131,169,349
20,125,167,355
13,123,173,357
15,120,171,360
16,118,169,362
18,117,166,363
20,116,164,364
23,120,159,360
26,121,159,359
29,123,158,357
32,128,157,352
35,132,156,348
38,139,156,341
41,145,155,335
44,149,154,331
47,151,153,329
49,153,152,327
50,152,153,328
50,152,154,328
50,150,156,330
51,148,159,332
51,146,163,334
55,142,164,338
62,139,161,341
67,136,162,344
75,133,159,347
83,130,157,350
90,125,154,355
97,120,151,360
101,118,148,362
106,115,144,365
111,113,140,367
112,112,142,368
114,110,142,370
116,112,142,368
118,113,142,367
118,114,146,366
123,116,144,364
127,118,144,362
132,119,144,361
137,121,143,358
141,123,143,356
144,126,144,353
148,133,143,347
151,139,144,341
154,145,144,335
157,152,145,328
161,158,142,322
162,162,144,318
164,165,145,315
165,168,146,312
166,169,147,311
168,168,147,312
171,167,145,313
173,164,145,316
175,161,145,319
177,159,145,321
179,156,142,324
180,153,140,327
181,152,141,328
182,151,142,329
184,149,141,331
187,149,137,331
190,148,136,332
193,148,134,332
196,150,132,330
198,152,132,328
204,153,129,327
209,154,127,326
214,156,124,324
219,157,124,323
222,159,122,321
224,159,119,321
226,160,118,320
228,158,114,322
230,156,111,324
232,154,107,326
233,151,105,329
234,149,104,331
234,147,103,333
235,145,101,335
233,143,102,337
235,142,98,338
233,142,99,338
235,142,104,338
239,141,107,339
243,141,110,339
246,141,111,339
249,142,112,338
252,142,113,338
254,142,115,338
256,142,117,338
256,143,119,337
256,143,121,337
256,142,126,338
259,141,128,339
261,140,131,340
267,137,129,343
272,134,128,346
279,132,123,348
286,129,122,351
294,126,120,354
298,122,128,358
301,120,141,360
306,118,147,362
312,117,152,363
318,116,157,364
326,114,156,366
333,114,156,366
340,113,155,367
346,113,155,367
351,112,156,368
358,111,154,369
365,110,152,370
372,108,149,372
380,107,143,373
388,106,138,374
394,103,133,377
400,101,128,379
406,98,121,382
414,96,115,384
418,94,121,386
422,91,127,389
427,87,126,393
431,86,127,394
435,84,128,396
440,82,127,398
446,81,129,399
453,80,130,400
460,78,131,402
466,77,133,403
473,75,134,405
477,75,142,405
482,75,148,405
490,75,150,405
497,75,143,405
505,75,135,405
513,74,127,406
521,73,119,407
528,73,112,407
535,72,105,408
541,71,99,409
546,69,94,411
551,67,89,413
556,65,84,415
561,63,79,417
566,61,74,419
570,61,70,419
576,61,64,419
582,61,58,419
589,61,51,419
595,61,45,419
602,59,38,421
609,60,31,420
616,99,24,381
623,138,17,342
623,138,17,342
623,138,17,342
623,138,17,342
623,138,17,342
623,138,17,341
623,138,17,341
623,138,17,341
623,139,17,340
623,139,17,340
623,139,17,340
623,139,17,340
623,139,17,340
623,139,17,339
623,139,17,339
623,140,17,338
623,140,17,338
623,140,17,338
623,140,17,338
623,140,17,338
623,140,17,338
623,140,17,337
623,141,17,336
623,141,17,336
623,141,17,336
623,141,17,336
623,141,17,336
623,141,17,336
623,142,17,335
623,142,17,334
623,142,17,334
623,142,17,334
623,142,17,334
623,142,17,334
623,142,17,334
623,143,17,333
623,143,17,332
623,143,17,332
623,143,17,332
623,143,17,332
623,143,17,332
623,143,17,332
623,144,17,331
623,144,17,331
623,144,17,330
623,144,17,330
623,144,17,330
623,144,17,330
623,144,17,330
623,145,17,329
623,145,17,329
623,145,17,329
623,145,17,328
623,145,17,328
623,145,17,328
623,146,17,327
623,146,17,327
623,146,17,327
623,146,17,327
623,146,17,327
623,146,17,326
623,146,17,326
623,147,17,325
623,147,17,325
623,147,17,325
623,147,17,325
623,147,17,325
623,147,17,324
623,147,17,324
623,148,17,323
623,148,17,323
623,148,17,323
623,148,17,323
623,148,17,323
623,148,17,323
623,148,17,322
623,149,17,321
623,149,17,321
623,149,17,321
623,149,17,321
623,149,17,321
623,149,17,321
623,149,17,321
623,150,17,319
623,150,17,319
623,150,17,319
623,150,17,319
623,150,17,319
623,150,17,319
623,151,17,318
623,151,17,317
623,151,17,317
623,151,17,317
623,151,17,317
623,151,17,317
623,151,17,317
623,152,17,316
623,152,17,316
623,152,17,315
623,152,17,315
623,152,17,315
623,152,17,315
623,152,17,315
623,153,17,314
623,153,17,314
623,153,17,314
623,153,17,313
623,153,17,313
623,153,17,313
623,153,17,313
623,154,17,312
623,154,17,312
623,154,17,312
623,154,17,312
623,154,17,311
623,154,17,311
623,154,17,311
623,155,17,310
623,155,17,310
623,155,17,310
623,155,17,310
623,155,17,309
623,155,17,309
623,156,17,308
623,156,17,308
623,156,17,308
623,156,17,308
623,156,17,308
623,156,17,308
623,156,17,307
623,157,17,306
623,157,17,306
623,157,17,306
623,157,17,306
623,157,17,306
623,157,17,306
623,157,17,306
623,158,17,304
623,158,17,304
623,158,17,304
623,158,17,304
623,158,17,304
623,158,17,304
623,158,17,304
623,159,17,303
623,159,17,302
623,159,17,302
623,159,17,302
623,159,17,302
623,159,17,302
623,160,17,301
623,160,17,301
623,160,17,300
623,160,17,300
623,160,17,300
623,160,17,300
623,160,17,300
623,161,17,299
623,161,17,299
623,161,17,299
623,161,17,298
623,161,17,298
623,161,17,298
623,161,17,298
623,162,17,297
623,162,17,297
623,162,17,297
623,162,17,297
623,162,17,296
623,162,17,296
623,162,17,296
623,163,17,295
623,163,17,295
623,163,17,295
623,163,17,295
623,163,17,295
623,163,17,294
623,163,17,294
623,164,17,293
623,164,17,293
623,164,17,293
623,164,17,293
623,164,17,293
623,164,17,292
623,165,17,291
623,165,17,291
623,165,17,291
623,165,17,291
623,165,17,291
623,165,17,291
623,165,17,291
623,166,17,289
623,166,17,289
623,166,17,289
623,166,17,289
623,166,17,289
623,166,17,289
623,166,17,289
623,167,17,288
623,167,17,287
623,167,17,287
623,167,17,287
623,167,17,287
623,167,17,287
623,167,17,287
623,168,17,286
623,168,17,286
623,168,17,285
623,168,17,285
623,168,17,285
623,168,17,285
623,168,17,285
623,169,17,284
623,169,17,284
623,169,17,283
623,169,17,283
623,169,17,283
623,169,17,283
623,170,17,282
623,170,17,282
623,170,17,282
623,170,17,282
623,170,17,281
623,170,17,281
623,170,17,281
623,171,17,280
623,171,17,280
623,171,17,280
623,171,17,280
623,171,17,280
623,171,17,279
623,171,17,279
623,172,17,278
623,172,17,278
623,172,17,278
623,172,17,278
623,172,17,278
623,172,17,278
623,172,17,277
623,173,17,276
623,173,17,276
623,173,17,276
623,173,17,276
623,173,17,276
623,173,17,276
623,174,17,274
623,174,17,274
623,174,17,274
623,174,17,274
623,174,17,274
623,174,17,274
623,174,17,274
623,175,17,273
623,175,17,272
623,175,17,272
623,175,17,272
623,175,17,272
623,175,17,272
623,175,17,272
623,176,17,271
623,176,17,271
623,176,17,270
623,176,17,270
623,176,17,270
623,176,17,270
623,176,17,270
623,177,17,269
623,177,17,269
623,177,17,269
623,177,17,268
623,177,17,268
623,177,17,268
623,177,17,268
623,178,17,267
623,178,17,267
623,178,17,267
623,178,17,266
623,178,17,266
623,178,17,266
623,179,17,265
623,179,17,265
623,179,17,265
623,179,17,265
623,179,17,265
623,179,17,264
623,179,17,264
623,180,17,263
623,180,17,263
623,180,17,263
623,180,17,263
623,180,17,263
623,180,17,263
623,180,17,262
623,181,17,261
623,181,17,261
623,181,17,261
623,181,17,261
623,181,17,261
623,181,17,261
623,181,17,261
623,182,17,259
623,182,17,259
623,182,17,259
623,182,17,259
623,182,17,259
623,182,17,259
623,182,17,259
623,183,17,257
623,183,17,257
623,183,17,257
623,183,17,257
623,183,17,257
623,183,17,257
623,184,17,256
623,184,17,256
623,184,17,255
623,184,17,255
623,184,17,255
623,184,17,255
623,184,17,255
623,185,17,254
623,185,17,254
623,185,17,254
623,185,17,253
623,185,17,253
623,185,17,253
623,185,17,253
623,186,17,252
623,186,17,252
623,186,17,252
623,186,17,252
623,186,17,251
623,186,17,251
623,186,17,251
623,187,17,250
623,187,17,250
623,187,17,250
623,187,17,250
623,187,17,249
623,187,17,249
623,188,17,248
623,188,17,248
623,188,17,248
623,188,17,248
623,188,17,248
623,188,17,248
623,188,17,247
623,189,17,246
623,189,17,246
623,189,17,246
623,189,17,246
623,189,17,246
623,189,17,246
623,189,17,246
623,190,17,244
623,190,17,244
623,190,17,244
623,190,17,244
623,190,17,244
623,190,17,244
623,190,17,244
623,191,17,243
623,191,17,242
623,191,17,242
623,191,17,242
623,191,17,242
623,191,17,242
623,191,17,242
623,192,17,241
623,192,17,240
623,192,17,240
623,192,17,240
623,192,17,240
623,192,17,240
623,193,17,239
623,193,17,239
623,193,17,239
623,193,17,238
623,193,17,238
623,193,17,238
623,193,17,238
623,194,17,237
623,194,17,237
623,194,17,237
623,194,17,237
623,194,17,236
623,194,17,236
623,194,17,236
623,195,17,235
623,195,17,235
623,195,17,235
623,195,17,235
623,195,17,234
623,195,17,234
623,195,17,234
623,196,17,233
623,196,17,233
623,196,17,233
623,196,17,233
623,196,17,233
623,196,17,232
623,196,17,232
623,197,17,231
623,197,17,231
623,197,17,231
623,197,17,231
623,197,17,231
623,197,17,231
623,198,17,229
623,198,17,229
623,198,17,229
623,198,17,229
623,198,17,229
623,198,17,229
623,198,17,229
623,199,17,228
623,199,17,227
623,199,17,227
623,199,17,227
623,199,17,227
623,199,17,227
623,199,17,227
623,200,17,226
623,200,17,225
623,200,17,225
623,200,17,225
623,200,17,225
623,200,17,225
623,200,17,225
623,201,17,224
623,201,17,224
623,201,17,223
623,201,17,223
623,201,17,223
623,201,17,223
623,202,17,222
623,202,17,222
623,202,17,222
623,202,17,222
623,202,17,221
623,202,17,221
623,202,17,221
623,203,17,220
623,203,17,220
623,203,17,220
623,203,17,220
623,203,17,220
623,203,17,219
623,203,17,219
623,204,17,218
623,204,17,218
623,204,17,218
623,204,17,218
623,204,17,218
623,204,17,217
623,204,17,217
623,205,17,216
623,205,17,216
623,205,17,216
623,205,17,216
623,205,17,216
623,205,17,216
623,205,17,215
623,206,17,214
623,206,17,214
623,206,17,214
623,206,17,214
623,206,17,214
623,206,17,214
623,207,17,213
623,207,17,212
623,207,17,212
623,207,17,212
623,207,17,212
623,207,17,212
623,207,17,212
623,208,17,211
623,208,17,211
623,208,17,210
623,208,17,210
623,208,17,210
623,208,17,210
623,208,17,210
623,209,17,209
623,209,17,209
623,209,17,208
623,209,17,208
623,209,17,208
623,209,17,208
623,209,17,208
623,210,17,207
623,210,17,207
623,210,17,207
623,210,17,206
623,210,17,206
623,210,17,206
623,210,17,206
623,211,17,205
623,211,17,205
623,211,17,205
623,211,17,205
623,211,17,204
623,211,17,204
623,212,17,203
623,212,17,203
623,212,17,203
623,212,17,203
623,212,17,203
623,212,17,203
623,212,17,202
623,213,17,201
623,213,17,201
623,213,17,201
623,213,17,201
623,213,17,201
623,213,17,201
623,213,17,200
623,214,17,199
623,214,17,199
623,214,17,199
623,214,17,199
623,214,17,199
623,214,17,199
623,214,17,199
623,215,17,197
623,215,17,197
623,215,17,197
623,215,17,197
623,215,17,197
623,215,17,197
623,216,17,196
623,216,17,196
623,216,17,195
623,216,17,195
623,216,17,195
623,216,17,195
623,216,17,195
623,217,17,194
623,217,17,194
623,217,17,193
623,217,17,193
623,217,17,193
623,217,17,193
623,217,17,193
623,218,17,192
623,218,17,192
623,218,17,192
623,218,17,191
623,218,17,191
623,218,17,191
623,218,17,191
623,219,17,190
623,219,17,190
623,219,17,190
623,219,17,190
623,219,17,189
623,219,17,189
623,219,17,189
623,220,17,188
623,220,17,188
623,220,17,188
623,220,17,188
623,220,17,188
623,220,17,187
623,221,17,186
623,221,17,186
623,221,17,186
623,221,17,186
623,221,17,186
623,221,17,186
623,221,17,185
622,231,18,200
623,229,17,203
622,228,18,177
620,226,20,217
619,224,21,256
617,222,23,258
615,217,25,263
612,212,28,268
610,206,30,274
608,201,32,279
606,196,34,284
604,188,36,292
603,181,37,299
601,178,39,302
600,175,40,305
598,173,42,307
597,172,43,308
595,172,45,308
593,172,47,308
592,174,48,306
590,176,50,304
588,178,52,302
587,180,53,300
585,182,55,298
583,184,57,296
582,186,58,294
582,187,58,293
583,188,57,292
583,186,57,294
584,185,56,295
584,183,56,297
585,181,55,299
586,178,54,302
587,176,53,304
589,173,51,307
590,171,50,309
591,172,49,308
592,172,48,308
594,172,46,308
595,173,45,307
596,174,44,306
593,175,47,305
590,177,50,303
590,177,50,303
589,178,51,302
589,178,51,302
589,179,51,301
588,179,52,301
587,179,53,301
586,178,54,302
585,177,55,303
584,176,56,304
583,176,57,304
582,175,58,305
581,174,59,306
580,174,60,306
580,172,60,308
579,170,61,310
580,174,60,306
579,174,61,306
579,174,61,306
578,175,62,305
578,175,62,305
577,175,63,305
577,175,63,305
576,175,64,305
574,174,66,306
572,173,68,307
571,173,69,307
569,172,71,308
567,171,73,309
564,171,76,309
559,171,81,309
555,170,85,310
550,170,90,310
546,169,94,311
541,169,99,311
537,168,103,312
533,168,107,312
530,169,110,311
527,170,113,310
523,170,112,310
519,170,111,310
515,170,110,310
511,170,109,310
507,171,108,309
502,170,108,310
498,169,108,311
493,168,108,312
490,166,107,314
487,165,105,315
482,165,106,315
480,165,104,315
477,165,102,315
472,164,103,316
468,164,103,316
464,165,102,315
460,165,101,315
456,166,100,314
451,167,101,313
446,168,101,312
439,165,101,315
434,165,101,315
429,165,102,315
428,165,103,315
428,166,103,314
425,166,100,314
422,167,97,313
419,168,99,312
416,168,101,312
414,169,102,311
412,170,102,310
410,170,101,310
408,170,100,310
407,170,99,310
405,171,99,309
402,171,99,309
400,171,99,309
398,171,99,309
395,171,100,309
393,171,99,309
391,174,99,306
390,174,99,306
388,174,100,306
387,174,100,306
382,174,100,306
383,173,96,307
380,172,96,308
377,172,97,308
375,171,96,309
372,171,96,309
368,170,99,310
365,169,99,311
362,168,100,312
362,168,99,312
362,167,99,313
362,164,99,316
362,162,100,318
362,159,100,321
360,158,102,322
359,154,103,326
357,153,105,327
356,152,106,328
354,149,107,331
352,147,108,333
350,144,108,336
349,143,108,337
348,141,108,339
347,140,108,340
346,138,107,342
345,138,107,342
345,139,107,341
345,139,106,341
344,139,107,341
344,140,106,340
343,140,107,340
342,139,107,341
340,139,108,341
339,138,107,342
337,138,108,342
336,137,108,343
335,136,109,344
334,134,109,346
334,133,108,347
333,132,109,348
332,130,109,350
332,130,109,350
331,130,110,350
331,129,111,351
330,129,112,351
330,128,112,352
329,129,113,351
327,129,115,351
326,130,116,350
325,130,115,350
323,130,115,350
322,129,115,351
321,128,115,352
320,127,115,353
319,126,115,354
318,125,114,355
316,124,115,356
315,122,115,358
314,120,116,360
312,119,117,361
311,117,118,363
310,116,119,364
309,115,119,365
308,114,120,366
307,113,121,367
306,112,122,368
305,112,122,368
304,111,123,369
303,110,123,370
302,110,123,370
301,109,123,371
300,108,124,372
299,107,124,373
298,105,125,375
297,104,125,376
296,103,126,377
294,100,126,380
293,98,126,382
291,95,127,385
290,93,127,387
288,90,128,390
287,88,128,392
285,85,129,395
285,83,129,397
285,80,130,400
284,78,132,402
286,75,130,405
287,72,129,408
286,68,130,412
285,63,132,417
284,58,133,422
284,53,135,427
284,48,137,432
284,42,138,438
284,37,140,443
284,32,142,448
286,29,141,451
287,26,141,454
287,25,142,455
288,26,142,454
287,32,144,448
287,38,143,442
287,48,143,432
287,58,142,422
287,68,141,412
287,78,140,402
288,82,141,398
288,85,142,395
288,87,143,393
289,86,143,394
289,84,144,396
290,78,145,402
291,73,146,407
292,67,147,413
292,64,148,416
293,62,149,418
295,60,149,420
296,59,150,421
297,60,151,420
299,61,151,419
300,62,152,418
300,64,153,416
301,67,153,413
302,69,153,411
302,72,154,408
303,75,155,405
305,76,155,404
308,73,154,407
310,73,155,407
311,71,157,409
312,66,158,414
311,62,160,418
311,58,161,422
311,55,161,425
312,49,164,431
314,42,165,438
316,38,165,442
319,34,165,446
322,29,168,451
322,29,169,451
322,29,170,451
322,33,171,447
323,34,171,446
324,34,172,446
326,33,173,447
327,33,175,447
330,31,175,449
332,30,176,450
333,28,178,452
334,25,179,455
334,18,182,462
335,13,183,467
335,9,184,471
336,6,185,474
336,3,187,477
336,0,188,480
336,0,189,480
335,0,190,480
334,0,191,480
334,0,192,480
333,0,193,480
333,0,192,480
333,0,191,480
333,0,190,480
333,0,189,480
333,0,188,480
334,0,188,480
336,0,187,480
337,0,186,480
339,9,185,471
340,18,184,462
340,25,186,455
340,27,186,453
340,27,185,453
340,22,185,458
340,16,184,464
338,8,186,472
336,0,188,480
336,0,190,480
337,0,190,480
337,0,192,480
338,0,191,480
338,0,191,480
339,0,190,480
339,0,190,480
339,0,190,480
340,0,189,480
340,6,189,474
340,12,189,468
341,17,188,463
341,21,188,459
341,23,187,457
341,23,186,457
340,21,187,459
340,20,186,460
340,17,186,463
340,14,186,466
340,11,186,469
340,10,186,470
340,10,186,470
340,10,186,470
341,13,184,467
340,16,183,464
338,19,183,461
337,22,182,458
336,25,181,455
335,27,180,453
333,29,180,451
332,30,180,450
331,31,179,449
330,30,178,450
328,30,178,450
327,29,176,451
325,29,175,451
323,29,175,451
322,30,173,450
317,32,175,448
313,33,176,447
309,34,177,446
304,36,179,444
300,37,180,443
295,38,183,442
291,39,184,441
286,40,187,440
282,41,188,439
