287,110,168,370
287,110,167,370
287,109,164,371
287,109,161,371
287,109,158,371
287,108,155,372
286,108,154,372
285,108,153,372
284,108,155,372
284,108,156,372
283,108,157,372
282,108,157,372
281,108,157,372
280,108,157,372
279,108,157,372
278,108,157,372
277,108,158,372
277,108,158,372
276,108,158,372
275,108,159,372
274,108,160,372
274,108,160,372
274,108,158,372
273,108,157,372
273,108,156,372
273,108,154,372
272,108,154,372
272,108,152,372
272,108,151,372
272,108,149,372
271,108,149,372
271,108,148,372
271,108,148,372
271,108,147,372
271,108,147,372
271,108,148,372
271,108,148,372
271,108,148,372
271,108,149,372
271,108,149,372
271,108,149,372
271,108,150,372
271,108,150,372
271,108,150,372
271,108,151,372
271,108,151,372
272,108,150,372
272,108,151,372
272,108,151,372
273,108,150,372
273,108,150,372
273,108,150,372
273,112,150,368
273,132,150,348
273,126,150,354
273,130,150,350
273,133,150,347
272,129,151,351
272,124,151,356
272,120,151,360
271,116,152,364
271,108,153,372
271,101,154,379
271,94,154,386
270,86,156,394
270,79,156,401
270,74,156,406
270,68,156,412
270,66,155,414
272,64,153,416
273,63,152,417
274,65,148,415
274,67,146,413
274,70,144,410
275,74,141,406
275,79,139,401
276,87,135,393
278,94,132,386
279,100,130,380
281,108,125,372
282,111,118,369
282,114,121,366
281,115,121,365
281,116,119,364
280,112,120,368
280,109,120,371
283,105,119,375
286,101,119,379
288,96,119,384
291,92,118,388
294,88,118,392
295,86,121,394
297,85,123,395
299,84,125,396
301,83,126,397
302,83,129,397
303,87,132,393
304,91,135,389
305,95,138,385
306,99,141,381
307,104,145,376
307,108,148,372
307,113,151,367
308,117,153,363
308,122,158,358
307,125,161,355
306,124,164,356
306,126,167,354
304,124,172,356
301,122,177,358
295,118,187,362
292,114,193,366
288,109,200,371
284,105,205,375
280,100,211,380
277,96,215,384
275,94,216,386
275,90,213,390
275,88,210,392
277,87,202,393
279,86,194,394
282,87,185,393
286,90,176,390
290,90,164,390
294,96,158,384
298,102,155,378
299,108,153,372
294,111,156,369
290,113,159,367
286,114,161,366
282,113,163,367
265,110,179,370
258,108,188,372
252,105,194,375
244,103,198,377
235,100,204,380
227,98,205,382
217,97,205,383
208,96,200,384
199,94,196,386
192,96,190,384
184,96,188,384
180,99,183,381
174,101,182,379
172,104,182,376
172,109,179,371
172,113,176,367
173,116,171,364
173,120,167,360
174,122,164,358
174,124,162,356
174,124,157,356
173,125,155,355
173,125,151,355
173,123,148,357
173,121,145,359
169,117,145,363
166,116,144,364
161,116,145,364
156,116,147,364
152,118,147,362
149,121,150,359
147,124,152,356
145,127,154,353
144,129,155,351
149,132,150,348
152,133,152,347
156,133,144,347
163,134,145,346
169,134,147,346
176,135,148,345
181,134,150,346
184,133,152,347
188,132,154,348
192,131,156,349
196,130,158,350
200,129,157,351
204,129,157,351
208,129,157,351
212,128,157,352
215,128,158,352
218,128,159,352
221,129,160,351
224,129,161,351
227,129,162,351
230,130,164,350
232,129,166,351
234,129,168,351
236,129,172,351
238,128,177,352
239,128,183,352
242,127,181,353
246,126,179,354
250,125,179,355
254,124,175,356
258,123,171,357
264,123,167,357
269,123,163,357
272,121,161,359
276,121,159,359
280,122,156,358
282,124,154,356
285,126,150,354
288,128,147,352
289,129,145,351
288,131,146,349
288,132,144,348
286,133,143,347
285,134,142,346
282,135,143,345
279,136,143,344
276,136,143,344
273,136,143,344
269,135,145,345
266,135,145,345
262,135,146,345
259,135,148,345
256,135,149,345
252,136,152,344
249,137,154,343
246,138,155,342
245,138,155,342
244,138,154,342
245,138,152,342
245,138,150,342
246,138,148,342
247,139,146,341
248,140,145,340
249,141,143,339
250,142,142,338
248,143,143,337
247,144,143,336
243,144,147,336
240,144,149,336
236,144,153,336
232,144,156,336
228,144,157,336
223,144,158,336
219,144,159,336
214,144,160,336
210,143,161,337
207,143,162,337
204,143,164,337
201,143,165,337
199,142,166,338
196,142,168,338
195,142,167,338
194,141,166,339
194,141,164,339
193,142,165,338
192,140,163,340
195,140,160,340
198,140,157,340
202,139,154,341
205,139,151,341
208,139,149,341
211,138,146,342
214,138,144,342
216,138,142,342
218,138,140,342
220,137,139,343
220,138,140,342
221,139,141,341
224,140,139,340
227,141,138,339
230,142,137,338
232,143,138,337
234,143,139,337
235,144,141,336
237,145,142,335
238,144,145,336
242,145,144,335
245,145,144,335
250,144,142,336
254,144,141,336
256,143,142,337
259,142,141,338
262,142,140,338
264,143,140,337
267,143,139,337
270,144,138,336
277,144,132,336
284,145,126,335
289,146,123,334
294,146,119,334
299,147,115,333
302,147,114,333
305,148,113,332
309,146,111,334
310,145,112,335
311,143,113,337
314,142,114,338
318,140,114,340
321,138,115,342
326,136,115,344
333,134,112,346
340,134,107,346
347,134,102,346
352,134,102,346
357,134,103,346
360,134,105,346
363,135,108,345
365,135,111,345
368,136,116,344
371,136,121,344
373,137,126,343
377,137,122,343
382,137,124,343
386,137,125,343
390,137,125,343
394,137,126,343
395,135,128,345
396,133,130,347
396,131,132,349
397,129,131,351
400,127,132,353
404,125,133,355
409,123,133,357
418,122,132,358
427,120,130,360
436,118,129,362
446,116,130,364
456,114,130,366
475,112,119,368
477,110,124,370
479,108,130,372
481,105,132,375
483,102,135,378
484,102,140,378
486,101,145,379
488,100,143,380
491,102,142,378
497,103,143,377
504,104,136,376
510,106,130,374
516,107,124,373
518,109,122,371
519,112,121,368
520,113,120,367
521,114,119,366
522,115,118,365
523,115,117,365
523,112,117,368
524,111,116,369
525,107,115,373
526,103,114,377
534,100,106,380
541,98,99,382
548,94,92,386
555,81,85,399
562,67,78,413
572,70,68,410
574,69,66,411
574,66,66,414
577,67,63,413
574,67,66,413
570,69,70,411
565,71,75,409
563,76,77,404
561,81,79,399
561,86,79,394
559,93,81,387
557,100,83,380
553,106,87,374
551,113,89,367
550,116,90,364
551,116,89,364
553,117,87,363
554,114,86,366
556,111,84,369
557,109,83,371
558,105,82,375
556,101,84,379
554,98,86,382
552,94,88,386
550,90,90,390
548,89,92,391
548,88,92,392
545,89,95,391
541,90,99,390
537,92,103,388
533,95,107,385
529,99,111,381
525,103,115,377
521,106,119,374
517,110,115,370
515,114,114,366
514,118,112,362
512,119,108,361
511,119,105,361
509,120,106,360
508,119,107,361
506,118,109,362
503,118,112,362
501,117,114,363
498,116,117,364
496,117,115,363
492,117,116,363
488,117,116,363
484,119,116,361
480,120,116,360
473,122,123,358
469,123,124,357
462,124,128,356
454,126,132,354
447,127,135,353
441,128,136,352
434,128,138,352
428,129,139,351
422,130,140,350
417,130,141,350
413,130,140,350
409,130,139,350
405,130,138,350
401,130,137,350
396,130,137,350
394,129,131,351
391,128,128,352
388,127,125,353
385,126,122,354
382,124,121,356
383,124,122,356
383,125,124,355
383,125,126,355
384,125,123,355
384,125,122,355
375,126,126,354
367,130,128,350
361,130,128,350
355,130,128,350
349,131,128,349
340,131,126,349
332,134,124,346
322,149,124,331
314,147,120,333
306,148,119,332
299,152,117,328
289,151,117,329
282,155,117,325
276,158,116,322
269,154,116,326
262,152,119,328
254,147,120,333
247,141,124,339
239,137,129,343
232,126,133,354
232,119,129,361
225,111,135,369
227,106,135,374
230,101,133,379
232,96,136,384
237,92,133,388
247,92,123,388
255,90,120,390
256,92,125,388
256,93,130,387
257,97,135,383
258,104,140,376
259,110,145,370
260,117,144,363
261,124,143,356
262,132,142,348
264,137,135,343
265,140,133,340
266,141,135,339
267,143,137,337
270,141,139,339
270,136,145,344
273,132,147,348
276,127,149,353
280,121,151,359
285,115,154,365
290,113,158,367
303,110,155,370
307,109,161,371
314,108,163,372
318,110,165,370
319,110,169,370
321,112,170,368
322,115,173,365
325,118,173,362
326,123,174,357
328,127,174,353
329,130,172,350
329,134,170,346
330,138,168,342
331,139,166,341
332,138,165,342
334,138,162,342
334,137,161,343
334,137,161,343
334,134,162,346
336,132,159,348
336,129,160,351
339,127,159,353
342,124,158,356
344,122,158,358
345,122,160,358
346,122,161,358
347,123,162,357
348,124,163,356
348,126,162,354
348,128,161,352
348,130,160,350
348,132,158,348
348,133,157,347
348,136,157,344
348,138,157,342
348,140,156,340
348,142,156,338
348,144,156,336
347,143,157,337
348,144,156,336
347,143,157,337
348,142,156,338
349,140,156,340
349,139,158,341
350,137,158,343
346,136,164,344
343,134,169,346
340,133,175,347
339,133,177,347
338,133,180,347
337,133,183,347
337,133,184,347
336,133,187,347
336,133,186,347
336,133,183,347
337,132,179,348
337,131,176,349
337,131,172,349
337,129,166,351
337,128,160,352
337,126,154,354
337,125,147,355
336,123,143,357
336,122,140,358
337,121,137,359
336,122,136,358
336,122,135,358
334,123,136,357
333,127,134,353
331,132,134,348
330,136,133,344
329,141,131,339
326,145,132,335
323,150,132,330
321,153,131,327
318,153,131,327
315,154,131,326
312,155,131,325
308,154,134,326
305,153,136,327
301,152,139,328
298,151,141,329
294,150,144,330
292,150,142,330
290,153,140,327
289,156,137,324
288,160,131,320
288,164,124,316
289,166,121,314
290,169,118,311
290,172,115,308
291,175,112,305
292,178,108,302
289,179,107,301
286,178,105,302
282,177,105,303
279,177,103,303
276,176,102,304
271,174,101,306
268,170,99,310
266,167,95,313
263,166,95,314
260,165,94,315
257,164,95,316
254,165,96,315
251,167,97,313
248,169,98,311
245,171,99,309
243,172,97,308
240,174,97,306
235,175,99,305
228,176,102,304
221,178,105,302
215,177,107,303
211,176,105,304
208,174,106,306
198,173,115,307
192,172,118,308
187,170,121,310
182,169,125,311
180,168,130,312
180,165,128,315
181,165,126,315
181,165,125,315
182,165,122,315
183,165,119,315
181,164,119,316
179,164,119,316
176,163,118,317
170,164,122,316
159,163,128,317
147,162,135,318
138,160,140,320
130,158,140,322
122,156,142,324
116,153,139,327
111,151,136,329
108,149,130,331
104,148,134,332
105,147,131,333
108,146,129,334
110,146,127,334
113,145,124,335
115,146,124,334
114,146,125,334
109,147,133,333
106,147,138,333
106,148,141,332
107,147,144,333
116,147,139,333
126,146,132,334
129,145,133,335
137,144,129,336
141,144,130,336
144,144,132,336
146,144,127,336
147,143,120,337
144,143,118,337
141,142,113,338
138,142,108,338
137,141,99,339
136,140,101,340
134,139,104,341
134,139,104,341
130,138,109,342
124,137,115,343
123,137,118,343
122,137,122,343
119,137,127,343
115,138,132,342
116,138,135,342
119,138,136,342
122,138,136,342
124,138,137,342
126,138,136,342
128,137,135,343
130,137,132,343
133,137,129,343
133,138,126,342
130,139,125,341
126,139,126,341
122,140,127,340
110,141,136,339
100,141,139,339
92,140,132,340
86,139,139,341
86,139,143,341
87,138,145,342
90,140,145,340
89,141,146,339
86,143,146,337
83,144,145,336
84,145,141,335
85,145,142,335
88,146,134,334
91,146,131,334
97,147,130,333
103,147,129,333
111,146,126,334
120,144,123,336
127,144,120,336
135,142,118,338
143,140,113,340
147,139,112,341
152,139,112,341
156,139,110,341
153,139,113,341
150,138,114,342
148,138,111,342
147,138,107,342
145,138,108,342
142,137,112,343
142,137,113,343
144,138,114,342
146,138,115,342
148,138,118,342
151,139,119,341
152,139,124,341
157,139,127,341
162,139,128,341
167,140,130,340
172,140,131,340
177,140,131,340
183,139,130,341
188,138,129,342
189,139,129,341
190,136,129,344
191,134,127,346
187,133,131,347
183,131,137,349
181,130,140,350
176,129,139,351
169,127,146,353
161,126,150,354
154,124,147,356
149,123,150,357
147,123,154,357
144,122,163,358
144,122,166,358
145,124,168,356
149,126,167,354
153,127,166,353
157,129,165,351
163,132,159,348
168,133,155,347
173,135,149,345
174,136,141,344
167,137,141,343
166,138,141,342
165,137,134,343
164,136,127,344
162,135,122,345
161,134,115,346
154,134,118,346
146,134,122,346
137,134,126,346
129,134,129,346
120,134,134,346
115,134,133,346
110,132,134,348
106,131,134,349
102,131,134,349
95,131,137,349
90,132,138,348
84,132,140,348
78,133,142,347
73,133,143,347
64,133,147,347
62,133,144,347
58,133,145,347
54,132,144,348
45,132,147,348
36,132,151,348
25,130,155,350
12,128,162,352
0,127,167,353
0,125,164,355
0,124,153,356
0,124,144,356
0,124,135,356
0,124,130,356
0,124,125,356
0,125,121,355
0,124,117,356
0,123,113,357
0,122,108,358
0,122,104,358
0,121,100,359
0,122,97,358
0,122,98,358
0,125,105,355
0,129,104,351
0,132,103,348
0,134,104,346
0,138,106,342
0,145,110,335
0,147,114,333
0,150,119,330
0,149,124,331
0,148,130,332
0,146,137,334
0,145,144,335
0,145,152,335
0,144,157,336
0,144,163,336
0,144,168,336
0,145,173,335
0,145,178,335
7,144,179,336
12,146,182,334
24,148,176,332
35,150,173,330
52,152,166,328
65,154,166,326
79,159,161,321
86,160,158,320
93,162,155,318
100,162,154,318
106,164,154,316
113,162,153,318
119,160,154,320
126,158,154,322
132,156,156,324
137,155,159,325
149,152,154,328
152,151,151,329
154,149,148,331
157,148,144,332
161,150,140,330
165,152,136,328
169,153,131,327
173,155,125,325
176,156,119,324
179,159,113,321
182,162,108,318
183,161,107,319
183,162,108,318
183,163,108,317
184,162,108,318
185,162,108,318
187,160,108,320
187,158,113,322
188,156,116,324
188,154,118,326
189,152,119,328
190,150,119,330
191,148,120,332
192,146,121,334
193,144,124,336
194,144,127,336
196,143,128,337
198,143,130,337
200,143,133,337
204,143,136,337
208,144,136,336
214,146,136,334
222,146,133,334
231,147,127,333
245,146,117,334
256,145,108,335
270,144,95,336
272,143,95,337
274,143,94,337
276,141,93,339
278,140,95,340
280,138,96,342
282,137,104,343
284,136,113,344
288,136,120,344
289,136,125,344
286,136,132,344
288,136,133,344
293,136,132,344
298,135,130,345
303,136,126,344
308,138,122,342
313,139,118,341
318,141,114,339
326,142,111,338
333,146,108,334
340,146,108,334
347,147,108,333
354,147,107,333
366,147,104,333
376,144,102,336
382,141,105,339
387,138,108,342
392,135,112,345
396,134,115,346
401,133,118,347
405,132,120,348
410,131,122,349
412,132,126,348
414,132,130,348
416,133,133,347
419,132,134,348
423,133,133,347
426,135,134,345
432,137,133,343
434,138,134,342
446,136,129,344
451,134,133,346
457,132,136,348
468,130,132,350
476,126,131,354
485,123,129,357
490,119,131,361
495,116,133,364
514,113,125,367
519,108,121,372
524,106,116,374
529,105,111,375
534,103,106,377
538,103,102,377
543,104,97,376
541,103,99,377
538,95,102,385
536,96,104,384
534,101,106,379
537,100,103,380
539,104,101,376
537,102,103,378
537,95,103,385
536,99,104,381
538,99,102,381
539,100,101,380
538,104,102,376
533,103,107,377
528,107,112,373
523,112,117,368
518,115,122,365
513,118,127,362
507,121,133,359
501,123,139,357
494,125,146,355
489,124,151,356
483,124,157,356
476,123,164,357
470,124,167,356
465,123,169,357
459,123,175,357
452,122,179,358
445,122,181,358
440,122,180,358
434,122,179,358
428,123,180,357
416,123,184,357
402,123,189,357
388,124,194,356
377,126,195,354
368,127,194,353
359,128,193,352
352,129,189,351
346,131,187,349
341,133,182,347
336,134,178,346
332,135,171,345
332,140,167,340
330,157,160,323
332,152,150,328
335,153,140,327
336,151,129,329
338,147,127,333
346,147,118,333
344,137,121,343
340,134,125,346
333,126,129,354
333,118,126,362
322,114,134,366
319,105,134,375
317,98,136,382
314,91,140,389
311,85,145,395
304,80,152,400
299,76,157,404
296,72,158,408
290,72,160,408
281,72,165,408
271,73,171,407
262,75,175,405
256,79,174,401
249,82,164,398
244,87,155,393
242,92,131,388
240,97,131,383
240,104,128,376
242,109,125,371
246,114,120,366
247,118,117,362
243,121,122,359
237,121,127,359
230,120,133,360
224,119,138,361
220,116,139,364
216,113,142,367
212,110,144,370
211,106,141,374
205,103,144,377
201,101,144,379
193,100,147,380
184,98,151,382
173,96,157,384
162,95,163,385
152,91,168,389
139,93,173,387
130,95,173,385
121,97,173,383
112,100,172,380
108,100,175,380
98,104,184,376
96,103,187,377
93,103,191,377
91,102,194,378
89,101,194,379
88,99,193,381
86,97,193,383
85,96,193,384
83,94,195,386
90,91,193,389
95,89,193,391
101,86,192,394
103,83,194,397
106,80,194,400
110,78,194,402
114,75,195,405
118,72,195,408
122,70,196,410
126,67,197,413
129,64,199,416
135,61,195,419
141,58,191,422
142,55,191,425
145,52,188,428
147,49,188,431
149,46,189,434
149,43,192,437
152,40,191,440
156,36,187,444
158,32,187,448
164,28,184,452
168,24,182,456
167,17,186,463
166,15,190,465
166,12,192,468
165,7,195,473
167,4,196,476
169,2,196,478
171,0,196,480
171,0,203,480
172,0,210,480
172,0,213,480
172,0,216,480
172,0,220,480
173,0,223,480
174,0,223,480
174,0,224,480
175,0,224,480
175,0,224,480
175,0,223,480
174,0,222,480
169,0,222,480
164,0,222,480
159,0,222,480
152,0,221,480
146,0,218,480
139,0,217,480
132,0,218,480
125,0,221,480
123,0,221,480
120,0,223,480
116,0,225,480
114,0,224,480
112,0,223,480
110,0,222,480
108,0,220,480
106,0,217,480
105,0,214,480
103,0,216,480
103,0,217,480
102,0,218,480
103,0,217,480
96,0,216,480
90,0,219,480
85,0,216,480
81,0,213,480
75,0,215,480
71,0,213,480
66,0,215,480
58,0,212,480
44,0,217,480
29,0,224,480
0,0,249,480
0,0,248,480
0,0,241,480
0,0,234,480
0,0,227,480
0,0,220,480
0,0,213,480
0,0,202,480
0,0,190,480
0,0,178,480
0,0,166,480
0,0,156,480
0,0,145,480
0,0,134,480
0,0,123,480
0,0,114,480
0,0,111,480
0,0,104,480
0,0,98,480
0,0,92,480
0,0,86,480
0,0,81,480
0,0,77,480
0,0,73,480
0,0,69,480
0,0,67,480
0,0,64,480
0,0,58,480
0,0,54,480
0,4,51,476
0,8,47,472
0,11,43,469
0,23,41,457
0,82,38,398
0,86,34,394
0,89,30,391
0,92,27,388
0,95,25,385
0,95,23,385
0,105,20,375
0,115,16,365
0,115,14,365
0,115,14,365
0,115,14,365
0,116,14,364
0,116,14,364
0,116,14,364
0,116,14,364
0,116,14,364
0,117,14,363
0,117,14,363
0,117,14,363
0,118,14,362
0,118,14,362
0,118,14,362
0,118,14,362
0,118,14,362
0,119,14,361
0,119,14,361
0,119,14,361
0,119,14,361
0,120,15,360
0,120,15,360
0,120,15,360
0,120,15,360
0,121,15,359
0,121,15,359
0,121,15,359
0,121,15,359
0,122,15,358
0,122,15,358
0,122,15,358
0,122,15,358
0,123,15,357
0,123,15,357
0,123,15,357
0,123,15,357
0,124,15,356
0,124,15,356
0,124,15,356
0,124,16,356
0,125,16,355
0,125,16,355
0,125,16,355
0,125,16,355
0,126,16,354
0,126,16,354
0,126,16,354
0,126,16,354
0,127,16,353
0,127,16,353
0,127,16,353
0,127,16,353
0,128,16,352
0,128,16,352
0,128,16,352
0,128,16,352
0,129,16,351
0,129,16,351
0,129,17,351
0,129,17,351
0,130,17,350
0,130,17,350
0,130,17,350
0,130,17,350
0,131,17,349
0,131,17,349
0,131,17,349
0,131,17,349
0,132,17,348
0,132,17,348
0,132,17,348
0,132,17,348
0,133,17,347
0,133,17,347
0,133,17,347
0,133,17,347
0,134,18,346
0,134,18,346
0,134,18,346
0,134,18,346
0,135,18,345
0,135,18,345
0,135,18,345
0,135,18,345
0,136,18,344
0,136,18,344
0,136,18,344
0,136,18,344
0,137,18,343
0,137,18,343
0,137,18,343
0,137,18,343
0,138,18,342
0,138,18,342
0,138,18,342
0,138,19,342
0,139,19,341
0,139,19,341
0,139,19,341
0,139,19,341
0,140,19,340
0,140,19,340
0,140,19,340
0,140,19,340
0,141,19,339
0,141,19,339
0,141,19,339
0,141,19,339
0,142,19,338
0,142,19,338
0,142,19,338
0,142,19,338
0,143,19,337
0,143,20,337
0,143,20,337
0,143,20,337
0,144,20,336
0,144,20,336
0,144,20,336
0,144,20,336
0,145,20,335
0,145,20,335
0,145,20,335
0,145,20,335
0,146,20,334
0,146,20,334
0,146,20,334
0,143,26,175
0,139,32,341
0,136,41,344
0,132,51,348
0,66,58,414
0,61,64,419
0,55,71,425
0,49,77,431
0,44,84,436
0,47,93,433
0,49,99,431
0,51,105,429
0,53,111,427
0,54,118,426
0,56,124,424
0,58,131,422
0,60,138,420
0,62,146,418
0,64,153,416
0,65,159,415
0,66,165,414
12,68,161,412
26,69,150,411
33,71,149,409
41,72,147,408
48,73,145,407
55,75,144,405
62,76,143,404
69,77,142,403
79,78,140,402
90,79,137,401
97,80,133,400
102,81,132,399
112,82,130,398
111,88,139,392
111,94,148,386
104,92,160,386
101,92,170,387
99,92,185,388
97,91,196,389
101,96,201,384
105,102,206,378
112,96,207,384
119,96,209,384
117,95,218,385
121,94,219,386
126,97,222,383
132,94,223,386
140,90,221,390
150,87,216,393
161,83,209,397
173,79,202,401
185,76,191,404
201,72,176,408
207,70,174,410
217,68,167,412
226,66,165,414
235,64,163,416
244,62,161,418
251,62,160,418
261,62,156,418
270,61,154,419
279,61,157,419
288,60,150,420
285,62,145,418
282,63,144,417
279,63,144,417
276,66,142,414
272,70,142,410
272,71,136,409
268,71,136,409
267,74,134,406
261,73,139,407
255,71,148,409
251,70,156,410
247,69,161,411
240,69,165,411
237,66,168,414
234,67,167,413
231,67,167,413
228,67,167,413
224,67,168,413
221,67,168,413
218,67,168,413
216,68,167,412
214,69,165,411
209,69,165,411
203,73,169,407
200,71,169,409
196,69,170,411
191,67,174,413
176,65,186,415
162,63,195,417
148,61,204,419
130,58,210,422
112,56,216,424
101,54,216,426
89,52,216,428
77,49,216,431
68,48,219,432
64,46,216,434
56,45,218,435
53,43,215,437
50,43,212,437
49,44,206,436
49,46,199,434
49,48,193,432
51,50,186,430
53,52,179,428
58,51,169,428
62,51,158,428
73,51,141,428
94,51,125,429
104,52,121,428
107,53,123,427
109,54,126,426
112,55,128,425
116,53,130,427
121,52,131,428
123,50,136,430
125,48,141,432
127,47,146,433
131,47,149,433
136,48,150,432
141,47,152,433
147,51,153,429
152,55,155,425
158,58,156,422
163,62,157,418
171,62,156,418
180,62,153,418
185,56,156,424
191,63,156,417
197,62,155,418
203,62,152,418
212,60,152,420
212,50,154,430
211,48,157,432
211,50,158,430
209,46,156,434
210,49,152,431
209,48,146,432
204,52,147,428
199,59,153,421
196,59,161,421
192,64,169,416
190,64,177,416
192,66,183,414
192,78,188,402
200,93,192,387
204,89,191,391
204,92,195,388
212,90,189,390
217,88,185,392
225,87,181,393
234,78,172,402
244,72,165,408
260,61,154,419
276,50,144,430
280,44,146,436
284,31,143,449
280,27,131,453
275,23,135,457
274,19,135,461
272,19,134,461
268,22,138,458
265,25,141,455
261,29,145,451
260,32,146,448
261,40,147,440
261,47,150,433
261,55,150,425
259,63,146,417
262,71,144,409
264,79,146,401
264,80,145,400
261,81,148,399
252,78,150,402
248,76,152,404
248,73,152,407
250,68,153,412
251,63,155,417
249,58,154,422
248,53,152,427
240,54,154,426
219,53,165,427
194,54,178,426
169,55,193,425
144,56,209,424
129,56,221,424
114,57,231,423
110,57,233,423
102,58,239,422
101,58,243,422
102,59,247,421
108,59,246,421
114,60,243,420
120,60,239,420
126,61,232,419
130,60,224,420
131,61,217,419
131,59,211,421
131,58,204,422
132,56,196,424
128,53,186,427
127,48,179,432
125,46,173,434
132,44,169,436
143,45,158,435
150,44,158,434
160,45,159,434
169,46,160,433
179,45,161,435
189,48,163,432
196,48,164,432
202,50,166,430
209,53,167,427
216,56,168,424
223,59,169,421
227,63,172,417
232,66,175,414
237,70,177,410
242,70,180,410
247,71,182,409
248,71,186,409
250,70,189,410
258,69,189,411
257,67,194,413
256,66,198,414
252,65,201,415
247,67,204,413
243,69,207,411
239,70,209,410
236,72,210,408
233,73,213,407
232,74,214,406
234,76,219,404
237,77,222,403
241,78,225,402
250,79,222,401
258,80,222,400
265,81,223,399
275,82,220,398
285,83,218,397
286,85,212,395
289,87,207,393
292,88,202,392
296,90,196,390
299,92,191,388
302,93,185,387
306,94,179,386
305,94,178,386
304,95,178,385
304,96,176,384
302,99,177,381
300,102,178,378
297,104,180,376
296,106,180,374
295,106,179,374
297,106,177,374
299,106,178,374
301,106,178,374
303,106,179,374
304,105,180,375
307,106,178,374
307,107,180,373
307,109,181,371
307,110,182,370
307,111,184,369
307,111,182,369
304,113,187,367
302,116,191,364
300,119,195,361
297,121,200,359
295,121,205,359
296,123,208,357
294,123,213,357
296,124,214,356
297,124,217,356
300,124,213,356
303,124,209,356
306,124,206,356
309,124,202,356
312,124,198,356
315,122,192,358
318,121,185,359
325,120,179,360
332,119,169,361
338,117,166,363
344,118,163,362
349,118,162,362
354,119,161,361
359,120,160,360
365,120,158,360
370,121,159,359
376,121,158,359
382,121,158,359
387,122,159,358
393,122,158,358
400,121,157,359
406,119,157,361
412,118,157,362
418,116,157,364
425,115,156,365
430,114,158,366
434,114,160,366
439,113,163,367
444,112,166,368
449,112,169,368
455,111,172,369
461,111,173,369
467,110,173,370
473,110,167,370
479,109,161,371
484,110,156,370
489,110,151,369
489,112,151,368
490,113,150,367
490,114,150,366
494,114,146,366
499,113,141,367
503,114,137,366
507,102,133,378
512,90,128,390
513,95,127,385
511,89,129,391
519,88,121,392
501,88,134,392
504,74,126,406
508,78,127,402
512,82,128,398
511,81,129,399
517,88,123,392
524,95,116,385
519,102,121,378
514,108,122,372
508,115,125,365
503,123,126,357
498,130,128,350
496,134,128,346
494,139,130,341
492,140,133,340
490,142,137,338
487,143,141,337
484,139,140,341
480,136,139,344
476,132,138,348
472,128,138,352
467,125,138,355
464,122,137,358
460,119,137,361
457,116,135,364
453,113,139,367
451,113,138,367
449,113,137,367
447,113,136,367
448,117,129,363
448,120,123,360
449,123,117,357
447,126,116,354
448,128,112,352
447,132,107,348
442,133,110,347
438,134,113,346
434,146,115,334
430,157,117,323
426,152,119,328
423,155,119,325
419,153,124,327
414,149,126,331
410,144,127,336
406,139,126,341
401,134,126,346
397,129,125,351
389,118,127,362
381,112,125,368
373,106,125,374
365,99,129,381
357,94,133,386
356,91,135,389
353,89,138,391
357,88,139,392
370,90,133,390
401,93,112,387
399,98,118,382
397,104,124,376
392,111,131,369
390,117,135,363
391,124,136,356
392,130,137,350
390,134,140,346
390,139,142,341
389,140,144,340
394,141,140,339
396,138,141,342
398,136,140,344
400,131,138,349
400,125,144,355
404,118,145,362
408,110,144,370
412,103,142,377
417,98,139,382
424,93,135,387
431,88,131,392
436,88,144,392
447,89,146,391
457,90,148,390
458,93,156,387
459,97,162,383
460,102,164,378
462,107,166,373
463,112,168,368
464,117,171,363
465,122,173,358
469,123,171,357
474,125,166,355
478,123,162,357
482,122,158,358
487,120,153,360
491,115,149,365
495,110,145,370
500,104,140,376
504,99,136,381
508,94,132,386
512,89,128,391
516,84,124,396
520,82,120,398
523,81,117,399
527,79,113,401
527,79,113,401
522,78,118,402
517,77,123,403
512,76,128,404
507,75,133,405
503,77,137,403
495,76,145,404
485,78,155,402
478,80,162,400
470,82,170,398
465,84,167,396
460,86,164,394
455,89,161,391
451,91,157,389
442,93,158,387
438,93,155,387
437,94,155,386
437,96,154,384
436,95,153,385
435,94,151,386
437,95,151,385
438,95,155,385
443,97,158,383
447,98,161,382
451,99,165,381
450,101,171,379
446,102,177,378
440,104,182,376
433,105,184,375
427,106,185,374
420,109,184,371
412,112,184,368
405,117,182,363
398,120,178,360
391,125,174,355
386,127,169,353
381,128,164,352
373,130,162,350
370,131,157,349
367,131,152,349
364,130,148,350
359,130,145,350
356,128,141,352
350,126,139,354
344,124,137,356
339,122,135,358
332,121,133,359
326,121,131,359
319,122,130,358
314,124,127,356
306,125,126,355
300,127,122,353
293,129,125,351
286,131,128,349
279,133,131,347
271,134,133,346
263,135,135,345
256,137,134,343
249,137,136,343
242,138,139,342
245,137,139,343
249,136,139,344
249,135,140,345
250,135,140,345
250,134,142,346
253,133,142,347
254,132,148,348
259,131,151,349
264,129,155,351
269,128,159,352
275,129,162,351
280,130,165,350
293,133,162,347
297,135,167,345
298,138,174,342
300,138,178,342
301,139,181,341
302,140,184,340
302,140,184,340
302,141,185,339
304,140,183,340
304,140,181,340
304,139,178,341
304,139,174,341
305,138,170,342
303,138,167,342
302,138,163,342
301,138,158,342
300,138,154,342
299,138,150,342
297,138,149,342
296,138,148,342
295,138,146,342
294,138,145,342
293,137,144,343
291,138,145,342
289,139,146,341
288,139,146,341
285,140,148,340
282,141,150,339
281,141,149,339
279,141,148,339
277,141,147,339
275,141,145,339
273,142,142,338
271,141,140,339
268,141,139,339
266,141,137,339
263,141,135,339
260,141,135,338
255,143,134,336
251,142,135,337
247,143,134,336
242,141,132,338
237,140,131,339
234,137,128,342
230,134,127,345
226,131,126,349
225,128,123,352
219,125,125,355
216,124,121,356
214,122,118,358
213,121,116,359
214,121,113,359
216,120,109,360
214,121,110,359
221,124,102,356
219,126,104,354
213,130,108,350
206,135,114,345
198,138,119,342
192,142,121,338
190,148,122,332
188,150,122,330
185,153,123,327
187,151,119,329
186,150,119,330
188,149,117,331
191,147,114,333
193,145,112,335
193,144,112,336
193,140,111,340
193,139,113,341
187,138,118,342
181,137,123,343
176,139,125,341
175,142,123,338
174,144,122,336
173,148,116,332
172,152,118,328
169,156,121,324
165,159,123,321
162,162,124,318
160,162,125,318
158,162,126,318
158,161,127,319
158,160,127,320
152,156,133,324
152,153,134,327
151,149,137,331
156,146,135,334
161,143,134,337
165,140,132,340
168,136,130,344
166,134,129,346
165,130,127,350
161,131,126,349
157,133,124,347
154,134,122,346
147,135,124,345
141,137,122,343
139,138,117,342
137,139,121,341
136,140,124,340
135,142,127,338
136,140,129,340
138,139,130,341
142,138,129,342
146,136,128,344
151,135,126,345
156,132,127,348
161,129,127,351
163,127,129,353
165,124,128,356
167,121,127,359
166,116,129,364
166,116,130,364
164,114,134,366
160,112,139,368
159,109,140,371
157,106,141,374
157,107,136,373
154,106,134,374
140,108,143,372
129,109,149,371
116,110,152,370
108,112,150,368
98,114,159,366
91,113,164,367
84,112,170,368
78,112,175,368
75,110,177,370
73,109,179,371
74,107,178,373
75,106,177,374
79,105,173,375
81,104,175,376
86,104,175,376
91,104,172,376
96,104,169,376
101,104,164,376
107,105,156,375
108,105,150,375
111,105,140,375
113,106,131,374
114,110,130,370
114,113,131,367
112,115,133,365
111,117,135,363
110,118,136,362
108,118,137,362
106,118,139,362
102,118,142,362
101,117,143,363
102,116,143,364
103,116,143,364
101,120,145,360
100,126,143,354
98,133,141,347
96,139,140,341
93,143,138,337
94,148,134,332
90,152,135,328
87,154,135,326
83,156,135,324
79,155,137,325
78,153,137,327
75,150,141,330
72,146,147,334
74,142,151,338
77,139,158,341
86,138,160,342
88,139,166,341
89,141,171,339
91,142,174,338
90,144,178,336
93,145,177,335
94,148,177,332
95,151,176,329
96,154,176,326
99,156,174,324
103,160,172,320
112,159,165,321
120,159,161,321
129,158,155,322
145,154,145,326
161,150,136,330
178,146,126,334
194,142,117,338
211,138,107,342
225,134,99,346
234,130,95,350
240,128,92,352
242,127,92,353
243,126,93,354
244,127,94,353
248,127,94,353
248,129,98,351
248,130,101,350
249,132,104,348
245,135,114,345
242,137,116,343
239,140,124,340
235,143,133,337
232,146,138,334
231,145,144,335
229,145,147,335
227,144,150,336
226,143,152,337
224,142,155,338
226,139,155,341
230,132,153,348
229,129,156,351
235,127,154,353
240,124,153,356
246,122,151,358
255,122,146,358
260,122,146,358
268,122,141,358
270,122,142,358
271,122,143,358
272,122,144,358
273,123,144,357
274,123,144,357
276,123,141,357
276,122,142,358
276,121,141,359
276,120,140,360
276,118,139,362
276,116,138,364
275,113,138,367
274,110,138,370
273,107,138,373
273,104,137,376
272,102,137,378
272,99,137,381
271,96,138,384
271,96,138,384
271,95,138,385
270,94,139,386
269,94,139,386
267,94,140,386
266,94,140,386
264,94,141,386
262,94,142,386
262,93,143,387
262,93,143,387
262,93,143,387
262,92,143,388
262,90,144,390
263,88,144,392
264,86,144,394
265,84,144,396
265,82,145,398
265,80,147,400
265,79,147,401
265,77,148,403
265,76,149,404
265,75,149,405
265,73,150,407
267,73,150,407
268,73,150,407
269,72,149,408
270,71,150,409
271,70,151,410
272,68,152,412
273,66,153,414
274,63,153,417
274,61,155,419
275,58,156,422
275,56,156,424
275,53,157,427
275,51,158,429
275,48,158,432
275,45,159,435
276,44,161,436
277,43,162,437
278,41,164,439
279,40,165,440
280,38,164,442
278,39,165,441
277,40,166,440
276,40,166,440
275,41,166,439
273,42,167,438
272,43,166,437
271,44,167,436
270,46,167,434
268,47,170,433
267,48,173,432
267,50,173,430
267,50,173,430
267,50,173,430
267,51,173,429
267,51,173,429
267,49,174,431
267,47,175,433
267,46,176,434
267,44,179,436
267,42,182,438
269,40,181,440
270,38,182,442
271,36,182,444
272,34,183,446
274,32,182,448
273,30,184,450
273,28,185,452
272,26,186,454
271,24,188,456
271,22,189,458
271,20,190,460
271,18,191,462
271,17,192,463
271,15,194,465
271,13,195,467
271,12,195,468
272,12,197,468
273,11,198,469
273,10,200,470
274,9,201,471
274,10,202,470
274,8,203,472
274,6,205,474
274,4,206,476
274,2,207,478
273,0,209,480
272,0,210,480
272,0,212,480
271,0,214,480
270,0,217,480
270,0,219,480
269,0,223,480
274,0,223,480
271,0,231,480
268,0,232,480
268,0,234,480
268,0,236,480
268,0,237,480
268,0,236,480
268,0,234,480
268,0,232,480
268,0,230,480
268,0,228,480
268,0,226,480
268,0,224,480
269,0,223,480
271,0,221,480
272,0,220,480
273,4,219,476
274,7,218,473
275,10,216,470
275,7,218,473
276,5,218,475
277,2,219,478
277,0,221,480
278,0,222,480
278,0,224,480
279,0,226,480
279,0,229,480
280,0,231,480
280,0,235,480
280,0,238,480
280,0,242,480
280,0,246,480
280,0,249,480
280,0,252,480
281,0,254,480
282,0,256,480
282,0,259,480
283,0,260,480
284,0,261,480
286,0,261,480
287,0,261,480
289,0,261,480
290,0,262,480
290,0,263,480
291,0,263,480
291,0,263,480
291,0,264,480
292,0,263,480
292,0,263,480
292,0,262,480
292,0,261,480
292,0,260,480
292,0,260,480
292,0,258,480
292,0,256,480
292,0,252,480
292,0,249,480
292,0,245,480
292,0,241,480
292,0,238,480
292,0,235,480
292,0,231,480
292,0,228,480
290,0,230,480
287,0,233,480
285,0,234,480
283,0,237,480
280,0,247,480
276,0,259,480
272,0,269,480
265,0,272,480
262,0,263,480
258,0,255,480
256,0,252,480
254,0,250,480
251,0,249,480
247,0,248,480
244,0,246,480
239,0,247,480
235,0,248,480
230,0,249,480
226,0,249,480
