218,1,151,479
217,1,152,479
217,1,152,479
217,1,153,479
217,1,153,479
217,1,153,479
217,1,153,479
217,1,153,479
216,1,155,479
216,1,155,479
216,1,155,479
216,1,154,479
216,1,153,479
216,1,153,479
217,1,152,479
217,1,152,479
217,1,153,479
217,1,153,479
217,1,152,479
217,1,154,479
217,1,156,479
217,1,156,479
217,1,156,479
216,1,157,479
216,1,158,479
216,1,158,479
216,1,158,479
216,1,158,479
216,1,158,479
215,1,159,479
215,1,160,479
215,1,159,479
215,1,159,479
215,1,159,479
215,1,159,479
215,1,159,479
215,1,158,479
215,1,158,479
215,1,158,479
215,1,158,479
215,1,157,479
215,1,157,479
215,1,157,479
214,1,158,479
214,1,158,479
214,1,158,479
214,1,158,479
214,1,158,479
213,1,159,479
213,1,159,479
213,1,159,479
213,1,159,479
213,1,159,479
214,1,158,479
214,1,158,479
214,1,158,479
214,1,158,479
214,1,158,479
215,1,157,479
215,1,157,479
215,1,157,479
215,1,157,479
215,1,156,479
215,1,156,479
214,1,157,479
214,1,157,479
214,1,156,479
214,1,156,479
214,1,156,479
214,1,156,479
214,1,156,479
214,1,156,479
213,1,157,479
213,1,157,479
213,1,157,479
213,1,158,479
213,1,158,479
212,1,159,479
212,1,159,479
212,1,159,479
212,1,160,479
211,1,161,479
209,1,163,479
208,1,164,479
207,1,165,479
205,1,167,479
203,1,168,479
201,1,170,479
200,1,170,479
198,1,169,479
196,1,168,479
193,1,168,479
190,1,168,479
187,1,171,479
184,1,174,479
181,1,176,479
177,1,180,479
172,1,184,479
168,1,186,479
163,1,188,479
159,1,189,479
154,1,189,479
150,1,188,479
146,1,187,479
142,1,188,479
147,1,179,479
153,1,177,479
158,1,175,479
164,1,173,479
169,1,172,479
175,1,169,479
170,1,175,479
169,1,181,479
169,1,181,479
168,1,182,479
168,1,183,479
167,1,184,479
166,1,185,479
166,1,185,479
165,1,186,479
165,1,186,479
162,0,185,480
164,0,183,480
165,0,181,480
167,0,179,480
168,0,177,480
168,1,178,479
168,1,179,479
170,0,178,480
173,1,177,479
175,1,177,479
178,0,174,480
180,1,173,479
182,1,171,479
186,1,170,479
189,1,169,479
193,1,167,479
198,1,168,479
204,1,168,479
209,1,169,479
215,1,169,479
224,1,166,479
234,1,164,479
243,1,165,479
252,1,166,479
262,1,166,479
272,0,166,480
281,0,168,477
290,0,170,473
300,0,171,474
310,0,172,476
322,0,172,469
334,0,173,463
346,0,173,456
358,0,174,455
370,0,175,457
383,0,174,458
395,0,175,460
407,1,175,460
418,1,177,461
429,1,178,463
445,1,173,466
460,1,180,466
475,1,165,469
488,1,152,469
502,1,138,472
508,1,132,471
514,1,126,471
518,1,122,470
523,1,117,470
528,1,112,469
534,1,106,466
534,1,106,463
527,0,113,461
532,0,108,458
534,0,106,456
537,0,103,453
539,0,101,450
541,0,99,447
544,0,96,444
546,0,94,441
553,0,87,440
557,0,83,439
565,0,75,438
566,0,74,437
558,0,82,432
556,0,84,432
552,0,88,432
548,0,92,433
544,0,96,433
540,0,100,433
533,2,107,429
526,3,114,427
522,7,117,424
515,8,124,421
507,10,133,417
500,11,140,414
492,12,148,411
485,14,155,407
477,15,158,404
470,17,160,400
463,18,158,398
455,20,158,396
448,22,157,393
441,24,156,390
436,24,151,390
432,25,144,389
424,25,142,390
417,26,138,389
408,26,137,389
399,27,136,388
391,28,136,387
383,29,133,386
377,30,131,386
379,31,125,384
379,32,123,384
380,33,120,384
380,34,118,384
381,35,115,383
381,36,113,383
382,37,111,383
384,38,109,381
385,37,110,384
387,37,110,382
388,37,111,380
390,36,111,379
392,36,111,378
394,36,112,376
396,35,107,375
397,35,111,372
398,35,114,370
399,35,113,369
400,34,116,359
401,34,112,359
404,34,109,363
406,34,108,362
408,33,104,364
406,34,114,362
404,33,120,355
406,33,134,357
409,32,134,358
410,32,134,358
411,31,134,360
413,31,133,361
416,30,131,363
419,29,129,364
424,29,125,365
429,28,120,367
434,28,116,368
436,28,115,368
438,29,114,368
442,29,110,368
447,28,115,371
454,27,109,373
460,26,105,374
467,25,99,376
475,24,92,378
476,23,92,379
478,22,91,381
479,21,92,383
480,20,92,384
483,20,90,386
485,21,91,386
488,21,91,388
491,21,91,389
493,22,92,390
494,22,95,393
498,22,96,396
501,22,97,396
503,23,99,396
506,23,100,396
507,22,103,397
508,21,106,397
509,20,108,398
510,19,111,398
512,17,112,401
513,16,114,402
514,15,116,402
517,14,116,402
520,13,116,402
523,12,117,402
526,11,114,404
529,11,111,405
531,11,109,405
535,12,105,408
538,12,102,408
541,11,99,409
543,10,97,410
542,10,98,410
542,9,98,411
543,8,97,412
544,6,96,415
545,5,95,417
546,2,94,421
547,1,93,423
548,0,92,421
549,0,91,423
550,0,90,424
548,0,92,426
551,0,89,428
553,0,87,429
553,0,87,430
553,0,87,431
549,80,91,352
546,86,94,349
543,85,97,353
540,86,100,355
537,88,103,356
531,88,109,354
525,88,115,352
520,88,120,350
513,86,127,356
509,88,125,351
510,87,115,354
510,87,106,355
511,90,95,348
504,85,93,334
500,66,90,353
492,66,89,359
485,74,89,342
477,66,84,351
470,70,79,346
468,67,70,347
463,71,68,347
455,75,69,345
447,78,65,342
438,85,60,344
429,91,56,341
418,98,54,338
407,104,51,336
396,111,49,332
386,115,48,331
375,119,48,327
366,118,44,328
356,119,46,324
346,116,44,325
335,113,43,326
324,111,44,325
314,108,43,325
303,104,44,325
293,101,44,325
281,98,45,325
270,96,45,326
263,94,44,327
251,95,47,327
240,95,46,329
229,95,46,332
218,96,46,333
207,98,46,333
196,100,46,334
186,104,43,334
171,105,43,334
162,114,44,348
163,134,44,335
161,132,45,339
159,131,46,342
158,135,40,331
153,131,45,337
154,128,48,325
157,103,45,334
151,96,48,342
152,91,46,334
150,77,50,343
150,72,50,343
148,67,51,344
148,64,51,346
148,62,51,347
147,60,51,348
148,64,51,348
148,67,51,349
147,72,52,348
149,77,51,349
150,85,50,348
152,93,49,347
152,100,49,345
153,106,49,343
155,112,47,341
156,117,46,339
157,120,46,338
158,121,45,337
158,122,45,336
158,120,45,335
157,118,46,333
156,113,47,335
155,108,47,337
154,104,48,337
154,99,48,339
153,94,49,341
152,90,50,341
151,87,50,341
150,84,51,341
151,82,50,342
152,81,49,343
152,81,50,345
153,84,49,342
153,86,49,343
154,88,48,343
154,91,48,343
155,95,48,342
155,98,48,341
156,102,47,340
155,105,48,339
155,107,48,338
155,110,48,336
154,110,49,334
154,110,49,335
154,110,49,333
153,108,50,333
153,106,50,334
153,103,50,335
152,100,51,335
153,98,50,335
153,96,49,335
154,95,49,335
154,93,49,336
155,92,48,338
154,92,49,337
154,93,49,337
155,94,48,338
156,96,47,338
156,97,47,338
157,97,46,338
158,100,46,335
159,101,44,335
160,103,43,333
161,103,42,331
162,104,41,328
161,104,42,324
159,103,44,322
162,102,41,318
164,102,138,322
165,100,145,323
166,98,153,323
168,99,157,321
173,99,157,319
174,96,160,321
177,97,161,323
179,96,161,320
181,97,159,323
184,99,156,326
184,100,156,329
183,174,158,256
184,176,158,255
185,144,158,288
185,109,159,324
187,105,155,329
188,102,153,333
189,102,154,334
191,101,154,336
287,107,57,331
288,103,60,336
288,102,64,337
288,102,68,337
288,102,72,336
286,103,81,335
287,101,80,337
287,100,85,338
287,99,86,339
286,8,91,430
287,4,106,434
288,1,121,437
286,1,138,438
284,0,156,439
285,0,170,438
285,0,178,438
284,0,179,434
274,0,182,435
268,0,181,435
262,0,180,435
250,0,184,436
241,0,186,436
239,0,180,435
236,0,175,433
236,0,172,434
236,0,161,436
235,0,160,437
237,0,156,437
238,0,153,438
242,0,147,437
246,0,141,438
250,0,135,440
256,0,126,447
253,2,126,451
249,0,139,455
247,0,150,449
246,0,163,443
244,0,175,437
237,0,188,439
230,0,194,439
224,0,196,443
217,0,199,446
208,0,201,452
202,0,199,453
194,0,200,454
192,0,195,455
188,0,189,451
183,0,187,457
181,0,175,458
182,0,170,459
183,0,166,461
184,0,161,462
186,0,152,471
203,0,139,480
220,0,126,480
223,0,126,480
225,0,128,480
225,0,130,480
229,0,147,480
237,0,167,480
240,0,181,480
243,0,195,480
243,0,203,473
243,0,205,469
243,0,206,465
244,0,206,461
244,0,206,457
244,0,206,452
246,0,204,448
249,0,201,445
257,0,193,441
265,0,185,437
274,0,173,437
284,0,165,426
295,0,159,426
312,0,142,430
326,0,145,439
346,0,135,453
355,0,135,466
357,0,143,480
361,0,169,480
362,0,186,480
366,0,211,480
370,0,236,480
373,0,240,480
375,0,223,480
375,0,226,480
373,0,229,480
374,0,226,480
375,0,224,480
381,0,215,480
388,0,206,480
398,0,194,480
408,0,183,480
417,0,180,480
424,0,187,480
430,0,194,480
436,0,198,480
446,0,194,480
462,0,178,480
461,0,179,480
459,0,181,480
456,0,184,480
450,0,190,480
445,0,195,480
438,0,193,480
432,0,191,480
423,0,191,480
415,0,191,480
410,0,190,480
395,0,198,480
384,0,196,480
378,0,193,480
369,0,194,480
366,0,190,480
357,0,195,480
348,0,194,480
342,0,190,480
337,0,185,480
336,0,177,480
340,0,163,480
344,0,150,480
348,0,143,479
352,0,138,480
360,0,131,479
353,0,135,480
345,0,140,480
338,0,143,480
328,0,164,480
319,1,188,479
314,1,202,473
308,1,218,468
303,0,219,468
299,0,216,469
296,0,211,470
290,0,204,476
280,0,207,480
282,0,198,480
274,12,179,468
267,19,177,461
262,16,186,464
258,24,195,456
257,21,200,459
261,24,205,456
266,25,206,455
274,22,205,458
281,22,204,458
286,19,201,461
291,15,198,465
293,12,198,467
295,0,198,479
299,0,196,479
301,0,196,480
304,0,194,480
304,0,195,468
304,0,193,464
304,0,190,460
303,0,186,458
302,0,182,456
300,0,179,454
299,0,176,453
298,0,174,451
298,0,169,451
297,0,167,451
296,0,166,451
296,0,164,452
296,0,163,452
296,0,161,452
294,0,163,452
295,0,161,446
293,0,163,449
296,0,161,453
295,0,160,456
295,0,159,454
295,0,157,456
292,0,157,452
290,0,160,449
288,0,162,446
285,0,154,443
283,0,147,438
281,0,142,436
280,0,137,434
277,0,138,434
276,0,137,435
275,0,135,436
274,0,130,436
276,0,127,438
277,0,124,437
280,0,119,437
282,0,115,436
282,0,114,438
282,0,113,435
280,3,111,430
278,6,109,425
276,7,110,418
268,7,112,421
266,6,111,415
262,4,111,417
259,3,108,420
257,0,107,421
244,0,117,420
228,0,130,417
220,0,134,413
206,0,147,410
198,0,153,410
194,0,156,410
190,0,159,411
188,0,160,411
186,0,160,415
184,0,161,418
182,0,161,421
180,0,162,424
179,0,159,425
177,0,157,429
176,0,152,429
176,0,147,430
163,0,152,433
150,0,156,432
137,0,161,435
126,0,159,434
120,0,156,434
119,0,154,433
121,0,152,434
122,0,155,434
125,0,154,435
128,0,155,436
134,0,150,436
142,0,146,436
149,0,143,436
151,0,143,437
158,0,143,438
166,0,144,440
173,0,142,439
178,0,145,438
192,0,136,438
201,0,134,437
204,0,138,434
210,0,138,434
216,0,137,434
215,0,141,433
217,0,141,433
219,0,140,433
222,0,141,431
226,0,137,426
229,0,138,425
237,0,131,424
243,0,125,423
251,0,115,422
259,0,111,422
267,0,111,422
275,0,112,422
283,0,111,418
293,0,110,416
302,0,110,415
312,0,109,414
322,0,108,413
331,0,108,411
341,0,107,410
350,0,107,409
360,0,106,408
369,0,106,406
378,0,105,407
387,0,103,407
394,0,100,407
401,0,96,407
409,0,89,407
416,0,80,411
426,0,69,410
432,11,62,403
441,11,48,412
446,28,36,401
454,45,24,391
445,38,32,331
420,19,44,176
395,0,55,21
395,0,61,28
399,1,64,29
402,4,62,30
404,5,58,29
409,4,56,26
413,1,56,26
418,0,56,17
415,1,56,18
411,1,57,19
407,2,58,19
403,2,58,20
400,3,58,20
396,3,59,21
392,4,60,22
389,4,59,23
385,5,60,23
381,5,61,24
377,5,62,25
374,6,61,25
370,6,62,26
366,7,63,27
367,15,51,22
364,22,52,23
361,30,53,23
358,31,53,26
352,35,59,26
350,34,56,26
347,34,57,26
340,53,58,26
338,48,56,26
335,42,56,27
331,44,51,30
329,36,51,29
326,34,52,32
323,28,52,31
320,15,53,35
326,14,52,33
337,0,57,36
342,0,65,32
353,0,66,25
358,0,65,64
362,0,65,107
366,0,65,150
369,0,66,193
373,0,67,236
377,0,67,279
381,1,67,321
385,1,67,364
389,1,67,407
398,1,62,413
410,1,71,413
419,1,72,421
427,1,74,433
433,1,76,433
440,1,78,434
447,1,79,434
453,1,81,434
458,0,85,435
463,0,87,432
468,0,89,430
473,0,91,427
478,0,93,424
483,0,102,436
491,0,105,436
499,0,117,436
508,0,119,436
519,0,118,436
531,0,109,436
541,0,99,436
546,0,94,437
543,0,97,440
541,0,99,438
547,0,93,433
561,0,79,432
578,69,62,363
590,121,50,314
610,194,30,241
610,238,30,197
610,177,30,258
608,131,32,303
605,103,35,331
603,75,37,358
594,69,46,364
588,63,52,369
580,60,60,372
574,57,66,374
568,53,72,377
563,54,77,376
560,55,80,375
558,56,82,374
557,58,83,372
559,59,81,371
561,60,79,370
563,61,77,369
565,62,75,368
567,63,73,367
569,64,71,366
574,64,66,364
578,65,62,243
582,65,58,237
587,65,53,231
591,66,49,228
596,66,44,227
600,66,40,226
604,68,36,226
609,69,31,227
613,71,27,236
613,76,27,236
616,76,24,235
616,76,24,234
616,77,24,227
616,78,24,219
615,78,25,152
615,77,25,154
615,77,25,149
615,76,25,151
614,76,26,154
613,75,27,150
612,74,28,156
611,73,29,155
610,72,30,156
609,71,31,187
608,69,32,191
607,67,33,196
606,66,34,200
605,66,35,200
604,65,36,206
603,65,37,211
602,67,38,208
601,68,39,206
601,69,39,206
601,71,39,205
601,72,39,201
601,74,39,197
601,75,39,194
600,76,40,191
602,79,38,184
604,82,36,176
607,83,33,166
609,88,31,143
612,95,28,130
615,104,25,125
618,121,22,100
623,135,17,82
625,149,15,69
624,162,16,68
623,179,17,65
622,196,18,61
621,213,19,58
620,230,20,54
619,247,21,50
618,264,22,47
617,281,23,43
616,298,24,40
616,314,24,37
615,331,25,34
614,348,26,30
613,365,27,27
612,382,28,23
607,353,33,50
603,342,37,62
604,342,36,63
607,344,33,59
607,343,33,58
607,344,33,56
610,343,30,52
610,345,30,47
610,338,30,52
613,226,27,164
613,186,27,204
613,172,27,217
613,158,27,232
616,145,24,248
613,147,27,248
611,148,29,250
607,150,33,250
607,148,33,255
605,144,35,259
604,59,36,344
602,56,38,347
601,53,39,350
588,50,52,350
576,47,64,350
577,45,63,349
577,41,63,350
578,37,62,351
579,33,61,352
579,30,61,354
581,28,59,350
581,27,59,349
583,25,57,350
585,26,55,352
581,22,59,356
578,23,62,355
574,23,66,356
571,23,69,356
567,26,73,353
560,29,80,351
554,32,86,360
550,32,89,361
542,37,83,355
537,39,80,358
534,39,79,180
532,38,78,144
529,40,78,134
526,38,52,33
523,37,53,33
519,34,55,32
516,30,55,32
516,26,56,33
513,22,55,33
509,19,55,32
506,15,54,32
502,11,54,33
498,10,55,32
495,8,54,34
492,6,53,34
486,6,55,35
481,6,56,35
476,6,57,36
471,6,58,36
468,6,58,37
464,7,59,37
460,8,61,37
457,8,61,39
453,7,62,38
449,5,63,39
447,1,61,40
452,1,61,34
457,0,62,30
462,0,62,25
390,0,139,372
387,0,147,374
385,0,149,377
388,0,146,381
391,0,133,385
395,0,130,387
402,0,124,389
409,0,118,391
415,0,119,394
426,0,115,399
437,0,111,404
448,1,106,407
457,1,104,413
469,0,98,417
480,0,92,421
487,1,90,421
488,1,97,421
489,0,105,422
491,0,108,432
493,0,111,442
489,0,120,441
502,0,113,441
506,0,115,436
508,0,120,436
503,0,131,438
498,0,142,441
495,0,145,440
499,0,141,442
508,0,132,447
522,0,118,455
535,0,105,464
549,0,91,473
563,0,77,476
577,62,63,416
591,123,49,356
605,185,35,295
602,177,38,302
599,169,41,308
595,161,45,315
592,153,48,321
588,145,52,328
585,137,55,334
603,160,37,303
622,182,18,273
613,172,27,285
605,161,35,297
599,157,41,311
564,89,76,367
549,107,91,359
526,71,114,402
503,61,137,419
489,0,151,480
486,0,154,480
482,0,158,480
480,0,160,480
478,0,162,480
478,0,162,480
478,0,162,480
477,0,163,480
477,0,163,480
477,0,163,480
476,0,164,480
475,0,165,480
469,0,171,480
455,0,185,480
440,0,200,480
425,0,198,480
412,0,195,480
402,0,193,480
397,0,187,480
389,0,189,480
384,0,186,480
378,0,187,480
368,0,189,480
356,0,195,480
347,0,202,480
340,0,203,480
341,0,198,480
342,0,193,480
342,0,196,480
346,0,208,480
362,0,208,480
370,0,215,480
377,0,218,480
384,0,218,480
386,0,219,480
389,0,220,480
393,0,216,480
400,0,207,480
407,0,199,480
416,0,185,480
423,1,191,479
436,1,191,479
445,1,195,479
453,1,187,479
461,0,179,480
454,0,186,480
451,1,189,479
412,0,228,480
406,0,234,480
404,0,236,480
406,0,234,480
435,0,205,480
463,1,177,479
481,1,159,479
482,0,158,480
518,1,122,479
532,0,108,480
545,1,95,479
549,0,91,480
550,0,90,480
552,0,88,480
552,0,88,480
553,0,87,480
553,0,87,480
552,0,88,480
554,1,86,479
556,1,84,479
560,2,80,478
563,0,77,480
566,4,74,476
567,4,73,476
569,5,71,475
563,64,77,416
562,78,78,402
558,70,82,410
558,61,82,419
558,53,82,427
561,33,79,447
551,0,89,480
568,1,72,479
572,0,68,480
572,0,68,480
575,2,65,478
579,0,61,480
584,0,56,480
568,0,72,480
552,0,88,480
534,0,106,480
520,3,120,477
509,22,131,458
501,18,139,462
498,19,142,461
498,20,142,460
499,21,141,459
505,28,135,452
508,43,132,437
517,52,123,428
525,66,115,414
534,102,106,378
544,145,96,335
559,148,81,332
574,151,66,329
589,154,51,326
606,206,34,274
606,210,34,270
606,214,34,266
606,217,34,263
605,221,35,259
605,225,35,255
605,229,35,251
605,233,35,247
604,236,36,244
604,240,36,240
604,244,36,236
604,248,36,232
603,251,37,229
603,255,37,225
603,259,37,221
603,263,37,217
602,267,38,213
602,270,38,210
602,274,38,206
602,278,38,202
601,282,39,198
601,286,39,194
601,289,39,191
601,293,39,187
600,297,40,183
600,301,40,179
600,304,40,176
600,308,40,172
599,312,41,168
599,316,41,164
599,320,41,160
598,323,42,157
598,327,42,153
598,331,42,149
598,335,42,145
597,338,43,142
597,342,43,138
597,346,43,134
597,350,43,130
596,354,44,126
596,357,44,123
596,361,44,119
596,365,44,115
595,369,45,111
595,372,45,108
595,376,45,104
595,380,45,100
594,384,46,96
594,388,46,92
594,391,46,89
594,395,46,85
593,399,47,81
593,403,47,77
593,406,47,74
593,410,47,70
592,414,48,66
592,418,48,62
592,422,48,58
591,425,49,55
591,429,49,51
591,433,49,47
591,437,49,43
590,441,50,39
590,444,50,36
580,399,60,81
569,184,71,296
590,69,50,411
567,17,73,463
544,0,96,480
521,0,119,480
501,0,139,480
484,0,156,480
467,0,173,480
449,0,191,480
434,0,202,480
420,0,201,480
405,0,201,480
392,0,194,479
381,0,186,479
372,0,177,480
365,0,166,478
345,0,174,480
336,0,168,479
326,0,169,478
314,0,171,476
302,0,172,475
292,0,169,476
282,0,167,477
271,0,165,478
261,0,163,478
251,0,156,479
241,0,150,480
221,0,152,476
204,0,152,472
191,0,149,480
186,0,145,480
178,12,140,468
173,6,127,474
165,8,126,472
160,5,122,475
157,0,123,480
136,1,143,479
121,1,153,476
109,1,163,463
100,0,170,454
92,0,177,449
95,0,173,444
98,0,176,445
100,0,177,446
103,0,178,444
105,0,178,446
108,0,177,448
112,0,175,442
120,0,171,426
117,0,172,437
117,0,170,434
118,0,167,431
110,0,173,442
102,0,177,446
98,0,177,446
95,0,180,453
96,0,179,460
102,0,173,465
108,0,168,470
118,0,159,480
126,0,149,480
133,0,145,479
141,0,139,479
147,0,135,480
145,0,140,479
140,0,145,480
140,0,149,477
143,0,151,474
150,0,150,466
155,0,151,461
160,0,153,456
166,0,152,454
171,0,151,453
177,0,150,451
182,0,151,450
188,0,150,450
193,0,151,449
200,0,150,450
208,0,149,451
217,0,146,450
228,0,142,457
232,0,146,455
233,0,151,461
235,0,152,463
237,0,150,459
238,0,150,459
240,0,147,453
243,0,142,447
247,0,137,441
252,0,126,439
258,0,116,437
263,0,117,435
270,0,114,433
273,0,119,431
263,0,136,426
257,0,148,427
251,0,162,425
256,0,163,419
265,0,160,415
275,0,156,416
284,10,155,409
293,19,154,403
302,37,152,386
311,46,150,377
320,48,150,378
329,48,148,378
338,48,146,379
347,49,141,379
356,57,134,371
362,56,131,375
371,55,122,376
381,54,112,377
391,53,98,378
400,52,86,379
410,50,75,383
421,48,65,383
432,46,56,387
444,46,48,390
453,46,45,387
464,45,41,398
476,54,37,393
488,54,33,391
501,55,35,392
513,75,34,369
389,127,169,319
396,344,178,104
408,362,179,88
413,362,186,84
425,365,186,77
438,358,186,80
450,339,184,96
472,132,31,273
483,112,35,295
494,92,38,316
504,80,43,332
513,22,49,390
522,21,55,391
531,18,64,392
539,16,74,393
553,13,78,419
564,10,76,416
572,8,68,420
575,6,65,422
568,4,72,423
567,114,73,313
569,151,71,274
570,171,70,252
572,190,68,231
583,346,57,75
594,381,46,47
594,379,46,49
594,378,46,50
594,378,46,49
594,377,46,50
594,377,46,50
595,376,45,50
595,376,45,50
595,375,45,51
595,375,45,50
595,375,45,50
595,374,45,51
595,374,45,50
595,373,45,51
595,373,45,50
595,372,45,51
595,372,45,51
595,371,45,51
595,371,45,51
595,371,45,51
596,370,44,51
596,370,44,51
596,369,44,52
596,369,44,51
596,368,44,52
596,368,44,52
596,367,44,52
596,367,44,52
596,366,44,53
596,366,44,52
596,366,44,52
596,365,44,52
596,365,44,52
596,364,44,53
596,364,44,52
597,363,43,53
597,363,43,53
597,362,43,53
597,362,43,53
597,362,43,53
597,361,43,53
597,361,43,53
597,360,43,54
597,360,43,53
597,359,43,54
597,359,43,54
597,358,43,54
597,358,43,54
597,357,43,54
598,357,42,54
598,357,42,54
598,356,42,54
598,356,42,54
598,355,42,55
598,355,42,54
598,354,42,55
598,354,42,55
598,353,42,55
598,353,42,55
598,353,42,55
598,352,42,55
598,352,42,55
598,351,42,56
598,351,42,55
599,350,41,56
599,350,41,55
599,349,41,56
599,349,41,56
599,348,41,56
599,348,41,56
599,348,41,56
599,347,41,56
599,347,41,56
599,346,41,57
599,346,41,56
599,345,41,57
599,345,41,57
599,344,41,57
599,344,41,57
600,344,40,57
600,343,40,57
600,343,40,57
600,342,40,57
600,342,40,57
600,341,40,58
600,341,40,57
600,340,40,58
600,340,40,58
600,339,40,58
600,339,40,58
600,339,40,58
600,338,40,58
600,338,40,58
600,337,40,59
601,337,39,58
601,336,39,59
601,336,39,59
601,335,39,59
601,335,39,59
601,335,39,59
601,334,39,59
601,334,39,59
601,333,39,59
601,333,39,59
601,332,39,60
601,332,39,59
601,331,39,60
601,331,39,60
602,330,38,60
602,330,38,60
602,330,38,60
602,329,38,60
602,329,38,60
602,328,38,61
602,328,38,60
602,327,38,61
602,327,38,61
602,326,38,61
602,326,38,61
602,326,38,60
602,325,38,61
602,325,38,61
602,324,38,61
603,324,37,61
603,323,37,62
603,323,37,61
603,322,37,62
603,322,37,62
603,321,37,62
603,321,37,62
603,321,37,62
603,320,37,62
603,320,37,62
603,319,37,63
603,319,37,62
603,318,37,63
603,318,37,62
604,317,36,63
604,317,36,63
604,317,36,62
604,316,36,63
604,316,36,63
604,315,36,63
604,315,36,63
604,314,36,64
604,314,36,63
604,313,36,64
604,313,36,64
604,312,36,64
604,312,36,64
604,312,36,64
604,311,36,64
605,311,35,64
605,310,35,64
605,310,35,64
605,309,35,65
605,309,35,64
605,308,35,65
605,308,35,65
605,308,35,64
605,307,35,65
605,307,35,65
605,306,35,65
605,306,35,65
605,305,35,66
605,305,35,65
605,304,35,66
606,304,34,66
606,303,34,66
606,303,34,66
606,303,34,65
606,302,34,66
606,302,34,66
606,301,34,66
606,301,34,66
606,300,34,67
606,300,34,66
606,299,34,67
606,299,34,67
606,298,34,67
606,298,34,67
606,298,34,67
599,277,41,90
592,233,48,137
587,92,53,282
582,80,58,299
572,77,68,303
562,14,78,366
547,13,93,366
531,11,109,367
519,14,121,374
506,14,134,376
490,14,136,374
478,18,129,373
457,22,131,371
449,26,127,370
440,30,124,368
432,33,124,368
431,38,123,364
426,39,122,363
421,38,122,368
415,42,122,362
408,41,122,362
397,40,128,361
394,38,126,362
391,37,123,361
389,36,120,361
383,35,121,360
384,32,114,365
383,32,113,367
384,32,113,369
385,32,112,371
386,33,112,372
388,33,112,374
390,33,112,376
390,33,113,378
391,33,114,378
392,32,116,379
392,31,115,380
392,30,115,381
392,28,118,383
393,26,117,385
394,25,117,386
398,23,115,388
399,21,117,390
399,19,120,392
400,18,122,393
401,16,123,395
405,15,121,397
405,15,122,398
407,14,122,399
408,14,122,400
410,13,121,402
410,11,126,404
410,10,127,406
411,10,127,407
411,10,128,408
412,9,128,409
412,9,129,411
413,9,129,412
414,9,129,413
415,9,129,415
417,8,128,417
418,7,128,419
419,7,128,421
419,6,129,423
420,6,129,424
418,5,132,427
419,5,132,427
420,4,132,429
421,4,132,430
422,3,132,431
422,3,133,432
422,2,134,434
422,2,135,434
423,1,134,436
423,1,135,437
424,0,135,438
424,0,137,439
425,0,137,439
426,0,137,439
426,0,139,440
427,0,139,440
428,0,140,440
428,0,141,441
429,0,141,441
430,0,142,441
430,0,144,441
431,0,145,442
431,0,146,443
432,0,146,443
433,0,147,444
434,0,147,444
435,0,148,445
435,0,149,446
436,0,149,446
437,0,150,447
438,0,150,447
438,0,151,449
439,0,152,450
440,0,152,451
440,0,153,452
441,0,154,454
442,0,154,455
442,0,155,456
443,0,156,457
443,0,157,458
444,0,157,460
444,0,159,461
445,0,159,462
445,0,160,463
446,0,161,465
446,0,162,466
447,0,162,467
447,0,164,468
448,0,164,469
448,0,165,471
449,0,166,472
449,0,167,473
450,0,167,474
450,0,168,474
451,0,168,475
451,0,168,476
452,0,168,477
452,0,169,478
453,0,169,478
454,0,169,479
454,0,170,480
454,0,171,480
454,0,172,480
454,0,173,480
454,0,175,480
454,0,176,480
454,0,177,480
454,0,178,480
454,0,179,480
454,0,180,480
454,0,181,480
454,0,182,480
454,0,182,480
454,0,183,480
454,0,183,480
454,0,184,480
454,0,184,480
454,0,185,480
454,0,185,480
454,0,186,480
452,0,188,480
453,0,187,480
453,0,187,480
453,0,187,480
453,0,187,480
453,0,187,480
453,0,187,480
453,0,187,480
453,0,187,480
453,0,187,480
446,0,194,480
439,0,194,480
432,0,195,480
424,0,196,480
417,0,196,480
410,0,195,480
404,0,192,480
397,0,190,479
386,0,190,479
375,0,189,479
364,0,189,479
353,0,188,479
342,0,188,479
331,0,188,479
320,0,189,479
309,0,189,480
297,0,190,480
286,0,190,480
275,0,192,480
264,0,194,480
253,0,196,480
248,0,194,480
234,0,202,480
225,0,205,480
216,0,208,480
207,0,211,480
200,0,211,480
195,0,211,480
191,0,210,480
196,0,208,480
200,0,207,480
199,0,209,480
199,0,210,480
197,0,211,480
198,0,210,480
199,0,210,480
200,0,211,480
202,0,214,480
204,0,216,480
207,0,217,480
210,0,217,480
215,0,217,480
220,0,216,480
223,0,214,480
225,0,215,480
227,0,214,480
229,0,212,480
231,0,211,480
233,0,210,480
235,0,208,480
237,0,207,480
239,0,209,480
242,0,209,480
244,0,211,480
246,0,212,480
248,0,214,480
249,0,217,480
250,0,218,480
250,0,220,480
250,0,222,480
251,0,223,480
254,0,219,480
256,0,216,480
257,0,216,480
258,0,216,480
259,0,215,480
260,0,215,480
260,0,218,480
260,0,220,480
260,0,222,480
260,0,225,480
258,0,227,480
257,0,229,480
256,0,230,480
255,0,232,479
255,0,232,479
254,0,234,479
254,0,234,479
254,0,235,479
254,0,235,479
254,0,236,479
255,0,235,479
255,0,235,479
255,0,235,479
256,0,234,479
256,0,234,479
256,0,235,479
257,0,234,479
257,0,234,479
257,0,234,479
258,0,233,479
258,0,233,479
257,0,234,479
257,0,235,479
257,0,235,479
258,0,234,479
258,0,234,479
258,0,234,479
261,0,231,479
263,0,229,479
265,0,227,479
268,0,223,479
270,0,220,479
273,0,217,479
273,0,218,480
274,0,218,480
