268,0,158,480
268,0,159,480
269,0,159,480
269,0,160,480
269,0,161,480
270,0,161,480
270,0,161,480
270,0,160,480
271,0,159,480
271,0,158,480
271,0,158,480
272,0,157,480
272,0,156,480
272,0,156,480
273,0,154,480
273,0,154,480
273,0,154,480
274,0,152,480
273,0,154,480
273,0,155,480
273,0,155,480
274,0,154,480
274,0,154,480
269,0,158,480
263,0,165,480
256,0,170,480
251,0,170,480
248,0,168,480
249,0,168,480
249,0,169,480
253,0,164,480
256,0,161,480
263,0,156,480
268,0,153,480
270,0,154,480
271,0,155,480
271,0,158,480
271,0,161,480
271,0,164,480
271,0,163,480
270,0,164,480
271,0,163,480
271,0,164,480
271,0,164,480
271,0,163,480
270,0,163,480
270,0,162,480
269,0,162,480
269,0,161,480
268,0,160,480
268,0,158,480
264,0,158,480
260,0,159,480
256,0,160,480
254,0,160,480
255,0,159,480
256,0,158,480
258,0,156,480
259,0,155,480
260,0,154,480
261,0,153,480
262,0,152,480
263,0,152,480
264,0,151,480
265,0,150,480
266,0,150,480
266,0,151,480
266,0,152,480
266,0,153,480
266,0,155,480
266,0,153,480
265,0,154,480
265,0,154,480
264,0,155,480
263,0,156,480
262,0,157,480
262,0,157,480
262,0,156,480
262,0,155,480
262,0,154,480
262,0,153,480
262,0,154,480
262,0,156,480
262,0,157,480
262,0,156,480
262,0,156,480
261,0,157,480
261,0,157,480
260,0,157,480
260,0,157,480
259,0,158,480
259,0,157,480
260,0,158,477
261,0,158,474
262,0,158,472
262,0,159,469
263,0,160,466
264,0,160,467
265,0,160,468
266,0,160,470
267,0,161,471
268,0,161,478
270,0,159,478
270,0,159,479
270,0,159,479
268,0,161,480
267,0,161,480
266,0,162,480
265,0,162,480
264,0,162,480
262,0,163,480
261,0,164,480
260,0,164,480
258,0,162,480
257,0,168,480
256,0,174,480
255,0,182,480
254,0,189,480
256,0,194,480
257,0,198,480
258,0,206,480
257,0,210,480
257,0,212,480
259,0,217,480
264,0,218,480
268,0,222,480
276,0,219,480
282,0,217,480
290,0,211,480
302,0,206,480
315,0,199,480
324,0,197,480
333,0,195,480
343,0,195,480
352,0,195,480
362,0,197,480
373,0,198,480
385,0,200,480
396,0,204,479
408,0,206,479
420,0,210,479
431,0,209,479
444,0,196,479
454,0,186,480
467,0,173,479
478,0,162,479
488,0,152,479
499,0,141,479
509,0,131,479
519,0,121,479
529,0,111,479
542,0,98,479
554,0,86,479
560,0,80,479
555,0,85,479
555,0,85,479
556,0,84,479
557,0,83,479
559,0,81,479
555,0,85,479
552,0,88,479
548,0,92,480
545,0,95,480
541,0,99,480
537,0,103,480
526,0,114,480
515,0,125,480
504,0,136,480
496,0,144,480
487,0,153,480
484,0,156,480
475,0,165,480
467,0,173,480
457,0,183,480
447,0,193,480
438,0,202,480
429,0,203,480
419,0,203,480
408,0,202,480
400,0,199,480
391,0,197,480
382,0,195,480
373,0,192,480
363,0,191,479
354,0,189,479
343,0,181,479
329,0,182,478
316,0,182,478
305,0,178,480
294,0,175,480
278,4,181,473
263,6,181,472
249,10,182,468
235,11,182,468
222,11,182,468
220,11,174,469
222,9,182,471
220,8,178,472
221,6,177,470
222,5,174,468
223,3,172,466
224,2,170,464
225,0,167,462
226,0,164,461
226,0,161,460
228,0,158,458
229,0,156,458
230,0,153,457
231,0,153,460
225,0,159,457
231,0,153,459
231,0,153,461
232,0,151,463
233,0,151,465
234,0,151,465
234,0,153,467
235,0,157,466
236,0,157,465
237,0,157,462
238,0,156,460
238,0,156,456
239,0,156,452
240,0,155,448
241,0,154,444
242,0,154,441
243,0,154,437
244,0,154,438
245,0,153,439
248,4,150,437
249,6,150,437
253,7,148,438
256,9,147,441
257,9,147,442
259,10,145,442
260,10,145,442
260,10,144,442
260,10,144,441
260,12,143,438
261,11,142,439
260,11,142,438
260,11,142,437
260,10,141,438
261,11,140,435
261,11,141,436
262,12,140,436
263,12,140,437
264,13,139,436
265,13,139,437
265,13,137,437
265,13,135,436
265,13,132,434
265,13,129,433
266,13,125,433
266,13,121,431
267,13,116,429
267,13,112,427
268,13,106,425
268,13,100,423
268,13,102,422
268,13,102,421
268,13,102,420
268,13,102,419
268,13,102,417
267,13,106,416
265,13,117,414
264,13,121,413
264,13,124,412
264,13,125,410
263,13,127,409
259,13,133,407
256,13,137,408
253,13,141,409
252,13,143,409
254,13,141,411
257,13,139,411
259,13,138,410
264,13,134,410
266,12,134,410
272,10,131,411
279,9,131,411
285,8,132,409
290,6,134,410
296,5,126,411
301,4,135,412
306,2,133,415
312,0,132,417
315,1,135,417
318,0,134,418
322,0,133,419
328,0,129,420
328,1,130,418
335,1,126,420
344,0,120,424
350,0,116,426
356,1,114,425
361,1,109,427
364,1,106,428
366,0,104,431
368,0,103,432
372,0,98,433
375,0,94,433
378,0,90,434
383,0,86,435
388,0,90,436
392,0,96,437
398,0,96,438
404,0,96,439
407,0,99,440
411,0,101,441
416,0,104,442
422,0,105,443
428,0,108,443
434,0,111,444
440,0,113,444
446,0,116,445
451,0,117,445
457,0,117,446
460,0,120,446
463,0,122,446
466,0,125,446
468,0,127,446
468,0,128,446
465,0,132,446
464,0,135,440
461,0,135,436
463,0,133,432
464,0,130,428
460,0,135,424
450,0,149,428
445,0,155,424
441,0,160,420
436,0,167,419
433,0,169,421
431,0,170,421
428,0,172,421
426,0,173,422
425,0,172,422
424,0,172,422
424,0,168,422
423,0,165,422
423,0,162,422
422,0,163,422
422,0,164,422
423,0,164,423
423,0,164,424
424,0,164,426
424,0,165,427
422,0,167,429
421,0,169,430
420,0,172,432
418,0,176,432
418,0,176,433
417,0,177,433
417,0,173,436
416,0,170,436
416,0,167,436
415,0,164,437
415,0,163,437
414,0,162,438
413,0,161,439
413,0,160,440
413,0,161,441
412,0,162,442
412,0,163,443
414,0,162,444
416,0,163,445
417,0,165,446
419,0,166,448
420,0,169,451
425,0,167,446
430,0,166,448
437,0,163,450
439,0,161,452
441,0,160,453
442,0,160,455
443,0,158,457
442,0,158,459
444,0,158,460
446,0,165,462
451,0,169,463
455,0,173,465
462,0,172,465
469,0,171,464
475,0,165,464
484,0,156,465
494,0,146,466
507,0,133,467
520,0,120,468
527,0,113,471
534,0,106,474
542,0,98,477
549,1,91,479
554,1,86,472
556,1,84,473
557,1,83,469
559,1,81,466
561,1,79,465
564,0,76,465
566,0,74,463
570,0,70,463
574,0,66,462
578,50,62,412
586,59,54,403
589,366,51,96
597,381,43,81
604,392,36,73
613,414,27,51
613,412,27,54
613,410,27,56
613,408,27,58
613,406,27,60
613,404,27,62
614,402,26,64
614,400,26,66
614,398,26,68
614,396,26,70
614,394,26,72
614,392,26,74
614,390,26,76
614,387,26,79
614,385,26,82
614,383,26,84
614,381,26,86
614,379,26,88
614,377,26,90
614,375,26,92
614,373,26,94
614,371,26,96
614,369,26,98
614,367,26,100
614,365,26,102
614,363,26,104
614,361,26,106
614,359,26,108
614,357,26,111
614,355,26,113
614,353,26,115
614,351,26,117
614,349,26,119
615,347,25,121
615,345,25,123
615,343,25,125
615,341,25,127
615,339,25,129
615,337,25,131
615,334,25,134
615,332,25,136
615,330,25,139
615,328,25,141
615,326,25,143
615,324,25,145
615,322,25,147
615,320,25,149
615,318,25,151
615,316,25,153
615,314,25,155
615,312,25,157
615,310,25,159
615,308,25,161
615,306,25,163
615,304,25,166
615,302,25,168
615,300,25,170
615,298,25,172
615,296,25,174
616,294,24,176
616,292,24,178
616,290,24,180
616,288,24,182
616,286,24,184
616,283,24,187
616,281,24,189
616,279,24,191
616,277,24,193
616,275,24,196
616,273,24,198
616,271,24,200
616,269,24,202
616,267,24,204
616,265,24,206
616,263,24,208
616,261,24,210
616,259,24,212
616,257,24,214
616,255,24,216
616,253,24,218
616,251,24,220
616,249,24,223
616,247,24,225
616,245,24,227
616,243,24,229
616,241,24,231
617,239,23,233
617,237,23,235
617,235,23,237
617,233,23,239
617,230,23,242
617,228,23,244
617,226,23,246
617,224,23,248
617,222,23,250
617,220,23,253
617,218,23,255
617,216,23,257
617,214,23,259
617,212,23,261
617,210,23,263
617,208,23,265
617,206,23,267
617,204,23,269
617,202,23,271
617,200,23,273
617,198,23,275
617,196,23,277
617,194,23,280
617,192,23,282
617,190,23,284
617,188,23,286
618,186,22,288
618,184,22,290
618,182,22,292
618,180,22,294
618,177,22,297
618,175,22,299
618,173,22,301
618,171,22,303
618,169,22,305
618,167,22,307
618,165,22,310
618,163,22,312
618,161,22,314
618,159,22,316
618,157,22,318
618,155,22,320
618,153,22,322
618,151,22,324
618,149,22,326
618,147,22,328
618,145,22,330
618,143,22,332
618,141,22,334
618,139,22,337
618,137,22,339
618,135,22,341
618,133,22,343
619,131,21,345
619,129,21,347
619,126,21,350
619,124,21,352
619,122,21,354
619,120,21,356
619,118,21,358
619,116,21,360
619,114,21,362
619,112,21,364
619,110,21,367
619,108,21,369
619,106,21,371
619,104,21,373
619,102,21,375
619,100,21,377
619,98,21,379
619,96,21,381
619,94,21,383
619,92,21,385
619,90,21,387
619,88,21,389
619,86,21,391
619,84,21,394
619,82,21,396
619,80,21,398
620,78,20,400
620,76,20,402
620,73,20,405
620,71,20,407
620,69,20,409
620,67,20,411
620,65,20,413
620,63,20,415
620,61,20,417
620,59,20,419
620,57,20,422
620,55,20,424
620,53,20,426
620,51,20,428
620,49,20,430
620,47,20,432
620,45,20,434
620,43,20,436
620,41,20,438
620,39,20,440
620,37,20,442
620,35,20,444
620,33,20,446
620,31,20,448
620,29,20,451
609,0,31,480
594,0,46,480
580,0,60,480
565,0,75,480
548,0,92,480
532,0,108,480
520,0,120,480
525,0,115,480
529,0,111,480
529,0,111,480
529,0,111,480
528,0,112,480
535,0,105,480
551,0,89,480
566,0,74,480
584,0,56,480
597,73,43,407
609,241,31,239
618,338,22,142
618,338,22,142
618,336,22,143
618,335,22,143
618,334,22,143
618,333,22,143
618,331,22,143
618,330,22,143
618,329,22,143
619,328,21,143
619,327,21,143
619,325,21,144
619,324,21,144
619,323,21,144
619,322,21,144
619,320,21,145
619,319,21,144
619,318,21,144
619,317,21,144
619,316,21,144
619,314,21,145
619,313,21,145
619,312,21,145
619,311,21,145
619,309,21,146
619,308,21,146
619,307,21,145
619,306,21,145
619,305,21,145
619,303,21,146
619,302,21,146
619,301,21,146
619,300,21,146
620,298,20,147
620,297,20,147
620,296,20,147
620,295,20,146
620,294,20,146
620,292,20,147
620,291,20,147
620,290,20,147
620,289,20,147
620,287,20,148
620,286,20,148
620,285,20,148
620,284,20,148
620,283,20,147
620,281,20,148
620,280,20,148
620,279,20,148
620,278,20,148
620,276,20,149
620,275,20,149
620,274,20,149
620,273,20,149
620,272,20,149
620,270,20,149
620,269,20,149
621,268,19,149
621,267,19,149
621,265,19,150
621,264,19,150
621,263,19,150
621,262,19,150
621,261,19,150
621,259,19,151
621,258,19,150
621,257,19,150
621,256,19,150
621,255,19,150
621,253,19,151
621,252,19,151
621,251,19,151
621,250,19,151
621,248,19,152
621,247,19,152
621,246,19,151
621,245,19,151
621,244,19,151
621,242,19,152
621,241,19,152
621,240,19,152
621,239,19,152
622,237,18,153
622,236,18,153
622,235,18,153
622,234,18,152
622,233,18,152
622,231,18,153
622,230,18,153
622,229,18,153
622,228,18,153
622,226,18,154
622,225,18,154
622,224,18,154
622,223,18,154
622,222,18,153
622,220,18,154
622,219,18,154
622,218,18,154
622,217,18,154
622,215,18,155
622,214,18,155
622,213,18,155
622,212,18,155
622,211,18,155
622,209,18,155
622,208,18,155
623,207,17,155
623,206,17,155
623,204,17,156
623,203,17,156
623,202,17,156
623,201,17,156
623,200,17,156
623,198,17,157
623,197,17,156
623,196,17,156
623,195,17,156
623,193,17,157
623,192,17,157
623,191,17,157
623,190,17,157
623,189,17,157
623,187,17,158
623,186,17,158
623,185,17,157
623,184,17,157
623,182,17,158
623,181,17,158
623,180,17,158
623,179,17,158
624,178,16,158
624,176,16,159
624,175,16,159
624,174,16,159
624,173,16,158
624,172,16,158
624,170,16,159
624,169,16,159
624,168,16,159
624,167,16,159
624,165,16,160
624,164,16,160
624,163,16,160
624,162,16,160
624,161,16,159
624,159,16,160
624,158,16,160
624,157,16,160
624,156,16,160
624,154,16,161
624,153,16,161
624,152,16,161
624,151,16,161
624,150,16,161
624,148,16,161
625,147,15,161
625,146,15,161
625,145,15,161
625,143,15,162
625,142,15,162
625,141,15,162
625,140,15,162
625,139,15,162
625,137,15,163
625,136,15,162
625,135,15,162
625,134,15,162
625,132,15,163
625,131,15,163
625,130,15,163
625,129,15,163
625,128,15,163
625,126,15,164
625,125,15,164
625,124,15,163
625,123,15,163
625,121,15,164
625,120,15,164
625,119,15,164
625,118,15,164
626,117,14,164
626,115,14,165
626,114,14,165
626,113,14,165
626,112,14,164
626,110,14,165
626,109,14,165
626,108,14,165
626,107,14,165
626,106,14,165
626,104,14,166
626,103,14,166
626,102,14,166
626,101,14,166
626,100,14,165
626,98,14,166
626,97,14,166
626,96,14,166
626,95,14,166
626,93,14,167
626,92,14,167
626,91,14,167
626,90,14,167
626,89,14,167
626,87,14,167
616,48,24,220
604,0,36,272
593,0,47,272
587,0,53,480
572,0,68,480
575,0,65,379
578,0,62,371
580,0,60,362
581,0,59,353
583,0,57,344
585,0,55,333
591,0,49,307
595,0,45,296
599,0,41,285
603,0,37,273
609,0,31,262
615,0,25,251
619,0,21,240
623,0,17,233
624,0,16,144
626,0,14,138
627,0,13,131
629,0,11,125
630,0,10,118
628,0,12,125
626,0,14,131
623,0,17,448
621,0,19,480
616,0,24,480
610,0,30,480
602,0,38,480
594,0,46,480
586,0,54,480
581,0,59,480
564,2,75,478
559,2,81,478
545,1,95,479
533,1,107,479
521,0,119,480
514,0,126,480
510,0,130,480
507,0,133,480
508,0,132,480
512,0,128,480
517,0,123,480
524,0,116,480
530,0,110,480
537,0,103,480
543,0,97,480
549,0,91,480
554,0,86,480
549,0,91,480
543,0,97,480
537,0,103,480
532,0,108,480
527,0,113,480
521,0,119,480
518,0,122,480
515,0,125,480
516,0,124,480
518,0,122,480
512,0,128,480
504,0,136,480
491,0,149,480
480,0,160,480
469,0,171,480
458,0,182,480
449,0,191,480
440,0,200,480
434,0,205,480
429,0,211,480
425,0,215,480
422,0,218,480
416,0,223,480
412,0,222,480
409,0,225,480
406,0,228,480
403,0,231,480
400,0,234,480
397,0,236,480
394,0,233,480
393,0,227,479
391,0,228,480
390,0,227,480
388,0,227,480
387,0,227,480
386,0,226,480
386,0,225,480
385,0,225,480
384,0,226,480
383,0,227,480
382,0,228,480
381,0,229,480
380,0,230,480
381,0,229,480
382,0,228,480
382,0,228,480
383,0,226,479
384,0,222,479
385,0,218,478
388,0,207,480
389,0,203,479
387,0,194,479
388,0,190,480
387,0,185,479
385,0,184,479
383,0,183,480
383,0,176,479
383,0,174,476
382,0,172,475
383,0,172,474
384,0,170,471
384,0,167,467
384,0,166,468
383,0,167,469
384,0,166,470
383,0,167,469
379,0,168,472
375,0,169,475
373,0,169,477
371,0,166,480
371,0,162,480
369,0,160,480
363,0,162,480
357,0,163,480
353,0,162,477
347,0,163,474
340,0,165,472
334,0,167,470
328,0,168,468
317,0,172,465
313,0,170,465
304,0,177,463
300,0,177,463
295,0,175,464
293,0,169,464
289,0,167,465
286,0,163,466
283,0,158,467
280,0,153,468
279,0,147,469
277,0,142,470
278,0,137,471
276,0,134,472
279,0,126,473
280,0,121,475
275,0,125,477
273,0,126,477
271,0,127,477
268,0,128,478
268,0,126,476
267,0,126,474
266,0,125,472
265,0,127,469
264,0,128,467
263,0,129,468
262,0,132,468
261,0,133,468
260,0,134,469
259,0,140,470
263,0,140,469
265,0,140,467
266,0,141,466
271,0,135,464
273,0,132,462
278,0,128,460
283,0,124,459
287,0,122,457
292,0,122,455
297,0,121,454
290,0,135,456
277,0,155,456
272,0,168,456
269,0,180,451
266,0,189,447
265,0,196,448
265,0,201,448
269,0,204,451
276,0,203,452
291,0,195,453
298,0,198,454
306,0,200,456
313,0,201,455
320,0,201,455
328,0,203,458
335,0,202,454
342,0,202,457
350,0,199,460
357,0,193,462
364,0,186,465
365,0,188,468
369,0,187,470
377,0,183,474
387,1,172,477
400,1,156,479
413,1,136,479
410,2,120,478
408,2,116,478
406,2,113,478
405,3,105,477
406,3,103,477
406,3,97,477
405,0,94,480
403,0,88,480
404,1,86,479
403,1,87,479
402,2,86,478
395,1,86,479
387,0,86,480
379,2,87,478
372,3,87,477
364,0,85,480
357,7,82,473
349,9,71,471
331,11,80,469
313,12,80,466
296,17,70,463
283,16,59,460
265,16,49,459
246,23,48,445
240,25,30,443
239,28,30,440
237,29,30,439
235,30,31,438
234,31,30,437
232,32,30,437
230,34,31,435
229,35,30,434
227,36,31,433
225,37,31,432
223,39,31,430
222,40,31,429
220,41,31,428
218,42,32,427
217,44,31,425
215,45,31,424
213,46,32,423
212,47,31,423
210,48,32,422
208,50,32,420
207,51,31,419
205,52,32,418
203,53,32,417
201,55,33,415
200,56,32,414
198,57,32,413
196,58,33,412
195,60,32,410
193,61,33,409
191,62,33,408
190,63,32,408
188,64,33,407
186,66,33,405
185,67,33,404
183,68,33,403
181,69,33,402
179,71,34,400
178,72,33,399
176,73,34,398
174,74,34,397
173,76,33,395
171,77,34,394
169,78,34,393
168,79,34,393
166,80,34,392
164,82,34,390
163,83,34,389
161,84,34,388
159,85,35,387
157,87,35,385
156,88,34,384
154,89,35,383
152,90,35,382
151,92,35,380
149,93,35,379
147,94,35,378
146,95,35,378
144,96,35,377
142,98,36,375
141,99,35,374
139,100,35,373
137,101,36,372
135,103,36,370
134,104,36,369
132,105,36,368
130,106,36,367
129,108,36,365
127,109,36,364
125,110,37,363
124,111,36,363
122,112,36,362
120,114,37,360
119,115,36,359
117,116,37,358
115,117,37,357
113,119,37,355
112,120,37,354
110,121,37,353
108,122,38,352
107,124,37,350
105,125,37,349
103,126,38,348
102,127,37,348
100,128,38,347
98,130,38,345
96,131,38,344
95,132,38,343
93,133,38,342
91,135,39,340
90,136,38,339
88,137,38,338
86,138,39,337
85,140,38,335
83,141,39,334
81,142,39,334
80,143,38,333
78,144,39,332
76,146,39,330
74,147,40,329
73,148,39,328
71,149,39,327
69,151,40,325
68,152,39,324
66,153,40,323
64,154,40,322
63,156,39,320
61,157,40,319
59,158,40,319
58,159,40,318
56,160,40,317
54,162,41,315
52,163,41,314
51,164,40,313
49,165,41,312
47,167,41,310
46,168,41,309
44,169,41,308
42,170,41,307
41,172,41,305
39,173,41,304
37,174,42,304
36,175,41,303
34,176,41,302
32,178,42,300
30,179,42,299
29,180,42,298
27,181,42,297
25,183,42,295
24,184,42,294
22,185,42,293
20,186,43,292
19,188,42,290
17,189,42,289
15,190,43,289
14,191,42,288
12,192,43,287
10,194,43,285
8,195,43,284
7,196,43,283
5,197,43,282
3,199,44,280
2,200,43,279
0,201,43,278
0,197,63,283
0,192,75,288
0,192,88,288
0,129,92,351
0,66,95,414
0,59,98,421
0,52,101,428
0,0,106,480
0,0,102,480
0,0,101,480
0,0,101,480
0,0,103,480
0,0,102,480
0,0,116,480
0,0,129,480
0,0,142,480
0,0,149,480
0,0,158,480
0,0,165,480
0,0,171,480
0,0,175,480
0,0,177,480
0,0,179,480
4,0,175,480
7,0,172,480
13,0,180,480
18,0,214,480
23,0,234,480
31,0,248,480
38,0,260,480
47,0,266,480
51,0,267,480
49,0,271,480
50,0,272,480
54,0,269,480
57,0,264,480
61,0,259,480
66,0,225,480
68,0,225,480
77,0,220,480
88,0,214,480
102,0,215,480
117,0,214,480
132,0,214,480
152,0,211,480
170,0,206,480
187,0,203,480
195,0,205,480
203,0,206,480
207,0,210,480
214,0,210,480
220,0,211,480
223,0,211,480
224,0,216,480
228,0,215,480
232,0,214,480
236,0,213,480
242,0,212,480
242,0,212,480
243,0,212,480
232,0,222,480
231,0,217,479
229,0,219,479
232,0,215,479
237,0,210,479
242,0,206,479
248,0,201,479
258,0,190,479
268,0,179,479
281,0,164,480
298,0,151,480
299,0,154,480
298,0,158,480
298,0,162,480
295,0,166,480
293,0,177,480
291,0,188,480
288,0,201,480
289,0,243,480
289,0,250,480
289,0,256,480
290,0,251,480
285,0,215,480
280,0,214,480
276,0,213,480
271,0,212,479
266,0,212,479
264,0,207,479
253,0,213,479
248,0,212,479
247,0,205,480
243,0,204,480
242,0,200,480
247,0,197,480
256,0,189,480
266,0,178,480
278,0,172,480
293,0,168,480
296,0,169,480
300,0,167,480
301,0,168,480
299,0,170,480
296,0,171,480
292,0,184,480
291,0,202,480
289,0,211,480
287,0,213,480
281,0,216,480
274,0,212,480
264,0,214,480
258,0,213,480
250,0,213,479
247,0,213,479
245,0,206,479
243,0,206,479
245,0,212,480
248,0,216,480
254,0,219,480
260,0,223,480
268,0,221,480
279,0,215,480
285,0,210,480
291,0,203,480
286,0,201,480
284,0,200,480
280,0,198,480
276,0,196,480
273,0,190,480
269,0,187,479
264,0,184,479
262,0,176,479
259,0,171,479
251,0,170,479
242,0,172,479
234,0,173,480
225,0,175,480
217,0,177,480
209,0,179,480
204,0,176,480
195,0,177,480
189,0,174,480
180,0,175,480
176,0,175,480
175,0,167,480
186,0,156,480
193,0,152,480
202,0,143,480
216,0,129,480
222,0,132,480
218,0,142,480
220,0,144,480
222,0,168,480
225,0,188,480
227,0,199,480
229,0,216,480
229,0,229,480
233,0,230,480
238,0,226,480
242,0,222,480
245,0,219,480
254,0,212,480
260,0,206,480
268,0,199,480
276,0,192,480
288,0,194,480
300,0,195,480
312,0,196,480
326,0,196,480
346,0,197,480
366,0,197,480
384,0,200,480
407,0,203,480
430,0,198,480
446,0,194,480
460,0,180,480
456,0,184,480
456,0,184,480
457,0,183,480
457,0,183,480
459,0,181,480
461,0,179,480
463,0,177,480
465,0,175,480
466,0,174,480
468,0,172,480
470,0,170,480
472,0,168,480
474,0,166,480
476,0,164,480
480,0,160,480
483,0,157,480
487,0,153,480
490,0,150,480
494,0,146,480
497,0,143,480
499,0,141,480
501,0,139,480
504,0,136,479
496,0,144,479
488,0,152,480
482,0,158,480
467,0,173,480
457,0,169,473
446,0,166,474
436,0,162,472
425,0,160,473
414,0,157,474
403,0,156,473
392,0,156,473
381,0,160,467
369,0,166,467
358,0,172,467
345,0,177,467
337,0,177,465
326,0,177,466
314,0,176,467
302,0,174,468
289,0,177,469
279,0,178,470
270,0,178,470
260,0,179,471
253,0,177,469
245,0,179,469
239,0,181,468
230,0,183,467
221,0,185,465
211,0,189,464
207,0,186,462
208,0,188,463
210,0,189,463
211,0,188,463
212,0,187,464
213,0,186,464
214,0,183,464
218,0,180,463
222,0,177,462
226,0,174,464
228,0,173,466
229,0,173,468
230,0,172,470
231,0,173,471
232,0,174,471
233,0,174,470
233,0,175,470
234,0,174,471
237,0,171,471
237,0,171,472
236,0,173,472
236,0,174,473
233,0,176,473
234,0,176,473
235,0,175,474
238,0,172,473
241,0,168,472
244,0,164,473
247,0,160,471
250,0,156,469
252,0,153,466
254,0,152,465
257,1,149,462
258,1,148,461
260,1,147,460
262,1,144,458
265,1,138,456
269,1,132,454
269,1,130,451
270,1,126,453
270,1,124,455
270,1,124,456
270,1,134,457
271,1,143,457
271,1,146,458
268,1,154,458
269,1,159,458
271,1,161,459
273,1,163,459
277,0,162,461
282,0,159,457
286,0,158,458
292,0,153,458
291,0,155,459
289,0,158,460
287,0,159,460
284,0,159,465
285,0,157,469
283,0,159,469
283,0,159,476
283,0,161,478
282,0,165,480
283,0,170,480
289,0,170,480
289,0,175,480
294,0,173,480
297,0,170,480
300,0,168,480
302,0,169,480
306,0,167,480
308,0,167,480
309,0,167,480
309,0,166,480
309,0,165,480
307,0,166,480
306,0,166,480
302,0,171,480
298,0,171,480
293,0,176,480
295,0,174,480
293,0,178,480
294,0,179,480
296,0,180,480
298,0,180,480
300,0,183,480
304,0,179,480
306,0,178,480
307,0,177,480
308,0,175,480
310,0,173,480
308,0,175,480
307,0,176,480
304,0,179,480
301,0,182,480
296,0,187,480
292,0,192,480
288,0,197,480
286,0,200,480
286,0,200,480
285,0,201,480
284,0,202,480
283,0,203,480
283,0,205,480
282,0,206,480
282,0,204,480
280,0,206,480
280,0,202,480
280,0,200,480
280,0,198,480
281,0,196,480
282,0,194,480
282,0,194,480
280,0,196,480
280,0,192,480
277,0,193,480
277,0,191,480
274,0,191,480
274,0,188,480
272,0,186,480
272,0,182,480
272,0,180,480
266,0,182,480
264,0,183,480
262,0,184,480
262,0,182,480
257,0,184,480
253,0,187,480
250,0,187,480
250,0,185,480
245,0,189,480
242,0,192,480
241,0,194,480
238,0,198,480
235,0,201,480
233,0,203,480
230,0,206,480
226,0,210,480
225,0,210,480
223,0,212,480
219,0,215,480
216,0,218,480
213,0,221,480
210,0,222,480
207,0,222,480
205,0,222,480
203,0,222,480
202,0,220,480
202,0,222,480
201,0,225,480
201,0,227,480
202,0,229,480
204,0,229,480
207,0,227,480
209,0,228,480
212,0,228,480
215,0,228,480
217,0,229,480
220,0,229,480
223,0,229,480
225,0,230,480
230,0,228,480
235,0,227,480
241,0,224,480
247,0,221,480
252,0,222,480
257,0,220,480
261,0,218,480
266,0,216,480
270,0,215,480
275,0,212,480
277,0,211,480
279,0,210,480
279,0,211,480
279,0,213,480
279,0,214,480
279,0,216,480
279,0,216,480
280,0,216,480
280,0,216,480
280,0,217,480
280,0,219,480
279,0,221,480
279,0,221,480
279,0,222,480
279,0,223,480
279,0,223,480
279,0,223,480
278,0,225,480
278,0,225,480
278,0,225,480
278,0,225,480
278,0,225,480
278,0,225,480
278,0,225,480
278,0,225,480
278,0,225,480
278,0,225,480
278,0,225,480
278,0,225,480
278,0,225,480
278,0,225,480
278,0,225,480
278,0,224,480
277,0,225,480
277,0,225,480
277,0,225,480
277,0,225,480
277,0,225,480
277,0,225,480
277,0,225,480
277,0,225,480
277,0,225,480
277,0,225,480
277,0,225,480
277,0,225,480
277,0,225,480
277,0,225,480
277,0,225,480
277,0,225,480
277,0,225,480
277,0,225,480
277,0,224,480
277,0,224,480
277,0,224,480
276,0,225,480
276,0,225,480
276,0,225,480
276,0,225,480
276,0,225,480
276,0,225,480
276,0,225,480
276,0,225,480
276,0,225,480
276,0,225,480
276,0,225,480
276,0,225,480
276,0,225,480
276,0,225,480
276,0,225,480
276,0,224,480
276,0,224,480
276,0,224,480
276,0,224,480
276,0,224,480
275,0,225,480
275,0,225,480
275,0,225,480
275,0,225,480
275,0,225,480
275,0,225,480
275,0,225,480
275,0,225,480
275,0,225,480
275,0,224,480
275,0,224,480
275,0,224,480
275,0,224,480
275,0,224,480
275,0,224,480
275,0,224,480
275,0,224,480
275,0,224,480
275,0,223,480
275,0,223,480
275,0,223,480
274,0,224,480
274,0,224,480
274,0,224,480
274,0,224,480
274,0,224,480
274,0,224,480
274,0,223,480
274,0,223,480
274,0,223,480
274,0,223,480
274,0,223,480
274,0,223,480
274,0,223,480
274,0,223,480
274,0,222,480
274,0,222,480
273,0,223,480
273,0,223,480
273,0,223,480
273,0,223,480
273,0,223,480
272,0,224,480
272,0,224,480
272,0,224,480
272,0,224,480
272,0,224,480
271,0,225,480
271,0,225,480
271,0,225,480
271,0,225,480
271,0,225,480
270,0,226,480
270,0,226,480
270,0,226,480
270,0,226,480
269,0,226,480
268,0,225,480
267,0,225,480
265,0,225,480
264,0,224,480
263,0,224,480
262,0,223,480
261,0,223,480
260,0,224,480
259,0,225,480
257,0,225,480
255,0,225,480
254,0,224,480
249,0,228,480
245,0,232,480
243,0,232,480
238,0,236,480
233,0,237,480
228,0,239,480
224,0,240,480
220,0,239,480
216,0,238,480
212,0,238,480
209,0,235,480
201,0,238,480
199,0,236,480
196,0,232,480
193,0,228,480
190,0,225,480
187,0,221,480
185,0,218,480
182,0,216,480
178,0,217,480
175,0,218,480
172,0,218,480
168,0,219,480
165,0,220,480
162,0,220,480
158,0,222,480
155,0,222,480
152,0,221,480
146,0,223,480
140,0,226,480
133,0,230,480
127,0,232,480
120,0,235,480
114,0,237,480
107,0,240,480
101,0,241,480
94,0,244,480
88,0,246,480
82,0,249,480
76,0,252,480
70,0,254,480
64,0,254,480
