218,73,142,407
217,73,143,407
217,73,143,407
216,73,144,407
215,73,145,407
214,73,146,407
213,73,144,407
212,73,144,407
210,73,144,407
209,73,146,407
208,73,147,407
207,73,150,407
207,74,151,406
206,74,152,406
206,74,153,406
206,75,156,405
207,75,163,405
209,75,169,405
210,76,173,404
212,76,177,404
214,76,180,404
217,77,179,403
220,77,178,403
223,78,177,402
226,78,176,402
228,79,176,401
229,80,173,400
229,80,171,400
229,81,168,399
230,81,165,399
230,82,163,398
231,83,158,397
233,84,152,396
234,84,147,396
236,96,143,384
237,113,140,367
236,114,139,366
235,114,137,366
234,112,138,368
232,111,141,369
231,113,142,367
230,107,145,373
230,101,147,379
229,96,150,384
228,89,154,391
227,82,157,398
225,75,161,405
223,67,165,413
222,63,168,417
220,58,172,422
218,53,176,427
219,51,176,429
218,47,178,433
216,47,181,433
218,48,180,432
220,49,179,431
220,52,179,428
219,56,179,424
219,60,179,420
218,63,179,417
217,67,180,413
218,70,178,410
218,73,177,407
219,75,174,405
219,75,173,405
220,74,171,406
218,73,172,407
217,70,171,410
215,67,172,413
214,64,172,416
212,60,172,420
213,57,171,423
213,55,172,425
213,53,172,427
214,53,172,427
214,54,173,426
214,58,174,422
214,62,176,418
215,66,177,414
215,70,178,410
215,74,180,406
214,77,182,403
214,81,184,399
213,85,186,395
212,87,189,393
212,88,190,392
212,88,192,392
212,88,193,392
212,88,194,392
212,88,195,392
211,88,196,392
212,91,194,389
212,93,193,387
213,95,191,385
214,97,189,383
214,99,187,381
215,102,185,378
216,105,182,375
217,107,180,373
218,110,177,370
220,113,175,367
220,114,174,366
221,115,172,365
220,116,171,364
219,117,170,363
218,118,175,362
216,119,178,361
214,120,182,360
213,121,184,359
211,121,187,359
209,122,190,358
207,124,191,356
204,125,193,355
202,127,189,353
199,128,187,352
197,130,183,350
196,130,182,350
195,130,183,350
194,130,184,350
193,130,185,350
192,130,186,350
193,130,182,350
195,130,178,350
196,130,174,350
197,130,170,350
199,130,166,350
201,130,163,350
204,130,158,350
206,130,155,350
208,131,152,349
210,131,149,349
212,133,146,347
214,135,144,345
211,136,148,344
207,138,153,342
211,140,150,340
212,141,149,339
213,141,149,339
215,142,147,338
216,143,146,337
217,143,146,337
219,144,144,336
221,144,144,336
221,145,145,335
220,145,148,335
219,145,151,335
219,146,151,334
222,148,151,332
224,150,152,330
226,151,152,329
228,153,153,327
232,154,149,326
234,154,148,326
236,155,146,325
238,155,145,325
241,156,142,324
241,156,142,324
241,157,142,323
241,158,142,322
241,158,142,322
241,159,142,321
242,160,141,320
242,161,141,319
243,162,140,318
243,163,140,317
242,164,141,316
244,164,142,316
245,164,143,316
247,165,144,315
249,165,143,315
250,165,143,315
254,166,140,314
258,166,137,314
261,167,135,313
265,167,132,313
268,168,130,312
270,167,127,313
272,167,124,313
274,167,121,313
276,166,118,314
277,166,116,314
279,166,115,314
280,166,116,314
280,166,118,314
281,166,119,314
280,166,124,314
281,167,124,313
282,167,124,313
284,168,123,312
286,168,122,312
288,169,122,311
291,168,120,312
293,168,120,312
292,167,123,313
291,167,126,313
290,166,128,314
293,166,130,314
295,165,133,315
301,164,132,316
307,164,131,316
313,163,130,317
320,165,130,315
326,166,132,314
333,167,132,313
340,168,132,312
346,168,133,312
352,169,132,311
355,169,132,311
360,167,128,313
362,167,127,313
364,167,126,313
367,167,123,313
369,167,121,313
371,167,119,313
373,167,117,313
376,167,114,313
379,168,112,312
383,169,108,311
387,170,108,310
391,171,107,309
395,172,107,308
399,172,107,308
403,173,108,307
408,172,107,308
412,172,107,308
415,172,109,308
418,171,110,309
421,170,110,310
424,169,111,311
427,169,112,311
430,168,113,312
435,168,111,312
438,167,109,313
441,166,107,314
444,165,110,315
447,165,112,315
450,165,116,315
453,165,122,315
456,165,126,315
459,165,130,315
462,165,128,315
465,165,129,315
467,165,130,315
468,165,133,315
473,165,133,315
477,165,130,315
480,164,130,316
483,164,129,316
486,164,129,316
489,163,127,317
492,163,126,317
495,162,126,318
498,161,127,319
501,160,133,320
504,158,133,322
508,157,132,323
512,156,128,324
516,156,124,324
520,155,120,325
526,154,114,326
532,154,108,326
548,153,92,327
554,153,86,327
557,152,83,328
559,152,81,328
562,151,78,329
565,151,75,329
568,151,72,329
570,151,70,329
572,151,68,329
573,151,67,329
575,151,65,329
577,151,63,329
578,151,62,329
580,151,60,329
582,151,58,329
584,152,56,328
587,153,53,327
588,154,52,326
590,155,50,325
589,156,51,324
589,157,51,323
590,157,50,323
591,158,49,322
591,158,49,322
592,159,48,321
588,157,52,323
585,156,55,324
582,155,58,325
578,154,62,326
575,153,65,327
570,153,70,327
565,153,75,327
560,154,80,326
555,156,85,324
551,157,89,323
546,159,94,321
542,161,98,319
538,162,102,318
534,162,106,318
529,162,111,318
525,161,115,319
521,161,119,319
517,160,123,320
513,159,127,321
509,158,131,322
506,158,134,322
502,157,138,323
498,158,142,322
494,158,140,322
490,158,139,322
486,158,135,322
479,158,137,322
472,158,133,322
466,158,129,322
459,158,131,322
453,158,133,322
447,158,134,322
441,158,134,322
434,158,134,322
428,158,139,322
425,157,138,323
422,155,137,325
421,154,138,326
420,152,138,328
419,150,138,330
416,149,140,331
413,148,141,332
411,147,142,333
408,146,143,334
407,145,143,335
406,145,143,335
405,144,143,336
404,144,142,336
406,144,140,336
407,143,138,337
403,143,139,337
400,143,139,337
396,143,140,337
392,143,140,337
389,143,139,337
385,144,139,336
382,145,139,335
379,146,138,334
376,147,138,333
373,148,138,332
372,149,137,331
371,151,136,329
371,152,134,328
370,153,133,327
370,154,131,326
370,155,130,325
370,155,129,325
370,155,128,325
370,156,129,324
370,156,131,324
372,157,130,323
373,157,131,323
374,158,131,322
375,159,132,321
376,159,132,321
378,159,133,321
379,159,133,321
379,159,134,321
379,159,132,321
379,159,131,321
379,159,129,321
379,158,127,322
379,155,126,325
379,156,123,324
379,156,125,324
380,158,123,322
381,159,123,321
381,161,124,319
382,162,127,318
383,164,131,316
384,165,132,315
386,166,133,314
387,166,133,314
388,165,132,315
389,165,131,315
389,163,133,317
390,162,133,318
391,160,133,320
391,159,134,321
392,157,134,323
394,157,132,323
396,157,132,323
398,157,133,323
400,157,133,323
402,157,133,323
408,157,131,323
411,158,132,322
414,159,133,321
417,160,133,320
420,159,134,321
421,160,138,320
423,160,138,320
425,159,139,321
427,159,139,321
428,157,141,323
430,156,140,324
432,155,140,325
433,154,140,326
435,153,140,327
437,152,139,328
433,152,140,328
429,153,140,327
426,154,140,326
423,155,139,325
420,155,138,325
413,159,142,321
405,162,141,318
397,164,141,316
389,167,141,313
381,169,140,311
375,171,139,309
369,173,138,307
364,174,137,306
358,176,138,304
351,178,139,302
348,177,138,303
342,176,138,304
336,176,138,304
334,175,135,305
333,175,130,305
327,174,128,306
320,174,127,306
314,174,126,306
307,174,125,306
301,174,124,306
292,174,123,306
284,174,122,306
276,174,120,306
268,174,117,306
260,173,114,306
253,173,113,307
246,173,116,307
240,173,117,307
233,172,119,308
226,172,122,308
228,172,122,308
229,171,123,309
228,170,124,310
227,170,124,310
226,169,124,311
228,168,123,312
230,167,121,313
232,166,120,314
233,165,120,315
235,164,118,316
239,162,116,318
240,162,117,318
242,162,117,318
243,162,119,318
243,162,121,318
243,163,123,317
243,163,125,317
242,164,127,316
245,165,126,315
248,166,125,314
249,166,125,314
251,166,124,314
253,166,122,314
254,166,121,314
256,166,119,314
256,166,118,314
257,166,116,314
257,166,115,314
257,166,114,314
258,166,112,314
256,166,114,314
256,167,113,313
256,168,113,312
256,168,112,312
256,169,112,311
256,170,113,310
256,171,113,309
256,172,114,308
256,172,115,308
255,172,117,308
256,172,116,308
256,172,117,308
256,172,117,308
257,172,117,308
257,172,118,308
257,172,117,308
255,173,119,307
256,173,119,307
257,175,117,305
258,176,114,304
259,179,111,301
260,181,108,299
262,183,105,297
264,185,103,295
263,185,104,295
264,186,103,294
264,188,104,292
264,188,104,292
264,189,105,291
264,189,106,291
264,188,107,292
263,188,109,292
263,188,109,292
264,188,109,292
264,188,110,292
263,189,111,291
264,191,110,289
264,192,110,288
265,194,109,286
265,195,109,285
266,196,108,284
266,196,108,284
267,197,107,283
268,197,108,283
268,198,110,282
270,198,110,282
272,199,110,281
274,198,111,282
277,197,111,283
279,195,112,285
281,193,112,287
284,191,111,289
287,189,110,291
290,187,109,293
293,186,107,294
293,185,107,295
293,185,108,295
294,185,107,295
294,187,108,293
294,189,108,291
295,189,107,291
295,194,108,286
295,196,107,284
296,198,106,282
296,200,103,280
297,200,101,280
296,202,101,278
295,201,103,279
297,202,104,278
300,201,104,279
301,199,103,281
303,196,102,284
304,194,101,286
306,193,100,287
307,192,100,288
308,191,99,289
309,192,100,288
310,192,99,288
311,192,97,288
312,193,96,287
312,193,94,287
314,194,92,286
313,195,93,285
312,195,94,285
312,196,94,284
310,195,98,285
309,194,101,286
308,193,115,287
307,192,123,288
305,191,131,289
304,190,135,289
307,189,135,290
310,188,136,290
313,188,134,290
316,187,131,290
316,186,130,292
317,185,128,293
319,182,126,297
321,182,123,297
324,182,119,298
326,183,117,297
329,183,113,297
330,183,112,297
331,183,110,297
333,183,108,297
332,183,111,297
336,184,111,296
339,183,109,297
342,183,107,297
346,182,105,298
351,182,100,298
356,181,96,299
361,180,91,300
366,179,87,301
371,179,83,301
374,178,80,302
376,178,79,302
378,178,78,302
380,177,76,303
382,177,75,303
384,177,82,303
386,178,88,302
387,178,96,302
389,178,103,302
391,179,105,301
392,181,107,299
392,182,104,298
385,184,116,296
388,187,101,293
391,190,95,290
391,193,95,287
393,193,94,287
396,194,93,286
396,194,96,285
391,196,103,284
393,195,104,285
396,194,103,286
398,193,104,287
401,192,104,288
403,191,104,289
404,191,106,289
406,191,105,289
407,190,105,290
408,190,106,290
409,190,106,290
406,190,109,290
402,190,112,290
403,190,111,290
403,190,111,290
403,190,111,290
408,190,107,290
414,190,103,290
420,188,98,292
426,186,93,294
429,185,92,295
430,183,91,297
430,181,92,299
431,178,89,302
431,176,96,304
432,174,99,306
433,173,100,307
434,171,101,309
435,172,106,308
436,172,110,308
437,172,114,308
440,174,115,306
442,175,112,305
442,176,111,304
442,177,104,303
442,178,101,302
443,177,95,303
442,176,96,304
442,174,95,306
441,173,96,307
440,172,96,308
439,170,96,310
438,168,95,312
437,167,95,313
436,165,95,315
435,163,97,317
434,162,98,318
434,162,97,318
433,162,98,318
432,163,99,317
432,163,100,317
431,164,104,316
431,165,107,315
431,166,109,314
430,167,111,313
429,168,114,312
430,167,115,313
433,168,111,312
433,166,113,314
432,164,112,316
430,163,113,317
425,162,113,318
420,161,112,319
415,160,112,320
410,159,112,321
404,158,112,322
400,158,110,322
395,159,109,321
391,159,107,321
389,159,103,321
386,160,101,320
385,161,98,319
385,162,94,318
383,162,93,318
381,163,91,317
379,163,89,317
377,163,89,317
374,163,90,317
372,163,90,317
369,163,91,317
367,163,91,317
365,163,92,317
364,163,94,317
363,162,95,318
362,162,97,318
362,162,98,318
360,162,101,318
360,162,101,318
360,162,104,318
361,162,108,318
363,162,111,318
364,160,113,320
361,160,115,320
359,158,117,322
356,157,119,323
354,156,120,324
352,153,121,327
353,150,120,330
355,147,118,333
357,143,116,337
359,140,115,340
361,137,115,343
364,133,114,347
366,130,117,350
368,127,120,353
370,123,123,357
374,123,123,357
378,122,124,358
380,122,124,358
385,122,121,358
390,121,118,359
394,122,116,358
398,122,115,358
405,123,110,357
410,124,108,356
411,123,109,357
413,123,111,357
415,122,113,358
417,122,115,358
420,121,116,359
422,121,118,359
424,121,120,359
426,121,122,359
429,121,124,359
431,121,125,359
433,121,125,359
435,119,124,361
437,118,124,362
439,117,124,363
442,116,123,364
444,115,123,365
446,114,124,366
449,114,125,366
451,113,126,367
454,113,126,367
456,112,127,368
460,112,127,368
464,111,127,369
467,111,128,369
469,111,130,369
472,110,131,370
476,110,132,370
480,110,132,370
485,109,131,371
489,109,131,371
493,109,132,371
495,109,132,371
494,109,136,371
496,109,142,371
498,109,142,371
500,109,140,371
503,109,137,371
505,109,135,371
509,109,131,371
507,109,133,371
505,109,135,371
504,109,136,371
503,109,137,371
504,109,136,371
505,109,135,371
498,109,142,371
491,112,149,368
487,112,153,368
482,112,158,368
480,112,155,368
477,112,153,368
474,111,154,369
469,111,156,369
463,110,160,370
456,110,165,370
450,109,169,371
444,109,173,371
441,109,174,371
438,108,176,372
436,108,175,372
434,108,174,372
431,106,171,374
428,105,169,375
421,103,171,377
415,102,171,378
409,100,171,380
404,100,169,380
400,99,167,381
396,99,165,381
391,99,164,381
387,98,161,382
382,99,159,381
378,99,155,381
374,101,151,379
369,104,149,376
364,106,146,374
359,108,145,372
353,109,142,371
349,109,141,371
345,110,139,370
342,110,137,370
338,110,136,370
338,107,134,373
338,107,129,373
338,106,129,374
337,106,129,374
336,106,130,374
337,105,133,375
344,104,132,376
346,103,131,377
349,102,128,378
347,103,127,377
347,101,131,379
347,98,135,382
347,97,138,383
347,96,141,384
347,95,141,385
347,94,146,386
346,94,152,386
347,93,156,387
348,92,160,388
350,92,161,388
353,92,160,388
356,92,160,388
358,92,161,388
361,91,161,389
365,90,160,390
370,88,159,392
374,87,157,393
379,85,157,395
389,84,152,396
391,84,153,396
395,84,154,396
400,83,154,397
410,84,149,396
422,85,141,395
423,87,143,393
420,89,145,391
414,91,145,389
409,93,144,387
406,95,141,385
404,96,140,384
402,97,138,383
398,100,137,380
397,100,132,380
392,101,131,379
389,99,131,381
386,98,131,382
383,96,131,384
380,94,128,386
377,91,131,389
375,90,128,390
373,88,122,392
371,86,121,394
369,85,121,395
367,84,120,396
368,84,118,396
368,85,117,395
368,86,114,394
367,88,111,392
367,91,108,389
360,93,112,387
353,96,116,384
344,100,122,380
334,101,128,379
322,101,136,379
310,100,144,380
299,103,151,377
289,103,157,377
278,101,164,379
267,99,171,381
279,97,155,383
275,95,154,385
270,93,154,387
266,90,153,390
261,88,153,392
260,87,153,393
258,85,152,395
257,83,150,397
255,82,148,398
254,80,144,400
244,78,147,402
239,74,148,406
239,73,144,407
240,72,145,408
240,71,147,409
240,71,151,409
240,72,156,408
241,72,160,408
241,70,165,410
242,69,169,411
241,66,175,414
238,64,177,416
233,62,176,418
228,60,174,420
223,57,172,423
217,57,170,423
215,55,168,425
208,56,166,424
200,57,164,423
192,57,163,423
189,59,158,421
182,60,158,420
180,61,152,419
178,63,149,417
176,65,145,415
176,67,141,413
175,67,139,413
175,67,133,413
176,67,129,413
176,68,127,412
169,68,132,412
161,68,137,412
153,68,143,412
144,68,150,412
143,68,149,412
145,67,154,413
144,66,159,414
145,66,163,414
141,65,167,415
138,65,170,415
140,66,173,414
142,68,172,412
143,71,173,409
145,74,173,406
147,77,172,403
152,80,171,400
156,83,171,397
162,85,171,395
168,88,171,392
174,91,170,389
180,92,172,388
187,92,173,388
193,93,175,387
199,92,178,388
208,91,177,389
218,89,176,391
228,88,176,392
247,88,166,392
255,88,171,392
260,89,174,391
263,88,180,392
266,87,186,393
269,87,191,393
272,86,190,394
274,85,191,395
282,86,189,394
289,87,188,393
297,88,185,392
304,89,184,391
312,90,179,390
318,90,176,390
324,91,172,389
330,91,168,389
336,90,163,390
343,90,158,390
344,88,161,392
346,87,159,393
347,85,157,395
349,83,153,397
350,81,150,399
352,81,147,399
354,83,143,397
353,84,140,396
351,86,138,394
343,87,150,393
340,89,154,391
336,90,160,390
333,92,164,388
330,93,164,387
324,95,166,385
318,94,166,386
310,93,168,387
302,93,169,387
294,92,171,388
286,92,173,388
282,91,170,389
278,90,168,390
273,89,167,391
269,88,165,392
265,87,163,393
262,87,166,393
260,86,169,394
257,85,173,395
253,84,177,396
250,84,181,396
247,83,185,397
244,79,187,401
242,79,189,401
239,79,191,401
236,78,193,402
237,78,193,402
241,78,194,402
234,77,201,403
230,77,206,403
225,76,209,404
219,76,209,404
214,76,209,404
209,76,208,404
203,78,206,402
198,80,203,400
191,80,201,400
183,82,199,398
175,84,197,396
167,86,195,394
159,87,193,393
152,87,193,393
145,87,193,393
138,88,194,392
130,87,196,393
125,87,195,393
122,86,192,394
119,86,189,394
117,86,186,394
113,86,184,394
109,87,182,393
110,88,174,392
104,89,179,391
109,90,174,390
111,92,172,388
113,91,170,389
112,92,171,388
113,93,170,387
114,94,169,386
114,95,169,385
115,96,168,384
113,98,172,382
115,98,171,382
114,100,176,380
117,102,177,378
119,103,178,377
120,104,182,376
123,105,183,375
126,106,185,374
130,107,185,373
133,108,187,372
139,109,186,371
145,109,185,371
150,110,185,370
157,112,182,368
165,114,179,366
168,116,182,364
172,118,183,362
174,119,187,361
176,120,188,360
178,121,190,359
180,121,189,359
182,122,189,358
184,122,187,358
186,123,185,357
187,123,184,357
188,124,183,356
189,126,181,354
190,127,179,353
191,128,177,352
192,130,176,350
192,130,176,350
193,131,175,349
193,131,176,349
194,132,175,348
195,133,178,347
197,132,178,348
200,132,177,348
203,132,176,348
206,131,175,349
208,131,174,349
213,131,169,349
217,131,166,349
221,132,162,348
225,132,158,348
229,132,154,348
231,132,151,348
233,131,148,349
234,131,146,349
236,131,143,349
238,130,142,350
239,131,142,349
241,132,140,348
242,133,140,347
244,134,139,346
245,135,138,345
246,136,139,344
247,137,139,343
248,139,140,341
249,140,140,340
250,140,140,340
251,140,142,340
252,139,144,341
253,138,147,342
256,138,146,342
255,137,149,343
256,137,151,343
256,137,154,343
257,137,155,343
257,137,158,343
257,137,161,343
258,139,161,341
260,137,160,343
262,136,158,344
263,134,155,346
264,132,152,348
265,131,149,349
265,130,148,350
265,129,146,351
266,127,144,353
266,126,142,354
267,127,140,353
267,125,141,355
265,126,141,354
263,128,142,352
260,130,144,350
259,133,145,347
258,136,146,344
257,140,147,340
256,143,149,337
255,146,150,334
258,151,149,329
260,153,147,327
261,156,148,324
264,159,146,321
268,161,144,319
272,161,143,319
275,161,141,319
279,160,135,320
282,160,130,320
285,160,125,320
287,161,124,319
290,162,122,318
293,162,121,318
294,164,120,316
295,166,120,314
295,166,120,314
295,167,120,313
294,168,122,312
294,169,123,311
295,169,123,311
295,170,124,310
297,170,123,310
299,170,124,310
301,170,125,310
303,169,127,311
306,166,128,314
308,166,131,314
312,163,131,317
316,164,131,316
319,165,132,315
323,162,132,318
324,161,135,319
330,161,134,319
337,161,132,318
342,161,131,318
344,161,132,318
347,161,130,319
349,161,129,319
351,161,126,319
354,160,123,320
356,162,120,318
358,162,118,318
360,163,115,317
362,163,113,317
365,162,109,318
367,161,106,319
369,161,105,319
372,161,102,319
374,161,100,319
377,160,97,320
376,160,101,320
377,160,102,320
378,160,103,320
379,160,104,320
380,160,105,320
383,160,105,320
386,160,105,320
386,162,104,318
385,163,105,317
386,162,103,318
386,163,100,317
379,162,105,318
377,162,100,318
371,161,101,319
362,160,102,320
362,159,98,321
358,158,98,322
354,156,99,324
349,155,101,325
344,154,101,326
339,153,101,327
333,153,103,327
330,152,100,328
326,152,99,328
322,151,100,329
317,151,103,329
311,153,105,327
304,152,108,328
296,152,111,328
288,151,113,329
281,151,111,329
274,150,109,330
267,149,107,331
260,148,105,332
253,148,103,332
244,146,107,334
236,144,111,336
226,142,114,338
216,140,117,340
206,139,121,341
199,137,123,343
191,135,126,345
191,134,123,346
190,132,120,348
190,131,114,349
196,131,105,349
196,131,97,349
193,132,96,348
191,133,98,347
188,134,102,346
186,135,105,345
182,137,108,343
178,138,112,342
173,140,116,340
169,141,119,339
164,139,122,341
160,137,127,343
152,135,134,345
146,134,136,346
136,132,142,348
129,130,143,350
128,128,140,352
130,128,141,352
132,129,141,351
134,129,142,351
137,132,139,348
138,135,136,345
145,138,131,342
153,141,126,339
154,143,125,337
157,144,125,336
158,147,123,333
159,146,124,334
160,145,124,335
162,145,123,335
165,144,123,336
168,142,122,338
171,139,122,341
174,136,121,344
177,134,121,346
181,132,119,348
184,131,119,349
187,130,118,350
190,129,118,351
192,128,118,352
199,127,118,353
205,127,119,353
211,126,120,354
217,126,121,354
221,126,125,354
224,125,127,355
230,124,130,356
238,121,131,359
246,117,131,363
254,114,132,366
262,112,132,368
267,109,134,371
274,105,138,375
280,103,138,377
285,98,139,382
289,94,141,386
293,91,143,389
294,87,148,393
296,84,150,396
298,80,152,400
301,80,153,400
303,80,155,400
305,80,157,400
307,80,156,400
309,80,156,400
311,81,155,399
313,81,154,399
315,82,154,398
317,82,153,398
320,83,152,397
322,83,154,397
327,80,153,400
331,78,154,402
335,76,154,404
339,73,155,407
343,72,156,408
347,72,158,408
350,71,161,409
354,67,164,413
358,68,166,412
362,68,169,412
363,69,172,411
364,70,175,410
365,70,178,410
363,71,181,409
360,71,185,409
358,71,185,409
356,71,187,409
354,70,183,410
350,70,179,410
345,70,177,410
341,68,173,412
335,65,170,415
329,64,168,416
323,62,165,418
317,60,165,420
311,58,164,422
304,56,164,424
298,54,163,426
292,52,162,428
283,52,166,428
279,49,161,431
272,47,162,433
269,49,163,431
265,51,165,429
262,54,166,426
258,56,167,424
253,59,169,421
248,61,171,419
244,64,172,416
238,65,172,415
231,66,174,414
225,65,179,415
221,64,181,416
213,62,187,418
207,60,191,420
202,58,194,422
196,56,199,424
193,55,201,425
189,53,202,427
186,52,204,428
184,53,202,427
186,54,200,426
188,56,198,424
189,57,197,423
193,58,196,422
196,58,197,422
202,59,193,421
205,60,193,420
207,60,194,420
209,57,191,423
207,56,193,424
203,54,197,426
200,50,199,430
196,46,203,434
195,39,204,441
195,30,204,450
194,25,204,455
193,19,205,461
192,14,205,466
193,9,206,471
194,4,207,476
195,3,209,477
196,1,209,479
197,0,209,480
195,1,212,479
193,2,213,478
191,3,214,477
189,4,215,476
187,5,215,475
185,7,217,473
183,5,217,475
181,3,219,477
179,2,221,478
177,0,225,480
176,0,227,480
176,0,228,480
175,0,231,480
174,0,233,480
172,0,236,480
169,0,239,480
166,0,241,480
162,0,244,480
160,0,246,480
160,0,245,480
157,0,249,480
157,0,249,480
157,0,251,480
157,0,253,480
158,0,255,480
158,0,256,480
158,0,258,480
158,0,260,480
158,0,261,480
158,0,263,480
155,0,266,480
153,0,268,480
150,0,271,480
148,0,273,480
145,0,276,480
142,0,280,480
142,0,282,480
141,0,284,480
140,0,286,480
139,0,289,480
140,0,296,480
138,0,300,480
140,0,300,480
142,0,301,480
144,0,301,480
146,0,299,480
147,0,297,480
148,0,295,480
151,0,292,480
153,0,289,480
156,0,285,480
159,0,282,480
162,0,279,480
165,0,275,480
168,0,274,480
169,0,274,480
170,0,274,480
172,0,273,480
172,0,274,480
172,0,275,480
172,0,277,480
171,0,279,480
170,0,281,480
169,0,284,480
168,0,286,480
169,0,286,480
170,0,286,480
170,0,287,480
171,0,287,480
172,0,287,480
172,0,286,480
173,0,285,480
174,0,284,480
175,0,282,480
176,0,281,480
177,0,279,480
177,0,278,480
178,0,277,480
178,0,276,480
179,0,274,480
177,0,277,480
176,0,278,480
175,0,279,480
174,0,281,480
172,0,283,480
172,0,283,480
172,0,283,480
172,0,283,480
172,0,283,480
172,0,283,480
172,0,282,480
172,0,282,480
172,0,281,480
172,0,280,480
172,0,280,480
172,0,279,480
172,0,279,480
172,0,279,480
172,0,278,480
172,0,278,480
171,0,279,480
170,0,279,480
169,0,280,480
169,0,280,480
168,0,281,480
167,0,281,480
165,0,283,480
164,0,283,480
163,0,284,480
161,0,285,480
160,0,285,480
