140,6,150,441
140,5,153,442
139,5,158,441
139,4,163,442
138,3,170,443
138,3,176,442
137,2,179,443
137,2,179,443
136,1,178,443
136,1,179,443
135,0,180,444
136,0,181,445
137,0,179,447
137,0,177,448
138,0,175,450
139,0,173,452
140,0,169,453
140,0,170,449
141,0,168,452
142,0,165,451
143,0,173,460
145,0,171,460
147,0,169,459
150,0,166,459
152,0,165,459
154,0,163,459
157,0,160,459
159,0,158,459
161,0,157,459
164,0,154,459
166,0,152,459
167,0,153,457
168,0,153,457
172,0,149,458
173,0,151,460
177,0,147,460
176,1,148,460
176,1,147,465
176,1,147,469
177,1,146,474
177,1,146,479
179,1,141,479
180,1,140,479
180,1,140,479
181,1,139,479
182,0,138,480
182,0,138,480
183,0,137,479
183,0,137,479
183,0,137,479
182,0,138,480
181,0,139,479
180,0,139,478
179,0,140,477
177,0,141,476
176,0,142,475
175,0,142,474
174,0,141,477
173,0,141,477
173,0,137,476
172,0,134,476
170,0,136,479
169,0,139,479
169,0,141,479
168,0,143,479
167,0,146,479
166,0,141,479
165,0,137,479
164,0,134,479
163,0,131,479
162,0,129,479
161,0,129,478
160,0,129,478
159,0,130,478
158,0,129,478
160,0,129,478
157,0,133,478
155,0,138,478
155,0,140,478
155,0,140,478
155,0,141,478
159,0,137,478
162,0,134,478
161,0,135,478
159,0,143,478
159,0,148,477
158,0,153,477
157,0,157,477
157,0,158,477
156,0,159,477
155,0,161,477
155,0,162,477
154,0,164,477
154,0,161,477
152,0,159,477
152,0,153,477
152,0,153,477
150,0,155,477
146,0,162,476
140,0,168,480
137,0,172,480
131,15,177,465
124,13,185,467
111,11,198,467
104,16,204,464
86,13,220,467
81,10,224,470
74,8,230,469
70,0,233,475
68,0,234,472
66,0,235,469
71,0,228,466
70,0,227,460
70,0,226,462
74,0,223,456
78,0,219,456
83,0,214,455
88,0,210,455
96,0,202,462
103,0,196,468
111,0,189,475
114,0,187,478
116,0,186,480
121,0,182,480
125,1,179,479
128,0,175,480
131,0,176,480
134,0,173,480
135,0,172,480
136,0,171,480
137,0,169,480
137,0,165,480
137,0,161,480
138,0,155,480
138,0,149,480
138,0,144,480
136,0,135,480
133,0,129,480
128,0,130,480
123,0,132,480
118,0,138,480
107,0,149,480
95,0,161,480
102,0,154,480
108,0,148,480
110,0,140,480
116,0,135,480
119,0,134,480
120,0,134,480
120,0,135,480
119,0,138,480
121,0,136,480
123,0,134,480
125,0,132,480
126,0,131,480
128,0,129,480
131,0,127,480
131,0,127,480
131,0,127,480
131,0,127,480
131,0,127,480
134,0,127,480
136,0,128,480
132,0,130,480
141,0,126,480
140,0,134,480
150,0,138,480
161,0,140,480
171,0,144,480
181,0,148,480
192,0,150,480
203,0,151,480
214,0,152,480
224,0,154,476
235,0,155,470
248,0,154,466
261,0,153,462
274,0,151,458
284,0,153,456
298,0,151,454
304,0,157,452
317,0,157,452
321,0,166,452
334,0,169,450
347,0,173,449
358,0,174,447
369,0,175,446
380,0,176,446
393,0,175,446
403,0,177,449
412,0,181,453
422,0,187,458
433,0,185,461
443,0,189,467
454,0,186,472
460,0,180,476
459,0,181,480
471,0,169,480
478,0,162,480
485,0,155,480
492,0,148,480
510,0,130,480
513,0,127,480
516,0,124,480
514,0,126,480
512,0,128,480
511,0,123,480
496,0,131,480
489,0,137,480
479,0,138,480
469,0,139,480
459,0,140,479
449,0,141,478
443,0,133,480
427,0,138,471
423,0,138,473
421,0,135,477
416,0,158,470
410,0,157,470
404,0,155,469
398,0,154,469
396,2,146,472
388,0,144,474
382,0,140,474
378,3,132,471
373,11,127,463
374,13,117,461
375,21,106,452
375,22,97,451
376,22,86,451
377,23,75,450
372,22,74,450
367,20,69,447
363,18,65,449
353,17,69,445
349,13,66,450
335,13,70,435
328,30,69,413
328,50,63,415
331,116,59,350
330,149,59,319
331,146,59,329
328,153,56,322
330,149,55,329
331,154,55,326
326,148,54,324
324,143,59,328
323,137,57,328
324,132,55,328
331,126,51,328
338,120,46,328
348,119,52,328
360,118,47,328
370,109,44,336
379,112,42,332
388,115,39,328
401,112,32,331
412,121,28,323
410,118,36,327
470,159,30,298
530,201,24,267
589,242,19,238
597,230,43,250
610,226,30,254
622,219,18,261
606,208,30,271
590,198,42,280
574,187,54,290
558,176,67,299
542,166,79,308
526,155,91,318
509,144,104,328
493,134,116,337
477,123,128,347
461,113,140,355
445,102,153,365
429,91,165,375
413,81,177,384
397,70,189,394
380,59,202,404
364,49,214,412
383,50,208,415
402,52,201,417
421,53,194,420
439,55,189,421
458,56,182,424
446,46,194,432
428,42,204,438
409,38,231,442
389,34,251,441
370,30,270,441
362,37,267,433
353,43,257,427
345,50,247,423
337,57,238,418
328,64,237,416
320,81,233,397
312,85,218,391
303,90,88,375
295,98,85,382
287,98,81,382
268,102,91,378
253,0,94,480
237,0,98,480
219,0,106,480
202,0,113,480
186,0,119,480
171,0,123,480
156,0,128,480
142,0,133,480
137,0,129,480
126,0,136,480
121,0,134,480
114,0,138,480
103,0,137,480
95,0,141,480
92,0,142,480
90,0,142,480
88,0,143,480
85,0,144,480
83,0,144,480
81,0,144,480
80,0,143,480
76,0,139,480
70,0,144,480
63,0,151,480
56,0,158,480
49,0,165,480
42,0,170,480
35,0,175,480
28,0,180,480
23,0,183,480
18,0,186,480
10,0,192,480
8,0,186,480
0,0,199,480
0,0,197,480
0,0,195,480
0,0,193,480
0,0,191,480
0,0,189,480
0,0,189,480
0,0,187,480
0,0,192,480
0,0,196,480
0,0,200,480
0,0,206,480
0,0,212,480
0,0,219,480
0,0,225,480
0,0,232,480
0,0,238,480
0,0,242,480
0,0,244,480
0,0,246,480
0,0,247,480
0,0,247,480
0,0,246,480
0,0,245,480
0,0,244,480
0,0,243,480
0,0,245,480
0,0,248,480
0,0,250,480
0,0,247,480
0,0,257,480
0,0,267,480
0,0,274,480
0,0,282,480
0,0,287,480
0,0,285,480
5,0,283,480
10,0,281,480
15,0,279,480
20,0,276,480
25,0,277,480
30,0,277,480
35,0,276,480
40,0,274,480
45,0,273,480
47,0,274,480
49,0,276,480
52,0,276,480
48,0,284,480
44,0,291,480
41,0,298,480
40,0,300,480
40,0,301,480
37,0,308,480
34,0,311,480
31,0,314,480
28,0,317,480
24,0,321,480
22,0,324,480
20,0,326,480
17,0,330,480
15,0,333,480
13,0,336,480
10,0,340,480
8,0,342,480
7,0,345,480
0,0,356,480
0,0,357,480
0,0,359,480
0,0,360,480
0,0,357,480
0,0,354,480
0,0,351,480
0,0,348,480
0,0,349,480
0,0,350,480
0,0,352,480
0,0,353,480
0,0,353,480
0,0,356,480
0,0,358,480
0,0,367,480
0,0,376,480
0,0,383,480
0,0,384,480
0,0,384,480
0,0,383,480
0,0,390,480
0,0,397,480
3,0,399,480
6,0,401,480
9,0,403,480
12,0,405,480
15,0,407,480
0,0,432,480
22,0,419,480
35,0,420,480
48,0,421,480
61,0,421,480
74,0,420,480
87,0,419,480
108,0,408,480
117,0,408,480
127,0,407,480
140,0,402,480
146,0,403,480
151,0,400,480
156,0,398,480
159,0,397,480
161,0,398,480
161,0,395,480
162,0,391,480
162,0,386,480
161,0,374,480
160,0,362,480
164,0,345,480
160,0,341,480
163,0,317,480
160,0,304,480
154,0,295,480
148,0,277,480
142,0,276,480
143,0,276,480
144,0,269,480
146,0,261,480
147,0,254,480
148,0,244,480
150,0,254,480
149,0,267,480
149,0,277,480
143,0,290,480
148,0,293,480
134,0,310,480
129,0,316,480
123,0,319,480
118,0,321,480
83,0,350,480
70,0,356,480
64,0,354,480
61,0,344,480
49,0,345,480
50,0,334,480
50,0,323,480
51,0,311,480
53,0,300,480
55,0,289,480
55,0,281,480
56,0,273,480
57,0,265,480
60,0,257,480
63,0,250,480
66,0,243,480
70,0,234,480
73,0,227,480
71,0,223,480
69,0,220,480
68,0,217,480
66,0,215,480
64,0,213,480
63,0,212,480
61,0,213,480
60,0,212,480
59,0,213,480
57,0,215,480
57,0,214,480
57,0,213,480
57,0,217,480
68,0,209,480
69,0,209,480
70,0,208,480
71,0,207,480
68,0,211,480
64,0,215,480
61,0,218,480
58,0,221,480
55,0,224,480
51,0,228,480
51,0,228,480
52,0,227,480
53,0,226,480
54,0,225,480
58,0,220,480
63,0,214,480
67,0,209,480
73,0,204,480
79,0,199,480
82,0,198,480
85,0,196,480
93,0,193,480
100,2,190,478
108,4,188,476
115,9,187,471
123,11,187,469
130,12,188,468
138,12,188,468
146,13,187,466
154,13,186,466
160,13,175,465
166,13,167,465
172,13,160,467
183,13,148,465
187,13,143,464
192,13,136,462
194,14,131,460
199,15,123,458
202,15,130,456
205,16,138,452
207,17,151,451
210,18,163,451
213,18,168,451
215,19,175,450
215,19,176,450
215,19,177,451
215,19,178,448
214,19,180,445
214,19,181,442
217,14,178,443
217,12,178,445
222,9,173,449
227,6,168,452
232,3,162,455
237,0,157,458
248,0,148,460
259,0,143,461
270,0,139,462
280,0,136,463
291,0,132,465
302,0,128,466
306,0,126,467
309,0,126,468
313,0,124,468
317,0,123,469
324,0,116,470
324,0,117,471
324,0,118,470
325,0,118,470
325,0,119,470
325,0,121,469
325,0,122,469
325,0,123,468
325,62,124,406
328,80,121,386
332,84,120,373
337,86,114,369
345,86,108,364
353,86,101,358
365,85,89,356
376,84,78,354
388,84,66,354
392,84,64,355
401,84,56,355
401,86,50,357
401,84,44,356
402,85,38,356
404,85,187,379
405,85,202,373
405,125,213,330
399,164,219,269
393,203,227,233
387,286,234,148
384,282,227,145
375,269,231,164
378,274,235,155
533,248,81,177
535,145,82,285
530,57,86,374
530,46,86,385
530,39,86,397
530,33,86,408
530,40,87,408
530,48,88,408
531,52,97,405
531,57,101,409
531,65,109,405
524,68,116,404
513,68,117,404
508,68,117,404
503,66,114,402
498,62,131,403
494,59,146,402
489,55,151,403
484,50,156,404
479,0,161,452
474,0,166,449
470,0,170,446
465,0,175,446
460,0,177,445
456,0,179,444
452,0,188,444
448,0,187,443
444,0,185,442
440,0,184,441
440,0,170,442
442,0,163,445
441,0,159,445
444,0,154,445
456,0,143,445
466,0,135,445
473,0,131,446
470,0,136,446
468,0,137,446
464,0,138,448
459,0,166,446
456,0,156,441
453,0,187,433
450,0,190,430
446,1,194,430
444,0,189,433
439,2,188,433
431,3,189,433
424,4,190,434
417,6,190,433
411,6,188,433
405,7,185,432
398,7,184,432
392,8,181,431
386,8,175,436
379,12,172,446
373,30,167,418
370,23,160,427
366,27,156,425
362,25,155,425
358,19,153,434
354,28,151,429
353,30,149,421
352,20,146,429
353,17,137,431
356,14,127,430
351,8,126,436
346,8,124,436
339,0,124,441
332,0,124,439
325,1,124,435
319,1,123,436
312,1,123,436
303,0,121,437
293,2,124,438
282,5,124,437
273,8,122,438
260,12,129,436
254,17,123,432
249,20,122,431
243,22,125,431
237,25,128,430
230,26,129,426
223,28,130,422
228,27,128,421
234,27,125,416
239,25,123,413
244,23,122,410
248,20,119,407
256,18,112,406
257,16,113,405
258,13,113,405
256,13,116,404
254,13,120,404
252,12,123,405
250,12,126,405
251,14,128,403
251,16,138,402
251,18,141,403
251,20,145,402
252,20,146,403
253,21,146,401
254,22,145,400
255,23,145,399
256,23,144,398
259,20,141,398
262,19,139,396
265,15,135,396
275,10,130,397
289,7,133,393
303,2,135,390
311,1,137,388
320,1,137,385
329,1,138,383
338,0,139,383
346,0,141,382
356,0,141,383
365,0,142,385
374,0,143,386
384,0,144,387
393,0,145,388
403,0,150,391
414,1,147,393
425,1,143,396
430,0,143,402
435,2,142,404
440,3,142,408
443,10,140,403
445,14,141,401
443,17,147,400
447,20,146,399
451,23,145,398
456,26,151,396
462,30,148,391
467,31,152,390
472,32,156,390
486,33,154,385
500,34,140,380
519,35,121,377
528,36,112,373
538,36,102,368
540,33,100,370
544,31,96,372
548,29,92,373
549,29,91,371
550,28,90,370
552,25,88,374
553,27,87,371
554,27,86,374
554,30,86,373
555,32,85,373
556,35,84,372
556,40,84,371
557,45,83,369
559,48,81,372
562,51,78,376
565,56,75,376
571,59,69,373
571,62,69,370
574,65,66,367
577,68,63,364
578,90,62,341
582,89,58,338
587,88,53,333
589,87,51,334
590,85,50,335
596,84,44,335
599,87,41,323
606,92,34,317
608,99,32,313
614,102,26,309
621,108,19,285
621,106,19,290
620,106,20,291
620,106,20,293
620,106,20,294
619,106,21,296
619,106,21,298
619,106,21,299
618,106,22,301
618,105,22,304
618,105,22,305
617,105,23,307
617,105,23,309
617,105,23,310
616,105,24,312
606,101,34,317
595,98,45,317
584,95,56,317
574,54,66,356
563,48,77,359
552,49,88,355
542,49,98,353
531,50,109,349
522,51,105,347
509,52,104,342
500,54,98,339
491,55,96,337
486,55,89,336
480,56,90,335
469,56,96,335
458,57,100,334
448,58,98,332
437,58,98,331
429,58,95,331
418,57,95,332
407,56,95,327
398,56,93,328
387,55,93,329
377,55,92,330
369,54,89,331
370,54,89,331
370,52,88,334
370,51,86,335
370,51,84,336
370,51,82,336
370,50,83,338
370,50,83,338
370,50,84,338
371,49,83,340
371,49,83,340
372,48,83,341
373,48,82,341
374,48,82,342
375,46,81,344
376,45,80,345
377,44,79,346
378,43,79,347
379,42,78,348
381,41,76,349
383,40,77,352
385,40,77,353
388,39,76,356
390,38,77,358
390,39,81,358
390,40,84,359
389,41,88,359
389,42,92,359
389,43,96,359
391,42,99,360
392,41,102,361
394,40,104,361
396,39,107,362
398,39,109,361
402,37,109,361
405,35,110,360
410,34,109,358
414,32,108,355
422,30,104,356
431,29,99,359
443,27,91,362
450,25,88,367
454,24,88,364
486,22,60,54
486,22,64,52
490,20,62,54
494,19,61,55
497,18,62,56
501,18,61,55
505,17,61,55
509,16,60,56
513,16,60,55
517,15,59,55
521,14,59,56
525,13,59,56
528,12,60,57
531,11,61,57
534,9,62,59
537,8,63,59
542,8,63,59
546,8,63,59
551,8,63,59
556,8,63,59
560,7,63,60
562,9,65,60
564,10,66,62
566,12,68,62
556,13,68,63
550,14,68,61
545,14,67,63
541,14,66,64
536,14,65,63
531,14,65,61
526,14,67,61
522,12,69,63
518,11,70,63
514,9,126,411
509,8,131,412
505,6,135,414
500,6,139,418
495,6,141,417
490,6,138,420
485,6,134,423
480,6,124,427
475,7,121,430
470,9,116,430
465,10,111,430
459,11,104,430
454,12,100,430
449,12,96,429
444,12,100,429
439,11,104,430
434,11,109,430
429,10,113,431
423,10,116,430
416,9,117,429
409,8,118,429
402,6,120,429
396,5,118,429
385,4,121,434
374,2,123,439
362,1,126,444
351,0,126,449
343,0,128,453
330,0,150,456
321,1,165,459
308,2,176,461
295,2,186,465
293,3,185,467
296,2,191,470
296,2,192,472
295,1,194,475
295,1,194,477
295,0,195,480
303,0,189,480
311,0,183,480
319,0,177,480
327,0,171,480
336,4,164,476
349,0,157,480
361,0,152,480
374,1,146,479
387,1,140,479
400,1,134,479
404,1,133,479
409,0,149,480
413,0,152,480
418,0,168,480
422,0,197,480
427,0,213,480
433,0,207,480
438,0,202,480
443,0,197,480
448,0,192,480
450,0,190,480
453,0,187,480
455,0,185,480
457,0,183,480
452,0,188,480
437,0,203,480
430,0,199,480
411,0,212,480
410,0,204,480
409,0,202,480
410,0,205,480
410,0,208,480
412,0,207,480
413,0,208,480
411,0,211,480
412,0,209,480
413,0,207,480
415,0,203,480
424,0,189,480
418,0,190,480
415,0,188,480
408,0,186,480
399,0,185,480
386,0,189,480
370,0,195,480
361,0,195,480
350,0,196,480
339,0,198,480
327,0,200,480
316,0,202,480
307,0,204,480
299,1,204,479
290,1,206,479
281,1,208,479
272,2,210,478
261,2,215,478
256,2,211,478
245,2,218,478
243,2,213,478
240,2,215,478
252,2,199,478
255,2,193,478
252,2,194,478
242,1,200,479
233,0,205,480
224,0,205,480
219,0,202,480
215,0,209,480
208,0,249,480
204,0,251,480
194,0,220,480
188,0,213,480
181,0,207,480
175,0,201,480
169,0,194,480
165,0,190,480
152,1,194,479
148,0,188,480
160,0,182,480
176,0,171,480
190,0,159,480
195,0,161,480
200,0,163,480
205,0,165,480
208,0,170,480
212,0,175,480
218,1,176,479
221,1,183,479
220,0,190,480
215,0,208,480
215,0,217,480
215,0,226,480
215,0,235,480
218,0,237,480
220,0,241,480
228,0,234,480
236,0,227,480
243,0,221,480
251,0,214,480
259,0,207,480
268,0,209,480
278,0,204,480
294,0,196,480
310,0,195,480
326,0,195,480
341,0,202,480
362,0,208,480
383,0,216,480
399,0,227,480
421,0,212,480
453,0,187,480
464,0,176,480
476,0,164,480
486,0,154,480
494,0,146,480
489,0,151,480
488,0,152,480
487,0,153,479
486,0,154,479
490,0,150,479
487,0,143,479
481,0,139,479
474,0,136,479
468,0,131,479
462,0,127,479
452,0,121,479
447,0,123,479
440,0,127,479
442,0,123,479
443,0,120,479
440,0,116,479
462,0,84,479
480,0,71,479
498,0,57,479
502,0,51,479
506,0,45,479
510,0,38,479
514,0,32,480
517,0,26,480
519,0,19,480
524,0,13,480
526,0,11,480
529,0,11,480
532,1,11,479
535,1,11,479
538,1,11,479
541,2,11,478
544,2,11,478
547,2,10,478
550,3,10,477
553,3,10,477
556,3,10,477
559,4,10,476
562,4,10,476
566,5,9,475
569,5,9,475
572,5,9,475
575,6,9,474
578,6,9,474
581,6,9,474
584,7,9,473
587,7,9,473
590,7,9,473
593,8,9,472
596,8,9,472
599,8,9,472
602,9,9,471
605,9,8,471
608,10,8,470
611,10,8,470
615,10,7,470
618,11,7,469
621,11,7,469
624,11,7,469
627,12,7,468
630,12,7,468
633,12,7,468
626,6,14,474
619,0,21,480
612,1,28,479
602,1,38,479
592,1,48,479
586,1,54,479
576,1,64,479
567,1,73,479
559,1,81,479
551,1,89,479
543,1,97,479
535,1,105,479
528,1,112,479
518,1,120,479
509,1,126,479
499,1,134,479
490,1,141,479
480,1,143,479
471,1,145,479
462,1,147,479
453,1,151,479
444,1,152,479
435,1,164,479
427,1,171,479
419,1,173,479
412,1,174,479
404,1,175,479
396,1,177,479
388,1,180,479
383,1,185,479
379,1,188,479
367,1,200,479
355,1,211,479
347,1,219,479
339,1,227,479
331,1,235,479
323,1,243,479
315,1,251,479
316,1,248,479
312,1,248,479
315,1,238,479
319,1,227,479
322,1,214,479
330,1,198,479
341,1,174,479
354,1,164,479
351,1,167,479
349,1,169,479
346,1,188,479
348,1,200,479
347,1,241,479
340,1,253,479
337,1,250,479
322,1,253,479
315,1,236,479
307,1,221,479
300,1,216,479
292,1,213,479
288,1,207,479
283,1,202,479
278,1,198,479
274,1,200,479
269,1,202,479
271,0,194,480
274,0,197,480
285,0,187,480
296,0,178,480
307,0,167,480
308,0,162,480
302,0,165,480
295,0,166,480
288,0,170,480
280,0,176,480
275,0,191,480
268,0,214,480
261,0,236,480
255,0,261,480
246,0,269,480
239,0,256,480
230,0,257,480
208,0,236,480
198,0,232,480
187,0,226,480
176,0,225,480
166,0,224,480
160,0,217,480
148,0,221,480
147,0,218,480
142,0,222,480
142,0,222,480
144,0,220,480
150,0,212,480
149,0,210,480
149,0,206,480
150,0,200,480
150,0,195,480
140,0,198,480
130,0,199,480
122,0,198,480
114,0,198,480
107,0,197,480
98,0,211,480
90,0,215,480
83,0,215,480
67,0,221,480
63,0,225,480
59,0,228,480
55,0,232,480
55,0,225,480
54,0,220,480
54,0,218,480
54,0,218,480
54,0,226,480
61,0,217,480
77,0,207,480
93,0,198,480
109,0,189,480
126,0,179,480
146,0,163,480
150,0,167,480
154,0,172,480
157,0,175,480
161,0,177,480
167,0,177,480
172,0,185,480
177,0,191,480
181,0,198,480
189,0,195,480
198,0,190,480
207,0,186,480
216,0,181,480
225,0,176,480
234,0,172,480
239,0,169,480
245,0,167,480
259,0,165,480
273,0,163,480
279,0,171,480
290,0,176,480
301,0,184,480
323,0,182,480
328,0,188,480
334,0,184,480
345,0,180,480
358,0,174,480
371,0,168,480
387,0,157,480
389,0,155,480
389,0,155,480
389,0,155,480
389,0,154,480
389,0,153,480
389,0,173,480
388,0,179,480
387,0,185,480
387,0,186,480
386,0,189,480
385,0,191,480
385,0,190,480
385,0,189,480
385,0,188,480
382,0,190,480
379,0,192,480
378,0,179,480
373,0,180,480
361,0,190,480
350,0,200,480
338,0,210,480
335,0,213,480
332,0,215,480
329,0,217,480
320,0,220,480
323,0,212,480
322,0,204,480
327,0,191,480
335,0,174,480
329,0,172,480
318,0,174,480
309,0,176,480
295,0,177,480
283,0,179,480
273,0,182,480
260,0,193,480
254,0,226,480
246,0,234,480
244,0,232,480
240,0,232,480
233,0,223,480
226,0,219,480
218,0,217,480
210,0,214,480
198,0,216,480
186,0,217,480
181,0,212,480
170,0,202,480
163,0,203,480
156,0,204,480
149,0,205,480
143,0,205,480
137,0,205,480
130,0,203,480
126,0,198,480
121,0,193,480
115,0,188,480
110,0,182,480
109,0,171,480
100,0,165,480
96,0,176,480
104,0,175,480
109,0,169,479
112,0,164,479
116,0,159,479
119,0,154,478
125,0,150,478
131,0,146,478
136,0,144,478
141,0,141,478
143,0,141,478
144,0,139,478
157,0,129,478
167,0,129,478
175,0,130,478
184,0,130,478
187,0,135,478
192,0,139,478
206,0,133,478
227,0,123,480
247,0,115,480
260,0,118,480
269,0,117,480
282,0,111,480
289,0,112,474
296,0,113,468
304,0,112,466
311,0,111,464
322,0,106,465
333,0,100,466
342,0,100,465
353,5,98,467
361,8,99,469
373,14,96,464
384,21,95,458
396,27,92,453
403,32,90,448
410,37,88,443
417,42,87,438
424,47,85,433
431,52,83,428
430,47,82,433
430,42,80,438
433,32,78,448
435,29,78,451
438,26,76,454
436,25,78,455
435,24,79,456
434,24,80,456
433,27,81,453
432,30,82,450
428,34,86,446
422,37,218,443
416,41,224,439
411,45,229,435
405,48,235,432
403,53,237,427
401,54,239,426
402,54,238,426
404,53,236,427
405,52,235,428
408,50,232,430
411,47,229,433
408,45,232,435
400,43,236,437
395,41,116,439
392,41,119,439
391,41,120,439
392,41,120,439
392,41,120,439
393,41,119,439
390,41,120,439
386,0,121,480
377,0,127,480
368,0,133,480
358,0,141,480
350,0,148,480
344,0,153,480
338,0,158,480
332,0,163,480
326,0,168,480
322,0,172,480
318,0,176,480
314,0,180,480
311,0,183,480
307,0,187,480
308,0,184,480
305,0,188,480
303,0,190,480
303,0,191,480
310,0,192,480
314,0,191,480
319,0,190,480
323,0,190,480
324,0,192,480
326,0,194,480
328,0,196,480
330,0,198,480
332,0,201,480
333,0,204,480
335,0,206,480
337,0,209,480
338,0,212,480
340,0,215,480
342,0,218,480
343,0,221,480
346,0,230,480
348,0,232,480
350,0,234,480
352,0,237,480
356,0,245,480
360,0,252,480
364,0,252,480
366,0,255,480
361,0,279,480
356,0,284,480
356,0,284,480
361,0,279,480
365,0,275,480
369,0,271,480
373,0,267,480
379,0,261,480
393,0,247,479
392,0,248,480
391,0,249,480
390,0,250,480
390,0,250,480
389,0,251,480
387,0,253,480
386,0,254,480
384,0,256,480
384,0,256,480
373,0,267,480
363,0,277,480
355,0,285,480
346,0,294,480
340,0,300,480
332,0,308,480
326,0,314,480
323,0,317,480
320,0,320,480
319,0,321,480
319,0,321,480
318,0,322,480
318,0,322,480
320,0,320,480
321,0,319,480
323,0,317,480
324,0,316,480
324,0,316,480
324,0,316,480
323,0,314,480
318,0,320,480
313,0,321,480
307,0,323,480
302,0,324,480
296,0,327,480
290,0,329,480
284,0,331,480
277,0,336,480
271,0,341,480
266,0,344,480
260,0,348,480
258,0,348,480
255,0,349,480
253,0,349,480
250,0,348,480
247,0,347,480
244,0,347,480
242,0,345,480
239,0,344,480
236,0,343,480
234,0,340,480
231,0,340,480
228,0,340,480
225,0,341,480
223,0,347,480
219,0,354,480
214,0,362,480
205,0,371,480
197,0,380,480
185,0,388,480
174,0,395,480
162,0,403,480
150,0,408,480
138,0,408,480
127,0,408,480
116,0,408,480
106,0,406,480
95,0,406,480
85,0,404,480
76,0,402,480
68,0,399,480
62,0,395,480
57,0,392,480
51,0,393,480
50,0,393,480
50,0,392,480
50,0,395,480
50,0,397,480
49,0,402,480
52,0,404,480
55,0,405,480
60,0,402,480
65,0,400,480
70,0,397,480
77,0,392,480
82,0,388,480
86,0,386,480
90,0,383,480
93,0,381,480
94,0,382,480
95,0,384,480
96,0,387,480
96,0,389,480
95,0,395,480
95,0,400,480
95,0,405,480
98,0,410,480
100,0,415,480
102,0,421,480
105,0,423,480
110,0,424,480
116,0,423,480
123,0,421,480
132,0,414,480
139,0,410,480
144,0,403,480
148,0,397,480
152,0,390,480
154,0,382,480
156,0,375,480
155,0,371,480
154,0,367,480
153,0,362,480
152,0,358,480
150,0,357,480
148,0,357,480
145,0,358,480
142,0,359,480
140,0,360,480
137,0,364,480
134,0,369,480
130,0,377,480
127,0,383,480
122,0,392,480
116,0,403,480
111,0,411,480
107,0,416,480
101,0,425,480
94,0,432,480
88,0,437,480
82,0,440,480
77,0,441,480
70,0,440,480
64,0,438,480
61,0,432,480
57,0,429,480
55,0,420,480
54,0,411,480
54,0,396,480
58,0,382,480
62,0,380,480
68,0,376,480
76,0,370,480
84,0,364,480
90,0,359,480
96,0,355,480
103,0,349,480
109,0,343,480
113,0,342,480
117,0,341,480
122,0,338,480
129,0,333,480
137,0,327,480
144,0,323,480
153,0,314,480
162,0,306,480
170,0,300,480
179,0,293,480
187,0,287,480
197,0,279,480
208,0,270,480
218,0,262,480
228,0,254,480
238,0,246,480
241,0,242,480
245,0,237,480
247,0,233,480
248,0,232,480
249,0,230,480
251,0,229,480
252,0,229,480
254,0,228,480
254,0,228,480
254,0,229,480
258,0,224,480
262,0,218,480
265,0,214,480
269,0,209,480
270,0,206,480
270,0,204,480
271,0,201,480
271,0,199,480
272,0,196,480
273,0,194,480
273,0,192,480
273,0,191,480
274,0,189,480
271,0,190,480
268,0,192,480
266,0,192,480
265,0,190,480
263,0,190,480
261,0,189,480
259,0,189,480
257,0,190,480
256,0,190,480
254,0,190,480
253,0,190,480
252,0,190,480
250,0,192,480
248,0,193,480
246,0,195,480
244,0,195,480
241,0,197,480
237,0,201,480
233,0,206,480
231,0,208,480
230,0,209,480
228,0,212,480
229,0,209,480
231,0,204,480
232,0,203,480
234,0,201,480
235,0,200,480
240,0,194,480
246,0,184,480
248,0,182,480
249,0,181,480
251,0,179,480
253,0,176,480
256,0,173,480
258,0,170,480
260,0,168,480
261,0,165,480
261,0,166,480
261,0,167,480
264,0,164,480
264,0,170,480
264,0,173,480
262,0,177,480
260,0,180,480
257,0,184,480
255,0,187,480
253,0,191,480
253,0,191,480
253,0,192,480
252,0,193,480
252,0,194,480
252,0,194,480
251,0,196,480
250,0,198,480
249,0,199,480
250,0,199,480
250,0,200,480
251,0,200,480
251,0,199,480
254,0,195,480
252,0,197,480
250,0,198,480
249,0,199,480
249,0,199,480
248,0,200,480
248,0,200,480
248,0,201,480
247,0,203,480
247,0,205,480
245,0,207,480
242,0,210,480
240,0,212,480
239,0,213,480
238,0,214,480
236,0,217,480
235,0,218,480
234,0,219,480
234,0,219,480
234,0,220,480
234,0,220,480
234,0,220,480
234,0,221,480
235,0,221,480
235,0,222,480
236,0,221,480
236,0,222,480
237,0,222,480
237,0,223,480
236,0,224,480
236,0,225,480
236,0,225,480
236,0,226,480
234,0,228,480
233,0,230,480
232,0,232,480
231,0,233,480
230,0,235,480
228,0,238,480
226,0,241,480
224,0,244,480
222,0,247,480
220,0,249,480
217,0,253,480
214,0,256,480
214,0,257,480
215,0,256,480
215,0,257,480
216,0,257,480
217,0,258,480
217,0,260,480
218,0,261,480
219,0,265,480
218,0,265,480
216,0,265,480
215,0,265,480
213,0,266,480
212,0,266,480
210,0,273,480
209,0,275,480
207,0,278,480
205,0,281,480
203,0,284,480
206,0,282,480
209,0,280,480
209,0,282,480
209,0,283,480
208,0,286,480
210,0,284,480
211,0,284,480
212,0,283,480
212,0,283,480
212,0,284,480
211,0,287,480
210,0,289,480
208,0,289,480
207,0,288,480
205,0,288,480
203,0,285,480
204,0,276,480
205,0,273,480
206,0,274,480
208,0,276,480
210,0,276,480
211,0,277,480
213,0,277,480
213,0,279,480
213,0,281,480
212,0,277,480
211,0,278,480
210,0,279,480
209,0,280,480
208,0,282,480
209,0,281,480
210,0,280,480
211,0,279,480
212,0,278,480
213,0,277,480
213,0,276,480
214,0,275,480
214,0,274,480
214,0,274,480
215,0,272,480
214,0,272,480
214,0,273,480
213,0,275,480
212,0,277,480
212,0,278,480
213,0,277,480
213,0,277,480
214,0,276,480
215,0,276,480
216,0,275,480
215,0,276,480
215,0,276,480
215,0,276,480
215,0,275,480
215,0,275,480
217,0,276,480
219,0,277,480
220,0,279,480
222,0,280,480
224,0,277,480
225,0,279,480
226,0,280,480
