186,0,157,464
188,0,155,464
190,0,154,464
191,0,153,464
192,0,152,464
193,0,152,464
195,0,149,464
197,0,147,464
199,0,148,464
202,0,148,464
204,0,149,464
206,0,150,464
210,0,149,465
211,0,157,465
212,0,156,465
213,0,155,466
216,0,153,466
220,0,150,466
221,0,149,466
222,0,148,466
224,0,147,466
223,0,147,466
222,0,148,466
221,0,151,466
220,0,154,466
219,0,157,466
219,0,157,466
218,0,158,466
218,0,158,466
218,0,157,466
217,0,158,466
216,0,160,466
215,0,160,466
214,0,160,466
213,0,160,466
212,0,160,466
212,0,161,466
212,0,162,466
212,0,163,466
212,0,164,466
212,0,164,466
213,0,163,466
213,0,163,466
214,0,161,466
215,0,160,466
216,0,159,466
219,0,154,466
222,0,149,466
221,0,148,466
220,0,147,466
220,0,145,466
219,0,142,465
219,0,138,465
217,0,136,465
216,0,133,465
214,0,131,464
214,0,131,464
214,0,131,464
214,0,131,464
213,0,132,464
211,0,134,463
208,0,137,460
204,0,141,462
200,0,145,462
196,0,149,462
192,0,153,462
186,0,159,460
180,0,166,460
176,0,173,458
173,0,175,470
167,6,177,466
165,6,175,459
160,2,172,465
156,6,176,460
154,6,177,460
151,6,175,469
149,16,173,458
149,14,169,456
148,11,165,460
147,12,160,454
143,6,161,458
134,2,171,457
125,0,183,450
118,0,194,448
108,0,209,442
96,0,223,439
90,0,229,437
88,0,230,431
84,0,230,430
83,0,227,429
82,0,222,429
81,0,215,431
83,0,209,431
85,0,197,434
86,0,187,437
88,0,176,440
85,0,171,443
85,0,165,447
81,0,171,450
77,0,173,453
73,0,171,454
66,0,174,454
61,0,175,452
56,0,174,450
50,0,175,447
46,0,173,448
44,0,170,448
42,0,167,445
36,0,174,443
36,0,176,441
36,0,177,438
35,0,183,439
38,0,184,438
41,0,186,440
43,0,188,443
46,0,190,446
53,0,192,449
60,0,194,451
67,0,197,454
74,5,198,450
81,10,198,446
84,13,202,442
87,12,205,443
90,13,208,439
93,12,211,438
96,10,214,438
102,8,214,438
104,6,217,437
113,4,214,437
122,2,211,438
131,0,211,440
146,0,202,438
159,0,196,440
172,2,187,439
188,5,177,438
204,8,167,436
220,11,161,433
239,14,152,432
255,17,146,430
267,20,144,429
280,23,141,427
292,25,139,424
305,25,139,423
317,26,140,422
330,24,140,422
343,23,137,421
354,21,139,419
357,19,141,418
359,17,144,417
363,15,145,415
368,13,144,414
375,12,145,412
382,9,145,414
383,8,148,416
383,8,150,415
383,9,151,413
380,10,156,413
379,11,157,411
377,11,161,413
379,12,161,414
381,13,160,414
384,14,158,415
386,15,157,415
389,15,154,416
392,16,152,417
398,17,148,417
399,18,147,416
401,18,147,416
403,18,146,416
405,17,145,417
406,17,146,417
406,17,146,417
406,17,147,417
405,17,150,418
405,17,152,419
405,17,153,419
403,18,157,420
402,20,159,420
400,21,162,421
399,22,165,422
398,24,168,422
399,24,167,422
400,24,166,423
400,26,166,421
403,26,164,420
406,25,160,421
406,25,161,419
410,23,158,419
414,22,155,418
418,20,152,417
422,19,149,416
423,19,148,414
425,19,146,412
427,18,144,410
429,18,142,408
431,18,140,405
432,17,139,405
432,17,139,404
433,17,137,404
434,16,136,404
435,16,136,404
435,16,135,403
435,16,134,402
435,16,133,403
435,16,135,402
435,16,147,401
434,15,152,401
434,14,157,401
434,14,162,400
433,13,164,400
432,12,166,400
430,12,168,402
428,11,170,404
426,11,172,402
425,10,173,406
428,10,170,410
431,10,166,408
434,10,161,407
437,9,157,407
440,9,153,405
443,9,146,407
446,8,143,409
447,7,144,411
449,6,144,413
450,5,141,414
446,5,143,415
443,5,142,417
440,5,140,418
439,5,137,420
438,4,134,422
438,4,130,424
439,3,122,426
441,2,113,428
442,3,104,427
439,2,100,428
437,2,95,428
432,2,96,428
426,3,92,427
419,2,96,427
412,2,100,427
404,4,107,424
399,4,109,424
390,3,116,426
383,4,108,425
374,5,103,424
364,5,99,424
356,6,101,424
349,8,102,423
339,9,106,424
330,10,109,424
321,11,112,424
312,11,115,423
306,11,116,423
296,11,122,420
288,11,121,418
280,10,121,418
272,8,121,418
267,7,118,416
263,6,114,416
258,5,111,416
253,4,107,416
248,4,108,414
255,5,118,413
261,5,120,411
263,5,123,408
266,6,126,405
269,7,132,404
278,7,132,403
286,8,134,401
295,8,135,400
303,9,137,400
312,5,132,402
322,5,132,402
332,10,131,397
342,14,130,394
352,19,129,389
359,59,132,349
370,68,132,344
380,96,132,323
390,95,132,330
401,94,132,338
418,94,125,341
435,94,119,345
452,94,113,349
469,94,107,352
486,94,100,356
507,92,93,361
527,91,87,364
552,89,73,368
577,88,56,372
602,86,38,376
617,86,23,376
602,86,38,376
602,86,38,376
603,86,37,375
603,86,37,375
604,86,36,375
604,86,36,374
605,85,35,375
605,85,35,375
605,85,35,374
606,85,34,374
606,85,34,374
607,84,33,374
607,84,33,374
608,84,32,374
608,84,32,373
608,84,32,373
609,84,31,373
609,83,31,373
610,83,30,373
610,83,30,373
611,83,29,373
611,83,29,372
611,82,29,373
612,82,28,373
612,82,28,372
613,82,27,372
613,82,27,372
614,82,26,371
614,81,26,372
614,81,26,372
615,81,25,371
615,81,25,371
616,81,24,371
616,80,24,371
617,80,23,371
617,80,23,371
618,80,22,370
607,80,33,368
596,78,44,369
586,72,54,373
575,66,65,377
565,60,75,381
554,53,86,386
539,49,101,392
529,42,111,396
519,38,121,398
510,0,130,433
500,0,140,434
490,0,150,435
482,0,158,443
473,0,167,444
464,0,176,450
454,0,178,450
446,0,172,446
441,0,169,447
435,0,167,447
434,0,160,449
430,0,153,450
433,0,139,452
430,0,132,462
419,0,132,461
410,0,130,450
400,0,127,463
389,0,128,453
380,0,139,453
372,0,155,453
366,0,162,453
359,0,171,453
353,0,178,453
344,0,181,450
338,0,182,449
332,0,170,449
321,0,169,448
313,0,168,447
301,0,165,446
291,0,163,445
280,0,163,444
269,0,163,442
259,0,164,441
251,0,164,443
243,0,160,436
234,0,156,446
231,0,147,445
228,0,138,445
224,0,136,442
220,0,133,442
214,0,131,442
209,0,128,440
201,0,128,438
194,0,128,437
185,0,134,432
178,0,140,429
168,0,147,428
158,0,153,428
147,0,159,428
141,0,163,436
134,0,167,440
128,0,169,435
122,0,171,438
109,0,178,447
100,0,176,443
95,0,167,461
96,10,167,456
96,11,163,449
95,6,163,454
93,4,161,453
91,3,162,453
89,0,158,455
87,1,158,447
84,1,161,437
84,1,158,423
82,1,162,424
83,1,164,420
84,1,166,416
83,1,169,413
86,1,171,409
89,1,171,410
92,1,171,414
95,1,170,417
105,0,162,426
108,0,160,433
114,0,155,440
117,5,153,450
120,12,151,445
122,20,149,440
123,25,147,437
124,28,146,433
125,28,143,438
126,27,140,431
124,24,141,431
123,21,141,431
122,18,141,431
119,15,143,433
116,12,145,434
114,11,144,435
111,11,148,434
107,10,146,436
101,8,147,438
102,10,144,437
103,10,144,436
105,10,142,436
107,15,141,430
107,17,141,425
108,19,141,420
112,22,137,412
114,26,137,404
115,28,135,404
115,30,133,405
113,33,134,402
112,34,134,399
110,34,132,403
108,32,132,400
105,28,132,407
103,24,134,408
102,20,144,409
101,16,144,410
100,10,147,413
100,6,149,416
99,2,154,418
98,2,153,418
97,1,153,418
96,1,151,420
96,0,150,423
97,0,147,427
98,3,144,426
98,6,142,426
98,10,140,426
98,13,138,422
98,16,136,418
98,17,136,419
98,20,138,416
96,21,144,413
97,22,145,404
98,23,145,395
101,20,143,398
105,17,138,399
109,15,134,401
113,12,129,405
117,10,124,408
120,10,122,407
123,6,119,413
126,5,116,414
128,7,114,415
131,10,110,414
134,12,106,415
140,14,100,416
144,16,105,416
148,19,108,415
152,21,105,416
158,21,101,416
163,20,98,416
165,22,99,414
167,21,99,415
170,20,98,415
173,18,99,415
175,16,99,415
178,14,98,415
184,13,96,413
190,11,97,414
196,8,96,414
203,7,94,413
209,6,94,411
213,6,100,409
222,7,99,407
232,7,98,405
246,8,93,402
260,8,88,399
274,9,83,398
287,9,78,398
297,8,78,400
303,8,80,400
311,7,78,398
317,5,79,398
324,4,78,397
331,3,79,398
334,0,82,399
338,0,83,400
341,0,85,401
345,0,86,401
349,0,86,400
348,0,97,401
332,0,109,399
320,0,105,398
306,0,115,399
297,0,115,400
288,0,116,402
279,0,121,398
268,0,120,377
265,0,103,366
263,0,108,369
260,0,102,352
254,0,102,356
257,0,96,299
260,0,90,242
263,0,83,186
266,0,77,129
268,0,72,73
271,0,65,16
269,0,62,20
258,0,65,25
250,0,64,31
241,0,65,37
233,0,65,43
225,0,65,48
217,1,64,48
210,1,63,48
201,1,64,45
192,0,65,44
183,0,66,41
174,0,65,36
165,0,65,30
156,0,65,24
147,0,65,19
138,0,65,13
138,0,65,13
138,0,65,13
138,0,65,13
126,0,69,48
115,0,73,82
103,0,78,117
92,0,82,151
80,0,86,186
69,0,90,220
66,0,97,233
63,0,103,246
64,0,105,243
65,0,110,435
65,5,111,430
62,0,116,433
65,0,115,445
66,12,115,444
66,8,115,443
65,4,115,442
64,0,115,441
75,0,109,444
68,0,123,424
115,0,84,420
117,0,91,417
120,0,97,414
122,0,99,412
124,0,100,411
126,0,102,409
128,0,103,408
130,0,105,407
133,0,105,407
134,0,106,413
138,0,109,419
142,0,116,425
146,0,122,431
152,0,126,439
158,0,129,447
164,0,132,455
169,0,135,463
175,0,137,470
179,0,139,470
182,0,142,470
186,0,144,470
188,0,148,467
189,0,151,465
184,0,154,463
179,0,159,462
174,0,172,455
169,0,182,455
164,0,191,454
160,0,192,457
156,0,194,459
155,0,187,462
154,0,177,467
154,0,172,472
154,0,170,473
154,0,168,475
154,0,166,477
154,0,166,478
154,0,166,480
160,0,159,480
165,0,153,480
158,0,157,480
152,0,160,480
145,0,165,480
140,0,166,480
135,0,168,480
130,0,170,480
126,0,171,480
122,0,172,480
120,0,171,480
117,0,172,480
119,0,170,480
120,0,165,480
122,0,160,480
120,0,158,480
117,0,158,480
115,0,155,480
112,0,153,480
110,0,150,480
107,0,151,480
104,0,151,480
101,0,151,480
98,0,152,480
94,0,153,480
92,0,154,480
83,0,154,480
61,0,155,480
39,0,155,480
17,0,156,480
0,0,146,480
0,0,129,480
0,0,117,480
0,0,100,480
0,0,85,480
0,0,66,480
0,141,47,339
0,217,28,263
0,217,28,263
0,216,28,263
0,214,28,264
0,213,28,265
0,211,28,266
0,209,28,267
0,208,28,267
0,206,28,268
0,205,28,269
0,203,28,270
0,202,28,270
0,200,28,271
0,199,28,271
0,197,28,273
0,195,28,274
0,194,28,274
0,192,28,275
0,191,28,275
0,189,28,277
0,188,28,277
0,186,28,278
0,185,28,278
0,183,28,279
0,181,28,281
0,180,28,281
0,178,28,282
0,177,28,282
0,175,28,283
0,174,28,284
0,172,28,285
0,171,28,285
0,169,28,286
0,167,28,287
0,166,28,288
0,164,28,289
0,163,28,289
0,161,28,290
0,160,28,290
0,158,28,292
0,157,28,292
0,155,28,293
0,153,28,294
0,152,28,294
0,150,28,296
0,149,28,296
0,147,28,297
0,146,28,297
0,144,28,298
0,143,28,299
0,141,28,300
0,140,28,300
0,138,28,301
0,136,28,302
0,135,28,303
0,133,27,304
0,132,27,304
0,130,27,305
0,129,27,305
0,127,27,307
0,126,27,307
0,124,27,308
0,122,27,309
0,121,27,309
0,119,27,311
0,118,27,311
0,116,27,312
0,115,27,312
0,113,27,313
0,112,27,314
0,110,27,315
0,108,27,316
0,107,27,316
0,105,27,317
0,104,27,318
0,102,27,319
0,101,27,319
0,99,27,320
0,98,27,320
0,96,27,322
0,94,27,323
0,93,27,323
0,91,27,324
0,90,27,324
0,88,27,326
0,87,27,326
0,85,27,327
0,84,27,327
0,82,27,328
0,80,27,330
0,79,27,330
0,77,27,331
0,76,27,331
0,74,27,332
0,67,39,339
0,6,53,400
17,9,50,396
33,12,48,393
48,14,52,388
62,16,53,392
77,18,53,396
92,20,52,394
106,22,52,388
118,21,59,385
130,20,67,381
142,19,75,378
154,18,83,374
167,17,90,376
179,16,92,377
192,16,93,377
204,15,94,379
217,15,93,379
229,15,90,380
242,15,88,380
255,16,86,380
267,17,85,380
280,17,83,380
293,18,81,380
305,19,82,379
317,19,84,379
329,20,79,379
342,22,79,384
355,23,79,390
367,43,82,377
379,41,82,378
391,34,84,385
403,37,86,381
416,31,87,387
426,29,79,392
420,32,84,385
423,20,84,392
426,16,83,392
428,13,86,391
431,5,85,398
433,2,84,399
436,0,83,396
438,0,83,397
441,0,82,398
444,0,80,397
447,0,78,396
449,0,79,379
456,0,73,365
455,0,77,373
455,0,78,370
457,0,81,367
457,0,81,370
455,0,84,373
454,0,85,377
452,0,88,382
451,0,90,388
449,0,92,393
446,0,95,398
444,6,97,398
444,16,97,395
445,25,97,390
445,32,95,384
445,34,93,383
444,38,92,377
444,36,90,376
444,34,88,375
444,32,87,373
444,27,85,373
444,23,83,372
445,17,81,372
447,11,77,372
448,8,75,370
449,4,74,369
450,0,72,368
450,0,74,366
450,0,74,362
450,0,73,362
450,0,73,363
450,0,72,364
450,0,73,367
449,5,74,364
448,9,74,364
447,14,73,362
446,19,73,361
446,23,70,359
446,28,68,355
446,31,67,356
446,34,63,353
446,37,60,351
446,39,55,349
446,41,53,348
446,43,52,346
446,47,50,338
446,71,49,309
446,73,50,305
446,80,48,297
447,99,46,276
447,118,44,255
447,137,43,234
447,167,39,199
447,188,33,176
447,220,26,139
447,263,20,89
447,289,13,44
447,286,13,44
441,284,14,48
436,282,13,51
430,280,14,55
424,278,14,58
418,276,14,62
412,273,15,66
406,271,15,70
401,269,15,73
395,267,15,76
389,265,15,80
383,263,16,83
377,261,16,87
371,259,17,90
366,257,16,94
360,254,16,98
354,252,17,102
348,250,17,105
342,248,18,108
336,246,18,112
330,244,18,115
325,242,18,119
319,240,18,122
313,238,18,126
307,236,19,129
301,233,19,134
295,231,20,137
290,229,19,141
284,227,19,144
278,225,20,147
272,223,20,151
266,221,21,154
260,219,21,158
255,217,20,161
249,215,21,165
243,212,21,169
237,210,21,173
231,208,22,176
225,206,22,180
220,204,22,183
214,202,22,186
208,200,22,190
202,198,23,193
196,196,23,197
190,194,24,200
191,177,30,217
191,157,37,236
196,24,39,369
199,24,43,368
190,25,59,367
180,25,77,367
175,25,89,366
170,25,101,366
164,25,115,365
163,25,123,365
170,25,124,364
175,25,126,364
180,25,128,363
187,26,128,362
194,26,128,362
202,25,129,365
202,25,129,364
200,24,128,367
201,24,129,366
202,23,130,367
202,24,129,368
202,24,127,370
193,25,126,369
185,25,124,368
177,26,121,367
172,26,114,370
167,25,110,377
162,25,106,379
156,25,106,380
152,24,109,383
135,24,127,382
118,24,146,382
103,25,161,375
91,25,173,377
87,25,175,379
86,24,174,382
85,23,172,386
84,24,172,387
83,22,172,391
82,21,172,394
82,20,170,395
84,18,163,397
83,16,157,399
82,15,147,400
81,14,143,401
81,13,133,402
81,13,120,401
68,12,122,402
55,12,124,402
47,11,127,402
48,11,124,402
46,12,122,401
46,12,132,400
37,12,145,400
29,13,157,399
22,14,170,395
19,15,180,397
22,16,182,391
30,17,183,394
38,21,184,403
48,40,182,383
59,34,179,387
69,34,175,389
79,35,171,387
89,31,167,391
98,35,157,385
110,36,146,379
119,30,138,382
126,28,131,380
133,21,123,380
134,17,121,381
134,13,118,386
135,6,110,395
135,2,105,398
136,0,110,399
138,0,118,398
134,0,129,396
124,0,148,394
122,0,156,392
120,0,166,390
127,0,173,395
137,0,173,399
147,1,175,403
157,6,176,408
168,9,174,407
178,11,173,405
192,12,168,410
201,12,163,407
210,10,154,407
220,8,145,408
228,6,136,410
239,3,124,411
242,0,120,413
241,0,120,411
241,0,119,410
240,0,117,409
240,0,118,409
244,0,117,410
248,0,120,411
236,0,140,411
227,0,157,412
222,0,171,414
223,0,181,415
230,0,188,416
239,0,192,417
248,0,198,418
258,0,201,420
273,0,200,422
288,0,200,424
303,0,200,426
317,0,195,425
329,0,188,424
333,0,181,423
337,0,169,422
341,0,157,421
345,0,144,418
341,1,140,419
337,1,134,419
331,0,131,423
326,0,124,427
323,0,119,428
320,0,124,429
308,0,140,429
295,0,160,424
283,0,181,421
272,0,202,423
269,0,212,425
273,0,211,426
277,0,211,428
281,0,214,430
286,0,216,433
292,0,216,435
297,0,214,437
302,0,210,439
308,0,202,441
313,0,190,441
318,0,179,440
323,0,172,442
329,0,162,444
335,0,152,446
326,0,155,449
320,0,153,451
315,0,153,453
306,0,155,455
304,0,156,457
303,0,162,458
303,0,166,459
296,0,175,461
293,0,180,462
293,0,184,464
297,0,188,463
301,0,191,463
305,0,194,462
310,0,195,461
314,0,198,458
319,0,197,458
325,0,195,458
331,0,191,458
337,0,185,458
342,0,177,458
345,0,166,454
349,0,159,451
354,0,147,447
356,0,134,443
352,0,127,439
349,0,116,439
346,0,119,439
345,0,120,440
329,0,136,443
314,0,151,439
299,0,168,434
284,0,188,436
280,0,196,437
274,0,204,438
271,0,211,439
274,0,215,440
278,0,216,439
281,0,218,439
284,0,218,441
287,0,217,443
291,0,212,448
296,0,202,452
300,0,191,456
304,0,182,461
309,0,170,467
310,0,158,472
310,0,148,477
297,0,145,478
284,0,142,479
272,0,138,480
263,0,137,480
255,0,141,480
246,0,144,480
231,0,157,480
205,0,182,480
196,0,192,480
193,0,197,480
190,0,201,480
190,0,203,480
190,0,204,480
189,0,206,480
188,0,206,480
185,0,209,480
182,0,211,480
186,0,204,480
181,0,204,480
181,0,195,480
180,0,189,480
169,0,187,480
159,0,184,480
159,0,174,480
158,0,164,480
158,0,154,480
157,0,147,480
157,0,139,480
171,0,130,480
185,0,123,480
199,0,117,480
211,0,115,464
218,0,112,464
224,0,115,457
235,0,113,452
247,1,106,455
259,0,104,454
270,0,104,461
281,0,101,463
293,0,99,462
304,0,95,459
315,0,95,462
327,1,87,460
335,9,89,455
348,18,80,448
363,53,70,416
381,181,57,291
398,310,45,166
411,358,35,118
424,389,27,88
434,410,20,64
366,312,17,54
297,214,16,45
302,206,24,49
310,199,34,269
319,190,38,276
309,140,60,333
300,113,82,367
299,85,94,379
297,58,107,410
292,50,122,422
296,41,129,435
300,33,136,447
314,16,132,464
327,0,128,480
337,0,133,480
347,0,139,480
358,0,143,480
368,0,145,480
378,0,148,480
389,0,149,480
399,0,151,480
410,1,152,479
412,0,166,480
415,0,178,480
417,0,192,480
420,0,204,480
422,0,218,480
426,0,214,480
432,0,208,480
438,0,202,480
444,0,196,480
454,0,186,480
463,0,177,480
472,0,168,480
484,0,156,480
498,0,142,480
515,0,125,480
542,21,98,333
570,34,70,222
599,46,41,215
597,52,43,222
600,65,40,208
602,77,38,196
605,89,35,184
608,102,32,170
610,114,30,158
613,126,27,146
616,139,24,133
619,151,21,120
621,164,19,107
624,176,16,95
627,188,13,83
622,171,18,41
618,157,22,55
619,150,21,330
594,150,46,330
572,148,68,332
537,143,103,337
510,138,130,342
511,123,129,357
495,105,145,375
478,1,162,479
483,0,157,480
489,0,151,480
480,0,160,480
471,0,169,480
461,0,179,480
452,0,188,480
443,0,197,480
422,0,211,480
400,0,206,480
379,0,201,480
367,0,197,480
360,0,188,480
351,0,174,480
339,0,175,480
332,0,172,480
326,0,173,480
320,0,175,480
314,0,176,480
310,0,187,480
306,0,180,480
278,0,198,480
267,0,204,480
261,0,206,480
258,0,204,480
256,0,202,480
256,0,203,480
256,0,204,480
258,0,194,480
254,0,189,480
250,0,184,480
246,0,177,480
241,0,171,480
234,0,162,480
227,0,153,480
221,0,152,480
217,0,152,480
213,0,153,480
212,0,152,480
207,0,155,480
200,0,160,480
193,0,166,480
186,0,172,480
179,0,178,480
172,0,183,480
165,0,189,480
158,0,197,480
151,0,208,480
144,0,229,480
138,0,245,480
133,0,259,480
128,0,270,480
126,0,277,480
124,0,284,480
124,0,287,480
125,0,286,480
129,0,281,480
133,0,275,480
138,0,267,480
144,0,257,480
150,0,248,480
156,0,240,480
164,0,232,480
170,0,228,480
177,0,225,480
182,0,225,480
184,0,229,480
188,0,231,480
190,0,236,480
192,0,242,480
193,0,248,480
193,0,257,480
191,0,264,480
188,0,273,480
185,0,281,480
182,0,288,480
181,0,289,480
180,0,291,480
179,0,292,480
178,0,291,480
177,0,290,480
177,0,288,480
176,0,287,480
175,0,286,480
174,0,288,480
174,0,288,480
172,0,291,480
171,0,294,480
170,0,299,480
167,0,305,480
165,0,311,480
163,0,316,480
161,0,321,480
160,0,324,480
158,0,329,480
155,0,335,480
153,0,338,480
150,0,342,480
146,0,347,480
144,0,350,480
143,0,348,480
142,0,345,480
141,0,342,480
141,0,338,480
142,0,332,480
143,0,327,480
144,0,323,480
147,0,319,480
151,0,319,480
156,0,318,480
160,0,317,480
164,0,315,480
169,0,312,480
174,0,312,480
180,0,310,480
189,0,303,480
197,0,295,480
205,0,287,480
213,0,279,480
221,0,268,480
229,0,257,480
236,0,247,480
244,0,239,480
251,0,233,480
258,0,226,480
266,0,218,480
275,0,204,480
283,0,199,480
291,0,195,480
303,0,190,480
309,0,191,480
312,0,198,480
314,0,205,480
315,0,213,480
316,0,220,480
317,0,227,480
321,0,230,480
330,0,229,480
338,0,228,480
347,0,227,480
356,0,226,480
365,0,225,480
374,0,220,480
378,0,220,480
382,0,223,480
387,0,236,480
393,0,237,480
400,0,233,480
403,0,233,480
412,0,224,480
420,0,214,480
417,0,219,480
418,0,219,480
424,0,216,480
430,0,210,480
436,0,204,480
450,0,190,480
465,0,175,480
481,0,159,480
496,0,144,480
512,0,128,480
531,0,109,480
538,0,102,480
545,0,95,480
547,0,93,480
551,0,89,480
555,0,85,480
560,0,80,480
564,0,76,480
564,0,76,480
563,0,77,480
563,0,77,480
564,0,76,480
564,0,76,480
565,0,75,480
565,0,75,480
567,0,73,480
568,0,72,480
569,0,71,480
570,11,70,469
570,45,70,435
575,148,65,332
580,244,60,236
588,357,52,123
596,370,44,110
608,387,32,93
614,407,26,73
614,407,26,73
614,407,26,73
614,407,26,73
614,407,26,73
614,407,26,73
614,407,26,73
614,407,26,73
614,407,26,73
614,407,26,73
614,407,26,73
614,407,26,73
614,407,26,73
614,407,26,73
614,407,26,73
614,407,26,73
614,407,26,73
614,407,26,73
614,407,26,73
614,407,26,73
614,407,26,73
614,407,26,73
614,407,26,73
614,407,26,73
614,407,26,73
614,407,26,73
614,407,26,73
614,407,26,73
614,407,26,73
614,407,26,73
614,407,26,73
614,407,26,73
614,407,26,73
614,407,26,73
614,407,26,73
614,407,26,73
614,407,26,73
614,407,26,73
614,407,26,73
614,407,26,73
614,407,26,73
614,407,26,73
614,407,26,73
614,407,26,73
614,407,26,73
614,407,26,73
614,407,26,73
614,407,26,73
614,407,26,73
614,407,26,73
614,407,26,73
614,407,26,73
614,407,26,73
614,407,26,73
614,407,26,73
614,407,26,73
614,407,26,73
614,407,26,73
614,407,26,73
614,407,26,73
614,407,26,73
614,407,26,73
614,407,26,73
614,407,26,73
614,407,26,73
614,407,26,73
614,407,26,73
614,407,26,73
614,407,26,73
614,407,26,73
614,407,26,73
614,407,26,73
614,407,26,73
614,407,26,73
614,407,26,73
614,407,26,73
614,407,26,73
614,407,26,73
614,407,26,73
614,407,26,73
614,407,26,73
614,407,26,73
614,407,26,73
614,407,26,73
614,407,26,73
614,407,26,73
614,407,26,73
614,407,26,73
614,407,26,73
614,407,26,73
614,407,26,73
614,407,26,73
614,407,26,73
614,407,26,73
614,407,26,73
614,407,26,73
614,407,26,73
614,407,26,73
614,407,26,73
614,407,26,73
614,407,26,73
614,407,26,73
614,407,26,73
614,407,26,73
614,407,26,73
614,407,26,73
614,407,26,73
614,407,26,73
614,407,26,73
614,407,26,73
614,407,26,73
614,407,26,73
614,407,26,73
614,407,26,73
614,407,26,73
614,407,26,73
614,407,26,73
614,407,26,73
614,407,26,73
614,407,26,73
614,407,26,73
614,407,26,73
614,407,26,73
614,407,26,73
614,407,26,73
614,407,26,73
614,407,26,73
614,407,26,73
614,407,26,73
614,407,26,73
614,407,26,73
614,407,26,73
614,407,26,73
614,407,26,73
614,407,26,73
614,407,26,73
614,407,26,73
614,407,26,73
614,407,26,73
614,407,26,73
614,407,26,73
614,407,26,73
614,407,26,73
614,407,26,73
614,407,26,73
614,407,26,73
614,407,26,73
614,407,26,73
614,407,26,73
614,407,26,73
614,407,26,73
614,407,26,73
614,407,26,73
614,407,26,73
614,407,26,73
614,407,26,73
614,407,26,73
614,407,26,73
614,407,26,73
614,407,26,73
614,407,26,73
614,407,26,73
