157.0,0.0,156,480
149.5966567993164,5.3602752685546875,163.52202,473.53128
145.947265625,5.88275146484375,167.10986,470.9182
141.0289535522461,5.752899169921875,169.368,470.36273
140.22010803222656,7.5233917236328125,169.00021,469.3276
136.21221923828125,6.861175537109375,176.44006,469.25922
133.2655029296875,8.60186767578125,175.68982,470.37524
133.5037078857422,8.26800537109375,182.91763,466.83472
132.30651092529297,6.1457061767578125,183.09853,469.33908
129.1149444580078,8.852005004882812,183.44186,467.1594
125.23313903808594,7.0028076171875,185.85403,469.59155
122.94772338867188,9.0570068359375,186.78839,469.7793
119.79522705078125,5.758544921875,190.90869,471.86108
118.34220886230469,7.30072021484375,192.6365,470.01855
117.98001861572266,8.615097045898438,196.95537,469.08707
117.22347259521484,7.4840850830078125,187.71077,472.26474
114.66805267333984,6.7850494384765625,194.85017,471.88998
114.85758209228516,6.841156005859375,192.43987,473.48114
114.84580993652344,7.5220794677734375,190.0513,472.8798
113.28996276855469,8.578369140625,197.19974,470.06348
113.4210433959961,6.828857421875,197.46162,474.13477
117.61197662353516,6.2666015625,201.25139,471.0515
118.76850891113281,7.87060546875,192.3475,469.72144
120.8617172241211,8.019515991210938,194.48958,469.77762
126.11418151855469,5.520721435546875,191.91776,472.94843
118.4742660522461,6.124542236328125,191.63911,473.02106
117.70523071289062,7.4854736328125,197.04865,471.63745
119.34683990478516,5.2350921630859375,196.0977,473.57523
119.17742156982422,7.6379241943359375,182.5818,473.55045
115.04576873779297,7.4479217529296875,198.52345,470.71817
114.07728576660156,7.5938262939453125,178.10959,474.0046
104.1541748046875,8.8521728515625,182.53564,473.32532
107.72765350341797,9.169265747070312,171.42189,468.1241
111.16992950439453,8.2174072265625,159.33653,473.24243
111.23660278320312,12.110092163085938,151.38824,466.9202
109.08247375488281,9.936172485351562,151.587,469.17026
110.2144546508789,9.577102661132812,144.73051,467.7927
107.96814727783203,10.668502807617188,159.57799,468.02493
108.53816223144531,13.336227416992188,147.24692,466.43436
109.01290893554688,5.9514312744140625,154.16583,471.98325
111.01576232910156,12.353240966796875,148.68173,465.44806
115.1093978881836,14.140472412109375,136.90327,464.7492
116.28709411621094,9.134185791015625,148.2515,468.2779
109.62519836425781,11.945587158203125,146.44785,468.7049
109.40449523925781,6.98846435546875,154.8364,470.26904
106.21825408935547,13.924423217773438,156.2228,463.65347
110.07327270507812,12.274627685546875,147.39972,470.38678
111.5642318725586,8.1978759765625,146.84846,473.92383
111.6935806274414,11.317047119140625,152.51152,468.85492
113.46101379394531,11.614364624023438,145.66953,471.84305
115.16354370117188,5.456878662109375,148.0932,476.89423
112.8438720703125,13.864822387695312,149.0586,466.81052
115.35519409179688,8.9002685546875,145.36786,470.49133
121.7755355834961,14.472763061523438,138.1219,467.04373
124.18659973144531,6.621124267578125,138.70444,474.6303
116.25559997558594,13.47967529296875,140.7565,463.32556
123.4540786743164,9.812454223632812,138.64824,468.44968
124.12075805664062,10.846542358398438,134.72467,465.59732
120.63203430175781,10.67877197265625,139.44711,467.26672
126.38121795654297,9.559005737304688,133.57057,468.97244
118.84098052978516,10.103439331054688,139.6939,468.23904
123.09852600097656,10.235458374023438,133.23251,467.7864
125.83023834228516,12.621932983398438,129.34196,465.42386
125.79573822021484,11.07427978515625,131.91145,467.25378
123.75343322753906,7.129791259765625,132.8464,471.02106
122.20182800292969,6.8184967041015625,133.8406,473.27194
128.6659278869629,10.695388793945312,127.679985,469.24606
126.43499755859375,7.08868408203125,130.79651,470.27466
120.68878173828125,5.829437255859375,134.89221,476.45563
129.54054260253906,8.265335083007812,135.27975,472.37302
113.39959716796875,7.5607452392578125,149.97546,472.8956
122.3600082397461,9.468826293945312,141.64265,470.83115
125.8687744140625,10.787918090820312,138.98901,468.87448
117.48417663574219,5.8441925048828125,148.82791,474.2938
120.24678039550781,8.49810791015625,146.81235,470.7434
112.3947982788086,5.9246673583984375,151.9958,473.16983
119.01287078857422,6.7403106689453125,147.88783,475.3596
115.74507141113281,5.7020111083984375,153.86667,475.418
112.72203063964844,3.7010650634765625,156.40042,477.39877
117.37096405029297,5.221832275390625,152.43703,474.52484
118.83879089355469,2.897186279296875,152.04312,474.79022
120.7075424194336,4.9934844970703125,151.38985,472.21017
123.92848205566406,7.250640869140625,145.87534,471.9488
127.88544464111328,9.487457275390625,143.46275,470.43268
121.7153549194336,10.58416748046875,152.60701,470.43848
127.69720458984375,11.349761962890625,146.06543,469.9876
129.28533935546875,9.876724243164062,144.08936,469.17172
124.02165222167969,13.590316772460938,149.49844,466.71732
128.50033569335938,8.091461181640625,143.28583,473.39288
129.5341567993164,11.194808959960938,144.96574,465.72318
122.92012786865234,8.428726196289062,151.14265,470.4293
122.53014373779297,7.2945098876953125,151.01967,471.0211
121.53312683105469,12.471450805664062,152.89725,465.58017
120.78092956542969,9.559326171875,153.01688,468.29333
116.31558990478516,7.99639892578125,157.95659,466.7312
114.2490463256836,9.74761962890625,164.20198,465.31152
113.02108001708984,9.772476196289062,166.33699,468.19968
112.63555145263672,12.801071166992188,167.15688,467.54446
107.44377136230469,11.332916259765625,171.74442,467.69122
105.19603729248047,10.36322021484375,180.71352,467.938
115.02759552001953,11.131988525390625,173.05492,471.44257
110.6738052368164,5.90045166015625,172.9948,479.9015
111.2381591796875,8.59527587890625,173.54956,480
101.25354766845703,5.951568603515625,182.07616,476.45258
103.55325317382812,7.6741485595703125,182.77386,473.15866
99.79367065429688,9.78411865234375,196.17267,470.96008
100.00533294677734,10.99957275390625,194.01753,475.10486
102.58384704589844,13.417160034179688,187.61649,466.76968
111.6291275024414,17.204696655273438,175.32097,465.7239
109.43173217773438,14.09039306640625,183.27985,476.1278
114.379150390625,40.972686767578125,179.33313,443.22772
103.54755401611328,38.01368713378906,185.5139,458.8552
348.82300567626953,58.902679443359375,115.14378,371.03278
122.66600799560547,42.290618896484375,169.70216,430.54065
113.74169158935547,39.87882995605469,179.12038,442.29892
110.05482482910156,43.01939392089844,185.2435,436.05612
112.29803466796875,35.88414001464844,183.58008,442.34445
109.2238540649414,28.551589965820312,183.65788,446.31522
103.70674896240234,23.22705078125,192.94527,447.45575
101.76282501220703,15.166961669921875,194.5194,452.22083
98.54376220703125,8.652389526367188,200.17456,456.3358
94.25953674316406,8.5213623046875,202.25021,448.74896
88.91859436035156,6.7989044189453125,206.79929,449.41434
84.32585906982422,4.9338836669921875,219.2195,449.74887
87.8127670288086,1.3888092041015625,213.70918,452.58817
88.91902160644531,0.330108642578125,208.80441,455.41577
88.8885498046875,2.519378662109375,216.52515,453.97083
98.2995376586914,2.0276031494140625,200.83733,460.05252
101.00142669677734,6.922515869140625,195.9991,457.69177
101.17816925048828,11.378890991210938,197.41771,452.52536
100.6360855102539,8.676834106445312,199.96391,457.61697
102.55461883544922,11.211410522460938,189.90114,460.26254
106.92738342285156,9.860580444335938,187.66171,460.20944
109.20157623291016,13.987823486328125,192.8499,460.5349
109.49940490722656,18.80072021484375,181.89206,457.86798
116.5639419555664,27.690536499023438,172.5092,446.74216
119.97457122802734,34.862213134765625,174.32442,442.12244
121.66323852539062,37.980316162109375,162.45905,442.27942
124.35225677490234,39.62318420410156,167.14705,437.65628
125.77743530273438,43.33592224121094,151.8299,435.6356
125.57432556152344,42.092071533203125,154.66092,433.82898
124.9270248413086,41.81520080566406,149.71931,431.9169
120.49264526367188,39.04200744628906,160.87506,431.7653
117.2926254272461,34.436553955078125,155.91963,435.66443
118.52774047851562,31.325836181640625,153.42108,430.30505
112.36955261230469,25.124496459960938,160.31107,426.29208
104.2952880859375,20.809066772460938,164.82361,424.54843
94.52265930175781,17.078338623046875,175.73361,423.77234
110.32376098632812,11.313095092773438,161.93536,427.41953
102.56532287597656,10.004867553710938,167.30576,426.26486
97.27999877929688,8.690933227539062,174.49579,414.06058
84.37261962890625,4.4638671875,188.42676,398.2337
98.81549072265625,-0.228912353515625,174.37,404.02966
95.69999694824219,1.026336669921875,173.36575,401.51562
94.40635681152344,0.9019012451171875,175.99503,395.6594
80.99324035644531,-1.03265380859375,187.01389,395.37018
89.68695831298828,-0.747161865234375,175.11107,396.77856
74.62171173095703,-0.02899169921875,190.7053,394.12848
60.69670104980469,3.2212677001953125,202.77078,394.78238
75.5437240600586,2.9784088134765625,182.46895,404.01712
57.3558349609375,3.3477325439453125,197.13916,408.1309
71.53497314453125,0.48883056640625,175.8656,418.56757
73.49993896484375,6.07568359375,172.28687,417.9555
74.20159912109375,12.755081176757812,166.96497,414.96964
74.36487579345703,20.72698974609375,162.437,409.97662
72.98963165283203,29.4520263671875,162.75108,408.43878
71.926025390625,37.160400390625,159.31787,407.90863
75.02723693847656,44.4173583984375,152.37643,402.9715
76.34149169921875,50.960357666015625,147.76575,401.16357
76.77578735351562,54.21086120605469,142.94379,398.11252
77.73442840576172,59.555633544921875,149.65248,400.24207
72.77542114257812,62.761322021484375,147.31769,405.9215
75.2364273071289,70.25834655761719,153.56194,403.86533
73.79436492919922,81.28105163574219,144.55031,389.25534
77.1695785522461,76.37559509277344,153.55489,393.46152
76.60002136230469,78.18482971191406,149.32693,391.75992
75.8203125,76.17437744140625,149.98596,384.5589
76.73607635498047,72.90376281738281,149.74916,385.6082
76.71765899658203,68.91970825195312,157.18614,382.0177
78.46220397949219,61.80754089355469,152.66702,382.83054
79.21292877197266,56.46124267578125,151.22246,387.79877
80.99810791015625,54.454345703125,148.30469,386.2049
77.861083984375,49.876068115234375,149.21472,382.34778
75.60118103027344,44.475738525390625,155.97,383.19202
66.62324523925781,38.68977355957031,161.88034,382.6304
63.744956970214844,32.99365234375,161.38411,383.32965
60.620643615722656,29.026641845703125,165.10625,384.69812
62.48094177246094,25.884567260742188,163.63724,387.54904
56.88953399658203,25.834304809570312,175.46031,383.46024
56.208251953125,22.469497680664062,177.46521,385.99454
59.0423583984375,23.576980590820312,175.92664,384.75906
56.90259552001953,25.664657592773438,189.04527,380.6866
60.02153778076172,26.920867919921875,186.92873,374.3617
54.28034210205078,31.444412231445312,194.50914,370.82132
56.64781188964844,31.107315063476562,196.18887,369.81497
56.10142517089844,34.438934326171875,199.35684,371.3662
54.64629364013672,37.07472229003906,206.4911,370.70877
50.03437805175781,38.50566101074219,214.41428,373.02023
43.67845916748047,44.197906494140625,223.18031,369.43896
36.35319519042969,49.92677307128906,231.5148,366.991
31.56562042236328,57.027679443359375,240.74718,362.6814
27.380630493164062,61.04911804199219,246.80673,362.67966
26.17485809326172,64.39495849609375,248.49232,362.02594
25.60059356689453,68.32456970214844,247.54124,363.36288
23.32897186279297,68.01237487792969,245.77919,363.32028
22.613250732421875,70.29374694824219,237.51324,363.15756
25.273887634277344,76.32655334472656,224.58076,358.45743
29.360267639160156,70.28900146484375,216.66435,360.55695
32.77857208251953,68.52853393554688,203.86351,358.02368
42.12744903564453,66.08036804199219,185.67491,361.9919
54.51508331298828,63.09901428222656,162.28783,363.7963
65.44915008544922,59.07725524902344,148.67445,361.0344
86.54441452026367,53.47967529296875,127.122475,367.23016
82.56302642822266,48.854705810546875,127.53349,370.3896
84.44712829589844,48.93328857421875,130.69937,365.29205
82.75779724121094,46.80999755859375,138.24448,367.0141
83.01813507080078,45.35636901855469,140.12529,366.27505
88.13748168945312,41.90412902832031,148.76147,363.78714
88.1914291381836,41.30067443847656,154.80177,369.3643
85.35955810546875,45.65171813964844,157.58221,364.45102
84.01586151123047,50.08512878417969,163.36751,366.61337
70.01750183105469,53.04008483886719,179.47018,365.48764
69.58840942382812,59.90187072753906,185.3031,347.8588
69.7271957397461,56.403106689453125,190.69691,354.36804
78.29935455322266,66.6800537109375,183.98863,343.9201
71.04011535644531,74.10639953613281,196.49295,340.57303
75.11658477783203,78.21298217773438,189.82085,336.97827
82.21495819091797,84.78036499023438,179.29695,331.97974
87.1658706665039,83.28945922851562,171.77434,333.1012
105.50508880615234,87.3631591796875,153.7668,326.79926
129.46848678588867,88.67555236816406,127.63157,331.71182
132.9948959350586,90.03021240234375,124.0851,321.5401
145.6188087463379,91.1527099609375,110.389275,318.16913
146.94402694702148,92.490478515625,107.85438,319.10645
152.72332382202148,91.73007202148438,105.33308,341.25537
160.65072631835938,103.41635131835938,100.83258,336.60376
162.40222930908203,113.27902221679688,100.04338,328.89185
165.48295974731445,107.36653137207031,94.97671,333.91147
164.13086318969727,109.85836791992188,101.27227,328.8899
160.63673782348633,106.71321105957031,106.51406,328.0109
152.1257095336914,103.23809814453125,110.169174,351.53748
150.24097061157227,92.66238403320312,103.33874,359.34412
151.96805572509766,68.29499816894531,134.3037,395.81778
156.66735076904297,62.58403015136719,180.15974,411.4155
148.69001007080078,59.57237243652344,203.78093,413.25266
143.9357681274414,48.27281188964844,205.12291,427.13278
149.72119903564453,47.42387390136719,199.95988,409.60715
156.68929290771484,42.89622497558594,182.93642,410.78305
150.15137481689453,37.35472106933594,184.6646,420.88168
145.8525390625,33.67448425292969,178.64252,423.1296
148.50016021728516,34.18797302246094,173.50499,416.58347
152.57740020751953,35.39515686035156,171.31853,417.9805
151.6968765258789,34.69306945800781,175.93541,422.12283
148.4324722290039,37.13299560546875,177.80687,420.90057
147.34944915771484,44.65242004394531,180.85841,416.26883
140.66521453857422,40.8087158203125,185.69331,431.4948
198.05077362060547,60.77703857421875,130.96211,393.77142
232.12642669677734,69.39614868164062,101.77052,335.93134
247.13907623291016,82.27972412109375,86.0219,307.862
245.18392944335938,87.70040893554688,89.28467,305.15405
243.45893478393555,89.73832702636719,93.37443,304.71677
244.56073760986328,90.78363037109375,91.754135,303.13782
252.76127243041992,91.85575866699219,87.08909,305.41727
248.5635757446289,95.69615173339844,92.961105,301.5466
253.00773239135742,95.06364440917969,91.63413,302.53525
248.8662338256836,97.88284301757812,96.781204,300.31018
249.04258346557617,94.46626281738281,97.21616,301.06808
254.22588729858398,93.53616333007812,94.150215,300.27905
255.27974700927734,92.44577026367188,95.64125,298.8155
255.3598518371582,90.30134582519531,95.84939,298.6135
262.6683921813965,87.71040344238281,88.33106,297.94583
262.0630798339844,87.87744140625,92.06659,299.1894
262.18976974487305,86.33319091796875,92.408485,295.7904
263.63487243652344,85.67863464355469,92.1694,294.67197
264.3087463378906,85.32931518554688,91.43713,293.86572
263.8411102294922,83.60870361328125,91.533966,292.57318
254.6529884338379,83.54949951171875,96.65777,290.64075
228.76590728759766,66.57177734375,116.10765,332.34833
262.2733955383301,81.99227905273438,90.165,291.0354
261.7273712158203,85.46842956542969,89.00784,292.6943
272.198486328125,87.87200927734375,86.178345,286.14264
273.0378608703613,88.71780395507812,88.60464,285.81598
276.3702278137207,89.72868347167969,90.5563,284.23807
270.0116539001465,88.48347473144531,104.47132,287.7543
278.4690628051758,88.58203125,108.32951,289.43427
281.96158599853516,91.55699157714844,112.05144,303.93503
286.6990089416504,90.19529724121094,114.823235,278.5602
285.951416015625,95.13703918457031,123.27692,280.08017
290.1348075866699,95.19357299804688,123.01249,277.95654
290.1395492553711,94.17634582519531,122.69508,280.67697
298.8832702636719,92.76766967773438,115.62964,280.41138
295.96643447875977,94.09014892578125,121.0241,282.7752
303.3305206298828,91.62242126464844,122.949554,282.37045
302.71956634521484,89.9862060546875,125.52992,283.461
307.7027931213379,86.44215393066406,121.10601,294.7034
306.9347915649414,84.80731201171875,133.74577,305.56403
303.6831512451172,79.42411804199219,115.23111,295.29
304.2055206298828,75.11074829101562,135.75406,301.12292
305.87464904785156,74.57290649414062,134.03256,305.8255
299.2493591308594,74.85505676269531,130.94684,291.62173
302.7195358276367,72.64358520507812,140.09688,295.93134
301.4663543701172,73.6502685546875,137.6271,292.01337
312.0160446166992,73.53984069824219,139.48195,336.67996
314.1456756591797,72.34320068359375,140.78043,372.44513
334.63641357421875,69.40017700195312,129.16418,377.88403
330.39110565185547,66.37725830078125,131.2613,375.85614
343.8279685974121,65.30914306640625,123.2544,378.48273
362.5043716430664,60.713531494140625,105.95647,387.8999
365.46484756469727,60.80012512207031,105.78338,383.92007
365.6349678039551,58.7548828125,102.95156,390.172
369.4704780578613,55.31184387207031,101.94729,397.9985
371.17990493774414,55.310394287109375,93.61608,396.4746
365.4618377685547,49.19850158691406,101.83273,399.2407
373.40617752075195,50.07466125488281,88.095116,386.54776
374.01776123046875,48.89208984375,74.965515,356.74353
384.69068145751953,48.89897155761719,74.76012,390.53482
378.32688903808594,48.91844177246094,67.83768,343.74844
383.8772506713867,51.07688903808594,71.272354,370.8936
381.52872467041016,46.14105224609375,92.22801,393.23608
153.07523345947266,28.545623779296875,112.76616,377.80396
148.8425750732422,45.60618591308594,117.77609,361.75125
146.4258918762207,45.50535583496094,119.72158,364.39438
136.43795013427734,49.319549560546875,126.60243,369.17334
144.62902069091797,55.20695495605469,132.47652,367.18747
146.5394058227539,64.14016723632812,134.7957,355.69623
153.93085479736328,69.2464599609375,133.14342,355.2779
158.90451049804688,75.24339294433594,131.46716,354.56662
160.877197265625,79.23095703125,124.56506,361.64563
170.38602828979492,86.79586791992188,120.46427,355.2851
180.79529571533203,92.3681640625,116.91576,348.10858
167.0128402709961,90.71905517578125,116.62416,368.96234
167.02837753295898,86.52098083496094,108.683846,372.0062
157.23749923706055,82.34759521484375,109.51255,379.73718
152.57256698608398,75.89408874511719,98.68476,388.5179
138.28919219970703,82.70152282714844,100.092026,375.74295
128.65005493164062,87.65907287597656,104.447266,375.71512
128.4659309387207,82.40750122070312,101.07021,373.37622
118.72879409790039,75.23532104492188,98.69225,386.39282
114.66374969482422,60.82025146484375,92.93703,402.91803
286.51827239990234,40.028839111328125,164.91353,429.92908
255.7115936279297,30.581497192382812,183.47256,456.78238
248.70423889160156,50.90065002441406,175.7684,440.26468
251.50508880615234,58.305511474609375,165.11824,428.01184
277.90271759033203,68.91221618652344,131.39195,417.58322
278.9543151855469,70.60528564453125,125.57233,401.65167
291.92083740234375,62.08686828613281,111.706055,391.23123
301.3806800842285,48.78009033203125,115.284294,385.2433
331.7644271850586,26.5770263671875,149.16975,390.687
327.5536575317383,27.053436279296875,153.66649,388.18304
324.5487594604492,28.071060180664062,144.11183,413.0898
309.9905700683594,27.547332763671875,163.74713,388.34137
315.1805648803711,24.767425537109375,142.0035,411.98285
311.7329635620117,29.343673706054688,147.6581,408.15372
295.1604995727539,28.12701416015625,155.21904,403.4464
265.07176208496094,31.573333740234375,179.17728,391.85468
262.6382827758789,31.65692138671875,174.19975,391.06982
245.9158172607422,32.74198913574219,177.46939,391.19998
259.1553039550781,33.339202880859375,154.68048,397.78705
253.33275604248047,35.66789245605469,152.47145,398.6768
243.3308868408203,32.41304016113281,157.8353,404.5233
235.37744903564453,29.982284545898438,145.7357,394.62833
245.64769744873047,9.229705810546875,145.60255,391.65375
253.5417251586914,11.297958374023438,142.12187,399.31766
247.82962036132812,14.14471435546875,149.92242,393.51892
230.82601928710938,10.508438110351562,165.15265,386.20822
231.8739776611328,7.5818023681640625,164.49728,390.5189
238.1477508544922,4.855743408203125,161.65787,392.41937
233.22874450683594,4.86236572265625,166.99173,393.8109
246.59307861328125,6.0130767822265625,154.52478,396.5859
242.81283569335938,7.787139892578125,160.9123,398.72577
242.75505828857422,9.543731689453125,164.34071,404.1032
247.7652359008789,13.837875366210938,156.7559,401.51456
242.51441955566406,23.825180053710938,164.05759,412.8445
250.71595001220703,19.627792358398438,156.23534,424.88028
245.3929901123047,39.5087890625,156.22916,414.49854
246.96241760253906,28.706817626953125,156.05588,438.43146
259.8938217163086,63.293853759765625,133.89912,408.15094
250.89691925048828,80.91751098632812,109.87535,390.9572
258.2799530029297,81.71195983886719,135.65836,396.57816
246.85770416259766,111.88319396972656,107.68297,364.4066
246.73992156982422,127.59738159179688,80.14644,333.08948
245.54693222045898,138.02671813964844,80.108284,317.91733
254.88230895996094,137.6989288330078,80.18436,317.4578
256.27466583251953,137.55262756347656,75.94145,317.50815
254.27518844604492,131.43270874023438,77.45579,316.37408
254.07400512695312,109.42805480957031,77.40045,336.08066
255.73484802246094,82.28825378417969,108.62668,375.9935
266.9603805541992,47.882232666015625,154.31795,425.46912
0.995849609375,6.17279052734375,138.568,468.1126
7.433685302734375,7.586639404296875,128.56525,474.55518
-4.670135498046875,7.1966552734375,142.19928,475.0074
0.828277587890625,0.51226806640625,136.65631,475.1795
32.368621826171875,20.078231811523438,114.790344,447.8541
-1.9123153686523438,6.524658203125,146.03972,463.48175
70.05252075195312,27.919921875,84.23956,432.21783
83.85775756835938,29.262069702148438,72.21564,398.2897
77.01623153686523,20.4351806640625,80.95374,408.45532
84.94159698486328,23.9095458984375,74.44664,409.64044
82.61542892456055,22.288787841796875,72.823524,398.49298
93.57694625854492,27.236312866210938,65.12406,412.68448
97.15763854980469,26.621429443359375,67.62613,412.97034
85.96677017211914,18.368988037109375,86.217155,419.87103
100.90533447265625,32.11106872558594,96.11078,438.73026
84.61258316040039,13.556472778320312,113.83935,459.6616
88.35032272338867,7.4869842529296875,117.725075,474.13333
37.67188262939453,6.0481109619140625,161.80327,475.32956
42.783119201660156,6.2237548828125,162.04039,473.8844
34.83202362060547,10.737106323242188,177.14119,471.24014
9.161087036132812,9.028366088867188,203.2355,476.17288
22.204429626464844,10.053329467773438,180.54115,471.28592
21.8255615234375,7.0347442626953125,190.7691,472.80966
12.591529846191406,6.5010986328125,195.60777,480
7.5423126220703125,5.3674468994140625,202.63297,476.26584
33.702919006347656,5.3578643798828125,181.17455,476.85373
14.589164733886719,1.74688720703125,199.51399,480
53.17719268798828,7.5469207763671875,165.2365,470.1304
288.3601303100586,15.163330078125,158.33571,468.13257
285.8461227416992,14.47283935546875,158.00813,468.40906
275.7682418823242,11.095779418945312,167.15059,466.0637
290.20619201660156,9.349105834960938,163.7891,463.3362
120.89979553222656,19.72882080078125,92.356964,453.9148
129.44492721557617,14.897064208984375,81.5637,452.29095
400.1082420349121,38.09968566894531,81.22291,349.8975
410.50927352905273,53.73040771484375,83.334114,337.5603
414.33134841918945,43.46112060546875,90.4526,347.64667
414.3946113586426,50.89179992675781,99.17385,341.07297
414.0233612060547,51.32855224609375,103.43796,342.28656
414.8811149597168,52.552398681640625,116.77531,345.5252
416.21912384033203,55.424835205078125,119.79283,356.21973
417.03308486938477,51.666046142578125,118.981316,359.73224
418.63201904296875,61.83241271972656,117.210144,355.8505
422.7884330749512,60.59552001953125,118.07273,359.8791
424.9121513366699,70.63514709472656,116.474464,350.61606
427.9882698059082,78.59977722167969,114.986534,350.70145
429.47486877441406,76.26872253417969,115.06326,352.47238
428.2923393249512,76.9508056640625,116.40348,356.09778
425.37134552001953,66.70718383789062,118.57811,370.66736
430.2107810974121,77.10469055175781,114.37177,349.97653
432.49939727783203,73.17903137207031,110.68077,351.894
435.66433334350586,76.88499450683594,106.86506,345.04556
436.4156913757324,72.75288391113281,107.29124,342.09732
436.77209854125977,68.30447387695312,108.2243,341.94403
439.4622001647949,66.24290466308594,104.930824,338.4091
443.1765937805176,62.64002990722656,98.373436,341.09555
447.66555404663086,58.29400634765625,93.1208,343.47864
450.4925765991211,60.14595031738281,88.43996,342.8613
457.2348327636719,52.537933349609375,81.48511,351.95447
460.711727142334,61.57579040527344,79.63239,341.59872
461.36692810058594,59.62992858886719,82.186005,345.7144
466.9068832397461,57.987152099609375,83.61214,350.53143
451.45153045654297,55.68499755859375,100.888565,406.49652
438.54792404174805,65.16535949707031,106.58451,410.15567
429.63872146606445,66.12284851074219,101.29061,417.9044
417.48962783813477,56.70001220703125,100.69305,393.24237
417.5014305114746,44.174163818359375,104.16651,388.30225
418.85276794433594,78.8197021484375,88.42819,348.97778
417.47099685668945,76.81056213378906,104.73092,350.52774
415.26989364624023,63.03004455566406,82.933846,348.29318
408.4231414794922,72.06114196777344,86.514496,340.91794
402.6599464416504,57.49665832519531,90.095146,343.2255
399.79870223999023,65.37217712402344,89.26154,330.09317
397.05833435058594,43.60517883300781,91.221466,342.27798
388.811954498291,19.5318603515625,89.63146,435.44446
356.26952743530273,6.3806610107421875,119.767525,455.91483
346.2278137207031,7.468109130859375,124.85437,458.21246
262.0025939941406,8.839630126953125,194.71948,461.95905
267.74658203125,7.926025390625,179.69965,463.03625
263.9406051635742,8.069793701171875,180.74178,459.86188
280.66322326660156,9.20489501953125,161.34451,461.66626
263.6118850708008,10.132095336914062,162.09343,456.57053
275.2131042480469,11.063461303710938,166.10474,462.29654
299.38319396972656,4.77581787109375,157.9744,468.07922
283.89038848876953,8.822494506835938,165.92339,469.7056
310.2297058105469,4.52191162109375,148.67969,480
321.4762420654297,1.1555023193359375,137.85727,477.13773
319.890625,8.303619384765625,159.70978,466.67194
303.30626678466797,3.949798583984375,194.58357,467.92645
298.72716522216797,3.31890869140625,207.68892,476.16003
290.4124526977539,3.3128814697265625,226.43285,473.15573
302.21290588378906,2.0763702392578125,216.5474,466.8187
321.43943786621094,2.888092041015625,200.76242,465.78864
333.8675765991211,3.6871337890625,177.59645,465.19128
311.87718200683594,7.0506744384765625,201.32162,469.74887
286.7136535644531,14.385086059570312,220.59119,467.08664
203.2797393798828,72.71348571777344,148.19669,410.4329
218.3458023071289,84.42019653320312,118.06419,398.6341
228.56590270996094,94.1861572265625,118.31882,384.6317
234.65947341918945,91.96696472167969,111.96432,343.09763
234.8231430053711,112.352294921875,114.968704,301.59155
246.9173698425293,109.29400634765625,97.02714,295.7461
232.98894882202148,108.71040344238281,107.1211,301.72037
238.48535537719727,107.70521545410156,96.220634,295.08884
242.79189682006836,108.09620666503906,87.95722,304.18057
251.25440979003906,107.44366455078125,85.503204,301.4875
253.19592666625977,96.80648803710938,82.84069,310.3714
254.8119354248047,97.50228881835938,84.497406,308.48553
236.95712661743164,83.94540405273438,105.18572,343.8543
203.59312438964844,57.81559753417969,143.10379,374.2841
199.55303192138672,54.91255187988281,155.96852,378.22653
194.89439392089844,59.315460205078125,164.14163,378.89337
206.3297119140625,49.83860778808594,160.40674,374.06717
209.88895416259766,61.69520568847656,160.56804,353.66122
208.09771728515625,49.502716064453125,163.34998,368.88428
199.38460540771484,53.06993103027344,167.9217,368.03244
204.13790130615234,51.49220275878906,169.61555,375.92252
200.77991485595703,50.15934753417969,174.20506,378.15463
188.35758209228516,42.059539794921875,189.00969,384.06885
200.3971710205078,40.9951171875,176.83224,388.05072
217.5085678100586,38.14555358886719,145.47115,386.07822
225.94639587402344,48.79206848144531,146.88492,377.75162
230.6823501586914,52.024566650390625,151.89946,382.56714
238.8791732788086,59.21348571777344,135.50569,379.3541
246.52520751953125,46.583526611328125,131.26819,392.31323
274.58470153808594,59.13313293457031,106.24075,380.97293
260.7825164794922,69.44261169433594,128.70395,374.67355
244.41187286376953,63.31663513183594,160.44298,381.00894
257.2054443359375,72.60572814941406,159.77649,371.90292
225.0388946533203,81.22062683105469,116.73575,367.44547
242.44622802734375,81.78445434570312,137.94434,361.03326
230.50184631347656,93.38563537597656,110.55429,345.91898
234.1747589111328,88.38760375976562,74.20627,297.45477
232.2221336364746,94.54969787597656,76.42335,287.1771
230.99639892578125,90.40791320800781,83.778564,286.35196
230.80126571655273,84.30897521972656,95.03547,289.3041
229.42047500610352,79.85235595703125,92.35473,302.4281
231.87825393676758,78.80003356933594,97.40145,298.93546
233.14388275146484,78.12803649902344,98.61604,295.2748
228.10480499267578,76.40182495117188,103.208725,293.78857
230.60832977294922,75.94680786132812,94.82875,296.7188
233.0809555053711,75.10377502441406,91.580215,291.67935
230.3960838317871,73.10955810546875,98.60975,289.52808
230.1264762878418,73.65608215332031,105.3101,290.60428
229.15401458740234,74.45114135742188,103.73207,291.09515
229.83021926879883,77.05467224121094,107.68844,292.37418
229.93559646606445,78.91844177246094,108.32296,290.06302
228.91480255126953,80.11515808105469,111.09227,291.92593
231.13179397583008,83.16748046875,112.80093,287.63074
233.48503875732422,88.19941711425781,111.7148,285.12393
238.90446853637695,86.44509887695312,106.937645,287.72504
240.82859420776367,88.77635192871094,104.47465,287.82516
241.71651458740234,87.21047973632812,103.657364,286.9812
243.1031494140625,86.95738220214844,101.17938,288.85287
244.09971237182617,86.89932250976562,99.594765,285.6676
241.6581687927246,82.71879577636719,103.23383,288.5627
244.2851104736328,81.18850708007812,99.905,288.0907
242.4386978149414,79.85044860839844,100.95293,285.9149
240.89453506469727,77.28230285644531,100.37829,287.8998
230.6575584411621,75.76292419433594,111.99952,295.70938
248.38920211791992,71.98394775390625,91.44895,290.72034
245.14682388305664,75.87550354003906,95.44146,290.13235
245.68661499023438,73.95191955566406,95.75372,291.07687
245.31540298461914,75.23146057128906,96.54742,292.25204
245.90991592407227,74.14706420898438,97.32592,290.45093
247.48215103149414,76.36563110351562,93.084465,292.68298
245.06192016601562,80.80668640136719,93.651306,288.50595
244.79340362548828,81.07914733886719,92.15068,289.62558
244.1871337890625,83.1845703125,90.38135,287.42065
245.58707809448242,83.72529602050781,86.25193,286.88528
246.69015502929688,82.2745361328125,86.25568,291.85114
249.79318618774414,79.44444274902344,84.05926,291.9744
246.29368209838867,83.9873046875,84.73173,290.65076
248.31451034545898,87.1781005859375,85.77973,287.71686
247.1994400024414,87.62982177734375,86.222275,286.13538
245.76836776733398,89.24919128417969,87.27741,284.10233
245.41363906860352,88.89968872070312,90.09045,286.104
247.12004852294922,84.89219665527344,84.61647,287.08524
250.7608757019043,90.87542724609375,84.96891,284.32104
250.84707260131836,81.68771362304688,83.95014,291.02966
255.1252326965332,73.37936401367188,82.453575,306.15057
260.7658882141113,78.03384399414062,71.39883,299.92957
260.2161293029785,77.08943176269531,76.60137,299.15536
262.2981185913086,77.45985412597656,77.44618,324.39633
269.2068328857422,77.02545166015625,72.73355,316.82568
271.3406219482422,78.408935546875,81.00632,318.40973
265.0502166748047,65.94535827636719,82.9982,358.62906
262.61719512939453,43.7764892578125,110.98448,388.99176
217.80660247802734,23.1429443359375,147.19533,417.08203
144.25798797607422,19.9927978515625,219.28511,443.37952
143.7263946533203,20.676895141601562,216.87527,443.0228
142.75094604492188,20.427398681640625,215.25317,448.02838
148.80480194091797,17.05291748046875,221.13179,448.99255
145.77263641357422,22.889907836914062,216.84029,446.18796
146.2087860107422,14.444061279296875,211.38913,454.4345
149.7613525390625,10.5272216796875,220.48114,464.0807
155.92660522460938,14.727325439453125,204.9248,459.12848
155.74321746826172,15.962738037109375,209.66023,454.52667
163.3717041015625,16.619155883789062,204.74371,449.90695
169.44747924804688,17.595291137695312,200.38391,445.64926
177.12749481201172,14.871826171875,195.35677,445.01367
189.6771240234375,16.36285400390625,187.1789,441.15552
202.1307373046875,13.784881591796875,179.86249,441.09552
215.50253295898438,12.05999755859375,166.74939,445.0907
229.7220916748047,12.961898803710938,156.53561,448.53006
235.0925064086914,15.228073120117188,153.8214,447.48367
250.89849853515625,16.148834228515625,142.65533,449.18414
252.56623077392578,16.646591186523438,141.74431,450.7924
267.44984436035156,20.219970703125,129.76651,449.96228
259.96651458740234,17.235305786132812,136.87904,453.20834
264.79638671875,22.0306396484375,136.67194,452.01794
268.8109893798828,22.5361328125,141.48465,450.59778
266.46854400634766,24.101821899414062,156.30309,447.58115
264.923583984375,22.452682495117188,165.07318,450.18863
266.6684036254883,21.948135375976562,178.52702,452.5156
264.76109313964844,25.880111694335938,171.36166,449.89334
263.6842269897461,29.472671508789062,193.2173,445.5842
266.260986328125,31.1622314453125,183.5556,441.96753
269.7531280517578,36.6636962890625,196.81876,433.50916
275.0863800048828,44.489593505859375,181.81473,424.3907
260.45989990234375,89.7552490234375,89.99078,375.85962
251.63361740112305,113.49757385253906,90.022255,328.80753
244.83991622924805,113.774658203125,96.61112,307.08844
256.5699234008789,116.07804870605469,92.37248,287.05954
261.6146774291992,116.74797058105469,89.8224,266.87076
258.49744415283203,117.24200439453125,99.7097,264.28003
262.55774688720703,116.09829711914062,93.39134,264.38098
260.16129302978516,118.44267272949219,99.136765,260.67697
254.5147247314453,118.11114501953125,106.286896,258.9535
269.92087173461914,119.4774169921875,89.63976,258.0708
264.4849853515625,121.27848815917969,96.66632,255.35147
270.57462310791016,120.6407470703125,89.822556,254.49329
265.22411727905273,120.18659210205078,92.918526,254.28307
267.7068214416504,118.44249725341797,94.05572,254.18251
268.9622917175293,117.70430755615234,90.82017,253.33449
270.23678970336914,116.69674682617188,87.952324,255.02563
273.63502502441406,117.2309341430664,81.26065,254.04118
267.33827209472656,114.88653564453125,85.13376,256.8413
269.61627197265625,117.00514221191406,81.35156,251.71475
266.74951171875,113.8297348022461,83.09235,255.11037
269.0390167236328,114.51515197753906,80.801056,254.30856
272.11956787109375,113.30171966552734,79.11633,255.72609
271.61138916015625,112.42767333984375,80.93146,257.25024
271.39205169677734,111.68527221679688,83.42012,257.63104
268.49818420410156,112.0845947265625,87.04703,256.16174
267.813777923584,111.78358459472656,88.27851,256.96652
267.8515815734863,112.83692932128906,88.89321,256.79013
269.5445747375488,113.36134338378906,88.31185,255.83316
266.2157325744629,114.02963256835938,91.89275,255.70312
263.4776725769043,114.41873931884766,93.4069,255.2653
267.81833267211914,115.08692169189453,87.67864,254.0059
263.1021842956543,115.53186798095703,90.88871,254.32011
263.8386039733887,116.48052978515625,88.866554,252.67322
262.92430877685547,114.24273681640625,90.91725,255.039
266.1141815185547,114.32080078125,88.91684,255.58582
265.04991149902344,114.06578063964844,91.01486,256.74765
267.9552001953125,114.24649047851562,85.51532,255.58899
270.3979263305664,115.14344787597656,77.479355,265.54025
272.31171798706055,111.90165710449219,73.2205,271.01608
274.70585441589355,108.63963317871094,62.044346,353.1993
276.4707374572754,117.94522094726562,58.081657,337.15118
272.0478172302246,116.25265502929688,64.50977,357.90234
247.19196701049805,123.13893127441406,57.014442,351.84805
250.03188133239746,102.13755798339844,57.12746,377.92892
463.03697967529297,46.12709045410156,87.94368,378.67587
452.72838973999023,37.11895751953125,113.19019,384.73914
462.81436920166016,39.56982421875,115.36345,379.4132
453.05981063842773,45.56097412109375,126.4311,374.82635
456.68724822998047,44.09446716308594,128.39357,377.96408
460.3677062988281,45.61370849609375,122.62537,379.95636
456.53247451782227,42.65931701660156,126.44195,376.88498
457.39938735961914,45.842681884765625,124.90472,386.6267
455.78589248657227,49.207855224609375,124.35265,381.02686
458.8193893432617,46.476226806640625,119.40669,391.31488
459.6801948547363,47.83216857910156,117.1531,379.1295
456.90290451049805,47.48307800292969,123.46073,376.59122
454.9149703979492,47.73817443847656,128.16286,369.02945
455.65614318847656,46.07867431640625,127.757965,373.24945
451.86860275268555,49.809112548828125,124.55967,373.26392
450.0658302307129,50.33106994628906,119.07006,373.2463
448.8870277404785,51.42005920410156,115.151665,374.7615
450.1308174133301,50.76148986816406,106.71731,357.4506
449.02636337280273,51.06976318359375,106.4499,353.57007
446.20006561279297,54.42875671386719,109.07765,355.2745
445.72875595092773,60.57493591308594,103.43629,352.71518
445.3119010925293,62.75880432128906,104.990395,351.96542
446.82825088500977,68.04112243652344,107.595024,349.58682
289.3989543914795,96.24081420898438,63.932194,257.8465
286.33989334106445,102.96404266357422,70.90481,252.90083
286.8620300292969,101.72908020019531,67.79346,252.16135
286.90327072143555,103.46477508544922,70.762856,247.62447
290.12467193603516,104.46853637695312,68.57207,244.80273
289.3824882507324,102.64387512207031,70.245155,245.2161
289.3580894470215,100.87952423095703,69.74329,246.05724
289.01148986816406,100.75179290771484,70.04379,245.19551
291.3855895996094,100.8203353881836,69.33551,247.16054
292.27368927001953,100.60823059082031,69.58391,246.5228
291.04016494750977,101.46622467041016,73.56451,246.4616
290.94740295410156,104.5361557006836,75.4064,244.11208
289.56617736816406,106.43620300292969,82.952545,243.30045
289.45055389404297,106.85523986816406,88.13411,243.37521
290.4722785949707,109.50860595703125,92.91976,242.29077
291.7814140319824,112.063720703125,94.6489,242.65619
294.16311264038086,116.52565002441406,95.58637,240.89761
295.9876937866211,119.14524841308594,92.38759,239.8721
294.71573638916016,119.24088287353516,95.729904,243.75188
294.8289489746094,119.64527893066406,95.66803,242.9266
294.3558158874512,120.53607940673828,93.78794,243.8402
294.1216583251953,120.20650482177734,93.143524,243.39644
293.04308700561523,117.86353302001953,90.81513,243.65648
293.63094329833984,115.9629135131836,93.331314,247.61378
294.8618049621582,115.65031433105469,92.17739,246.83444
294.2454528808594,114.29319763183594,91.8172,243.78384
296.85881423950195,114.30967712402344,90.57406,242.32224
298.792293548584,114.72525787353516,89.20783,240.87737
302.47729110717773,114.85071563720703,80.61689,243.49803
306.710147857666,118.77631378173828,74.95202,241.08867
312.6101837158203,117.61589813232422,69.92551,247.4778
313.37746810913086,122.29896545410156,66.11756,245.49881
316.1828384399414,123.5162124633789,62.054,244.88066
317.7156505584717,128.0401153564453,59.29288,246.21396
318.4646987915039,123.1044692993164,59.71434,253.41441
320.23719787597656,126.28135681152344,56.9852,253.79446
320.3966007232666,126.00736999511719,59.00465,275.65463
322.3561325073242,123.5976791381836,50.550125,254.82436
325.0656566619873,120.7593994140625,48.97141,258.09253
327.76483726501465,121.77235412597656,48.90276,269.57883
321.5918998718262,85.97708129882812,77.42057,362.98798
482.8157539367676,68.02865600585938,113.573814,350.20294
488.1667060852051,70.53865051269531,104.86117,342.0173
481.178165435791,70.27403259277344,107.23315,341.41995
483.30131912231445,65.02116394042969,112.847984,345.4075
491.99659729003906,63.50279235839844,101.75754,348.0469
483.5543899536133,61.19036865234375,109.563705,346.52527
481.408203125,60.585479736328125,110.19873,350.2411
480.47595596313477,58.25782775878906,110.92431,352.63785
479.11583709716797,55.32237243652344,115.013504,354.44193
479.4828300476074,56.98112487792969,116.25291,354.3215
481.5199089050293,55.36897277832031,115.81559,356.3362
477.9062042236328,55.84492492675781,122.52188,356.2463
474.07046127319336,54.86479187011719,127.931404,359.19913
474.59460067749023,54.45356750488281,126.61799,364.71756
472.3162612915039,56.208648681640625,126.00078,366.5863
471.36733627319336,55.806854248046875,126.03773,365.98145
476.29203033447266,52.85310363769531,126.22844,375.1166
471.91999435424805,52.44343566894531,123.45414,375.4116
480.67944717407227,54.56639099121094,121.99926,371.40842
465.86512756347656,46.74958801269531,126.91226,380.04294
472.0362243652344,53.2198486328125,120.06909,369.15613
465.20872497558594,46.320556640625,128.79459,375.6715
467.71960830688477,42.398162841796875,120.92187,378.56232
467.58863830566406,41.52619934082031,117.091156,378.38882
466.6382369995117,40.495941162109375,116.49715,377.31195
456.76321029663086,41.00543212890625,107.65125,365.66345
448.7712516784668,44.98582458496094,110.0897,365.6675
455.2143325805664,36.884002685546875,123.338974,381.0916
460.5595932006836,34.670013427734375,116.274,384.11206
438.17147064208984,56.63075256347656,109.53975,349.98508
418.55918884277344,42.90423583984375,110.522675,358.35883
435.86820220947266,33.0025634765625,131.9738,378.88458
447.05199432373047,37.13066101074219,122.573746,383.3148
427.7000274658203,49.20942687988281,122.62247,366.40067
372.1994743347168,91.12077331542969,82.71763,273.07938
354.5292854309082,110.33935546875,94.27468,256.50208
355.38891220092773,108.84709167480469,96.16151,266.31808
355.0718078613281,107.16888427734375,95.43359,273.95
358.53618240356445,106.42669677734375,90.30294,281.0199
358.9155731201172,105.81011962890625,92.52597,289.80762
367.0055809020996,105.23468017578125,86.057625,290.7539
369.4355888366699,92.362548828125,84.247475,304.5551
376.20738220214844,106.2041015625,75.582306,295.55896
381.6763572692871,99.40078735351562,70.95728,305.3817
383.8565979003906,95.49053955078125,61.940735,312.3192
388.40293884277344,65.50914001464844,55.18753,340.5162
391.0242385864258,41.32099914550781,178.77592,393.16794
396.78514099121094,44.38587951660156,151.74997,388.00705
392.42032623291016,43.57386779785156,151.02696,396.07956
392.9095153808594,44.99409484863281,145.29883,393.22263
390.0881576538086,45.6492919921875,139.04836,388.15344
385.9862747192383,45.558807373046875,132.87395,382.83038
382.0514144897461,46.13677978515625,125.21034,379.27283
381.43397521972656,47.371002197265625,116.34531,370.9745
377.4742851257324,41.28453063964844,119.29801,372.86594
373.73777770996094,42.24711608886719,134.99283,373.34268
368.2360382080078,42.98101806640625,139.21927,375.97046
361.0326690673828,39.15516662597656,146.61093,378.29044
349.00342559814453,38.255889892578125,160.04515,377.89673
346.7437744140625,36.774505615234375,163.46411,377.9402
330.5379638671875,36.07048034667969,181.38342,374.18076
334.37786865234375,38.310302734375,171.40662,369.42303
305.810546875,31.088058471679688,196.12415,375.8784
317.3357925415039,37.93443298339844,175.99516,367.59885
312.1431198120117,34.72265625,161.56313,370.50482
327.0369644165039,37.689483642578125,135.73564,367.43347
442.3057632446289,81.30268859863281,74.66374,311.53665
444.7184181213379,94.45648193359375,73.710686,268.88153
451.1160583496094,97.57957458496094,69.60895,259.47537
438.0856399536133,97.99313354492188,89.7531,264.12433
434.7457618713379,94.99974060058594,90.14184,276.74075
431.8924865722656,94.90312194824219,88.83844,273.55112
445.89266204833984,98.54782104492188,81.93501,265.78467
456.95655059814453,99.17372131347656,80.938644,259.31656
459.53057861328125,101.90863037109375,80.15405,259.58722
459.6137237548828,102.63601684570312,84.93765,258.90082
462.4905815124512,99.24714660644531,83.19706,266.86746
458.2976951599121,99.69090270996094,87.59211,264.55862
456.3693504333496,99.47154235839844,93.20191,265.95096
450.6168746948242,101.32041931152344,99.980545,264.11264
448.92770767211914,103.01664733886719,105.20568,261.0372
443.6425094604492,103.71464538574219,110.19643,263.96164
431.02962493896484,109.72935485839844,110.68019,255.4758
417.63492584228516,108.88839721679688,113.403244,260.82556
405.46921157836914,112.59817504882812,116.44811,257.24298
395.0977478027344,113.75933837890625,113.067505,257.25708
382.5911636352539,112.19448852539062,125.164474,261.63965
370.4064521789551,114.76458740234375,118.81954,259.50287
360.86034393310547,113.68461608886719,121.39418,261.08566
349.5027732849121,114.73222351074219,116.049446,259.54282
341.040828704834,113.50263977050781,118.09821,261.54086
333.32849502563477,112.72286987304688,109.26043,261.55975
323.1840133666992,108.92926025390625,110.909805,263.69702
314.0974922180176,110.28892517089844,108.91134,263.44498
307.678768157959,107.6044921875,103.54041,267.10596
302.56725692749023,108.05122375488281,99.84962,265.1641
296.60868072509766,107.86849975585938,99.12065,269.03076
293.76165771484375,108.16841125488281,94.08862,264.75858
289.07607650756836,107.24020385742188,92.11115,265.81366
285.9549903869629,107.25352478027344,88.73254,268.62418
280.8927917480469,107.01597595214844,87.52612,272.3146
272.9039993286133,107.07382202148438,86.99205,273.5959
263.9490051269531,108.9547119140625,88.38458,272.63263
255.77125549316406,111.09201049804688,88.130646,272.9748
247.42615127563477,110.5345458984375,91.8391,275.6775
239.27885055541992,113.10658264160156,93.652565,276.40134
230.90077590942383,109.72694396972656,95.82534,276.19736
224.61745834350586,109.07038879394531,96.959785,276.54813
216.5879364013672,105.25057983398438,98.788605,277.3238
207.98995208740234,104.81877136230469,101.89583,280.40848
199.22943878173828,104.04519653320312,104.78166,279.62823
189.5795783996582,104.09858703613281,107.0364,281.51468
184.39696884155273,101.76603698730469,106.81336,282.1713
177.1420135498047,103.64570617675781,111.754974,283.98026
170.5999870300293,104.82380676269531,110.66892,280.1782
165.8611297607422,103.58572387695312,115.259735,282.56683
156.6053581237793,105.06898498535156,114.48795,280.20676
149.982177734375,100.08297729492188,113.00568,284.5074
145.03246307373047,101.91372680664062,111.847244,284.92206
138.1285858154297,98.87242126464844,112.48642,287.3019
135.1092185974121,97.65988159179688,108.98475,287.86987
129.60227966308594,95.90025329589844,109.85617,287.57028
127.20825958251953,94.86775207519531,105.64696,289.02408
122.91522598266602,92.41110229492188,104.09606,290.6759
116.6246452331543,90.97950744628906,101.74894,289.32492
111.8005599975586,88.69296264648438,98.056595,292.8001
104.62588119506836,85.65605163574219,95.972725,297.56644
98.42721557617188,85.32240295410156,92.41809,300.09402
95.58941268920898,83.27764892578125,89.1598,303.50677
84.36993789672852,84.15948486328125,91.98095,304.0395
73.58620834350586,83.47889709472656,96.48237,305.43436
60.93257141113281,83.18437194824219,107.1044,306.1779
46.4261474609375,83.20233154296875,124.68451,307.4082
38.9080810546875,86.43293762207031,128.42053,303.17392
15.7451171875,85.97566223144531,142.12994,305.41037
4.680000305175781,85.30134582519531,143.42595,308.18875
0.6232757568359375,83.63565063476562,139.35965,310.86627
0.69677734375,83.87411499023438,129.65881,308.29016
-3.5564346313476562,81.43083190917969,121.47731,313.12497
-4.283359527587891,82.0279541015625,108.66761,313.0951
-2.697620391845703,75.49705505371094,91.146095,320.81467
-4.277713775634766,75.219482421875,84.3852,324.16412
-6.4671478271484375,79.93560791015625,79.39438,319.93408
-5.9966278076171875,66.41160583496094,78.46304,335.52127
-4.37744140625,73.91342163085938,69.29736,327.96277
-4.933506011962891,69.95123291015625,64.26795,332.91663
-7.114953994750977,66.55123901367188,58.29607,338.23602
-7.350919723510742,65.32760620117188,52.45422,340.98242
-2.331188201904297,66.82679748535156,49.657433,339.66214
-5.353019714355469,67.7371826171875,52.425644,340.84058
-4.80560302734375,66.46621704101562,57.366516,341.40344
-7.818767547607422,65.54936218261719,65.10049,344.1981
-6.425670623779297,67.87660217285156,67.40829,339.41507
-4.5078277587890625,64.29135131835938,68.87186,343.3086
-2.438201904296875,63.876251220703125,79.9046,343.52094
-2.8166580200195312,68.73866271972656,89.50972,337.85696
-3.5955848693847656,66.17143249511719,106.35017,336.26083
3.2020950317382812,70.38812255859375,112.34154,330.3186
13.814613342285156,68.50909423828125,113.133286,325.1806
23.82345962524414,70.64057922363281,117.16668,326.58456
32.571895599365234,67.29631042480469,121.16779,317.16714
37.80768966674805,51.57954406738281,122.47599,328.70627
43.82826232910156,54.65077209472656,127.68094,329.14548
47.320430755615234,56.08302307128906,127.87391,322.41788
55.55992126464844,52.897125244140625,125.081024,327.48682
57.875244140625,58.663238525390625,130.70416,322.34448
60.50959777832031,57.413482666015625,130.91135,318.0027
69.9891242980957,55.538787841796875,124.198204,322.42627
73.88574981689453,62.21588134765625,128.8319,318.87708
83.78100967407227,63.80867004394531,124.039665,315.64304
91.46337890625,70.0601806640625,123.12512,317.62463
100.95075225830078,75.83949279785156,124.094284,312.22556
122.51567459106445,83.41751098632812,111.930504,318.0078
132.3774070739746,100.630126953125,107.99482,303.01984
148.56048583984375,104.430908203125,100.77533,296.8905
154.92177963256836,105.44253540039062,99.146675,295.67133
169.90917587280273,107.38618469238281,93.54066,290.3204
185.90160751342773,104.05827331542969,86.28187,293.4656
196.6907501220703,96.98951721191406,77.19534,284.8491
196.41387176513672,73.56941223144531,80.52559,294.36588
197.7947654724121,70.50515747070312,82.99604,298.14807
202.03328704833984,66.9329833984375,83.55403,293.0216
203.91481018066406,57.19853210449219,86.02713,297.21677
205.19771575927734,54.064605712890625,98.65968,298.7481
206.89410400390625,54.734771728515625,116.619934,292.11206
210.9811668395996,51.46910095214844,122.47602,295.27634
211.98904418945312,54.27461242675781,119.10193,296.86575
214.6483917236328,60.44929504394531,129.92404,294.49423
214.82341766357422,63.024017333984375,124.80061,295.92853
216.7784767150879,72.16659545898438,112.444695,303.73627
217.31018829345703,87.73553466796875,120.62065,309.3357
212.52794647216797,112.3507080078125,134.23781,292.93402
215.62665557861328,117.10304260253906,126.2484,288.55692
213.0220603942871,123.77757263183594,114.714485,294.30307
216.86820602416992,130.24090576171875,126.45908,285.13965
216.63768005371094,129.6016387939453,110.987946,293.5834
216.0073585510254,132.11532592773438,124.29333,287.00806
218.65664672851562,124.58857727050781,121.27527,288.12875
223.65249633789062,122.91229248046875,116.353455,289.65833
228.08331298828125,118.20712280273438,104.47656,285.6928
231.3076171875,108.6209716796875,104.33624,286.42297
236.53986740112305,101.59635925292969,98.07835,285.2889
239.35300064086914,90.11158752441406,97.95104,287.77756
243.86235809326172,78.52987670898438,100.67268,293.05316
254.792724609375,71.07621765136719,94.00287,291.69272
262.9347496032715,62.693084716796875,87.28089,296.0996
274.08230209350586,52.48030090332031,79.24091,299.91196
278.86870193481445,44.64410400390625,75.81338,305.3385
279.87299728393555,37.58917236328125,77.98423,310.45038
282.1371765136719,38.043212890625,79.85834,309.9154
281.78439712524414,37.43574523925781,86.26635,311.81796
284.80516052246094,42.005462646484375,87.12918,312.9688
287.2533760070801,48.44725036621094,89.62203,311.8162
289.4301338195801,50.851776123046875,107.45809,313.2854
292.74610137939453,59.67146301269531,111.82701,314.27695
295.78653717041016,71.03179931640625,112.27971,312.4431
296.982421875,80.76806640625,113.865234,312.9154
294.9758110046387,88.70547485351562,113.4083,312.3817
295.83388900756836,99.73565673828125,118.514595,307.47925
295.7038269042969,106.3509521484375,121.30597,305.0243
294.0422058105469,111.24562072753906,123.38562,301.60995
294.8442497253418,110.90266418457031,124.89463,300.17648
294.34671783447266,113.66403198242188,126.87669,298.73914
294.8211898803711,112.7269287109375,124.61354,295.7688
294.6733207702637,106.11553955078125,124.31638,298.6021
296.7100715637207,100.20455932617188,119.31826,300.6728
297.2498474121094,95.31190490722656,117.73016,300.64932
303.36407470703125,89.13627624511719,109.050964,300.98904
310.7217674255371,82.78128051757812,109.58082,299.18146
316.3557586669922,77.06297302246094,108.026764,296.90024
324.0741844177246,73.41206359863281,106.35944,297.8091
331.21946716308594,65.48129272460938,102.539764,300.2862
338.3355255126953,62.62245178222656,101.584625,300.25424
345.7594795227051,58.6480712890625,105.135155,306.29883
355.3578567504883,55.370086669921875,102.78026,305.00293
356.5008125305176,58.305877685546875,103.04391,310.1906
357.59801483154297,60.90385437011719,103.644,309.76944
361.4619674682617,61.062469482421875,107.25337,313.83093
364.1694221496582,66.3680419921875,107.25222,312.69165
366.7450828552246,73.44587707519531,116.04633,312.37595
369.6611099243164,80.33152770996094,119.31706,308.28433
366.0045738220215,79.54598999023438,127.8545,318.62952
375.12320709228516,95.14434814453125,118.632614,299.81995
375.69503021240234,95.21563720703125,123.830154,312.2162
367.858154296875,101.63838195800781,131.62836,303.6813
368.66426849365234,106.67839050292969,128.95277,299.02988
370.6804962158203,100.57769775390625,126.506256,305.68652
374.60339736938477,96.21881103515625,124.996086,314.37726
378.8848457336426,92.45539855957031,125.23098,342.04745
383.2329864501953,83.75093078613281,117.424225,384.08597
390.9393424987793,77.01913452148438,107.696266,397.39606
396.71693420410156,74.98880004882812,99.082245,402.25806
403.55090713500977,70.84996032714844,93.64965,401.04306
408.8211364746094,66.96763610839844,83.5318,404.4586
402.6669578552246,61.00254821777344,91.55555,406.40414
369.3387451171875,56.20654296875,108.69391,420.50287
11.984268188476562,0.5390777587890625,210.64847,443.10135
-3.208587646484375,4.1671142578125,190.4967,452.34918
-0.34052276611328125,9.341888427734375,200.75471,447.30432
0.64691162109375,14.77838134765625,210.08636,443.222
-0.04787445068359375,16.043609619140625,214.18175,448.49426
0.6358718872070312,16.482742309570312,211.5645,445.5629
-3.7501754760742188,7.0123138427734375,220.41228,464.7628
5.031562805175781,18.755615234375,221.5916,442.8105
7.4364013671875,23.778060913085938,203.66339,439.4227
4.893989562988281,22.4091796875,211.51323,443.7729
2.9426956176757812,28.068145751953125,225.60027,438.46216
4.318641662597656,26.195999145507812,242.05418,443.5529
3.42034912109375,28.815887451171875,228.97455,441.15686
3.3409194946289062,22.907745361328125,235.67796,450.02405
11.209541320800781,18.576492309570312,217.49992,454.04324
12.666778564453125,15.101791381835938,199.88806,460.95847
11.052497863769531,17.34173583984375,204.3914,452.67303
42.41582489013672,15.429290771484375,174.16365,446.53748
20.086685180664062,17.849777221679688,192.8782,444.04587
4.638236999511719,16.8294677734375,192.77364,459.6065
12.402938842773438,5.5488128662109375,167.5416,459.85092
24.582443237304688,5.663299560546875,141.2905,475.1671
4.164085388183594,6.61102294921875,152.35976,466.76263
10.23065185546875,5.9714813232421875,140.61456,471.84213
9.430740356445312,-3.8856353759765625,106.997955,475.3409
-6.236824035644531,1.2869415283203125,118.18892,445.04922
7.030872344970703,0.0045013427734375,104.58419,458.96945
24.047088623046875,2.752227783203125,111.840576,446.55432
6.615959167480469,2.79937744140625,106.84126,450.0152
2.9856338500976562,-5.705291748046875,102.34447,449.63123
28.070335388183594,2.212493896484375,106.069595,446.79175
10.809593200683594,1.7596893310546875,122.12831,444.87643
17.92214584350586,1.606170654296875,101.72291,451.09766
9.059539794921875,11.88336181640625,129.0841,434.98737
2.6493606567382812,5.8115997314453125,144.8604,449.5696
1.2821121215820312,7.909912109375,153.53276,459.49725
-7.170921325683594,13.087249755859375,133.77232,461.9485
-5.542991638183594,7.5937957763671875,131.1334,469.28635
-2.625530242919922,11.158538818359375,121.34695,465.56128
-8.100635528564453,10.05047607421875,105.89298,464.74274
-9.996978759765625,9.291946411132812,96.56763,466.3217
-12.629398345947266,12.063644409179688,93.57795,468.6434
-14.460567474365234,11.482803344726562,94.96038,468.4706
-11.881275177001953,15.771453857421875,87.74772,464.45386
-9.095043182373047,14.5042724609375,78.32552,465.33612
-13.57275390625,6.3289031982421875,76.77313,476.7612
52.32223129272461,6.996429443359375,107.030525,480
36.83498001098633,6.1821136474609375,113.39211,477.75266
35.72062683105469,3.541168212890625,139.82382,480
323.9472961425781,33.80101013183594,195.39868,433.45566
342.2363586425781,25.544509887695312,177.9076,444.43582
349.1025085449219,20.519989013671875,177.7207,450.458
318.8577346801758,25.603042602539062,214.23296,439.17557
314.7091827392578,22.53704833984375,207.4235,450.95587
336.5025863647461,20.22900390625,196.95717,449.92255
325.05223846435547,20.998123168945312,229.5118,439.74393
305.64200592041016,30.117263793945312,172.05443,404.3516
297.07105255126953,26.92767333984375,108.15312,398.6253
298.2697944641113,29.042816162109375,80.40591,370.3426
295.39250564575195,30.170761108398438,92.41476,371.07584
292.15779876708984,28.355331420898438,96.72676,377.79507
285.1143341064453,34.23445129394531,97.65561,373.11465
276.1736030578613,33.53062438964844,103.43105,379.3403
269.48711013793945,37.913543701171875,100.625145,373.38446
266.6750259399414,39.92140197753906,111.22618,395.00504
260.74394607543945,49.75897216796875,98.152306,375.23474
265.09926986694336,49.31340026855469,93.771675,377.4341
272.83495330810547,50.88047790527344,101.5746,377.46408
272.0277328491211,52.48353576660156,145.70418,376.30618
278.1241455078125,53.24078369140625,139.53674,375.0467
277.69761657714844,56.08552551269531,154.04642,371.70718
279.2585220336914,54.96257019042969,149.70378,369.8503
280.14427185058594,56.97564697265625,147.78421,369.9981
279.46729278564453,53.43951416015625,149.06395,371.67365
283.36341857910156,49.706146240234375,153.46188,372.05164
285.88185119628906,46.16558837890625,150.99777,377.0218
294.3947448730469,46.35646057128906,140.69098,374.75333
297.19273376464844,42.952392578125,140.2781,373.98053
304.6988525390625,41.99949645996094,138.4834,372.73184
312.50445556640625,39.763763427734375,131.60217,373.4986
322.19515228271484,41.3485107421875,125.03871,372.73706
331.0102195739746,38.13572692871094,127.728035,378.2554
336.1363220214844,36.44140625,125.23395,381.9776
340.3861541748047,37.549041748046875,126.32803,381.92322
342.1928405761719,41.90974426269531,131.39374,382.19797
345.8982238769531,41.93269348144531,142.17035,384.85385
351.525390625,45.43397521972656,135.63232,384.9814
352.49952697753906,43.2030029296875,134.29916,389.33557
353.1269760131836,48.82109069824219,141.76033,389.1354
356.8759460449219,48.10333251953125,135.43268,384.75708
360.2219009399414,51.238128662109375,134.20427,385.4051
361.9705047607422,52.04096984863281,145.3107,389.05844
367.2032775878906,49.52345275878906,142.35187,388.71127
368.74388885498047,51.08320617675781,142.1144,393.14938
367.2676086425781,49.90313720703125,144.11578,392.81628
368.4199981689453,50.98933410644531,145.03403,395.22153
370.0872497558594,49.28309631347656,140.05133,395.94467
370.45068359375,45.91096496582031,145.85864,401.60422
371.9030532836914,43.06109619140625,142.73637,402.03137
373.0418243408203,41.34002685546875,145.15439,403.8086
373.48779296875,36.58056640625,144.48853,408.41736
374.92884826660156,35.109130859375,142.77585,410.27368
376.81810760498047,32.43586730957031,140.13063,411.95724
387.9753952026367,30.2625732421875,129.43715,414.9126
388.7901840209961,31.179611206054688,127.75508,410.75894
390.23570251464844,32.6595458984375,129.77591,412.13806
398.170108795166,31.838272094726562,122.56689,414.69333
406.49256896972656,31.73236083984375,116.92465,414.76453
400.8495292663574,29.8304443359375,122.04252,421.0459
397.7727241516113,29.676681518554688,120.233604,417.64896
391.6836280822754,31.117706298828125,124.94659,418.0528
389.10461807250977,31.041534423828125,120.843864,416.91412
388.6060600280762,29.861831665039062,119.8848,418.99826
385.88169860839844,28.818771362304688,129.73123,421.32986
379.92152404785156,29.121353149414062,147.46811,419.24655
379.7113952636719,25.2568359375,176.60199,422.7522
377.86920166015625,23.099349975585938,182.32068,424.7626
374.9558410644531,24.130126953125,180.99127,425.42065
370.88706970214844,26.631698608398438,185.12283,420.30667
363.74774169921875,27.754348754882812,190.08582,418.66257
355.08338165283203,25.196990966796875,174.48656,421.48236
351.1501922607422,25.308197021484375,191.82669,418.60822
346.5027542114258,25.71795654296875,192.3203,419.0536
336.22591400146484,22.262069702148438,201.46284,422.57193
323.7837219238281,24.819778442382812,209.607,420.0621
322.6702117919922,22.08013916015625,204.26736,422.79468
317.0553207397461,22.869873046875,197.12593,421.58582
310.9759521484375,19.333633422851562,200.45715,424.01645
316.38826751708984,22.915817260742188,186.02339,418.43436
317.1812057495117,23.083358764648438,176.42482,418.78568
319.1229782104492,20.731826782226562,168.64308,421.47018
320.4426040649414,27.501541137695312,152.98955,416.40146
327.50023651123047,26.492721557617188,145.04213,418.03677
331.4661331176758,29.103317260742188,135.81139,413.89334
334.8921127319336,28.547775268554688,132.58089,411.62296
337.9393615722656,28.253128051757812,136.70319,414.53305
343.67041778564453,28.348007202148438,134.98265,417.84744
345.9678726196289,28.096954345703125,136.8798,420.71088
341.11051177978516,30.59814453125,142.20232,420.50757
335.9725341796875,29.539291381835938,148.96973,423.2299
333.73067474365234,27.107223510742188,164.9156,428.08072
329.63916015625,29.270050048828125,176.45557,426.4616
326.3643035888672,25.129180908203125,190.52982,424.73895
320.4716262817383,27.211151123046875,199.68712,419.11407
317.49219512939453,29.788925170898438,203.31651,413.05203
312.61961364746094,30.018280029296875,200.0712,412.4345
307.70545959472656,30.602462768554688,196.60336,414.36795
300.54981231689453,31.15252685546875,200.93956,412.0614
293.1229476928711,30.676177978515625,201.17671,414.065
280.57958984375,30.82757568359375,202.3971,417.62756
280.5118637084961,29.7061767578125,194.80013,416.54663
275.52188873291016,28.092498779296875,192.62053,418.21527
284.2292709350586,26.237640380859375,173.4775,420.30878
295.0580520629883,26.171646118164062,155.7888,422.696
297.42906188964844,27.319015502929688,141.7858,425.02505
295.6587600708008,29.504241943359375,136.43956,422.90472
300.4115562438965,29.255416870117188,123.025764,422.1182
297.312313079834,30.265151977539062,123.36048,419.0831
297.87856674194336,30.515670776367188,118.7613,418.6342
291.78015518188477,30.827255249023438,121.76623,419.00662
295.3308792114258,25.35736083984375,119.67943,425.09045
299.3230209350586,29.535537719726562,117.94844,418.9725
303.7427177429199,29.104843139648438,110.05839,402.65982
307.83065032958984,28.556015014648438,110.216446,395.24124
311.5871810913086,34.27861022949219,106.886185,388.02817
312.95278549194336,28.943191528320312,102.87324,389.2164
313.27291107177734,30.418350219726562,99.64357,384.7615
319.3445053100586,29.896530151367188,98.20845,380.61484
335.9549331665039,49.3221435546875,95.30919,378.11646
349.82220458984375,93.2308349609375,153.41296,394.3401
286.4828338623047,23.7264404296875,197.09634,455.4958
233.70488739013672,11.096969604492188,233.79579,469.53073
174.11880493164062,7.447052001953125,297.4378,478.02124
216.00685119628906,5.144561767578125,280.00998,480
342.00758361816406,15.166000366210938,170.6224,471.26413
252.70191192626953,12.07025146484375,255.26048,464.65643
240.3984375,9.438201904296875,293.58167,465.31714
271.4341278076172,3.2419891357421875,276.36942,473.9233
277.5497589111328,4.7280731201171875,284.49045,467.32236
287.7669219970703,5.8353271484375,288.74655,465.92572
294.6222229003906,5.08868408203125,285.09747,467.32123
315.5795593261719,7.2447509765625,278.69513,465.29242
356.5116958618164,5.050445556640625,245.60246,474.86182
351.5367965698242,1.1967010498046875,252.516,474.88144
434.7292709350586,7.5610809326171875,189.78767,472.56137
505.99610900878906,6.4338531494140625,141.43674,468.6011
482.2357635498047,2.0016632080078125,169.30338,476.16898
492.2609558105469,3.296417236328125,156.7088,480
519.2142562866211,3.3019866943359375,130.04121,474.86374
374.7073402404785,38.15751647949219,72.57879,432.41635
366.5803909301758,63.905364990234375,74.60759,377.2317
362.7394714355469,52.72651672363281,70.4046,377.87717
358.71977615356445,46.9788818359375,88.19582,375.8499
350.41200256347656,44.58348083496094,104.62363,377.49472
343.33580780029297,45.28466796875,117.735,375.68134
340.9579277038574,55.483856201171875,124.10374,367.59253
335.44374084472656,49.01429748535156,132.39395,368.34146
331.41390228271484,46.27931213378906,141.74782,371.34976
326.34432220458984,46.20143127441406,154.9792,371.38937
322.27916717529297,43.26252746582031,169.87733,372.33176
321.95884704589844,46.140594482421875,167.87344,368.91156
320.9491500854492,44.5426025390625,166.52382,372.13574
317.3477096557617,42.8038330078125,162.03822,373.01917
319.22083282470703,42.75559997558594,151.9724,372.61722
318.6386260986328,45.34294128417969,147.87704,368.334
321.10302734375,45.61346435546875,145.66565,366.15552
325.02940368652344,44.47453308105469,135.18509,369.59793
331.12904357910156,45.393402099609375,141.39743,371.01123
331.77404022216797,45.112030029296875,134.20894,369.11328
334.48895263671875,48.40470886230469,130.73724,367.08377
331.74951553344727,49.138824462890625,127.3449,364.77655
327.9575500488281,50.77412414550781,128.80914,362.30075
325.8793716430664,49.697601318359375,130.75017,361.7431
325.63097763061523,50.92707824707031,126.96253,358.3727
320.87939834594727,49.849853515625,124.12969,367.32776
317.89339447021484,51.77177429199219,122.17714,359.5281
308.2525749206543,53.2515869140625,124.778114,364.39105
302.4742126464844,50.40058898925781,130.45209,360.77237
297.2932891845703,53.339599609375,132.57773,357.3968
288.2720413208008,51.34153747558594,133.01799,357.04184
278.05848693847656,52.56694030761719,137.4993,358.15134
274.33428955078125,51.85667419433594,141.39691,356.19315
257.04119873046875,53.132598876953125,144.13849,356.143
260.28002166748047,54.37200927734375,138.6006,356.5288
247.77477264404297,53.999053955078125,142.6747,355.87036
245.41690826416016,55.76759338378906,137.75938,354.18802
237.88506317138672,55.09883117675781,137.82436,353.82108
235.16703033447266,54.90638732910156,132.32182,352.0961
234.50846099853516,56.27197265625,125.90007,347.1441
233.97975540161133,59.02978515625,119.65719,346.1737
231.79636001586914,59.95318603515625,117.43871,345.7237
229.48352813720703,61.09553527832031,114.78618,342.39108
230.04507446289062,63.96600341796875,109.211914,336.82617
229.70107650756836,62.92835998535156,108.6139,334.30997
232.43822860717773,62.55938720703125,118.387825,333.57373
235.07853317260742,57.95085144042969,105.63932,341.25137
232.05617904663086,60.34881591796875,105.26539,337.4945
227.95054626464844,58.941864013671875,104.60678,339.438
223.10329055786133,63.66015625,105.57778,335.7397
216.77571487426758,61.52592468261719,109.48208,336.1166
212.79339599609375,58.41661071777344,112.9729,339.80765
209.55165100097656,63.922943115234375,125.239105,335.21765
202.5543975830078,63.630523681640625,134.44107,333.3521
193.97012329101562,61.15025329589844,139.45105,335.17038
187.93739318847656,62.05564880371094,142.41177,332.65976
179.33242797851562,62.99290466308594,144.2998,334.624
172.0070037841797,66.445556640625,146.57028,329.83362
165.58004760742188,67.71253967285156,146.5122,329.80228
154.87474822998047,64.77085876464844,150.37575,332.94595
144.86944580078125,69.56443786621094,154.95929,328.9133
136.76414489746094,67.52235412597656,155.163,329.7491
137.4876251220703,70.94743347167969,156.61868,325.9163
145.44358825683594,72.96354675292969,153.35074,324.3602
152.08080291748047,74.66519165039062,149.41994,320.07123
151.17967224121094,74.00688171386719,144.89316,319.00235
158.5674285888672,70.81781005859375,136.64743,323.00085
163.3506851196289,74.71920776367188,132.44102,318.69055
167.03964233398438,72.02436828613281,132.7312,327.57285
173.49542236328125,83.44627380371094,131.99127,326.12253
185.5982322692871,92.63847351074219,124.39747,311.21823
193.57854080200195,88.93112182617188,121.615685,318.01056
198.51810836791992,88.81053161621094,122.56034,319.17264
203.39817428588867,83.65554809570312,122.199745,320.5932
208.75037002563477,84.64430236816406,125.65563,327.03036
213.30142974853516,89.87045288085938,118.43138,323.32928
216.5959014892578,87.35212707519531,125.46042,318.97598
216.67886352539062,84.85389709472656,121.5611,319.31375
222.68638610839844,83.5701904296875,120.162445,316.03998
219.78228378295898,76.21128845214844,116.2461,322.2192
223.98345947265625,75.86929321289062,117.5387,322.00244
223.80016326904297,69.97787475585938,115.42598,320.28387
223.87121963500977,70.52175903320312,108.76855,318.58875
227.98319244384766,71.9056396484375,112.32652,317.44916
227.1669158935547,68.21723937988281,107.70102,316.8702
224.4085922241211,67.36453247070312,112.93428,318.85028
230.90204238891602,66.33712768554688,103.04162,319.164
229.11789321899414,67.1993408203125,108.10949,319.87677
230.27964401245117,70.59527587890625,113.08512,316.982
230.01899337768555,68.77734375,109.706764,320.7788
235.05297470092773,69.60212707519531,108.02735,321.8712
235.84510040283203,73.6865234375,110.41722,321.9005
236.8152084350586,74.09194946289062,114.066055,326.44562
239.14435577392578,77.780029296875,112.43938,327.3656
240.4087677001953,76.04220581054688,111.283966,334.57697
242.22811126708984,86.64942932128906,119.06471,326.65988
246.71569442749023,93.65216064453125,113.59809,326.27753
250.97236251831055,96.53060913085938,110.92185,329.18048
251.56032943725586,96.84190368652344,115.04194,340.62222
256.3516654968262,97.75213623046875,113.30399,335.31732
263.1779098510742,93.66456604003906,106.84218,326.5441
265.6714859008789,93.29927062988281,104.29265,312.38034
265.9467544555664,93.13739013671875,110.53343,315.14423
268.4521598815918,91.43368530273438,107.745705,306.57098
271.0431251525879,88.38546752929688,113.779045,306.5952
272.6254005432129,86.50706481933594,113.90026,308.79202
273.43014907836914,79.72807312011719,124.5783,311.84244
274.15040588378906,76.64303588867188,130.25443,312.08282
276.35044860839844,79.35072326660156,134.83908,310.76907
279.64697265625,73.31651306152344,132.62836,313.57962
280.03748321533203,72.26156616210938,134.25975,312.099
279.98526763916016,73.34469604492188,134.4973,317.55627
285.73217391967773,76.78884887695312,125.278206,313.24963
287.21953201293945,74.90469360351562,125.56057,309.29517
291.0659408569336,74.2774658203125,126.2646,311.71143
291.8217086791992,77.10362243652344,125.208145,317.5242
296.3198661804199,77.54988098144531,117.62754,334.282
291.2903823852539,75.97309875488281,115.29411,345.27786
301.8684425354004,79.51083374023438,106.68017,326.99976
305.8152275085449,76.97348022460938,105.49491,326.12714
313.0762176513672,79.51907348632812,102.23111,319.00085
314.44194412231445,82.44667053222656,101.626366,312.2903
320.8885192871094,82.40388488769531,96.25952,312.14603
319.61298751831055,84.84494018554688,100.95896,309.1272
317.7425231933594,85.36305236816406,103.0708,308.74356
316.1718864440918,85.44509887695312,106.58634,306.92084
322.29163360595703,81.82823181152344,107.13866,307.54056
327.8988380432129,81.80152893066406,102.560295,307.5485
327.7207221984863,81.252685546875,110.30935,307.03625
330.24919509887695,75.86146545410156,113.25411,313.0179
331.8513984680176,74.52110290527344,113.42562,315.93076
333.07271575927734,73.00218200683594,117.26564,324.82486
339.74258041381836,74.10084533691406,113.363655,322.5629
344.3549385070801,75.42359924316406,110.96981,320.74625
349.72900772094727,76.86929321289062,105.047295,320.8014
356.29654693603516,80.11610412597656,99.2191,319.12656
349.81254959106445,82.57347106933594,105.82101,325.33298
358.9734230041504,85.28472900390625,94.29485,324.36395
361.6237373352051,90.30589294433594,94.03066,323.2242
365.49615478515625,92.91976928710938,91.4837,322.18262
368.4148178100586,93.95549011230469,88.15517,327.6052
371.2076835632324,96.69084167480469,87.76481,330.94498
373.78968048095703,103.29876708984375,82.98613,328.8637
373.831356048584,103.92405700683594,82.1059,324.0461
378.2097587585449,107.37052917480469,82.20249,315.99033
379.2804374694824,110.4954833984375,81.600685,312.50677
382.09569931030273,110.2244873046875,78.89167,302.74725
386.7183952331543,104.96751403808594,76.66746,312.88486
387.0391159057617,102.53822326660156,80.084854,316.52737
392.0993347167969,97.32196044921875,77.543396,309.14496
400.75427627563477,91.95344543457031,69.02807,314.16507
403.00865936279297,87.26124572753906,72.52083,320.5889
409.504581451416,83.69473266601562,71.12487,320.44434
406.4751091003418,81.55810546875,76.50791,324.3028
417.0968132019043,58.11244201660156,70.53452,335.29782
406.6549415588379,42.3062744140625,76.135,345.75366
336.0196228027344,19.421707153320312,149.06964,415.31766
346.1183624267578,29.999420166015625,144.11703,411.51257
352.7550354003906,24.75396728515625,132.82233,419.7188
349.2110366821289,29.21539306640625,139.24529,415.75214
356.9204864501953,27.41998291015625,140.79611,420.43524
362.48316955566406,32.32568359375,137.19833,415.90338
362.15057373046875,35.08314514160156,146.2854,414.68106
359.44578552246094,30.529754638671875,152.31888,418.4104
363.9469223022461,29.9842529296875,144.97908,415.0749
365.52671813964844,30.02569580078125,147.28043,417.2265
364.16556549072266,39.69364929199219,144.24211,403.40463
367.7434387207031,35.45451354980469,142.47992,408.4691
375.6098175048828,39.40403747558594,141.09702,401.55673
384.0123748779297,36.342498779296875,133.57816,399.90833
394.8926315307617,39.2708740234375,127.417496,389.76422
393.31400299072266,39.71781921386719,132.25237,393.70004
397.72730255126953,40.586578369140625,134.24693,384.22424
402.9986801147461,40.10462951660156,135.64986,382.67728
409.51573944091797,41.27235412597656,133.06898,379.90543
416.59156799316406,37.54615783691406,135.77573,386.67728
415.29077911376953,37.42304992675781,132.1516,382.767
426.53123474121094,39.84698486328125,134.93594,377.3095
423.3716735839844,35.11900329589844,129.48029,381.21866
422.7851867675781,38.07817077636719,142.35187,379.4537
424.37171936035156,36.86210632324219,144.74399,376.4752
422.28749084472656,35.2767333984375,152.51413,384.58405
432.4165496826172,32.48133850097656,131.78922,409.1066
423.73912048339844,37.610137939453125,140.79776,386.7312
431.6998291015625,42.51649475097656,144.95154,398.14664
428.9965515136719,42.52813720703125,168.24078,418.05914
429.3513717651367,42.791717529296875,170.95949,425.99805
428.6209030151367,42.519500732421875,169.07399,426.23938
430.6514892578125,52.92207336425781,170.50879,424.81912
440.77308654785156,48.7880859375,158.87631,426.64545
437.60851287841797,60.20867919921875,167.2809,413.88287
443.97328186035156,59.44049072265625,158.11984,407.7563
456.3941345214844,60.20770263671875,150.45868,400.87042
472.5291061401367,35.63066101074219,145.2394,430.02036
469.81631088256836,54.24314880371094,103.5135,391.1628
473.25078201293945,68.84478759765625,76.714134,344.91125
465.3070487976074,83.30479431152344,75.853615,328.8159
464.61470794677734,78.90245056152344,77.19643,347.49722
462.73999404907227,81.6947021484375,81.04888,356.67017
460.3317451477051,81.14799499511719,84.992455,361.30087
457.74310302734375,84.04502868652344,86.164795,330.36374
442.0185127258301,83.55508422851562,89.533775,380.03888
437.3586654663086,88.16548156738281,77.27345,353.86923
421.21672439575195,77.4188232421875,85.32778,377.5694
415.82618713378906,19.985702514648438,83.87698,430.45602
408.0941925048828,8.953582763671875,113.009796,453.39117
394.5791816711426,9.851318359375,116.79873,426.2738
398.2648048400879,10.269927978515625,98.940056,394.82098
380.9413528442383,26.015487670898438,69.36424,360.48453
514.5266723632812,58.70635986328125,74.519775,325.06915
508.67098236083984,49.87593078613281,89.80086,328.26913
501.6471405029297,51.13055419921875,83.81198,335.7398
493.23841857910156,57.10346984863281,96.69949,332.67642
482.8798370361328,56.4619140625,100.4252,329.45782
469.7961616516113,43.9989013671875,117.21664,351.24377
319.8428268432617,-1.300140380859375,144.17073,425.0265
301.23724365234375,4.869140625,158.94476,469.84283
286.04994201660156,12.504776000976562,163.04031,462.0917
270.73512268066406,14.95355224609375,159.87296,461.2271
249.87071990966797,16.697921752929688,173.66035,459.84702
233.83138275146484,15.959259033203125,177.85194,461.1505
221.82405853271484,15.721099853515625,180.4009,457.6538
206.0102996826172,19.719940185546875,185.01181,452.89465
192.19984436035156,22.954803466796875,190.77567,448.609
183.6762924194336,32.93553161621094,192.93398,444.7357
169.52926635742188,26.8641357421875,186.97375,444.21075
159.0671157836914,27.13690185546875,181.63097,442.96588
148.68425750732422,22.284423828125,172.02669,442.55804
153.1131820678711,37.89985656738281,157.98537,425.29092
135.93146514892578,32.27520751953125,147.2747,413.5733
172.35650634765625,70.04379272460938,110.611755,375.95886
104.41730499267578,26.3837890625,137.03935,445.85083
95.90560531616211,24.063323974609375,124.255135,442.88348
137.62768936157227,76.21595764160156,115.54107,389.9128
166.81257247924805,98.26286315917969,85.330605,292.12106
153.03366088867188,104.60055541992188,97.63757,285.90204
146.56352996826172,97.62652587890625,91.05202,292.3523
135.2798309326172,101.55722045898438,102.731964,288.49774
127.25115203857422,95.36795043945312,98.42952,286.56824
123.44529724121094,92.98257446289062,100.78494,291.055
119.6466293334961,87.51303100585938,103.02052,293.14435
106.13394546508789,79.46847534179688,105.49389,302.3056
91.74986267089844,80.72305297851562,115.113495,301.526
96.33750915527344,78.18763732910156,110.549164,289.54465
95.02841567993164,70.02381896972656,115.43505,293.41653
92.2895622253418,71.62371826171875,116.49998,291.07593
91.61280822753906,68.23258972167969,115.23654,294.03238
92.18385696411133,66.56773376464844,114.696556,296.65018
93.6993293762207,66.63473510742188,112.52926,293.01453
94.17201614379883,40.15313720703125,113.64596,321.7625
95.0315055847168,29.453582763671875,110.53568,309.06476
98.97203826904297,35.02842712402344,108.51912,306.04044
97.421630859375,33.024505615234375,110.00702,314.45856
101.10213088989258,26.129776000976562,106.810875,309.57376
103.65343856811523,32.41096496582031,103.480415,305.56332
104.74837875366211,34.81353759765625,104.82911,306.00098
107.87574768066406,40.38954162597656,102.19473,307.87436
109.25175857543945,45.558319091796875,102.35012,307.9123
110.00091934204102,52.727264404296875,103.35912,307.4693
111.58889770507812,61.40350341796875,102.75415,306.19604
112.43150329589844,70.59263610839844,101.44241,305.01517
113.55489349365234,80.09149169921875,104.28792,300.84814
114.74629974365234,86.30517578125,105.77083,300.84424
119.3258285522461,94.94834899902344,102.56825,294.13394
118.50830078125,97.57386779785156,104.23071,293.61545
120.9276123046875,101.47023010253906,100.74011,291.20364
127.25827407836914,100.87966918945312,97.67657,288.17206
134.21280670166016,98.84889221191406,98.5919,287.52994
140.48879623413086,94.36332702636719,95.404,286.3917
145.16083145141602,91.96829223632812,90.86108,283.8327
148.9213981628418,86.29281616210938,89.15653,286.0232
154.43506622314453,80.031494140625,85.17015,287.72632
155.12717819213867,74.94635009765625,85.86845,293.2135
151.51367950439453,70.2919921875,82.41716,295.44385
149.26152801513672,67.30792236328125,75.438736,291.17798
152.06389617919922,68.27952575683594,77.46101,292.63303
153.3235855102539,66.35247802734375,69.13664,293.43048
149.88829040527344,66.85630798339844,72.18686,301.88705
149.87059783935547,60.8489990234375,130.3348,380.58734
148.14583587646484,40.49705505371094,132.76003,409.67307
128.76194763183594,28.552810668945312,115.758026,419.99283
123.24692916870117,29.189605712890625,126.6666,415.02368
90.11942291259766,29.304702758789062,156.4564,424.66812
87.51554870605469,35.4324951171875,185.57846,418.7016
97.5676040649414,37.40412902832031,179.6013,420.10696
91.85648345947266,37.63426208496094,179.89037,428.6472
88.84546661376953,51.091705322265625,190.08391,413.33472
-20.72197723388672,9.618392944335938,71.81377,425.70956
-12.67332649230957,13.131576538085938,52.601536,416.26242
-11.764190673828125,17.5450439453125,53.45105,411.11804
-7.151121139526367,26.374374389648438,56.17364,406.32944
-7.498222351074219,27.511215209960938,66.40581,413.85825
225.1619758605957,100.54934692382812,80.853355,358.90796
233.86808395385742,98.057861328125,77.786354,348.52142
223.07466506958008,99.22726440429688,96.615746,361.48395
155.70700073242188,59.82652282714844,160.86707,404.853
152.0074691772461,42.32139587402344,147.00368,427.0239
142.60370635986328,36.48490905761719,137.533,428.5162
-1.5819549560546875,22.964202880859375,101.75467,404.4668
-7.627967834472656,14.682342529296875,103.73695,411.75885
-2.445415496826172,16.177154541015625,99.31191,410.02203
-6.844982147216797,10.661331176757812,109.241844,407.88052
4.129932403564453,9.760452270507812,108.1592,413.1951
4.463127136230469,14.015151977539062,118.45204,403.0308
1.6591148376464844,15.649566650390625,122.96168,396.96094
-2.4293060302734375,15.674392700195312,129.60226,400.58084
6.431709289550781,16.826751708984375,137.3928,395.67383
11.841316223144531,19.077102661132812,136.46642,393.7061
22.36669921875,17.308151245117188,130.3899,392.56906
35.450233459472656,18.5526123046875,129.7282,395.05096
42.142250061035156,19.347503662109375,132.8908,393.8153
56.984588623046875,19.414932250976562,131.37897,389.4169
64.48090362548828,22.383026123046875,140.26878,392.464
73.27337646484375,20.400177001953125,130.04822,396.33167
86.5746078491211,27.038848876953125,130.227,394.00305
88.14567565917969,30.68218994140625,128.59354,387.45575
98.70070266723633,30.172134399414062,125.04403,396.0762
97.80284118652344,39.09294128417969,127.77359,388.25266
127.88664627075195,35.38389587402344,101.656395,401.80234
115.78157043457031,33.42523193359375,105.56674,413.11206
134.8611602783203,35.0860595703125,95.659515,400.31787
128.33956909179688,38.5606689453125,102.68829,402.2431
159.30034255981445,35.45243835449219,100.761375,418.4
402.91471099853516,68.61076354980469,123.190475,312.93326
416.15478515625,70.84770202636719,122.374084,314.98734
424.22562408447266,68.11097717285156,125.08299,314.98196
426.69483947753906,66.501708984375,127.138214,317.003
419.8491668701172,64.24563598632812,132.29092,317.51532
421.8444290161133,65.52023315429688,126.855576,316.82355
421.519287109375,63.51622009277344,128.79108,319.5743
422.1558151245117,64.43408203125,124.7289,317.92688
420.7505111694336,63.4088134765625,122.63423,321.0249
419.48910903930664,65.16595458984375,123.08886,321.38208
411.33509826660156,63.63883972167969,127.92789,313.65048
409.88684463500977,59.43727111816406,124.00384,323.91525
404.51406478881836,60.78459167480469,124.04908,325.50766
395.1768913269043,63.38841247558594,123.8173,319.32413
390.4057426452637,64.95088195800781,124.12473,324.24503
379.95372009277344,68.97869873046875,126.62155,321.63245
366.322811126709,77.28497314453125,127.83936,328.5755
354.5812225341797,88.693115234375,130.84433,320.93713
143.99797821044922,47.999481201171875,81.93901,391.99738
115.2664566040039,51.96488952636719,81.05531,406.35812
107.3058853149414,53.11616516113281,87.26381,409.91214
137.7191162109375,55.721832275390625,84.315155,422.3451
329.1665344238281,99.11776733398438,112.17886,317.9673
327.2275619506836,104.0933837890625,111.53404,313.11743
320.83726501464844,100.21961975097656,112.75751,315.82217
314.2847023010254,98.59942626953125,112.97677,313.50018
311.9147300720215,91.69647216796875,111.71238,315.94092
307.8318328857422,89.92213439941406,110.093506,316.48398
302.8584442138672,80.56787109375,110.55371,319.42676
298.2679328918457,78.9940185546875,110.74621,320.1701
298.99671936035156,75.38430786132812,109.12286,322.2088
291.59576416015625,73.62351989746094,110.927765,324.2628
290.8892288208008,73.25405883789062,109.90651,326.1729
285.9228744506836,74.84384155273438,115.66704,323.9651
278.2691116333008,75.59016418457031,119.14259,326.4208
277.8105278015137,75.50296020507812,119.00251,328.6468
274.0232391357422,77.30023193359375,118.56128,330.0951
272.74342346191406,79.19287109375,119.91077,330.70728
266.5695686340332,83.57601928710938,122.70013,331.86395
268.87832260131836,86.5433349609375,123.32542,331.0667
268.17251205444336,89.3638916015625,124.62522,332.50342
264.6413993835449,89.74281311035156,124.66761,334.5969
267.42753982543945,91.99383544921875,120.559074,335.34845
266.8138999938965,95.41488647460938,117.30918,332.34363
262.58312606811523,93.98033142089844,115.1796,331.7579
262.28022384643555,94.54039001464844,110.47517,333.30954
259.3971939086914,92.84991455078125,108.51619,333.05493
261.5664978027344,88.43217468261719,105.95755,332.02658
258.4569091796875,85.89488220214844,105.31088,335.4113
260.4903335571289,78.57759094238281,103.96797,335.11307
257.6199531555176,74.83555603027344,110.16308,338.43253
256.68868255615234,68.17460632324219,105.56639,343.36264
257.4955368041992,67.84423828125,109.00316,340.58698
254.80589294433594,66.51535034179688,113.798706,342.22852
248.76187133789062,65.96621704101562,119.45053,343.72736
245.18085479736328,65.35687255859375,125.360916,345.011
239.2245635986328,65.34724426269531,131.56238,346.2833
233.05805206298828,66.75112915039062,149.02242,346.49567
229.62567901611328,67.33906555175781,163.60988,347.55582
226.00875091552734,69.32362365722656,176.22984,345.27774
220.83501434326172,70.12747192382812,187.78117,344.8363
217.3350601196289,70.64013671875,195.34761,345.00922
214.36812591552734,70.37400817871094,204.22923,346.94345
213.31314849853516,69.19384765625,208.94087,347.72614
205.44544219970703,65.66464233398438,218.41408,353.47058
201.06813049316406,60.50367736816406,223.59314,354.8726
195.30026245117188,61.443511962890625,229.41269,352.30188
202.01329803466797,58.202728271484375,220.78471,350.4812
213.41449737548828,56.4881591796875,206.77602,354.6579
220.76811981201172,51.88542175292969,196.53203,355.57407
231.76559448242188,48.91716003417969,181.04648,355.166
244.70671844482422,46.63349914550781,165.69682,355.36453
248.50911712646484,47.13835144042969,158.35216,357.03976
254.5573959350586,47.97196960449219,147.1887,357.39975
259.2874298095703,46.634246826171875,131.2956,359.89563
262.4950485229492,46.72662353515625,124.56773,361.85724
256.3473014831543,44.612030029296875,119.82288,364.3708
259.3705635070801,47.452850341796875,112.890495,365.49847
259.4563446044922,46.661865234375,112.592224,366.1054
262.5427131652832,49.133087158203125,108.7467,366.81897
262.1398735046387,50.71501159667969,110.25825,366.88895
262.6761283874512,52.18681335449219,110.52503,366.21048
262.99295806884766,54.45896911621094,110.124344,365.48636
260.9204902648926,53.50677490234375,114.02392,364.02673
261.9385223388672,51.86332702636719,111.70709,366.2982
261.9033317565918,48.944671630859375,114.896126,368.64618
263.7797660827637,48.834442138671875,110.14338,370.40424
260.3001289367676,47.44395446777344,113.021965,369.9821
262.5712013244629,46.32472229003906,110.88412,370.55313
255.61672592163086,46.38899230957031,118.11436,369.76865
245.80960845947266,43.459930419921875,132.22023,370.67255
238.97042846679688,39.42304992675781,147.1514,374.58908
229.77460479736328,35.85417175292969,164.59981,378.91373
215.24891662597656,38.71771240234375,184.11395,373.3778
212.55479431152344,38.58369445800781,186.30945,371.6456
209.76995849609375,37.59454345703125,190.45932,371.37122
208.26937866210938,36.95570373535156,192.95865,374.72922
208.87765502929688,37.01185607910156,193.59122,375.53
209.6812744140625,36.804351806640625,191.89206,378.28497
209.2755889892578,36.549530029296875,191.46149,378.39508
207.5765838623047,35.55293273925781,192.34253,378.6483
210.1195526123047,38.85206604003906,188.2843,375.6821
212.7981414794922,39.52351379394531,182.69678,375.16232
213.75472259521484,39.794036865234375,177.5756,379.10712
219.6285171508789,45.62908935546875,164.89272,371.2832
221.05992126464844,41.76515197753906,160.09424,376.97836
221.54741668701172,42.915008544921875,149.88976,376.00153
232.87503051757812,38.14961242675781,131.07095,386.5411
247.69814682006836,37.80436706542969,114.1381,381.84097
235.2209815979004,33.350372314453125,124.46401,383.13202
235.12224578857422,29.908599853515625,128.27336,382.313
229.72145080566406,26.766021728515625,135.20386,384.02832
246.37918853759766,24.157745361328125,120.04756,388.5348
247.9195785522461,26.68792724609375,118.77019,390.344
259.8042678833008,24.107818603515625,108.593765,391.00165
262.670352935791,23.454544067382812,107.28426,393.0386
270.019775390625,65.57728576660156,102.865204,352.9523
274.8601608276367,78.59829711914062,96.28667,340.4873
281.3131561279297,71.62686157226562,83.39325,334.21185
282.4818687438965,80.17474365234375,79.55399,332.72852
300.3807907104492,42.32807922363281,76.07176,370.03513
308.29890060424805,83.46957397460938,113.9878,381.92273
266.2456588745117,12.805709838867188,152.16032,453.51767
143.41937255859375,6.79461669921875,267.36087,467.82013
156.09544372558594,5.876678466796875,253.66156,464.96777
168.21968841552734,11.565155029296875,245.03758,461.97705
174.14443969726562,22.14129638671875,168.18002,451.4245
168.68721389770508,34.83183288574219,107.66613,423.45993
173.8564338684082,40.880767822265625,114.26556,411.95947
175.39291381835938,50.19053649902344,118.88632,402.7629
178.52330780029297,50.811126708984375,124.430466,402.51965
172.7386245727539,47.46185302734375,138.3022,400.83685
170.1923065185547,46.26191711425781,143.09357,399.12064
166.88953399658203,42.629364013671875,154.06398,395.17578
173.05500030517578,37.60430908203125,159.4363,395.59747
172.63514709472656,32.99848937988281,154.37817,398.00638
166.36558532714844,30.076766967773438,152.21906,402.71115
166.20503997802734,27.196441650390625,154.94945,402.96924
163.19861602783203,25.033187866210938,157.97865,402.09958
168.43151092529297,23.311294555664062,150.95903,406.94998
166.00334930419922,27.549057006835938,157.10564,405.76425
162.2067413330078,29.687255859375,156.8811,407.19476
172.82994842529297,28.401123046875,145.0258,409.95624
168.3838653564453,36.81195068359375,155.9762,408.64276
167.72958374023438,37.4971923828125,154.86874,406.41254
167.7194366455078,37.96708679199219,153.2771,408.041
165.75189208984375,40.64314270019531,154.05301,406.84073
163.78328704833984,43.8173828125,159.7064,400.91144
165.92729949951172,40.77508544921875,156.24248,404.65668
165.52117156982422,37.88175964355469,156.1176,405.9116
169.1282196044922,36.21101379394531,156.92108,405.6238
172.09366607666016,32.8251953125,155.15169,405.24323
174.3047866821289,28.673065185546875,156.69917,408.12646
177.11595153808594,27.79180908203125,156.95477,407.55902
182.00386810302734,30.238571166992188,153.13914,405.7601
181.17688751220703,29.07147216796875,160.86794,405.90192
184.52589416503906,31.098953247070312,157.57446,405.82974
187.7413330078125,31.412872314453125,157.08255,406.86914
192.63578033447266,32.93309020996094,156.05586,406.73727
194.204833984375,36.11528015136719,153.63931,404.61618
204.2763900756836,38.932708740234375,149.48338,403.026
214.7116241455078,39.64973449707031,141.8003,405.439
231.1223487854004,38.76515197753906,127.57601,409.02725
242.16187286376953,36.064697265625,118.98598,405.09198
249.52629852294922,35.407073974609375,115.48796,410.41833
252.94361114501953,36.44856262207031,108.15248,410.157
262.88769912719727,35.29515075683594,100.86904,407.90128
269.64910888671875,33.75457763671875,99.243805,415.8625
268.53016662597656,26.84967041015625,98.949524,426.52344
269.6369857788086,24.448699951171875,103.83806,434.4969
278.8053665161133,31.852798461914062,100.80159,441.36813
283.2084732055664,54.82899475097656,102.7289,406.00192
284.7562713623047,56.22373962402344,104.178894,395.8118
285.66264724731445,23.054367065429688,103.5769,424.9451
278.1037292480469,16.525894165039062,107.95657,452.9686
213.0175552368164,25.826889038085938,167.33827,454.44815
205.54264068603516,13.324310302734375,164.20338,469.0429
201.62775421142578,15.534942626953125,171.71443,464.99384
206.2646026611328,11.9403076171875,184.92047,470.6222
209.69522094726562,27.560989379882812,195.59024,454.02536
214.8602066040039,29.025726318359375,199.04494,451.35822
216.3247528076172,21.447662353515625,197.95605,455.68805
213.97871017456055,31.5137939453125,121.10578,419.41565
217.82880020141602,42.10011291503906,89.20284,397.70065
217.8757781982422,37.77033996582031,91.631165,406.16428
218.66255950927734,35.54710388183594,99.26756,407.37723
221.60043334960938,39.16630554199219,100.5231,403.90286
216.69852828979492,38.79740905761719,107.095894,402.6741
221.54412841796875,40.03224182128906,113.147125,403.63394
213.84577560424805,39.80335998535156,122.378914,398.37094
218.01295471191406,40.68281555175781,122.51135,403.0477
217.24066162109375,42.59877014160156,129.83267,399.34103
212.90363311767578,42.302886962890625,141.26381,397.5865
212.5938491821289,38.605987548828125,145.18721,400.8824
216.5865707397461,38.347686767578125,143.0902,399.56232
216.47547912597656,38.13117980957031,142.19348,400.29526
217.16079711914062,36.1854248046875,145.53683,403.27502
214.76446533203125,39.61579895019531,144.97208,398.59592
215.5027618408203,39.266387939453125,155.7727,397.0428
216.4031219482422,40.2725830078125,151.25433,396.73645
213.59407806396484,41.40251159667969,160.85252,395.77908
221.34366607666016,40.14988708496094,154.57649,396.35403
223.65607452392578,39.168243408203125,155.53578,398.72064
228.8814468383789,38.56549072265625,154.64424,400.7594
229.4667205810547,38.29557800292969,152.87164,402.28372
231.0848617553711,38.43836975097656,155.49644,400.70566
233.9953155517578,39.000457763671875,155.06836,401.24286
236.32717895507812,39.739532470703125,149.81699,398.87604
231.00390625,39.10472106933594,158.54495,401.2631
236.43079376220703,38.142364501953125,153.49745,401.78864
236.5250701904297,38.54034423828125,152.88947,400.32532
237.89661407470703,38.186126708984375,152.64491,402.6629
236.6086196899414,37.783782958984375,152.51729,401.58563
236.72183990478516,38.26322937011719,153.46638,402.11356
239.3239974975586,38.91156005859375,151.5012,401.2079
241.00614166259766,37.66297912597656,153.97041,403.03708
242.94173431396484,38.807098388671875,151.85753,401.6136
239.44998168945312,35.92578125,149.59299,404.49915
241.96945190429688,36.94636535644531,156.89499,403.12326
247.12297821044922,36.4873046875,148.86455,403.6306
245.86505126953125,37.58485412597656,149.34048,402.76938
245.69095611572266,38.901580810546875,147.26692,401.97968
245.26124572753906,39.25523376464844,145.45898,400.13846
241.29816436767578,39.61436462402344,146.32973,396.91763
241.6364288330078,39.892913818359375,147.61633,396.9743
245.43689727783203,40.65022277832031,145.07802,397.09225
241.1030502319336,40.54878234863281,148.70628,396.97055
245.8847427368164,39.18412780761719,143.11702,400.65225
241.8151626586914,40.30255126953125,148.8575,398.54248
241.6385040283203,39.08583068847656,148.47876,399.7302
239.48780822753906,38.54270935058594,151.65186,397.30447
241.32223510742188,37.498626708984375,147.88486,400.01385
236.25054931640625,38.46684265136719,154.92813,397.2327
245.53568267822266,38.89646911621094,145.33907,399.22464
241.0021743774414,38.91697692871094,147.51399,398.82437
241.31954193115234,38.82487487792969,152.12059,398.83096
241.10720825195312,39.71781921386719,149.07626,398.32022
237.952392578125,39.29539489746094,153.99344,399.64078
241.14485931396484,37.33154296875,153.21593,401.5182
238.8515396118164,37.30455017089844,152.17952,404.1752
247.13690948486328,38.50129699707031,146.54665,401.7805
241.78197479248047,38.516387939453125,152.77934,402.51764
