278.0,30.0,137,433
269.9133834838867,40.26751708984375,145.2765,422.83154
271.51029205322266,43.47831726074219,141.5966,420.20547
271.37068939208984,44.32710266113281,143.2303,418.6489
269.5157775878906,42.68426513671875,146.04462,419.7887
267.57593536376953,42.3858642578125,147.41014,419.2179
268.03514862060547,44.02180480957031,145.8666,417.91904
268.9386901855469,41.759796142578125,144.05792,419.93402
271.3230972290039,42.08563232421875,141.85478,419.64502
269.9098358154297,41.861419677734375,142.97269,419.5777
269.48399353027344,40.19685363769531,147.788,420.238
266.60474395751953,42.52214050292969,154.90453,418.76773
268.81002044677734,42.66130065917969,147.1877,419.5269
273.3296127319336,39.72059631347656,141.06868,421.89352
269.74373626708984,40.87152099609375,146.27779,421.3805
270.8079376220703,41.28355407714844,145.96127,419.79166
270.39219665527344,40.09815979003906,146.4672,421.22397
271.04300689697266,42.436248779296875,145.1121,418.62262
270.33838653564453,41.648651123046875,144.5277,419.35675
272.4733428955078,43.48298645019531,139.38815,416.32773
272.7278366088867,43.66615295410156,143.71913,417.6335
272.2514419555664,43.85984802246094,145.55144,418.36734
271.43863677978516,41.29083251953125,144.27934,419.98877
274.4271774291992,43.33226013183594,141.82033,418.9268
275.029541015625,45.729583740234375,139.72327,415.50055
275.0752258300781,43.4644775390625,140.21002,418.83423
272.6523208618164,44.276397705078125,144.06267,418.72333
274.3537292480469,46.74159240722656,142.28986,415.78683
273.46058654785156,45.282440185546875,142.28073,416.53107
274.04991912841797,47.14872741699219,141.34267,414.88016
274.41880798339844,45.56976318359375,141.10062,415.48938
272.2338562011719,47.837188720703125,143.64886,414.2657
272.6920623779297,49.06840515136719,142.72244,413.33682
275.2132568359375,45.81915283203125,141.3081,416.38745
274.79042053222656,47.94822692871094,142.65952,413.92288
279.28639221191406,45.69660949707031,137.75607,415.23337
280.5702133178711,46.03248596191406,136.15779,416.59213
283.6009979248047,43.99134826660156,132.22073,418.9852
289.90410232543945,44.77702331542969,124.998436,418.80496
289.2430610656738,45.01007080078125,125.54281,416.08398
283.8509216308594,45.02186584472656,132.02179,416.82883
292.6432189941406,45.32928466796875,120.377014,417.78284
288.3418197631836,42.56434631347656,127.04793,420.65915
297.7274169921875,43.3194580078125,115.54419,419.50745
288.5830879211426,39.56565856933594,127.863976,423.09647
300.55617904663086,44.67083740234375,111.54475,418.65637
294.06147384643555,42.99067687988281,120.20481,418.39706
302.05294036865234,44.20526123046875,110.55525,418.261
304.96361923217773,41.75047302246094,108.66944,420.2946
305.2163543701172,40.688385009765625,109.11392,420.27423
305.3229522705078,42.01219177246094,110.6799,426.20132
294.95775604248047,48.26422119140625,120.018936,425.13586
295.9814872741699,56.17620849609375,122.05277,413.44165
286.70884704589844,47.62205505371094,128.43216,429.27078
281.8685531616211,59.22395324707031,136.2502,415.01913
278.8922424316406,69.91047668457031,145.48175,407.08896
279.201171875,61.857147216796875,144.7301,416.3211
271.5118942260742,62.86024475097656,155.11842,411.53122
271.7310485839844,61.32171630859375,152.6977,412.92126
266.39322662353516,59.9775390625,159.37077,415.40894
266.96524810791016,58.45416259765625,157.96977,414.00745
263.73236083984375,49.11167907714844,164.46802,420.20413
261.89891815185547,39.035186767578125,165.57973,427.62665
260.2784881591797,39.14677429199219,168.27737,418.82095
261.22388458251953,30.192001342773438,164.96703,426.9811
259.2286376953125,36.748138427734375,162.10168,418.13287
256.24520111083984,35.91856384277344,164.50008,418.88858
258.1688461303711,34.54331970214844,159.05635,419.1232
260.4802780151367,35.792022705078125,153.7516,416.8322
259.8480529785156,33.178070068359375,154.05194,422.2636
258.68614959716797,41.44297790527344,154.99147,415.71255
259.21974182128906,53.63819885253906,150.00046,403.85397
259.7946472167969,39.442474365234375,149.09747,418.4439
264.27308654785156,52.9630126953125,137.67624,410.76135
263.14109802246094,54.11888122558594,134.58975,414.16922
262.2125778198242,51.20164489746094,136.14906,418.61087
264.038330078125,62.253509521484375,134.67188,408.89667
262.3384475708008,60.623809814453125,135.18443,412.88007
259.97003173828125,65.37625122070312,139.50745,402.93927
259.0220489501953,71.45149230957031,145.6412,397.10934
256.0912628173828,71.08360290527344,145.69528,394.55362
260.4000701904297,59.69850158691406,143.90701,398.0759
260.66063690185547,57.50367736816406,142.50221,398.02817
258.75284576416016,54.306549072265625,143.00285,398.5993
257.2806854248047,59.34130859375,143.0419,391.37988
257.73160552978516,51.669036865234375,144.2548,394.16608
254.24842071533203,47.5921630859375,149.11412,397.53076
251.8931121826172,45.07965087890625,151.70242,398.39
253.72505950927734,42.85954284667969,152.09285,398.61356
247.7460479736328,51.74884033203125,157.27219,391.48608
245.58478546142578,44.88134765625,160.27867,396.2013
246.2141876220703,51.37644958496094,158.46054,389.09537
239.91181182861328,44.08831787109375,161.88927,396.37744
235.1967544555664,48.86061096191406,164.11333,388.1517
227.97686004638672,48.77589416503906,167.6321,389.57516
238.4395294189453,50.79913330078125,150.68588,387.38416
244.36222076416016,51.3507080078125,144.25078,388.48352
245.7482452392578,50.6455078125,141.5029,390.64746
237.85321044921875,58.11824035644531,144.79285,385.82053
244.1845932006836,57.75665283203125,138.26656,388.72156
253.1512794494629,56.807769775390625,125.563774,391.13568
256.30105209350586,68.83523559570312,122.544014,377.12518
261.76332092285156,65.02323913574219,115.94278,381.1564
262.87036514282227,72.63241577148438,110.82275,369.96204
267.55187225341797,80.18495178222656,102.97829,365.4744
276.0416259765625,92.48942565917969,89.630554,362.793
281.7484931945801,88.89346313476562,81.536644,344.45435
291.052978515625,81.69395446777344,72.53381,382.40207
289.32678604125977,76.17509460449219,74.26556,393.52182
290.50041580200195,90.04289245605469,78.201805,384.49777
277.0489730834961,77.01803588867188,89.55507,396.78094
183.9989242553711,44.796234130859375,193.58821,427.98846
213.0372543334961,25.871551513671875,175.72957,449.50262
244.9109649658203,15.699661254882812,176.29514,460.8337
240.17359161376953,27.18701171875,146.19725,449.58972
230.5814437866211,49.05772399902344,112.785965,421.1298
230.41082572937012,97.84843444824219,57.28687,342.94876
228.28382110595703,90.74732971191406,70.6613,344.53317
227.29216766357422,72.40895080566406,75.39815,365.18112
225.03637313842773,77.47549438476562,80.01148,364.28027
220.63612747192383,67.26629638671875,98.89077,372.96753
221.59648895263672,69.05802917480469,93.80348,371.15237
211.64222717285156,68.90879821777344,112.923676,371.56314
211.36618041992188,71.438720703125,110.55072,365.98254
200.2230987548828,74.97496032714844,122.25845,359.77884
193.90325164794922,81.92304992675781,141.47902,357.0627
191.90618896484375,80.64419555664062,147.04962,353.89185
190.2854232788086,78.06568908691406,155.342,351.64053
190.44429779052734,77.69093322753906,157.31221,351.45895
192.38003540039062,72.40487670898438,155.82751,354.00238
190.92276763916016,68.50398254394531,155.94542,358.99344
196.47664642333984,73.28877258300781,149.90443,347.30362
195.5455780029297,61.994476318359375,146.41922,356.07788
197.0491485595703,64.99476623535156,144.24954,349.1669
202.63849639892578,65.69734191894531,140.22038,342.61282
205.95828247070312,62.542572021484375,142.66626,344.29352
207.20800018310547,63.277099609375,138.94301,340.9173
210.9364242553711,64.74356079101562,136.34883,341.65442
216.1109733581543,65.19569396972656,127.59153,341.36618
214.69859313964844,63.49327087402344,128.33353,347.12753
215.9476318359375,70.24125671386719,125.2298,340.82187
215.39431762695312,71.39111328125,128.70526,340.9112
211.2992286682129,72.48751831054688,127.85137,339.1532
207.1508903503418,71.63038635253906,121.495155,337.31387
200.45537185668945,74.35122680664062,125.93966,338.73987
195.50643157958984,74.57388305664062,138.777,337.27875
191.40896606445312,78.19764709472656,129.97845,332.36087
187.26780319213867,75.47828674316406,127.0153,331.4929
183.2532196044922,73.48995971679688,140.34482,334.86743
183.3362045288086,76.12501525878906,134.74171,331.92697
184.05138397216797,79.38571166992188,141.68379,327.00122
186.18831634521484,79.52259826660156,139.01454,323.13394
189.53276824951172,80.20111083984375,144.70534,320.1894
195.20008087158203,82.62399291992188,137.06828,315.6692
199.8642807006836,83.22332763671875,136.15663,314.17944
205.7353057861328,84.01725769042969,130.21426,316.59848
216.8191146850586,85.59800720214844,125.54555,313.56955
227.34911346435547,86.16831970214844,121.34175,313.73044
236.95947647094727,87.3660888671875,116.44366,312.51093
246.5580711364746,87.7244873046875,113.41779,311.76282
253.34418487548828,90.78684997558594,115.07945,309.50204
261.78772735595703,89.84576416015625,110.260666,309.08063
269.74972915649414,90.7806396484375,109.70446,308.96173
276.8334732055664,90.40092468261719,110.05626,306.7701
285.7648468017578,89.90931701660156,107.73099,309.3278
291.68126678466797,88.80287170410156,110.639725,307.55234
298.74365997314453,90.13566589355469,111.28313,306.73172
306.3169822692871,87.66133117675781,110.35847,305.90366
313.5660820007324,88.03573608398438,109.69364,306.3595
317.8626823425293,86.42306518554688,110.36277,308.0033
324.5005874633789,87.10493469238281,108.956894,308.3596
329.2532386779785,85.37547302246094,103.86828,308.69858
331.5248908996582,86.44891357421875,110.38119,306.24872
329.9165344238281,87.51492309570312,116.94617,306.37524
336.75156021118164,87.04600524902344,116.56567,307.80862
342.5144271850586,88.82499694824219,121.85774,307.76956
348.2310485839844,89.93598937988281,125.82141,304.9786
356.92723846435547,94.01161193847656,126.09987,299.65805
362.7336120605469,96.54719543457031,126.13983,296.8799
366.7985420227051,98.3629150390625,126.58956,296.13672
370.6567077636719,100.85406494140625,122.56659,294.99902
376.9273681640625,102.01850891113281,121.32092,296.44235
383.1937370300293,102.07611083984375,121.94108,298.0896
392.6858901977539,102.35597229003906,118.85625,295.67307
401.31315994262695,103.84443664550781,119.486595,295.467
409.37170791625977,102.87544250488281,117.10131,298.7327
408.5876998901367,104.75381469726562,114.98451,297.71704
411.1932563781738,104.85154724121094,114.449974,294.43472
413.1267318725586,104.23622131347656,112.74135,295.75504
416.6245880126953,103.95989990234375,109.444,295.51996
417.2088851928711,105.90634155273438,110.37068,295.02148
416.62434005737305,104.66758728027344,109.915016,295.24887
416.91360092163086,106.51564025878906,108.5879,293.8671
415.11066818237305,104.37579345703125,109.867836,295.96692
415.444149017334,108.23750305175781,113.711494,294.66806
413.4462661743164,107.1722412109375,114.40947,294.70697
411.515567779541,109.45027160644531,113.632744,293.16702
409.34969329833984,108.30807495117188,115.46431,293.8213
406.49584197998047,109.52517700195312,114.19881,292.43896
403.2624168395996,111.41398620605469,117.26966,290.8488
400.6578369140625,108.9365234375,117.26813,292.6109
397.96450424194336,110.15986633300781,119.05079,292.31204
395.9336853027344,110.68013000488281,120.7121,291.33188
392.1167678833008,111.60342407226562,122.464096,290.2506
390.6881675720215,112.67915344238281,119.7754,289.21133
389.1753387451172,113.23837280273438,121.480316,286.80164
389.3538589477539,113.74249267578125,117.93443,284.06805
388.7114601135254,114.57498168945312,115.63091,283.59357
388.7871284484863,112.01339721679688,116.63149,283.6524
389.4471092224121,111.05380249023438,115.73896,285.38635
391.0536575317383,110.77882385253906,113.96355,284.6182
393.9680480957031,110.01004028320312,111.76721,283.1936
397.8854179382324,108.74502563476562,106.70023,283.07812
398.30993270874023,108.96109008789062,105.50971,283.055
398.3614845275879,109.14413452148438,106.25536,281.46326
401.7346076965332,108.45750427246094,101.1531,280.09885
399.9518737792969,107.66096496582031,103.30347,282.93057
403.03052520751953,107.77944946289062,101.117966,280.97656
401.4038963317871,108.79928588867188,101.37788,281.93903
401.3726119995117,107.24127197265625,103.8954,282.4201
400.1391296386719,108.70201110839844,102.16699,282.3929
398.83068466186523,108.30679321289062,102.20136,283.54456
397.9111785888672,107.40974426269531,101.482574,282.85428
396.6124725341797,108.30453491210938,104.05875,282.96948
396.1625061035156,107.12745666503906,103.97302,283.51804
395.86457443237305,107.41029357910156,104.2338,284.2167
398.1925239562988,106.73982238769531,101.29177,283.52512
400.32309341430664,105.59539794921875,99.543816,282.64294
406.04417419433594,105.95272827148438,96.38907,282.9878
410.7354049682617,107.26327514648438,91.67769,281.98706
416.3969917297363,104.21116638183594,86.24508,284.00772
421.6676254272461,105.36418151855469,80.590225,281.0565
423.5356674194336,105.03025817871094,80.08333,277.7507
421.2830390930176,105.23391723632812,82.847374,275.8706
420.6974182128906,104.3201904296875,83.45746,274.71637
421.1888847351074,102.35316467285156,82.847755,275.92154
420.9784126281738,100.18971252441406,82.42855,276.00143
421.4213180541992,99.21481323242188,81.66548,275.79242
419.3002700805664,97.65116882324219,86.81169,276.24698
417.19937896728516,96.71553039550781,90.28514,277.16977
415.44738388061523,97.8134765625,93.14216,276.1396
412.72458267211914,97.25074768066406,98.07049,276.69907
409.5277862548828,97.57177734375,101.3096,276.9397
406.2923164367676,97.53656005859375,106.210106,276.08917
404.70471954345703,96.60914611816406,108.90306,276.42905
405.52210235595703,95.534423828125,108.948105,277.14276
407.29089736938477,95.44186401367188,108.61681,276.01782
406.7214775085449,95.03451538085938,107.12174,279.6352
411.93357849121094,94.45388793945312,102.33823,278.21356
414.45408630371094,95.75588989257812,99.70261,277.83154
413.8288383483887,96.74598693847656,100.86332,279.03934
414.34753036499023,97.28306579589844,99.33405,278.13248
415.1470413208008,97.81001281738281,97.51665,278.5673
414.5683479309082,97.97334289550781,98.64626,278.14963
416.1209259033203,97.61326599121094,96.13345,278.86362
415.1134567260742,98.60295104980469,96.420425,278.79477
412.90660858154297,99.37234497070312,99.13234,278.6637
410.1717338562012,99.76950073242188,104.256325,278.44202
406.2422065734863,101.41633605957031,107.95052,278.26834
403.6290473937988,101.91668701171875,111.23733,276.7541
399.82962799072266,101.94349670410156,112.05516,276.07535
397.5696105957031,101.81706237792969,121.3775,277.3582
393.8524284362793,101.37359619140625,118.00315,275.6184
391.1320915222168,101.53887939453125,122.75504,275.9599
389.3670234680176,101.64137268066406,117.09133,276.48013
389.3881492614746,102.38302612304688,116.26014,273.52087
386.89048767089844,101.06202697753906,112.73111,274.14914
383.66194915771484,101.66242980957031,123.446915,272.1589
382.4046096801758,100.15771484375,115.13774,274.61316
381.5964241027832,101.34100341796875,125.44979,274.71472
382.15449142456055,102.42475891113281,114.76835,271.71732
381.4879035949707,103.74639892578125,113.50558,272.8786
381.56040954589844,104.69590759277344,114.53256,273.2955
381.59636306762695,106.81790161132812,111.78579,273.3272
381.8870620727539,109.34101867675781,109.03636,271.95493
381.6718940734863,108.8660888671875,105.290794,275.38385
385.0163993835449,111.65115356445312,97.75022,273.56445
386.1841468811035,113.89820861816406,94.20141,276.51688
386.8660659790039,113.5941162109375,94.69597,294.63873
389.43262100219727,114.46360778808594,87.694145,293.2515
392.63159942626953,113.08126831054688,89.67302,303.37335
391.915771484375,113.20150756835938,87.7359,310.7401
389.1798439025879,111.92945861816406,78.702934,274.49783
391.33194732666016,111.51844787597656,78.484665,274.32944
388.87750244140625,111.20106506347656,76.26172,293.7117
387.1933135986328,109.23190307617188,79.92764,279.12567
385.691104888916,105.3902587890625,78.23992,291.9986
382.7477836608887,93.72589111328125,78.01499,311.97284
380.3036193847656,87.76376342773438,68.981995,295.8186
380.337158203125,78.68655395507812,87.38202,325.1291
376.6749725341797,59.185150146484375,180.17899,368.54938
380.83585357666016,64.63380432128906,155.54851,360.50107
380.55289459228516,66.26699829101562,154.88274,362.237
380.7353057861328,68.99578857421875,151.73984,361.44556
377.970947265625,73.4140625,150.7572,359.42114
371.5394515991211,73.23652648925781,153.49715,359.3936
368.7328338623047,76.31074523925781,145.43124,357.5352
366.33780670166016,78.75074768066406,150.39311,355.22995
364.60667419433594,82.48774719238281,145.22379,353.13785
363.8870162963867,81.73074340820312,143.53517,352.73462
362.4233932495117,84.26188659667969,138.96773,354.80075
361.19884490966797,84.72233581542969,137.53285,350.57205
360.03944396972656,84.70407104492188,134.05142,350.72235
361.26831817626953,87.67448425292969,132.27861,347.918
361.94087982177734,84.98811340332031,129.40779,348.56558
362.3784523010254,87.80075073242188,127.72338,347.3084
360.160343170166,87.12709045410156,126.51952,347.13498
360.52210235595703,86.77554321289062,120.814865,346.34802
360.6074028015137,86.82109069824219,120.244606,351.087
360.53919982910156,84.17626953125,118.48422,344.41028
360.4590606689453,86.87431335449219,118.29294,342.2195
360.21528244018555,83.39012145996094,118.68351,342.84335
359.3110466003418,83.93611145019531,118.93772,339.9993
358.38073348999023,83.92762756347656,121.88935,339.26407
351.2256736755371,87.54243469238281,126.32838,331.83707
349.38985443115234,86.97799682617188,131.11134,325.44568
343.1993713378906,89.76405334472656,134.00616,327.7103
336.9487609863281,89.6654052734375,143.91724,319.34735
330.75022888183594,89.53547668457031,147.35617,327.24088
328.8820037841797,91.45603942871094,153.41281,330.06125
313.23504638671875,92.14042663574219,167.27472,326.1816
305.13856506347656,91.59086608886719,172.07297,329.82266
299.6575012207031,91.74961853027344,177.60706,318.67105
295.2103805541992,92.65487670898438,179.31465,319.2594
289.2521514892578,94.45851135253906,184.11502,312.41153
285.3249969482422,92.12623596191406,187.01224,314.3854
353.8430824279785,100.2921142578125,110.33959,286.36578
389.0686950683594,104.76284790039062,80.701416,265.0434
380.1782646179199,99.85391235351562,91.7598,272.4254
384.24830627441406,102.73802185058594,82.24283,275.2194
376.4608688354492,99.44465637207031,86.87886,284.46255
370.94722747802734,97.24211120605469,92.459915,303.83035
367.17545318603516,98.96284484863281,92.335434,293.86838
366.38089752197266,100.31439208984375,92.64079,290.24847
366.5934753417969,101.71922302246094,92.17828,283.29953
361.1058921813965,101.98773193359375,96.4856,276.83746
358.3501434326172,102.20069885253906,98.68118,275.91635
361.686710357666,101.56210327148438,95.85284,277.85156
367.53833389282227,102.09255981445312,90.255,274.67633
370.067195892334,104.59910583496094,87.72242,272.04086
370.0484924316406,104.57400512695312,89.497375,272.5774
369.43563079833984,103.65711975097656,89.2162,274.64053
371.2398223876953,103.42245483398438,88.44345,274.88324
371.672420501709,101.98945617675781,88.76734,276.19107
370.08432388305664,101.31553649902344,91.098564,274.74918
369.5509147644043,101.17448425292969,93.386696,275.49338
368.7499237060547,100.35530090332031,97.734344,276.11343
369.44047927856445,100.40086364746094,98.04531,277.07242
372.01974868774414,100.26945495605469,100.080925,276.6218
374.3441276550293,98.67485046386719,101.27915,277.90244
376.5902214050293,98.95416259765625,101.36356,276.30914
375.7028274536133,98.09068298339844,103.41106,277.30466
377.4122772216797,96.34625244140625,104.76041,279.11963
376.42522048950195,97.8388671875,106.24905,279.05884
378.4154853820801,96.84918212890625,108.081566,278.61188
382.1753463745117,95.97775268554688,106.18727,277.98853
380.91267013549805,96.69712829589844,108.54838,277.83456
383.7652130126953,94.65888977050781,107.57016,277.19595
382.64134216308594,95.51705932617188,110.348724,274.84436
383.37307357788086,96.800048828125,111.444466,273.24548
384.6119575500488,96.95285034179688,113.10732,272.2622
385.2295570373535,96.24240112304688,111.91137,272.6267
387.22764587402344,96.48670959472656,113.24106,273.3154
387.8931465148926,98.41069030761719,110.57455,275.6705
389.0979995727539,99.16552734375,113.98674,277.0816
389.7671928405762,102.97256469726562,112.27512,275.6513
391.05093002319336,104.56016540527344,116.194466,277.12418
391.91008377075195,108.54447937011719,114.15334,275.7231
392.2598342895508,109.95521545410156,115.57457,274.9526
394.1548614501953,111.12504577636719,114.045685,276.3267
395.3612937927246,113.56199645996094,112.56715,275.90463
391.694091796875,114.27418518066406,115.51886,274.25656
386.98426818847656,116.543701171875,121.77432,271.86072
389.53056716918945,116.49501037597656,116.21865,271.7673
390.0359573364258,114.7567138671875,116.51549,271.05206
392.3593330383301,113.46156311035156,110.250206,272.60544
393.0868110656738,111.82185363769531,108.10299,272.94736
392.15578842163086,111.56771850585938,108.80329,271.01154
391.1859931945801,112.13899230957031,108.9313,270.37918
390.9842720031738,112.63357543945312,109.1827,271.05914
390.6749267578125,115.1619873046875,110.14551,270.5235
392.7080421447754,114.47402954101562,111.46917,274.22504
391.1675567626953,117.43722534179688,110.971405,271.74634
392.1738815307617,118.61260986328125,112.27571,271.02576
392.6808204650879,120.503173828125,110.4074,270.12378
393.8006782531738,119.84307861328125,110.052086,270.07678
394.8771171569824,120.46168518066406,109.18687,270.1033
395.60955810546875,119.560546875,108.321594,270.5437
397.2208595275879,119.79867553710938,109.41735,270.32916
396.15539169311523,119.49891662597656,102.232124,269.61423
394.25953674316406,118.41658020019531,105.07657,267.52457
392.42874908447266,118.57550048828125,103.62364,263.94257
392.8279228210449,116.55686950683594,105.77689,264.22458
392.20461654663086,114.23892211914062,104.59467,266.22296
390.3964157104492,111.77592468261719,104.8542,266.25357
390.90486907958984,110.42291259765625,106.46175,266.48016
390.4002914428711,109.26657104492188,107.55855,265.0564
390.7480239868164,108.19285583496094,110.33238,267.49863
391.6390914916992,109.03486633300781,109.73122,267.46347
391.80117416381836,109.15791320800781,109.07166,266.4211
394.7555465698242,109.53373718261719,108.5251,266.46744
394.66781997680664,110.46772766113281,105.959526,268.07816
397.8809356689453,111.00747680664062,105.52768,267.40027
400.50703048706055,111.85824584960938,102.41642,269.78473
405.22227478027344,112.29714965820312,97.70438,268.4342
401.6778106689453,114.09037780761719,101.89639,268.3522
395.2729148864746,113.81105041503906,117.21137,265.41953
385.4524383544922,112.87391662597656,138.52853,265.77786
378.5826721191406,113.92420959472656,153.2605,267.44357
373.4820861816406,116.705810546875,168.25995,263.59662
368.8050308227539,113.84031677246094,177.28374,262.29514
366.48624420166016,114.13043212890625,182.5366,260.94208
362.4672393798828,110.44429016113281,188.2894,261.8903
365.9543685913086,109.04127502441406,187.07124,261.6846
371.2447814941406,105.69320678710938,186.88422,262.70782
372.7827682495117,108.09664916992188,180.23,259.57184
375.19671630859375,106.482666015625,179.2785,260.32257
381.3955841064453,104.89816284179688,175.00797,261.34393
385.21570587158203,108.13163757324219,165.40654,259.2551
389.12091064453125,104.65571594238281,157.42126,260.6414
393.45481872558594,104.19587707519531,148.79086,263.61368
396.52030181884766,106.51606750488281,140.77208,260.83475
400.7507095336914,108.45498657226562,130.52922,257.98816
406.3561553955078,109.76042175292969,116.07474,259.43533
410.20652770996094,107.63687133789062,102.95059,260.6006
414.7255554199219,106.23136901855469,98.36786,262.3582
424.06356048583984,107.4158935546875,86.64656,260.7943
428.3121337890625,107.92683410644531,84.39728,260.59958
430.45288467407227,108.47244262695312,84.99944,260.34888
430.1696128845215,107.89991760253906,87.55366,259.79764
428.8726806640625,105.72463989257812,90.29004,262.6952
424.92893981933594,105.17341613769531,91.71646,261.38754
422.7095947265625,106.42887878417969,95.03607,260.09525
419.54663848876953,104.84994506835938,97.97484,262.21588
416.27716064453125,103.01974487304688,102.14661,263.31335
411.1024932861328,103.17723083496094,107.88333,261.63388
405.85936737060547,103.13740539550781,112.891556,261.37515
401.2363090515137,104.19197082519531,117.77958,259.66318
396.01904678344727,105.26376342773438,123.7282,260.1021
392.5467185974121,105.90460205078125,124.5149,256.95972
391.471435546875,106.11775207519531,120.833435,258.08182
389.0676727294922,109.6539535522461,121.849335,255.0124
391.98060607910156,108.6929931640625,116.23752,258.66217
395.3143882751465,109.8677978515625,112.6717,262.8662
401.7074546813965,109.95782470703125,105.83131,261.36328
407.2486991882324,113.67805480957031,105.279396,258.86893
411.78135681152344,116.64756774902344,103.344025,257.74338
421.78577423095703,118.48217010498047,100.01256,254.70338
421.8758888244629,119.1961669921875,107.05944,256.07428
421.83336639404297,123.07189178466797,106.803116,255.3863
421.5416069030762,123.12830352783203,104.968056,253.63194
421.9806022644043,122.63887786865234,101.095375,254.48756
421.0592842102051,124.69613647460938,100.862144,253.61517
420.3054962158203,123.06084442138672,94.19119,251.62538
417.4924430847168,125.20993041992188,94.63535,251.89594
410.87011337280273,126.17262268066406,96.59339,252.10983
404.088565826416,124.38650512695312,89.672295,251.22876
403.86717987060547,123.84397888183594,85.12178,248.15439
395.982364654541,123.49323272705078,91.122185,249.01219
393.5349540710449,122.59772491455078,89.277016,247.87352
389.2627601623535,119.2366714477539,84.85894,248.80565
388.39990615844727,118.2760009765625,81.35784,251.64429
387.41014862060547,118.55184936523438,80.8315,250.92072
384.0225143432617,119.10816192626953,80.186356,250.60783
380.3548583984375,119.05622100830078,79.57959,251.59258
378.64074325561523,117.3880844116211,77.293465,251.24245
376.81429290771484,117.02586364746094,74.84828,250.26706
374.5848960876465,116.44377899169922,74.79444,249.63356
367.0509452819824,116.66983795166016,78.236916,247.23448
364.88422775268555,114.51620483398438,75.32212,247.6156
357.5245590209961,113.67245483398438,75.60347,247.11359
351.4847640991211,112.00131225585938,74.01088,246.47125
344.7091827392578,111.09781646728516,73.80948,246.42198
344.5520820617676,109.11132049560547,65.80984,248.28731
347.8516902923584,106.1777114868164,63.270557,249.03484
351.0106086730957,101.44622039794922,61.512108,250.84114
352.5477657318115,99.91483306884766,61.33556,249.9174
350.9178886413574,95.4857406616211,65.254616,251.5915
350.92874908447266,95.87457275390625,66.02989,251.91235
353.50973892211914,96.74485778808594,64.77758,248.94644
352.7280158996582,93.72789764404297,68.004845,251.40096
354.19829177856445,94.43049621582031,69.50643,250.42606
356.18760681152344,93.47216033935547,69.31918,252.84712
357.65463638305664,93.14613342285156,71.18194,256.56906
362.77327728271484,94.78309631347656,68.09737,259.94925
366.1473693847656,96.47285461425781,66.488525,258.45486
366.04128646850586,98.22091674804688,68.229256,257.91827
366.8921241760254,100.52555847167969,68.04656,257.60867
366.4622993469238,104.04753112792969,71.38656,262.0427
364.8995170593262,103.79608917236328,76.51908,250.80858
366.04896545410156,105.18983459472656,75.648834,250.98392
366.451961517334,104.94355773925781,84.960396,251.53104
369.5368843078613,105.1857681274414,82.19906,247.95744
364.58817291259766,104.28213500976562,88.43266,258.43396
373.5072708129883,104.41734313964844,80.02678,247.44504
368.35094833374023,103.14203643798828,84.526985,255.585
377.91162109375,104.88327026367188,77.441956,253.90393
360.21677017211914,100.92301940917969,103.24285,295.15866
354.2511978149414,92.85076904296875,110.90202,307.38794
355.61895751953125,86.95429992675781,121.84296,318.8007
370.2679977416992,88.48162841796875,118.71175,319.57495
383.3306427001953,88.95591735839844,118.48715,325.24844
398.1514472961426,89.79119873046875,115.43508,328.58655
414.30810546875,90.52967834472656,112.57239,328.1218
426.0518684387207,89.09208679199219,118.37374,332.5352
439.75391387939453,90.62068176269531,127.41002,333.22043
452.19850158691406,87.55007934570312,143.6354,335.82758
464.7802047729492,89.705078125,145.28304,335.02637
476.0795593261719,88.18028259277344,162.83282,335.47195
483.42163848876953,87.99937438964844,155.68333,337.1913
487.1551284790039,86.03570556640625,150.90166,338.8039
488.99825286865234,83.8214111328125,149.06612,359.42236
488.00071716308594,77.88084411621094,153.11581,403.8632
492.8236999511719,74.95863342285156,144.33386,394.5222
494.6199951171875,72.94183349609375,144.45355,389.7788
497.7118225097656,71.94650268554688,142.14807,356.90997
503.2911911010742,67.94184875488281,137.86336,362.21103
505.3134765625,63.59002685546875,137.76569,366.6046
510.4169921875,61.87846374511719,131.74432,370.02786
515.0463447570801,66.32394409179688,126.09084,358.53748
513.5201416015625,66.19503784179688,128.77441,360.09662
514.4884338378906,82.73191833496094,95.64276,307.9196
518.769847869873,102.25894165039062,72.5994,279.39703
523.4243545532227,104.17759704589844,74.68895,279.46426
523.5915374755859,104.46324157714844,79.10989,280.91586
526.2246437072754,106.34553527832031,81.261284,280.05923
524.920238494873,105.74685668945312,93.40678,281.34564
524.4665870666504,105.00491333007812,104.52099,283.53864
524.5890197753906,104.29208374023438,109.230286,282.73657
523.1917304992676,103.99212646484375,114.432274,284.14423
527.4839515686035,104.55122375488281,108.38415,282.71158
528.5184745788574,103.9998779296875,108.71049,284.34003
527.7567596435547,102.42626953125,112.480865,283.44434
525.0737686157227,99.63772583007812,115.12608,293.30127
524.8876953125,99.60279846191406,113.0849,294.29562
522.0105018615723,97.92410278320312,114.79125,294.54572
520.2297248840332,97.82443237304688,113.930016,291.78992
518.4616584777832,97.16819763183594,113.33437,289.56064
516.3062362670898,96.75851440429688,113.25844,291.8734
514.4091758728027,98.45028686523438,115.519905,290.3474
510.6158676147461,98.21014404296875,115.11861,290.64722
508.4561958312988,99.40852355957031,116.68435,289.7269
505.4744644165039,100.332763671875,114.02519,290.6524
503.22045135498047,100.33282470703125,110.28334,290.0263
498.7670364379883,101.82490539550781,110.13048,288.83994
495.92581939697266,103.57810974121094,109.13811,289.00015
492.45702362060547,103.51274108886719,111.1194,288.49167
489.1701354980469,103.10824584960938,112.96777,288.8235
486.5414848327637,102.90214538574219,113.87211,290.166
485.6527786254883,103.31037902832031,116.611496,288.75937
481.9257926940918,101.27702331542969,115.0828,289.56888
480.7402572631836,101.61944580078125,116.22969,289.29254
474.4677047729492,99.47721862792969,118.82326,290.2767
474.3330192565918,98.71882629394531,118.25431,290.3649
470.04273986816406,97.88674926757812,118.13974,288.48535
466.3850746154785,96.83207702636719,120.39355,289.3475
463.14746475219727,96.32315063476562,120.50402,290.50116
460.884952545166,94.89976501464844,116.5498,289.76688
458.18913650512695,93.42694091796875,117.685265,290.30603
454.6395492553711,93.41525268554688,114.35506,290.06207
451.77772521972656,93.55691528320312,112.02377,289.792
449.3182144165039,94.53227233886719,111.11095,288.46182
445.77788162231445,93.10125732421875,113.30959,288.864
444.49549865722656,93.00054931640625,107.707855,289.037
442.33704376220703,91.52886962890625,110.46239,288.27917
440.92057037353516,91.50924682617188,107.59093,288.97418
439.3424835205078,92.17733764648438,109.41354,289.33215
436.5357208251953,90.59416198730469,111.10098,291.26846
433.81662368774414,89.44615173339844,110.84026,292.3292
432.71574783325195,87.72998046875,111.33315,294.01538
431.33645248413086,87.22676086425781,110.86286,295.3315
429.82963943481445,86.24261474609375,113.40768,295.86584
427.8030090332031,85.16554260253906,111.02191,297.58432
426.506649017334,84.66781616210938,114.21113,296.92676
424.6361541748047,82.13053894042969,115.958954,300.96176
424.44589614868164,81.36788940429688,116.25628,301.20612
426.3332176208496,80.81306457519531,117.43781,303.2856
426.15871810913086,81.65109252929688,120.17683,302.42194
427.5109748840332,79.39706420898438,119.99563,305.88763
427.37015533447266,79.23338317871094,120.09776,306.61758
429.1062469482422,77.2100830078125,120.64212,307.6104
429.89146423339844,75.83160400390625,120.250885,308.66443
431.8102378845215,73.56887817382812,119.81135,310.07648
432.0547218322754,71.30502319335938,119.96563,309.95465
433.7876777648926,69.57305908203125,119.34371,310.5495
435.6391716003418,66.70852661132812,116.425514,312.5197
434.46057510375977,64.03048706054688,115.32061,313.34613
434.78316497802734,62.35478210449219,116.0403,314.34067
437.5894775390625,59.32102966308594,115.92328,316.1453
439.1282844543457,56.90605163574219,115.36031,319.86545
444.8708801269531,54.96795654296875,117.08411,321.09137
444.85346603393555,53.08522033691406,123.69486,326.52798
441.99367904663086,54.82682800292969,125.52265,327.13217
443.9778289794922,55.54150390625,128.70187,327.85297
443.50904083251953,57.702484130859375,133.0562,327.30457
444.01573944091797,59.04420471191406,137.14998,327.80295
451.2109069824219,58.93836975097656,131.84387,331.87204
451.9961242675781,62.9949951171875,133.45947,329.65918
454.5438995361328,63.502716064453125,133.93814,332.3031
456.2669906616211,65.45249938964844,131.17506,332.69028
457.37098693847656,66.62351989746094,128.3201,331.82486
458.64998626708984,66.03129577636719,125.37654,332.3159
459.2095603942871,63.911376953125,124.4239,333.6366
462.19834899902344,63.61653137207031,123.573395,332.74783
462.6946830749512,59.71858215332031,124.256386,337.12387
464.5785942077637,58.600433349609375,123.93046,338.9624
466.85182189941406,56.01490783691406,121.79001,341.77945
466.2210121154785,54.70631408691406,121.695915,346.19547
467.0550079345703,56.29948425292969,121.18039,345.55777
465.8238410949707,56.79710388183594,122.16909,352.85532
466.32581329345703,58.178436279296875,124.776474,355.94824
469.87432861328125,61.21717834472656,122.34961,360.78323
473.7354545593262,67.40858459472656,118.94218,357.75412
476.3385581970215,70.52149963378906,121.24287,357.17526
479.58188247680664,71.53952026367188,121.656364,362.53198
482.2215995788574,73.45872497558594,123.456154,365.23978
486.6298828125,72.57627868652344,123.3457,370.86856
488.49996185302734,73.58625793457031,127.29695,372.09232
486.63245391845703,72.73910522460938,142.60338,375.87476
485.10816955566406,71.80879211425781,136.2164,372.8267
483.9380111694336,69.99533081054688,147.053,376.6137
481.95812225341797,66.65338134765625,147.56233,377.97766
480.77127838134766,63.78239440917969,147.39146,377.99747
481.2446823120117,60.752838134765625,149.5085,381.9499
479.7230453491211,56.89698791503906,152.36586,385.3735
481.4973449707031,53.730224609375,152.45544,390.53687
484.0441665649414,53.49711608886719,151.7816,391.62125
485.2751235961914,50.18983459472656,148.59776,396.1047
489.3520736694336,49.13969421386719,145.52052,399.7521
492.23014068603516,50.61053466796875,138.95958,398.44507
493.55773162841797,43.586395263671875,144.77534,411.46002
497.3009262084961,47.638824462890625,135.44655,400.8399
498.4645690917969,40.896148681640625,139.42786,416.77362
500.00862884521484,44.05967712402344,131.97316,406.26993
502.1804428100586,37.93719482421875,135.68312,419.3557
496.9744415283203,37.77827453613281,135.50845,409.68918
488.66070556640625,36.34075927734375,150.64178,421.22705
482.44921112060547,37.04719543457031,150.03596,412.36935
473.8839416503906,34.137054443359375,165.35974,413.24835
464.1079406738281,37.841766357421875,168.20422,409.33148
457.45276641845703,37.061492919921875,169.66643,409.59308
449.02848052978516,37.97483825683594,176.8861,416.6365
438.92076873779297,41.19612121582031,141.32722,410.30112
427.7333221435547,40.00181579589844,135.81625,414.43436
415.376407623291,40.99603271484375,119.92803,421.3556
407.9120788574219,44.118011474609375,119.361084,410.71857
396.6957321166992,39.908172607421875,116.96712,424.1546
385.10555267333984,38.774078369140625,122.74806,416.04303
372.89110565185547,42.30549621582031,123.76997,407.13486
359.5268974304199,39.51606750488281,120.01005,415.38034
344.20951080322266,41.42974853515625,126.80974,418.48865
332.0399627685547,33.58680725097656,108.17081,419.3441
323.53125381469727,32.10685729980469,101.142265,416.36856
314.9151496887207,34.59455871582031,108.912865,420.7496
311.86485290527344,21.062606811523438,143.15286,436.71866
305.4501190185547,15.642837524414062,237.2687,457.02866
295.02722930908203,15.660385131835938,221.53026,463.42996
292.00645446777344,18.197097778320312,200.54947,463.18332
284.1540069580078,25.884048461914062,209.99545,455.78635
268.33031463623047,30.446853637695312,230.47963,446.01108
246.50679779052734,11.94873046875,237.90706,462.0995
220.8616714477539,12.3974609375,246.15862,465.22913
195.3394012451172,17.502349853515625,269.39236,454.09662
164.5350341796875,21.88604736328125,287.9801,451.02148
149.9362335205078,21.523788452148438,284.00668,450.89285
128.16793823242188,27.961013793945312,292.9101,445.0931
112.82066345214844,24.813613891601562,299.4329,453.55087
102.233154296875,21.6739501953125,298.06482,453.15515
190.57817840576172,34.457366943359375,198.98366,446.82526
268.6793670654297,48.568115234375,111.35489,424.61096
230.87948608398438,48.08323669433594,136.7655,424.49966
218.51604461669922,44.256378173828125,146.15828,420.13177
221.4818115234375,41.94921875,153.90204,423.58936
225.37300872802734,37.08042907714844,157.87123,428.36295
224.9132537841797,37.722747802734375,162.72519,427.23505
218.96885681152344,38.16119384765625,172.18674,428.14587
220.62860107421875,39.87467956542969,171.24335,426.5093
220.13572692871094,35.78453063964844,157.53183,431.44302
204.58621978759766,36.54380798339844,188.66136,430.6182
225.34347534179688,39.957611083984375,159.00793,426.64386
235.044921875,40.9403076171875,133.47858,425.3225
263.73649978637695,36.4310302734375,113.60226,429.43958
257.7231330871582,37.63507080078125,121.50875,433.90833
266.5028877258301,40.51661682128906,113.12258,433.26144
267.06918716430664,39.82020568847656,120.08434,434.442
265.1782989501953,41.49708557128906,130.49417,430.10068
271.1006774902344,43.132720947265625,122.97766,428.07098
276.6773452758789,38.63423156738281,128.1859,431.91098
273.1353454589844,37.15814208984375,149.00732,435.9845
283.95401763916016,34.89190673828125,152.87218,438.01953
285.6622619628906,32.733551025390625,141.47546,440.3034
282.90230560302734,29.678726196289062,167.91847,444.70285
296.4325637817383,26.201873779296875,155.33195,446.14374
299.2522506713867,28.493148803710938,174.25996,443.65005
298.84130096435547,34.44200134277344,172.90376,438.95255
298.191162109375,33.64710998535156,186.71515,440.46628
306.8674087524414,39.086090087890625,178.45824,434.76434
310.01934814453125,37.061981201171875,181.63458,435.18304
315.8113021850586,35.57411193847656,169.8041,439.80783
309.3441696166992,38.78608703613281,176.83711,438.23373
310.70227813720703,34.31690979003906,178.11845,443.68747
305.4448013305664,40.16041564941406,179.38597,435.21286
305.0350341796875,32.95484924316406,184.52362,443.31418
310.61260986328125,38.30743408203125,170.945,435.05835
309.4507369995117,26.139297485351562,182.09822,450.13132
308.2290802001953,33.33653259277344,196.11856,443.84012
310.0906524658203,35.283233642578125,189.88687,441.75812
316.74717712402344,34.08387756347656,184.60019,443.2639
320.20113372802734,39.60942077636719,188.20668,437.41153
327.13158416748047,30.480987548828125,187.441,446.29364
336.0311737060547,37.99842834472656,181.96982,434.73593
347.0956573486328,32.897003173828125,169.01285,445.83795
349.7069854736328,29.623947143554688,170.58426,448.5353
356.9319076538086,28.305038452148438,161.28493,451.98697
355.76561737060547,30.190475463867188,157.20357,450.0392
353.16859436035156,31.3331298828125,158.83487,449.83044
350.04247283935547,29.36383056640625,161.19221,448.00513
347.50037384033203,31.813888549804688,159.25456,444.05228
342.4721450805664,31.226165771484375,161.88683,444.32025
336.6154556274414,36.079681396484375,170.82677,439.26984
331.8114013671875,31.38421630859375,176.92767,441.34583
326.8533248901367,38.1044921875,182.6584,438.94812
318.90870666503906,37.91670227050781,184.18253,433.3746
315.8872833251953,35.56077575683594,180.23758,440.27884
308.5544662475586,31.773574829101562,175.9286,447.82065
300.0521545410156,31.936660766601562,186.81897,444.88083
298.59993743896484,24.57177734375,183.20131,454.84033
288.38362884521484,28.2764892578125,185.85707,449.83118
289.12538146972656,26.413162231445312,177.9921,449.67563
288.8591766357422,21.097320556640625,176.56613,455.91547
289.6352005004883,22.77777099609375,172.28764,455.54004
292.8399200439453,20.574752807617188,164.57095,460.12857
294.85706329345703,22.430450439453125,155.90776,456.61395
287.14390563964844,21.975677490234375,163.90341,455.47614
296.9436721801758,22.5401611328125,152.59233,456.98877
306.23116302490234,20.15777587890625,145.52138,455.7898
291.5477066040039,20.386993408203125,161.87926,457.02606
315.2411880493164,17.19219970703125,137.36424,461.31567
320.58477783203125,23.134521484375,131.46942,454.74194
320.5481262207031,22.1324462890625,128.63354,455.859
314.0735321044922,18.444961547851562,133.75632,460.3475
316.9406852722168,24.74346923828125,126.71134,450.60608
331.87818145751953,16.948944091796875,119.27666,461.3858
309.32460021972656,26.362533569335938,137.73868,454.69717
320.4796371459961,24.430084228515625,133.28224,453.04718
294.6454849243164,29.771224975585938,157.18651,452.53275
297.0409164428711,24.724960327148438,155.06593,455.76712
299.6385192871094,24.458847045898438,146.70703,454.4612
289.2312316894531,21.620147705078125,149.29553,454.3764
265.87428283691406,26.2205810546875,166.12625,453.64453
267.21178436279297,23.057693481445312,160.86787,455.96896
253.302490234375,22.642288208007812,167.66656,455.3005
243.44686126708984,23.778182983398438,171.60268,458.02982
237.22726440429688,21.147384643554688,170.83179,463.18912
229.9006805419922,24.400177001953125,171.28781,458.1397
224.0376205444336,20.900741577148438,170.36537,462.29727
226.60728454589844,24.507781982421875,165.83505,455.2724
220.39431762695312,24.990447998046875,161.77808,454.76227
221.83879852294922,26.250335693359375,155.55379,454.851
225.72664642333984,31.670028686523438,149.80165,448.06216
228.63422393798828,28.671279907226562,145.43608,448.3889
240.10098266601562,33.47450256347656,135.96863,441.8502
251.77629852294922,32.14106750488281,134.09993,444.58017
256.27874755859375,32.28013610839844,129.33917,446.49136
259.3394317626953,24.784530639648438,130.94339,450.8146
258.7961196899414,28.06585693359375,134.12206,449.72083
260.19290924072266,31.697235107421875,137.37462,445.24652
255.13861083984375,28.3736572265625,147.38239,446.37146
257.27320861816406,29.678558349609375,142.87259,448.5401
250.3969268798828,29.1785888671875,153.59439,445.6289
247.82086944580078,30.380035400390625,166.56303,442.69537
242.4285888671875,27.204421997070312,177.20782,447.91818
232.37915802001953,28.46673583984375,177.2741,446.52954
226.81287384033203,26.544754028320312,176.94243,449.7225
220.38524627685547,29.28192138671875,178.6938,448.92358
212.96737670898438,26.642181396484375,180.6294,452.35004
208.0352020263672,25.643051147460938,176.49924,450.57327
201.40219116210938,29.040679931640625,174.45142,451.30707
191.61901092529297,27.908065795898438,178.34505,453.02322
188.0722885131836,22.400680541992188,172.63783,455.7853
182.69689178466797,23.052780151367188,172.62935,456.55606
174.48363494873047,22.954513549804688,171.81087,458.51968
169.3554916381836,24.17181396484375,172.99794,457.15967
162.79164123535156,19.979934692382812,174.47098,460.56467
157.87962341308594,20.89935302734375,175.49606,460.21716
157.9775619506836,19.260086059570312,168.35829,458.61325
158.35547637939453,18.911972045898438,166.80095,460.2144
158.7629852294922,18.250228881835938,158.73972,461.15396
155.58396911621094,16.188278198242188,155.22897,461.34036
164.78626251220703,18.409881591796875,143.6668,464.19403
165.4182586669922,17.35498046875,138.62265,463.963
159.56492614746094,18.515228271484375,134.59457,466.27606
149.5051498413086,15.870697021484375,141.56996,463.22687
145.44982147216797,15.006210327148438,143.24117,465.50516
142.18466186523438,13.346420288085938,159.60193,463.3677
141.5701675415039,15.445053100585938,167.5128,462.63028
137.93665313720703,15.697357177734375,162.34538,462.1242
127.04682159423828,11.65380859375,178.56352,463.54993
124.1237564086914,10.694137573242188,195.4702,469.0049
120.37954711914062,12.548873901367188,198.99097,466.4517
112.50387573242188,13.595321655273438,203.24829,462.87003
112.88858795166016,12.328598022460938,194.82469,464.93887
95.18333435058594,12.432327270507812,200.80307,467.0892
87.2321548461914,15.900802612304688,198.10472,462.73648
77.64744567871094,12.339935302734375,201.07187,462.4167
69.54613494873047,11.465499877929688,193.17622,467.25858
54.79138946533203,12.827072143554688,193.96672,463.86673
45.457672119140625,12.458038330078125,186.06458,463.476
41.98698425292969,11.733001708984375,182.46323,466.232
30.612686157226562,17.032806396484375,180.66812,459.8321
13.2650146484375,12.8944091796875,191.95172,465.4463
9.118896484375,12.856048583984375,197.0473,465.18536
2.34918212890625,15.937667846679688,211.85687,465.71378
9.771476745605469,21.651535034179688,199.07991,462.0906
-1.851654052734375,13.3087158203125,210.53503,469.40686
3.9749908447265625,21.059326171875,208.56839,464.85535
-4.137947082519531,16.4283447265625,208.7054,468.1831
-2.79632568359375,17.53228759765625,205.30768,469.32532
-4.7508392333984375,23.00323486328125,204.68985,463.4613
-5.8807830810546875,14.523773193359375,197.96024,468.79706
-4.709709167480469,15.330215454101562,191.71684,471.60226
3.0852279663085938,11.679519653320312,194.2112,467.3961
10.376609802246094,13.162322998046875,193.32045,467.3802
20.7886962890625,16.964111328125,188.28217,459.21313
22.003143310546875,18.973953247070312,187.29175,460.68393
42.190574645996094,19.745986938476562,179.64174,462.05392
53.200469970703125,15.721405029296875,193.0586,466.32977
58.91734313964844,20.192138671875,203.4454,457.48767
66.2449722290039,21.005035400390625,203.80455,456.8272
52.790069580078125,17.719207763671875,217.39868,459.95746
69.74756622314453,24.684555053710938,194.43034,451.7537
74.71206665039062,16.525314331054688,189.94897,467.36795
79.52095794677734,18.08453369140625,190.09499,461.91077
58.71350860595703,18.035812377929688,212.82536,462.11148
66.21182250976562,24.027999877929688,198.46179,452.87527
93.62747955322266,20.437118530273438,170.26976,463.4451
70.38949584960938,16.729141235351562,194.24597,461.36984
111.00415802001953,23.382583618164062,154.26347,460.80698
66.55575561523438,19.537139892578125,184.89587,458.47467
74.86849975585938,19.98712158203125,182.02698,460.64294
103.36888122558594,19.161270141601562,156.08444,465.1616
102.80447387695312,19.789886474609375,166.33032,458.41022
126.33618927001953,21.943771362304688,141.21318,458.7957
146.9264907836914,21.182632446289062,136.52293,452.75058
158.9168472290039,20.553482055664062,131.19554,457.01132
158.79674530029297,17.194534301757812,156.03267,461.93137
167.02545928955078,19.424468994140625,148.29253,458.5943
168.95348358154297,22.980499267578125,145.74568,452.67535
177.10382080078125,24.190109252929688,141.97223,456.0309
185.71277618408203,27.559707641601562,127.7094,451.2866
189.81092071533203,24.8812255859375,145.29106,457.86267
196.8526611328125,26.414520263671875,154.38055,455.11737
203.53881072998047,27.343032836914062,155.32222,456.8757
209.47045135498047,28.160140991210938,166.45503,454.04617
223.0668487548828,32.5631103515625,165.38565,450.19983
209.69254302978516,32.46733093261719,171.55357,451.5458
221.39586639404297,34.0548095703125,171.72823,446.26416
233.2427215576172,35.28767395019531,163.44528,449.95822
217.12293243408203,36.23973083496094,179.44804,443.85233
223.00127410888672,33.83380126953125,175.10225,449.86084
200.23998260498047,30.449417114257812,193.73006,451.60947
204.23198699951172,38.25910949707031,202.65889,446.5013
192.79718780517578,36.2147216796875,201.46733,446.43628
188.67716217041016,37.8477783203125,203.18468,445.39026
190.6298370361328,40.85737609863281,176.06241,444.10825
191.89540100097656,41.66035461425781,184.8793,438.9736
193.92818450927734,43.17729187011719,163.99196,437.61417
197.99417114257812,45.44908142089844,178.53516,435.44998
204.06891632080078,45.76661682128906,158.55278,435.4637
209.54314422607422,44.57679748535156,145.92744,435.62582
212.66230010986328,46.84832763671875,137.81499,434.43542
216.9853057861328,48.310150146484375,128.89029,431.31293
205.8964080810547,49.1292724609375,135.69125,427.6156
205.04845428466797,50.30165100097656,130.05977,430.12265
196.75634765625,49.19517517089844,164.61578,425.5944
203.54322052001953,45.73841857910156,162.9893,436.63937
201.12454223632812,45.58952331542969,181.22119,429.34207
194.1134033203125,49.296295166015625,194.35614,426.31915
183.36036682128906,52.244293212890625,206.12674,423.89288
177.3055877685547,52.95106506347656,208.25168,419.97543
166.65262603759766,54.827728271484375,214.51146,418.9129
162.26952362060547,57.97770690917969,213.15681,415.1647
154.90638732910156,57.39079284667969,215.61893,415.20682
145.57987213134766,59.21820068359375,219.0637,413.4131
137.6785125732422,55.10017395019531,220.07248,417.6373
133.2385482788086,54.30638122558594,218.95644,417.12515
125.91046905517578,52.94120788574219,221.75664,417.18985
131.88018798828125,52.71478271484375,190.9118,422.76953
128.9045639038086,68.94760131835938,177.06435,410.21368
138.56631469726562,72.70469665527344,170.24194,409.3738
125.49871063232422,66.28744506835938,170.86433,412.9715
130.88595581054688,72.35569763183594,166.48108,406.3621
128.3843994140625,64.59638977050781,160.9632,414.18698
141.9760971069336,63.477569580078125,156.90651,415.04755
152.6002960205078,40.98553466796875,166.39261,431.84692
160.05852508544922,30.869903564453125,160.63374,446.54962
154.27375030517578,29.148025512695312,169.3643,443.44894
185.57730865478516,23.898910522460938,150.93248,442.55338
206.2688217163086,19.198104858398438,135.95827,444.78494
212.78705596923828,17.409713745117188,132.09636,447.8738
218.59457397460938,16.714309692382812,131.12976,451.41476
223.80400848388672,16.64422607421875,128.34981,449.69336
227.82984924316406,19.566116333007812,127.23306,448.3176
232.53438186645508,18.35174560546875,127.840355,453.1577
236.78024291992188,19.036636352539062,162.57227,455.05734
233.24494171142578,22.127548217773438,170.80632,454.11844
241.14688110351562,31.10504150390625,169.84436,448.02002
242.05636596679688,43.79095458984375,171.43945,436.93066
250.87469482421875,46.264801025390625,166.08612,432.82892
243.50927734375,54.403564453125,175.78864,424.9037
252.01177215576172,53.60017395019531,167.48836,425.71982
259.9853744506836,65.86309814453125,160.83998,412.99268
261.27689361572266,66.72807312011719,161.22105,413.89847
263.99571990966797,70.45289611816406,155.89265,407.86703
271.05638122558594,73.18492126464844,132.60922,408.07095
269.8959655761719,70.711669921875,151.46008,403.76807
288.0043144226074,64.61050415039062,115.273415,413.53387
290.0802574157715,73.2054443359375,107.16181,405.45947
290.32389068603516,85.13957214355469,111.797226,392.01724
302.7673988342285,73.63021850585938,106.45678,401.71533
311.1876525878906,75.32966613769531,105.74048,402.28067
315.8081169128418,71.133544921875,108.91978,407.67108
319.1624450683594,60.89952087402344,112.767395,416.26852
324.40987396240234,57.728271484375,123.676346,416.48724
330.9562683105469,48.820159912109375,126.56439,423.17688
338.2635726928711,42.642852783203125,128.64668,432.36157
333.8923645019531,38.87641906738281,142.43231,430.16946
342.17259979248047,29.55340576171875,147.57497,441.22736
344.97472381591797,22.737289428710938,158.54372,443.06674
351.0025329589844,15.193374633789062,169.18707,434.40274
362.32161712646484,2.715484619140625,175.34224,433.8872
376.78631591796875,5.0257720947265625,172.66333,431.53946
374.7683334350586,4.8690338134765625,181.4471,427.14664
385.90677642822266,3.1010589599609375,173.76396,430.90976
390.0493698120117,1.32763671875,169.34071,434.2718
406.37281036376953,3.3245697021484375,148.86351,428.7783
388.22235107421875,-1.28900146484375,162.50684,439.0844
391.3565216064453,3.269805908203125,162.90414,438.8706
402.01229095458984,4.3620758056640625,147.25618,437.60355
408.0756378173828,8.327911376953125,131.65329,447.60974
407.41647720336914,9.130447387695312,124.64178,448.13858
420.1233787536621,10.318740844726562,111.74885,457.9396
428.44849395751953,17.683303833007812,100.44371,455.9025
398.65689849853516,24.0040283203125,113.893234,452.89496
405.83426666259766,35.601043701171875,100.91814,446.17493
401.1523628234863,44.32490539550781,107.139854,431.73587
386.8683433532715,44.723785400390625,124.24366,432.57532
363.7410125732422,22.767318725585938,149.34451,450.14218
347.0440139770508,45.927154541015625,164.8419,430.5122
330.38402557373047,9.600189208984375,175.65443,466.9541
334.54752349853516,8.774307250976562,174.86589,472.09146
341.9932861328125,6.6760711669921875,169.01904,473.15854
337.0378875732422,3.23248291015625,188.41043,478.88678
345.4662628173828,4.22808837890625,200.35373,474.7038
355.9344177246094,6.61541748046875,204.90009,471.8354
352.04210662841797,8.522842407226562,224.45338,469.78555
342.8321838378906,13.541549682617188,244.97504,465.0201
341.8306655883789,12.5220947265625,253.25896,463.58026
343.0116195678711,8.861862182617188,251.88594,467.84128
337.4088439941406,11.53277587890625,266.9837,461.5799
330.9981384277344,3.7543487548828125,277.74652,468.45584
329.6949768066406,11.952789306640625,283.66498,459.82263
324.1634216308594,10.689010620117188,286.20905,460.10422
321.41668701171875,7.65484619140625,284.07703,463.143
318.5814514160156,6.5859222412109375,278.3869,463.311
347.5149154663086,9.721694946289062,248.51802,468.71024
337.1086120605469,4.5785675048828125,251.18915,467.76443
366.29598236083984,8.7353515625,213.95296,466.21234
370.1509780883789,3.888336181640625,204.46526,470.7379
371.66259765625,5.2348785400390625,186.34326,463.95938
368.4067077636719,6.0821990966796875,178.64081,471.51718
366.20826721191406,2.6843109130859375,181.6279,463.01694
366.09130096435547,6.8032379150390625,182.83717,455.1945
354.6008186340332,40.774017333984375,66.511375,403.7345
358.7126808166504,43.17344665527344,76.65002,400.52707
353.4916229248047,47.93031311035156,81.28793,398.77005
349.9545707702637,41.33189392089844,81.76646,399.89597
340.7937774658203,39.40284729003906,89.49521,400.48563
334.98696517944336,41.96315002441406,93.706795,400.23526
328.0951690673828,37.479888916015625,107.09775,402.78387
320.0720100402832,39.844879150390625,114.66201,398.86676
316.4910125732422,38.52629089355469,116.40634,403.4564
312.59300231933594,38.82960510253906,123.12961,401.11502
324.37788009643555,37.394622802734375,115.07621,402.70386
321.8865203857422,36.09794616699219,137.93564,403.38242
323.7550735473633,38.437530517578125,133.73405,400.53967
327.2634735107422,39.64508056640625,134.85226,402.48053
329.2918472290039,38.19474792480469,146.96373,402.99936
333.25535583496094,33.12611389160156,147.31552,409.58975
343.72562408447266,35.99705505371094,142.01805,423.6367
354.30554962158203,46.99635314941406,138.30424,410.31497
359.81270599365234,43.32904052734375,144.15553,421.65326
373.6134719848633,37.83998107910156,137.1054,431.11234
386.78468322753906,40.93434143066406,129.35416,427.13297
399.6701354980469,36.916290283203125,118.1637,430.12695
405.6950454711914,29.532852172851562,115.25108,451.5242
405.3493766784668,43.333221435546875,109.15934,432.59595
409.84874725341797,39.36283874511719,116.69063,437.03024
411.03671646118164,33.03863525390625,119.77648,441.0971
414.2204399108887,31.91973876953125,125.136086,440.3448
417.9881286621094,29.879547119140625,139.46606,437.7788
417.8163146972656,28.415328979492188,137.099,437.40195
422.8030319213867,19.248550415039062,160.15364,439.3311
420.96995544433594,19.535812377929688,149.89291,442.3043
417.6761245727539,15.005630493164062,159.59142,442.29922
420.9769973754883,15.821578979492188,152.18987,443.4625
414.2210235595703,17.438796997070312,163.34525,448.59207
417.1942901611328,14.3138427734375,159.76077,452.63483
417.23058319091797,16.652206420898438,159.873,450.17087
417.58934020996094,18.147918701171875,162.21725,449.57605
421.3561782836914,19.077911376953125,162.34349,447.90076
420.79315185546875,19.373046875,160.67108,448.16364
423.84251403808594,24.579559326171875,154.70334,443.80908
441.9441223144531,28.661956787109375,139.95044,437.12573
439.2410354614258,33.620941162109375,147.75456,429.651
458.97352600097656,35.13758850097656,144.54276,423.43008
467.416748046875,27.384445190429688,145.28827,427.71652
480.17803955078125,29.555816650390625,137.84296,424.51184
487.5259094238281,21.711944580078125,141.45093,431.2583
492.5883331298828,21.32574462890625,145.94583,434.61542
494.7330627441406,13.13092041015625,145.35913,442.7802
502.2327651977539,13.668609619140625,138.91539,441.6714
503.7624206542969,10.903472900390625,136.28333,445.27893
506.1062469482422,11.29718017578125,133.70786,443.41107
510.01819610595703,9.59130859375,130.94695,445.88983
512.2483139038086,7.209808349609375,130.90004,445.80444
513.7175521850586,14.325881958007812,128.05922,439.78116
517.1259841918945,6.320465087890625,123.06682,452.0326
520.1386566162109,10.532150268554688,121.91525,448.7601
521.9217109680176,10.850814819335938,116.119896,448.67453
527.1928405761719,11.076736450195312,113.953125,448.9545
520.3828201293945,11.296676635742188,120.8687,448.94382
521.9866714477539,14.451492309570312,119.95885,446.33218
521.2646560668945,13.090713500976562,118.57207,445.03506
520.9436454772949,13.372421264648438,119.3574,449.44223
524.0741920471191,13.471405029296875,118.18603,450.2378
521.6519660949707,16.77630615234375,119.01351,446.96478
515.3293342590332,13.373641967773438,127.51412,450.19455
511.98230743408203,15.524795532226562,129.34904,450.46964
506.12957763671875,19.174972534179688,133.91962,448.85446
504.9575653076172,21.778533935546875,136.84836,443.9558
498.4683837890625,21.1199951171875,142.05145,448.4406
498.8353729248047,22.158859252929688,144.40793,447.59225
492.47686767578125,21.687530517578125,147.92987,448.28772
493.78746032714844,17.528961181640625,147.26804,448.38782
484.46954345703125,20.965988159179688,157.54425,444.89096
477.34468841552734,20.354507446289062,162.41737,447.18643
470.2734680175781,20.776962280273438,166.89795,445.6135
464.4071044921875,20.435714721679688,173.7807,442.45297
451.84778594970703,22.28546142578125,188.30034,440.90717
439.5835647583008,27.050247192382812,192.86638,438.43155
424.91123962402344,28.396194458007812,183.59787,436.37625
412.79603576660156,31.54150390625,174.17386,432.19464
398.84935760498047,26.616592407226562,169.37422,436.71976
382.66749572753906,33.2117919921875,171.00809,427.752
371.11869049072266,38.55157470703125,167.75316,420.48212
357.8690643310547,40.307403564453125,167.24045,421.52795
344.52496337890625,45.822357177734375,166.66693,418.57166
333.5848159790039,47.23738098144531,167.56615,417.32584
318.0662841796875,53.16447448730469,163.5296,413.12582
304.63256072998047,53.04768371582031,162.98848,413.26736
294.0181121826172,55.19096374511719,166.9155,410.28818
280.3482208251953,55.589508056640625,164.16116,408.80322
268.8848190307617,54.5657958984375,164.40962,409.19965
261.07171630859375,56.924041748046875,159.60052,406.46887
248.77813720703125,58.13694763183594,158.6557,402.99472
239.60176849365234,58.61985778808594,154.43007,399.56967
228.17118072509766,57.9766845703125,158.07042,397.8271
219.43869018554688,57.50341796875,148.72388,398.5119
212.58431243896484,60.68699645996094,146.11269,393.0173
205.46803283691406,60.337127685546875,141.24722,387.2151
194.3143081665039,60.27056884765625,142.38914,385.65314
185.63360595703125,60.18214416503906,141.35931,382.76236
182.5793228149414,64.04061889648438,141.52196,383.7113
184.60909271240234,63.079193115234375,139.98122,382.78503
184.85344696044922,63.68048095703125,135.54305,382.28717
184.8649444580078,62.00700378417969,137.96231,384.52097
184.54830932617188,63.993560791015625,138.06299,383.07422
184.3484115600586,67.51652526855469,140.52284,381.03964
183.8606719970703,67.73651123046875,139.1741,379.55145
184.03158569335938,66.34423828125,139.56372,382.10663
181.50337982177734,68.45004272460938,141.49538,384.89172
182.10198974609375,69.92880249023438,138.90643,379.09167
182.15717315673828,68.52207946777344,136.17766,383.2491
182.5269317626953,67.10748291015625,138.88736,381.91486
188.67610931396484,67.61454772949219,145.81715,384.34555
203.35409545898438,68.3995361328125,135.48279,381.33234
211.9416732788086,68.462646484375,140.26955,380.3117
218.25057220458984,66.97590637207031,141.25331,377.69156
225.476806640625,66.6314697265625,146.50287,380.68915
227.80325317382812,69.01560974121094,155.06226,381.10898
233.8394546508789,68.04969787597656,157.1732,371.29898
239.91730499267578,58.634674072265625,158.14946,375.33435
248.69747161865234,54.47833251953125,160.12721,377.49188
259.1931838989258,57.29463195800781,159.86723,370.67825
265.55477142333984,51.6678466796875,161.11732,373.07
277.76441955566406,56.4444580078125,160.13834,368.03278
289.7832794189453,54.002044677734375,159.10562,361.4602
300.0708312988281,45.66307067871094,162.0155,366.62228
308.7518768310547,47.302276611328125,167.66684,369.63013
315.6846466064453,52.254364013671875,160.04776,362.11755
325.46314239501953,50.13494873046875,165.16582,367.341
334.9590072631836,55.72380065917969,151.8014,362.76987
350.4562530517578,53.789276123046875,157.84122,377.68115
360.50948333740234,70.47225952148438,153.85243,374.74023
374.2899932861328,86.68063354492188,142.98843,357.36707
379.5535659790039,82.76789855957031,145.78453,367.67868
384.0842056274414,89.51217651367188,143.5222,362.67242
391.3519287109375,89.50526428222656,149.42365,363.18417
397.03704833984375,89.26512145996094,142.10602,369.32205
402.6849594116211,93.24710083007812,142.56227,358.84625
410.36788177490234,86.70291137695312,140.49983,363.5833
416.39916229248047,82.08544921875,147.77931,363.3319
426.95223236083984,72.83419799804688,144.16243,368.9521
436.1911926269531,64.06680297851562,151.32538,373.4558
433.3840637207031,63.44334411621094,159.62274,371.2158
430.8802032470703,48.39826965332031,145.19504,379.91116
425.8418273925781,54.44252014160156,161.85663,369.9595
426.01595306396484,51.24024963378906,152.6733,366.6746
425.3322982788086,42.25079345703125,159.75655,373.9516
424.9712142944336,52.73405456542969,163.01411,363.11752
423.7976760864258,40.189422607421875,155.46849,373.9414
422.75977325439453,44.758026123046875,158.54747,368.85376
423.29109954833984,50.204864501953125,153.94368,365.9248
423.96297454833984,45.04838562011719,146.62752,375.09555
424.1795654296875,53.80162048339844,154.6781,371.01266
426.3953857421875,54.87663269042969,142.66333,374.57724
427.3671646118164,57.15446472167969,140.24052,378.5162
430.92516326904297,62.1807861328125,141.22939,375.67194
433.5727767944336,73.22518920898438,136.92671,366.1682
436.01773834228516,78.97067260742188,135.78532,361.4989
439.64759826660156,86.14918518066406,132.2413,355.59067
441.6038284301758,85.6947021484375,129.82677,356.04474
442.23494720458984,91.78208923339844,129.48103,351.02084
442.56678009033203,86.91648864746094,130.83165,352.43845
443.13877868652344,88.17857360839844,130.35324,351.13638
444.2667922973633,85.70890808105469,130.34099,350.44003
446.1454772949219,82.13999938964844,132.49902,350.59622
447.4999084472656,76.85397338867188,130.75531,348.77228
448.62498474121094,69.96827697753906,129.9833,351.01608
450.16966247558594,66.96455383300781,130.42593,351.10678
452.0129699707031,64.77798461914062,129.9364,350.24518
452.49396896362305,55.00804138183594,127.24833,357.34488
453.83902740478516,54.2515869140625,129.5789,356.31018
455.75254821777344,51.5679931640625,129.7153,358.83893
456.69933319091797,45.138153076171875,128.9305,366.89606
458.71359634399414,48.42138671875,124.7492,363.54327
459.2269287109375,51.971771240234375,127.85077,360.12366
460.7502746582031,51.505706787109375,126.07837,361.97162
461.6034812927246,51.85926818847656,122.00831,362.92593
461.0965347290039,59.95892333984375,124.98711,356.82062
460.10106658935547,51.60978698730469,138.63564,366.63773
460.0467758178711,56.86903381347656,131.02095,365.65152
459.3721237182617,61.17558288574219,132.33614,361.9321
460.40015411376953,56.812042236328125,134.88304,366.98236
462.83858489990234,64.93515014648438,135.73354,357.81616
465.393123626709,67.16110229492188,125.74561,351.82416
471.97378158569336,69.03594970703125,123.271675,331.81342
472.6887550354004,70.82122802734375,117.62817,343.38306
478.4385070800781,71.13153076171875,113.47992,382.46997
478.60107803344727,65.97901916503906,119.70635,382.37686
479.8548774719238,58.66838073730469,108.87783,369.2404
478.30126571655273,60.85203552246094,97.99879,365.81107
479.09069442749023,45.92071533203125,124.554146,409.26398
476.8193550109863,46.93284606933594,100.12307,396.25314
477.6520195007324,37.3216552734375,124.202126,419.6604
477.46263885498047,37.75950622558594,163.26631,434.09427
472.6495361328125,37.8223876953125,169.66388,440.61
470.32080841064453,36.19401550292969,172.00395,443.64175
468.79134368896484,31.772918701171875,170.09962,446.42413
465.61500549316406,45.01426696777344,170.50052,434.5674
451.4927444458008,47.61030578613281,170.44646,434.10324
439.46057891845703,46.94053649902344,172.29729,432.5425
424.9176483154297,50.87152099609375,171.9968,427.06543
409.2459030151367,46.61737060546875,180.03304,432.28516
396.01207733154297,54.62059020996094,188.29451,429.40726
381.4869079589844,52.79042053222656,188.53479,427.51157
364.4414596557617,54.0908203125,198.9598,426.09302
345.6388473510742,49.21270751953125,192.83406,429.95422
329.3419647216797,48.93730163574219,195.20602,427.57144
315.2970504760742,58.821746826171875,186.8249,418.52106
299.7796325683594,56.57188415527344,188.0841,419.85965
287.7217788696289,56.16581726074219,181.37975,421.13345
276.54978942871094,57.34803771972656,181.54501,422.55783
267.9711685180664,61.45658874511719,175.78465,420.25064
259.7363052368164,65.12641906738281,171.67894,418.65048
251.1314697265625,66.00930786132812,167.5567,418.37872
247.08129119873047,71.18849182128906,163.22066,412.7585
240.93192291259766,74.58302307128906,166.34874,407.744
233.41374969482422,78.20538330078125,156.59981,404.4048
227.1122055053711,79.98849487304688,155.65504,403.02118
219.52921295166016,81.80703735351562,151.62535,401.11603
208.61753845214844,81.08143615722656,156.56589,399.30405
197.42431640625,80.37294006347656,160.86945,399.03122
179.91903686523438,80.60269165039062,168.17493,398.67377
157.4657211303711,73.56849670410156,173.78908,403.95114
138.69009399414062,66.54191589355469,170.08496,407.3903
118.38410186767578,61.25086975097656,171.67998,413.18015
97.20095825195312,54.7003173828125,177.23804,418.71838
81.22859954833984,50.085845947265625,179.17812,420.11224
64.09994506835938,51.05213928222656,186.04297,418.0394
51.258949279785156,51.21260070800781,193.06895,412.17245
38.594017028808594,51.02545166015625,189.67165,409.92383
39.67040252685547,54.0224609375,178.64424,409.82446
-4.2789306640625,44.354583740234375,208.74384,428.607
9.53009033203125,61.18208312988281,199.1806,413.92
123.97747039794922,75.02040100097656,93.58589,376.32504
137.14608764648438,80.54695129394531,70.42767,347.99136
134.68161392211914,89.44352722167969,67.06646,345.6647
131.90678787231445,87.61605834960938,68.30001,348.29645
127.92104721069336,93.73991394042969,73.09486,342.2191
125.63502883911133,91.29136657714844,78.869225,342.26266
120.84864807128906,91.70765686035156,82.133514,340.3635
119.55014038085938,92.94496154785156,85.9906,336.7717
116.2939567565918,89.24659729003906,86.415016,337.63705
112.27886581420898,86.91203308105469,92.5279,335.1647
112.07186889648438,83.65989685058594,93.55548,336.6011
117.99724197387695,81.513671875,94.420616,338.8405
123.94350814819336,80.93760681152344,100.363655,337.54636
129.05718994140625,77.15174865722656,104.79895,332.69485
137.1308479309082,74.5269775390625,109.509544,335.62628
146.1473388671875,72.29167175292969,106.0163,330.8868
155.28647994995117,70.26850891113281,111.12876,337.2184
167.32924270629883,72.19767761230469,110.411705,328.57364
177.8775634765625,69.72479248046875,116.12158,331.93457
190.79071426391602,72.30451965332031,117.37115,332.48044
196.0543670654297,75.09750366210938,129.3038,322.5949
207.42182159423828,77.00247192382812,132.2924,330.86316
218.02225494384766,78.13543701171875,132.97514,324.0921
226.37017059326172,77.63511657714844,134.24324,325.65378
239.73135375976562,79.11500549316406,132.56744,325.08444
249.12137603759766,74.45442199707031,131.81267,330.09238
261.5973129272461,75.93049621582031,128.52956,328.38998
272.2632827758789,73.06674194335938,128.07524,331.6682
283.0932388305664,71.48908996582031,125.310715,332.76627
293.2093505859375,68.37742614746094,124.916626,334.3389
304.3881645202637,65.35675048828125,122.67118,335.54657
316.91162109375,69.18785095214844,120.50232,332.85117
325.83766174316406,62.78175354003906,123.36569,337.7897
336.8586006164551,63.34730529785156,122.75381,336.47208
349.28772354125977,61.74586486816406,120.89904,337.94443
358.256534576416,60.21211242675781,125.34075,339.8821
369.83856201171875,59.49188232421875,125.29376,339.7874
382.94623947143555,58.21089172363281,125.78074,342.4069
393.05135345458984,56.566436767578125,127.47316,344.75183
403.4674758911133,56.66423034667969,129.79027,345.34976
414.7392578125,56.47784423828125,134.73193,346.6306
423.783935546875,59.0091552734375,137.17505,350.64618
434.9064025878906,54.425048828125,136.92212,356.21637
446.06380462646484,51.78294372558594,142.88844,357.95993
454.15504455566406,53.77313232421875,146.51266,362.12317
476.2408142089844,47.95222473144531,143.79852,365.27036
465.3794174194336,49.50740051269531,164.32716,367.01065
465.53363037109375,52.494293212890625,167.23505,367.62793
473.24674224853516,52.5118408203125,155.06529,365.63922
469.1459045410156,49.18501281738281,161.91772,374.02908
475.44950103759766,50.90113830566406,156.5775,371.59512
471.8040466308594,48.39192199707031,162.90454,375.52383
474.2014617919922,51.045440673828125,161.45773,372.08936
475.58382415771484,53.148834228515625,161.90627,372.59692
472.2965621948242,52.52294921875,161.95638,374.45294
476.1417999267578,50.99284362792969,159.21841,378.41965
477.4140319824219,48.93251037597656,158.06042,379.8549
477.9271240234375,47.60423278808594,159.14313,380.44833
476.90960693359375,49.0501708984375,160.35736,380.5744
476.3575210571289,48.03660583496094,160.20226,385.28854
480.47540283203125,50.844879150390625,158.27203,386.60986
472.94283294677734,52.03684997558594,163.41786,385.99606
481.2898712158203,46.73381042480469,154.92117,391.37497
479.1498565673828,47.71649169921875,159.85977,389.0882
478.469970703125,49.290283203125,159.89276,391.93732
483.2844924926758,47.34075927734375,161.04008,398.1949
293.2486877441406,35.566314697265625,147.3255,426.91296
279.34224700927734,40.174713134765625,152.5146,435.3463
288.1195755004883,47.273529052734375,155.39354,428.28247
279.57420349121094,39.23783874511719,157.74747,433.33347
283.3789291381836,41.941253662109375,160.8973,433.32385
282.60218811035156,42.57341003417969,157.60995,432.3574
284.8871154785156,40.089630126953125,157.87543,434.03503
282.55139923095703,41.18601989746094,158.50975,437.01926
282.7565002441406,40.10478210449219,160.48798,435.98825
281.28430938720703,40.34075927734375,161.96849,435.8996
280.4089889526367,39.57032775878906,163.60011,438.88284
280.6658477783203,37.053955078125,168.63351,439.63727
281.74349212646484,38.36915588378906,168.60664,441.90433
276.5312271118164,36.166656494140625,173.74626,444.3767
281.20652770996094,38.12968444824219,173.62247,439.23715
282.5569152832031,36.34574890136719,167.80219,444.09018
277.3191680908203,29.743209838867188,167.73141,451.17075
286.53833770751953,31.529800415039062,164.1627,448.71133
285.09471130371094,30.455764770507812,155.50125,451.3616
465.6404571533203,33.04466247558594,164.98837,433.96762
473.2257537841797,31.931976318359375,168.10916,436.58594
478.9131774902344,32.229217529296875,166.5794,435.38098
473.5245056152344,36.08233642578125,171.99957,435.3211
294.66829681396484,17.185165405273438,141.49385,457.16537
467.9565200805664,25.877044677734375,161.91069,435.65063
469.3528823852539,36.24552917480469,169.50835,426.01572
469.2784652709961,23.813980102539062,168.49605,439.77347
465.802734375,37.53462219238281,172.88293,431.06985
467.4415054321289,26.60260009765625,168.3488,440.16034
468.1974411010742,29.536087036132812,169.5176,435.12564
465.10140228271484,26.746551513671875,171.51704,436.99158
460.03875732421875,38.21612548828125,174.73413,430.54205
462.11975860595703,20.18560791015625,174.17845,442.3863
460.3359832763672,32.97862243652344,171.28287,436.33884
458.55442810058594,17.04486083984375,178.78629,448.76935
451.9832229614258,28.260467529296875,182.8795,440.01965
456.90084075927734,24.698257446289062,177.24934,441.14774
452.35789489746094,15.442901611328125,176.36917,451.1775
452.3119354248047,26.777359008789062,180.49112,440.63882
450.56739044189453,11.631927490234375,166.89964,446.7046
451.2699890136719,25.76531982421875,171.76556,434.6363
451.4499282836914,5.9670562744140625,172.2393,456.87173
450.40128326416016,16.043365478515625,169.16875,444.5216
448.49771881103516,11.366531372070312,173.99089,446.8605
446.9681091308594,14.53179931640625,168.53497,442.07904
449.05223083496094,11.454620361328125,165.73526,443.23633
438.52931213378906,15.792999267578125,171.97995,440.31897
439.27596282958984,14.53558349609375,164.05428,443.00958
436.18172454833984,9.83013916015625,163.26375,444.976
433.25022888183594,7.8671112060546875,163.4982,456.582
432.4202651977539,9.857528686523438,172.05437,449.43527
424.3602828979492,15.375732421875,172.40273,453.63885
431.07543182373047,7.580902099609375,163.79213,459.4292
426.2070541381836,8.184341430664062,167.46162,459.24954
423.16754150390625,6.3501434326171875,164.33716,462.7407
419.90289306640625,9.569381713867188,169.08105,459.96017
419.5634307861328,9.299545288085938,166.0748,457.75375
417.62965393066406,7.311279296875,166.81503,459.51874
413.29859924316406,5.8905792236328125,168.77353,464.2216
414.5180892944336,9.079788208007812,161.72578,460.35452
411.0411682128906,7.823028564453125,167.7785,464.16602
410.78074645996094,7.0906829833984375,165.35843,464.962
405.7147216796875,7.7905731201171875,169.21289,461.1434
406.8565216064453,5.9893798828125,164.21396,467.75153
399.5971221923828,6.4677886962890625,165.00668,463.34708
390.7136459350586,3.989532470703125,150.47017,468.84753
378.93238830566406,5.6564178466796875,149.57407,464.32358
361.30165100097656,9.289703369140625,152.68063,462.33704
348.1875762939453,11.095291137695312,158.84738,457.5297
337.2833557128906,9.929275512695312,159.52448,456.5447
324.0027770996094,7.744842529296875,158.59418,463.04932
317.60557556152344,13.915115356445312,161.28995,453.459
307.7467498779297,9.810104370117188,158.82498,455.89584
298.8701171875,13.375442504882812,150.64734,458.6686
283.34981536865234,11.277938842773438,156.90645,455.29172
280.9297103881836,16.11236572265625,146.67744,456.75897
263.114013671875,11.546173095703125,157.98547,461.9602
253.97846221923828,13.1536865234375,161.01659,452.99713
251.13507843017578,15.055389404296875,157.46507,460.14478
240.80072784423828,10.968917846679688,164.05931,457.50546
244.5131072998047,14.098617553710938,155.29349,457.07077
232.33433532714844,10.09759521484375,162.04727,459.43976
227.61766052246094,12.9559326171875,164.64859,459.711
230.7448959350586,15.638275146484375,159.60933,454.62805
223.93792724609375,11.267959594726562,162.43994,461.1282
230.9683837890625,16.891754150390625,156.57568,453.19556
220.81300354003906,10.23583984375,163.77975,460.195
232.794921875,12.899139404296875,150.65918,458.99512
215.9636001586914,7.7450103759765625,168.31401,463.65823
224.76538848876953,14.424606323242188,161.7246,456.6213
213.1055908203125,7.8668365478515625,171.11523,465.27505
222.84310913085938,10.980545043945312,163.8675,458.38626
213.54239654541016,3.86138916015625,169.3792,467.32587
214.95579528808594,10.379287719726562,172.34866,458.13284
212.3833770751953,6.5308837890625,175.52524,463.02863
231.04422760009766,8.720565795898438,152.41374,461.4553
215.76708221435547,12.009750366210938,169.12831,460.80258
220.7402572631836,2.4849853515625,155.55318,469.00067
214.57306671142578,16.684890747070312,173.04869,452.28433
230.56838989257812,7.337371826171875,158.74701,464.60693
213.4723663330078,10.330780029296875,171.7728,462.10962
223.73973083496094,9.32110595703125,163.48074,464.22137
217.82591247558594,13.779495239257812,174.46487,458.23856
211.44725799560547,13.708160400390625,176.16725,459.70532
217.95790100097656,17.300827026367188,175.4194,456.14267
226.05520629882812,8.973052978515625,166.61249,461.4297
218.01366424560547,3.6954803466796875,169.31435,463.65414
233.15555572509766,5.1092071533203125,159.15727,462.64786
217.4064178466797,8.429672241210938,170.92728,463.2042
232.39527130126953,13.629547119140625,151.30223,457.08813
216.49918365478516,15.942718505859375,170.75298,455.73352
221.0405731201172,23.091461181640625,159.26309,450.25757
235.1680145263672,24.069244384765625,151.76492,447.14905
218.35977935791016,20.318069458007812,168.10002,448.76346
220.74466705322266,27.86053466796875,168.02312,442.9472
227.98673248291016,18.987442016601562,161.61955,453.99258
217.75299835205078,12.78338623046875,174.76744,454.12286
225.02627563476562,17.247024536132812,163.97296,451.98453
217.51351165771484,2.9430084228515625,170.08931,467.88797
212.8462142944336,8.9229736328125,178.70784,458.64996
215.11563110351562,8.36614990234375,176.78876,459.56586
208.2932357788086,9.4215087890625,180.76997,461.56122
206.94499969482422,6.2314300537109375,188.07619,466.0571
217.7056655883789,7.299072265625,168.03764,467.31097
205.48966217041016,38.09718322753906,185.96635,431.49832
202.19324493408203,36.362884521484375,192.64574,431.67346
204.89871215820312,32.91639709472656,193.03583,437.12662
206.5216827392578,13.132431030273438,189.56381,456.81955
204.4596939086914,42.856414794921875,179.58537,430.61536
200.86588287353516,47.94097900390625,195.66411,422.8791
203.4375457763672,49.5628662109375,190.29141,421.65277
206.34667205810547,51.883209228515625,185.03175,420.91052
205.5497283935547,47.77180480957031,179.6708,427.0497
211.09677124023438,31.550582885742188,184.37677,443.08212
213.62122344970703,9.300445556640625,185.93053,463.2434
213.69091033935547,11.08984375,178.27504,457.96564
211.18756103515625,12.896514892578125,181.61694,460.3501
207.0870132446289,14.215377807617188,187.0125,460.80038
225.25965881347656,15.903778076171875,175.9863,460.80322
213.02059173583984,12.4674072265625,182.37495,459.41425
211.15994262695312,28.281158447265625,187.95477,442.88184
206.47959899902344,5.2429351806640625,188.46146,466.53897
207.57720947265625,55.532379150390625,192.3822,412.3125
210.45108795166016,41.99098205566406,189.26347,424.9849
213.9970245361328,3.015869140625,189.46664,465.92377
209.47763061523438,4.847686767578125,189.19293,467.2163
209.70658111572266,9.511383056640625,191.79314,461.07104
215.06023406982422,11.200668334960938,183.56398,461.40256
208.41767120361328,10.003402709960938,189.01085,466.00778
206.4712677001953,5.895751953125,192.81882,466.63153
206.77814483642578,9.144149780273438,192.4868,462.00876
207.73316955566406,7.7787322998046875,186.26572,464.4327
203.19862365722656,54.98289489746094,193.01633,418.42258
206.44371795654297,46.30657958984375,191.52443,421.45013
206.87516021728516,2.2884674072265625,195.00066,471.7455
204.62806701660156,2.944061279296875,192.00436,472.00305
217.4657974243164,15.826248168945312,181.96892,459.09415
212.16432189941406,12.840850830078125,185.46054,460.59985
