140.0,5.0,149,441
130.19500732421875,12.69140625,154.18274,428.74243
125.1739273071289,15.60235595703125,170.57903,425.15405
131.30575561523438,13.065444946289062,167.76263,429.30075
128.6058349609375,10.99066162109375,173.94897,431.20776
130.27635192871094,12.099349975585938,176.24075,427.73355
129.72850036621094,13.238662719726562,181.08218,425.7629
128.58062744140625,9.739700317382812,181.70447,430.6086
128.44300079345703,10.54620361328125,178.72984,431.3827
126.36776733398438,8.187393188476562,183.73029,437.45248
124.54085540771484,9.207275390625,188.05965,433.27637
123.68630981445312,6.328399658203125,191.82953,439.01703
130.51023864746094,9.821746826171875,186.96915,437.43402
126.23196411132812,7.68072509765625,189.94147,438.5735
124.4944839477539,12.527877807617188,189.11723,434.98575
123.67713165283203,8.801483154296875,186.97166,441.6131
129.0451431274414,7.7239227294921875,182.17558,442.5054
126.20075225830078,9.106414794921875,184.04723,442.90045
124.96894836425781,11.266860961914062,184.61691,440.44833
128.7313461303711,7.813629150390625,179.95625,445.82977
127.10893249511719,11.70599365234375,181.03445,442.76624
126.20076751708984,9.55157470703125,183.33821,443.81445
138.09990692138672,11.88519287109375,170.12306,441.97375
124.41779327392578,9.192214965820312,185.14696,443.5178
143.99838256835938,11.70086669921875,164.99738,442.58813
127.7872085571289,10.797866821289062,183.94792,442.7054
121.83116149902344,7.801116943359375,187.08804,442.94476
135.02364349365234,8.200057983398438,174.46199,443.10574
129.44083404541016,8.986785888671875,183.05998,445.65216
133.60649871826172,10.17144775390625,175.01198,441.79895
134.9462432861328,6.3338775634765625,180.58005,448.63974
135.2135467529297,8.385147094726562,177.64395,448.14572
130.79808044433594,6.27581787109375,183.64542,450.78333
131.51470184326172,8.302383422851562,181.42018,450.39304
130.9634017944336,9.496047973632812,183.16133,451.066
126.40583801269531,5.104248046875,193.94662,455.0349
158.3622817993164,5.9859466552734375,158.42693,460.44534
169.92523956298828,7.7668914794921875,146.37035,451.9872
163.43199920654297,8.977096557617188,156.14613,451.6476
178.00198364257812,7.5428314208984375,138.85504,457.96317
159.34784698486328,7.3099517822265625,160.75633,461.2336
172.6697006225586,8.535064697265625,142.71553,461.52252
177.72769165039062,9.864791870117188,137.52618,463.0934
179.2938461303711,6.3864593505859375,136.96992,464.43558
172.574951171875,7.532440185546875,145.35425,465.44037
172.69400024414062,7.231964111328125,142.46661,468.98602
170.42745208740234,7.91973876953125,146.01009,464.76685
173.9153823852539,8.858108520507812,142.17961,463.80368
159.01122283935547,8.506881713867188,155.73561,463.18045
164.12405395507812,6.4505767822265625,153.33002,462.66928
165.57759857177734,7.4364013671875,151.91731,463.2821
157.99322509765625,9.16302490234375,162.47668,461.3888
139.8933868408203,7.892608642578125,178.85666,460.6391
132.76615142822266,9.029739379882812,184.46013,461.04037
124.83485412597656,7.112518310546875,191.97104,462.2182
121.13824462890625,5.734893798828125,196.4281,466.71307
115.72927856445312,8.237289428710938,198.41595,463.95413
128.26126861572266,5.20574951171875,186.76457,466.86084
124.96058654785156,4.764312744140625,188.03671,465.58966
130.13479614257812,3.03082275390625,180.5379,468.2937
117.55290222167969,5.5161285400390625,193.41019,466.02365
129.94369506835938,4.940460205078125,181.81769,465.02533
126.35306549072266,6.4602203369140625,185.93217,462.2004
134.52996826171875,7.7613067626953125,178.77222,462.13937
130.03130340576172,8.864578247070312,181.5309,463.49228
118.44398498535156,8.402099609375,183.6755,464.4674
125.8379898071289,6.2425384521484375,174.8372,469.44937
131.77433013916016,6.6248931884765625,170.08537,470.50497
127.36211395263672,2.89288330078125,171.03786,471.62683
128.61929321289062,5.922515869140625,160.4494,468.6789
129.59609985351562,7.2181549072265625,163.46698,465.50278
137.10315704345703,4.806060791015625,154.44029,468.2685
139.8864288330078,8.083404541015625,141.99216,465.3233
139.30824279785156,8.250747680664062,148.63571,465.34897
132.92072296142578,8.524993896484375,152.11497,462.16974
145.96639251708984,8.80291748046875,143.00984,460.0807
131.04949188232422,6.0091552734375,158.70631,458.85315
132.26692962646484,3.7049407958984375,159.92036,460.554
124.23233032226562,8.237213134765625,166.96893,452.11945
141.0124740600586,5.2523956298828125,147.05379,457.39145
130.30958557128906,4.2308807373046875,164.16977,461.78128
138.6558837890625,7.11676025390625,153.83105,450.54138
143.6939239501953,6.0543212890625,148.50485,458.08533
139.70807647705078,6.1171417236328125,153.59447,455.5809
140.1379852294922,8.831680297851562,150.49075,447.32443
122.38301086425781,7.5601043701171875,168.23349,461.49857
142.02850341796875,4.355255126953125,150.81763,460.99005
126.81120300292969,8.324966430664062,157.47488,452.634
129.28055572509766,8.188156127929688,157.48369,456.8621
121.33514404296875,7.8577728271484375,158.51917,459.74527
128.99366760253906,9.478775024414062,154.76682,454.29318
122.91175842285156,6.579986572265625,160.52097,457.3233
129.05382537841797,7.15936279296875,158.3119,457.8119
123.93975067138672,8.130172729492188,178.49452,454.87918
119.48699188232422,6.933197021484375,183.38136,463.06964
134.6046371459961,8.139358520507812,165.4322,460.32504
122.37874603271484,7.6416473388671875,185.59529,460.29117
127.42416381835938,11.054885864257812,167.7619,458.0654
121.47595977783203,8.861251831054688,187.7517,456.9102
120.13227081298828,9.506698608398438,179.91624,461.92203
127.69127655029297,10.778289794921875,178.87111,462.9212
126.58943176269531,26.15887451171875,177.18869,452.72974
119.83837127685547,25.471328735351562,197.98671,447.66464
110.64381408691406,22.769607543945312,190.32883,453.4979
96.1292724609375,25.78021240234375,216.34473,447.30798
87.68958282470703,20.04998779296875,208.80211,458.0702
73.5527114868164,20.766799926757812,235.12956,456.83347
60.10771179199219,16.33917236328125,248.0524,457.9319
79.67566680908203,17.148483276367188,223.32542,458.69473
65.30433654785156,5.551025390625,236.86801,466.5017
60.60192108154297,-2.2816925048828125,239.8296,473.32816
67.44084167480469,1.4213104248046875,229.45596,464.04605
79.73384857177734,2.865936279296875,221.97371,459.76544
63.376708984375,-5.374542236328125,230.45105,464.47394
83.59912109375,-2.1509857177734375,214.14111,459.33725
91.07369232177734,-1.7758941650390625,203.15181,460.11026
84.22228240966797,-4.6675262451171875,211.75453,468.48264
95.06416320800781,-1.3029327392578125,198.8768,461.881
110.3577651977539,-2.8581390380859375,183.76884,472.64255
115.61072540283203,1.4944305419921875,182.91673,471.72964
117.7649154663086,-0.047515869140625,169.41487,473.93085
106.67444610595703,5.3815765380859375,184.0161,470.99075
115.42555236816406,4.1224517822265625,185.7131,473.7075
121.35672760009766,3.7237396240234375,169.5905,477.82535
117.35954284667969,6.4608612060546875,173.04251,471.51675
112.92453002929688,8.382247924804688,168.76276,471.98856
111.6019515991211,6.6522369384765625,173.274,472.11093
115.48191833496094,7.250885009765625,161.32254,468.95038
110.34321594238281,7.3574676513671875,173.40488,467.34085
104.9961166381836,6.9064788818359375,173.1639,470.03262
109.07797241210938,4.758575439453125,173.98175,475.68585
105.33655548095703,4.8188934326171875,175.26683,469.54654
108.61908721923828,0.658203125,179.8939,477.53052
105.63795471191406,3.300018310546875,176.4183,475.87408
106.529541015625,-2.95166015625,178.14136,479.3722
98.46050262451172,8.694290161132812,178.62099,472.82822
107.184326171875,-1.680511474609375,173.92236,479.28192
103.25637817382812,-0.75994873046875,172.1087,477.026
107.19195556640625,3.0668487548828125,172.04541,471.90598
98.49042510986328,-4.477142333984375,165.14037,476.66473
116.48016357421875,-3.989990234375,155.92139,477.09937
120.75341796875,-1.84735107421875,149.03162,475.94373
123.57353210449219,-5.0285186767578125,146.54349,477.7006
107.56829071044922,0.68902587890625,150.23549,480
102.16326141357422,1.5464019775390625,150.48207,476.52365
114.71302032470703,1.24267578125,143.33727,480
118.69469451904297,-0.3543701171875,129.71571,480
124.24240112304688,2.6988525390625,126.41107,480
111.7958984375,0.20062255859375,133.9646,480
113.95491027832031,2.11279296875,138.42111,480
120.9971694946289,1.5245361328125,138.94328,480
115.20840454101562,1.4581298828125,137.15948,480
123.35153579711914,3.9700927734375,124.74358,480
108.63219451904297,4.6475982666015625,148.23732,478.95102
105.66990661621094,6.6592864990234375,148.17044,474.21207
118.56869506835938,5.6934967041015625,124.271545,475.15305
117.84180450439453,3.87567138671875,126.66527,476.49683
121.31800842285156,1.381103515625,123.66354,480
113.3823471069336,4.1488800048828125,125.83699,479.7833
124.77458953857422,3.82550048828125,115.33717,480
116.32929229736328,9.238754272460938,124.2484,472.97574
121.8763198852539,6.33599853515625,120.77287,477.5387
113.26637268066406,6.88330078125,134.4675,473.8446
124.52255249023438,1.47845458984375,124.34125,480
127.3710708618164,2.114990234375,125.12346,480
123.54734802246094,0.82318115234375,133.28506,480
138.04884338378906,-1.00994873046875,154.09213,479.6266
145.60062408447266,1.6964263916015625,152.35185,472.43527
167.2559585571289,0.3898162841796875,144.54399,478.48782
171.98931884765625,-1.2764434814453125,159.9679,475.07425
179.13546752929688,0.0168914794921875,168.71588,476.76956
185.16896057128906,-2.8664093017578125,184.15146,478.09207
187.4176788330078,4.4564208984375,185.21115,477.46423
192.8314971923828,3.2908477783203125,190.08041,469.4797
217.79299926757812,3.03240966796875,182.95245,468.29614
227.1374282836914,2.9105682373046875,190.434,466.7211
240.6527328491211,8.942642211914062,184.1429,462.2048
251.04136657714844,-2.745574951171875,188.61148,469.3852
267.4382095336914,0.2713470458984375,179.65288,465.31155
279.22570037841797,9.423904418945312,177.51076,451.90756
292.33707427978516,-4.84283447265625,181.42986,463.7339
303.8639602661133,6.8958282470703125,183.8126,451.97604
311.45397186279297,-2.212249755859375,182.39748,465.23212
315.2724304199219,3.910003662109375,188.39642,460.19904
329.1548767089844,5.4723968505859375,192.97174,454.95804
338.3269500732422,5.519073486328125,197.28629,456.9262
353.4823684692383,5.664825439453125,199.93578,454.029
362.590576171875,1.5440216064453125,196.11096,457.81882
374.15907287597656,3.2630462646484375,201.9581,457.652
379.7668151855469,-0.0159454345703125,199.77655,458.0203
388.71692657470703,-2.92681884765625,204.50243,472.92346
399.48719787597656,3.2902679443359375,218.05331,467.95694
404.8002243041992,5.509490966796875,230.09889,466.24005
405.3678741455078,2.652587890625,231.21506,480
417.23179626464844,0.859771728515625,225.11197,474.12653
414.1516647338867,2.510406494140625,225.8379,478.90057
430.5204544067383,5.60272216796875,213.76671,480
432.0898971557617,4.666015625,209.9535,479.32654
469.4801330566406,3.469207763671875,171.14056,479.30902
495.28746795654297,4.136474609375,146.33131,480
513.7375373840332,4.49090576171875,126.38369,480
517.9764175415039,3.63519287109375,122.810715,480
511.4230270385742,6.795257568359375,130.97047,479.1999
517.1695747375488,4.01348876953125,127.778404,480
516.2145118713379,6.7667083740234375,127.03326,474.97464
513.4737548828125,7.1391754150390625,128.0597,479.52365
511.18306732177734,1.346923828125,129.73653,480
512.5014724731445,3.37103271484375,129.56602,480
504.27113342285156,6.67822265625,131.32248,471.81885
487.9209213256836,1.0650482177734375,145.33589,478.855
478.3716125488281,5.0930633544921875,148.58258,474.90274
466.65010833740234,4.7510223388671875,150.25471,471.1216
452.6738815307617,7.287750244140625,152.3434,471.24677
444.1184997558594,10.850341796875,144.61005,465.4109
431.0971374511719,9.669769287109375,152.84784,464.11542
408.71654510498047,3.5489654541015625,161.12953,467.53915
413.4026336669922,-1.6555023193359375,159.63968,475.24936
412.24063873291016,3.1713104248046875,159.52434,471.9949
404.7675247192383,-1.77679443359375,155.03856,474.55005
392.33081817626953,-0.8448333740234375,172.9099,465.26144
381.6831359863281,3.0885467529296875,177.01642,464.6415
384.3152618408203,5.2980804443359375,170.46921,468.11002
373.12371826171875,7.776336669921875,166.37598,466.22064
370.42437744140625,5.875946044921875,155.89587,466.98407
367.4178009033203,9.948776245117188,152.8038,462.11746
362.4260482788086,12.823501586914062,141.17952,457.49936
358.23106384277344,13.401702880859375,140.24759,459.5628
360.35772705078125,21.974533081054688,127.89868,452.28165
363.54803466796875,19.370803833007812,114.22705,459.18552
361.4633483886719,12.248611450195312,108.63275,463.52853
343.67998123168945,13.4991455078125,118.346214,460.25818
340.00802993774414,17.931915283203125,113.85186,456.2691
331.1565475463867,8.0748291015625,112.80324,461.92322
325.5972900390625,6.5842132568359375,108.95886,457.892
318.2533187866211,5.256256103515625,113.93135,459.8542
298.433536529541,3.05950927734375,115.47314,457.5304
296.07330322265625,11.814208984375,108.9762,438.22095
294.22328186035156,11.448989868164062,109.28073,444.5792
289.7821502685547,6.585845947265625,149.48026,455.13312
315.5793685913086,69.504638671875,228.00691,399.92407
284.79488372802734,17.684951782226562,157.33992,450.11252
293.61912536621094,20.03826904296875,224.5585,451.01233
273.32569885253906,2.8204345703125,279.9006,478.6422
282.08402252197266,-0.8328857421875,253.98344,477.95874
281.0705261230469,-2.6761016845703125,257.58392,475.98978
261.5264205932617,2.8791046142578125,250.41493,468.57907
274.1343994140625,3.335113525390625,272.2577,474.48322
266.9432830810547,0.7114410400390625,293.18863,473.0981
275.9719696044922,10.906295776367188,272.38284,464.1736
291.2915954589844,13.169754028320312,262.55328,461.70102
304.5803527832031,21.343521118164062,268.0268,452.89352
322.6953887939453,4.8834075927734375,274.7252,467.99808
365.8804702758789,29.63543701171875,232.64311,453.01758
360.46788787841797,20.460281372070312,254.1509,459.16257
307.2243957519531,19.640304565429688,321.9455,450.3052
464.90013885498047,11.39837646484375,175.50417,461.15356
478.09613037109375,34.00209045410156,158.91382,433.49423
433.5099868774414,40.93212890625,203.68047,426.11658
409.1037902832031,27.571380615234375,231.08636,445.51825
553.2568702697754,45.90235900878906,93.33636,431.6617
379.6855163574219,44.59468078613281,266.8239,423.79843
550.9825706481934,49.56605529785156,90.016304,427.52988
365.9882354736328,35.17771911621094,284.40683,430.90903
506.22669219970703,54.804412841796875,136.09398,420.49365
376.5277862548828,51.617401123046875,265.84628,422.24023
387.77274322509766,4.3115081787109375,250.63017,469.49277
402.9581527709961,1.9855499267578125,241.83699,471.55716
441.57240295410156,5.8904571533203125,201.4537,478.58804
545.4792556762695,21.62335205078125,100.72032,457.76764
463.5470199584961,16.770767211914062,178.15968,456.99332
545.8168296813965,25.580047607421875,102.66267,446.95312
435.7222442626953,44.2430419921875,206.06601,430.61713
443.0976333618164,35.47259521484375,202.53679,437.12775
505.6591262817383,41.958465576171875,139.08409,431.60327
480.3602523803711,35.73419189453125,166.4095,437.6878
427.77374267578125,11.073257446289062,201.7865,465.67557
428.30804443359375,18.802474975585938,215.34814,460.8558
424.6330795288086,17.4962158203125,221.42635,457.8244
423.1649703979492,11.02764892578125,225.62721,466.05414
416.77283477783203,15.856246948242188,229.21507,459.9045
405.38905334472656,16.930908203125,236.15463,457.54388
391.16896057128906,17.321853637695312,251.8154,455.06644
418.8511199951172,38.51066589355469,218.8577,437.23996
371.3121643066406,9.8536376953125,272.35516,465.76495
349.7236785888672,20.187835693359375,287.8588,451.24377
334.50091552734375,10.737319946289062,311.52026,459.12466
484.71849060058594,24.07501220703125,154.30533,456.73553
340.1881103515625,7.2060546875,302.4967,457.4632
314.9730224609375,9.790634155273438,330.35864,463.43063
317.99305725097656,11.100250244140625,332.54074,457.5254
308.9394226074219,10.830581665039062,327.46503,457.72562
327.08409118652344,12.464431762695312,309.74356,452.94656
300.09376525878906,5.6784515380859375,328.6434,465.74313
281.02223205566406,11.117584228515625,334.55344,456.67725
295.28648376464844,1.4036102294921875,342.32156,465.97495
307.6601104736328,9.89056396484375,332.4349,461.8443
272.86212158203125,8.585830688476562,368.02014,466.03848
273.27186584472656,11.528762817382812,370.79208,463.49637
248.01177978515625,17.917037963867188,368.2422,454.22543
257.3190612792969,29.6580810546875,360.82843,447.50494
220.67884826660156,6.1041412353515625,372.37802,470.74234
231.0587615966797,18.123626708984375,357.038,460.0354
205.673583984375,35.60200500488281,354.03552,440.73477
213.0374298095703,24.72283935546875,339.9907,451.98773
202.8013153076172,12.535491943359375,342.0491,460.14722
180.5333251953125,11.69476318359375,348.52478,460.5783
181.81314086914062,23.437225341796875,342.76044,449.17102
189.86209106445312,11.02716064453125,325.08954,464.3864
168.26580810546875,25.07666015625,330.0409,446.3294
130.68419647216797,0.3588409423828125,140.47902,463.94254
136.54291915893555,1.562469482421875,125.04624,469.35803
121.929931640625,4.9029083251953125,136.27087,467.6747
111.9820785522461,-1.995269775390625,146.11336,480
113.43492126464844,1.496490478515625,126.197174,473.33374
107.63951110839844,0.0428619384765625,130.31924,476.45413
107.98370361328125,-0.452239990234375,128.6427,480
120.28592300415039,-1.690399169921875,105.5512,480
104.68244171142578,-1.326324462890625,125.626816,480
102.97074127197266,-1.172149658203125,124.28386,480
83.86004638671875,0.832672119140625,141.50696,480
78.83914184570312,2.627716064453125,143.63812,480
72.47272491455078,-1.4648895263671875,144.83043,479.83316
65.14498901367188,4.874603271484375,155.35883,480
61.737648010253906,3.411773681640625,156.32341,480
73.51961517333984,9.382110595703125,140.83577,480
67.28345489501953,-2.307159423828125,159.06175,480
67.65045166015625,8.011505126953125,142.10986,480
48.13410186767578,4.128753662109375,161.78465,480
69.125244140625,20.849960327148438,138.32776,478.68576
64.02056121826172,15.13543701171875,155.36073,475.15582
54.10581970214844,5.911590576171875,155.39114,480
43.878089904785156,4.550323486328125,162.43669,480
53.653770446777344,3.300567626953125,140.33638,480
56.71935272216797,-1.218048095703125,151.38539,480
30.529571533203125,-0.872406005859375,158.2237,480
44.45635986328125,2.320098876953125,145.22461,480
44.824195861816406,-1.245880126953125,135.8001,480
51.03404998779297,6.098541259765625,139.45766,480
33.162025451660156,5.129425048828125,146.1237,480
49.860931396484375,7.449554443359375,138.28278,480
42.32267761230469,3.191741943359375,132.27078,480
66.82094192504883,2.2153778076171875,121.19857,476.82468
13.051177978515625,0.7952728271484375,162.29437,475.9398
22.57286834716797,9.152435302734375,171.78078,480
207.4326629638672,19.523284912109375,267.0209,471.56567
225.08605194091797,14.962005615234375,241.29213,464.24414
227.34405517578125,19.530990600585938,242.54395,466.80698
254.0305938720703,15.242950439453125,215.88962,464.0846
224.4848175048828,16.604690551757812,258.46005,472.53165
0.6201095581054688,1.642852783203125,203.56703,480
10.919303894042969,3.084808349609375,189.55104,480
3.0217666625976562,-0.807220458984375,181.66216,480
220.6959228515625,25.026931762695312,290.85437,451.13455
0.25787353515625,-0.618194580078125,205.48334,480
18.134544372558594,-0.807403564453125,181.8738,480
3.1721038818359375,3.519500732421875,187.75778,480
231.3453826904297,27.938323974609375,302.7695,446.56482
264.89031982421875,17.899429321289062,271.42804,457.22232
2.4408493041992188,-2.07952880859375,199.68404,474.05548
39.696861267089844,7.076690673828125,175.13588,480
227.1707000732422,22.09130859375,350.06442,452.66998
220.1583709716797,28.64599609375,343.15366,448.71442
237.6080780029297,23.988510131835938,325.00168,453.1733
226.64224243164062,17.73822021484375,349.34766,458.34076
227.13128662109375,20.298431396484375,360.06842,455.3495
224.59861755371094,4.04461669921875,379.99094,466.36102
277.0177001953125,5.3394317626953125,335.86603,468.64603
242.06295776367188,3.5191650390625,376.02832,468.89508
284.399658203125,1.6661834716796875,331.72638,468.25095
269.5517120361328,4.65374755859375,350.41507,470.40704
252.3897247314453,5.73028564453125,374.44522,463.28534
264.51304626464844,9.682052612304688,355.2905,467.90842
271.8919982910156,7.2103271484375,347.97522,466.2591
264.7180938720703,8.064468383789062,355.77847,469.68875
278.6684265136719,15.8946533203125,336.7323,460.51642
290.0729064941406,19.216171264648438,326.28088,458.9365
327.9530334472656,22.761734008789062,284.078,459.53885
404.1639175415039,25.90386962890625,191.49925,452.58356
337.7974853515625,43.04490661621094,242.42255,427.08737
67.11334991455078,4.857635498046875,222.2584,475.1504
73.2917709350586,2.416107177734375,230.41035,480
66.54566955566406,-1.372344970703125,225.85971,480
77.09249877929688,2.324005126953125,196.08917,480
70.86591339111328,-0.859466552734375,226.67772,480
74.00303649902344,0.799102783203125,223.01505,480
80.08455657958984,-1.075103759765625,229.10713,480
84.21043395996094,-2.921539306640625,223.29422,480
85.04361724853516,-3.351409912109375,219.97112,480
73.28810119628906,0.528656005859375,232.2164,474.9109
85.61683654785156,0.896942138671875,231.35031,480
467.4659729003906,46.72453308105469,132.11786,430.72385
424.67591094970703,48.81422424316406,158.359,423.32547
396.98976135253906,39.688232421875,202.31223,424.8991
381.55621337890625,20.464767456054688,207.64429,447.87668
359.09535217285156,12.232025146484375,251.26413,468.93994
471.92872619628906,11.2508544921875,161.702,463.273
247.6393280029297,124.44088745117188,132.35342,351.42505
277.0774612426758,144.8333740234375,83.64989,328.25153
271.9571647644043,144.36233520507812,95.435036,342.27985
241.75580978393555,115.12641906738281,109.620705,364.6354
292.8972396850586,39.068572998046875,158.62202,433.78107
315.31787109375,8.660293579101562,316.04688,462.4149
341.4516143798828,18.734176635742188,268.29538,464.71024
492.9259490966797,8.10931396484375,138.6586,469.45667
437.50667572021484,29.804275512695312,177.8979,447.103
476.4754333496094,34.81071472167969,131.65253,437.82327
457.23123931884766,48.82273864746094,151.33769,427.61954
463.97377014160156,34.976470947265625,128.64157,435.48456
394.94364166259766,61.624359130859375,186.68718,412.58356
457.96429443359375,42.415740966796875,131.6654,437.78864
429.2222137451172,61.34056091308594,155.55606,417.48514
449.0309066772461,52.24211120605469,166.32198,417.4982
462.4032211303711,56.41050720214844,130.23763,420.67032
451.83727264404297,59.77857971191406,141.67982,413.2899
464.01246643066406,27.95977783203125,136.71823,444.56262
441.23753356933594,31.708709716796875,179.10977,439.5583
475.4329605102539,31.458953857421875,139.00542,443.21124
476.14561462402344,34.540374755859375,144.96951,435.87543
341.88043212890625,38.846160888671875,251.89227,438.5561
361.75103759765625,19.028488159179688,241.96747,460.2996
473.34471130371094,18.208740234375,148.2026,458.18677
495.20555877685547,1.4479217529296875,151.99739,469.9517
322.64683532714844,56.89776611328125,114.631256,425.51147
337.2022705078125,33.64430236816406,137.10315,442.80075
348.68560791015625,25.045654296875,157.67224,448.0741
360.59021759033203,5.1684112548828125,231.09972,462.1041
361.3112106323242,0.4286651611328125,248.47438,477.0173
408.8533477783203,9.175857543945312,216.65036,469.10226
427.2251892089844,8.830947875976562,172.15741,469.64096
451.6150360107422,15.237442016601562,178.84952,462.97665
455.806396484375,10.660354614257812,180.02966,463.42392
435.4560317993164,20.391738891601562,173.14104,458.37204
454.18251037597656,24.6016845703125,161.3818,453.92725
460.9890365600586,35.702178955078125,137.67476,447.466
446.2994079589844,46.112213134765625,132.92303,436.57062
425.91585540771484,64.87782287597656,129.09724,415.67746
422.20262145996094,74.91567993164062,114.1431,407.43756
422.9656562805176,53.009185791015625,113.89193,431.1621
127.32879638671875,3.745574951171875,133.50412,473.13336
131.56575775146484,7.3989105224609375,133.5457,470.09525
145.90853881835938,7.1605072021484375,138.975,477.4728
149.3071517944336,15.724746704101562,154.5308,471.94577
147.63768005371094,3.6600494384765625,170.3977,477.09726
159.09497833251953,6.66448974609375,168.22615,480
160.7337646484375,4.70635986328125,171.3226,480
159.9307632446289,12.527252197265625,176.78908,475.37225
145.42548370361328,-1.6993408203125,213.35078,480
150.52275848388672,6.63824462890625,159.13866,480
132.18387603759766,9.689453125,191.5453,468.79468
123.89219665527344,3.04180908203125,198.4403,478.37744
130.0778579711914,3.2799530029296875,186.47133,477.9894
123.53880310058594,7.4418792724609375,194.43152,471.83353
123.45850372314453,8.9605712890625,205.97005,475.8988
133.10576629638672,9.3980712890625,184.04662,480
132.4187774658203,5.88763427734375,195.0102,480
134.20980072021484,2.7457275390625,181.80022,480
275.45916748046875,42.14617919921875,252.3884,436.87646
318.8226623535156,27.458160400390625,231.46658,440.60992
328.5397262573242,17.763351440429688,211.66258,449.90958
334.5060729980469,29.876327514648438,213.48355,443.9091
196.83877563476562,5.0083770751953125,213.33072,479.5107
222.7300262451172,10.018539428710938,206.54175,469.68057
195.13785552978516,9.474716186523438,207.39699,469.68423
151.15164184570312,5.913238525390625,233.70828,473.27814
140.14083099365234,1.677154541015625,255.43498,478.60028
138.44236755371094,4.074920654296875,277.5409,472.95258
134.7651824951172,-1.2679901123046875,267.60913,476.34738
121.26789855957031,-5.01922607421875,272.0827,480
119.451904296875,1.853271484375,253.50754,472.9984
114.80731964111328,2.679443359375,243.50386,480
104.65248107910156,-3.7764892578125,246.32623,480
92.99252319335938,0.8018951416015625,283.048,475.9471
85.62852478027344,5.4826202392578125,318.38867,471.23495
84.49873352050781,2.618560791015625,304.8969,474.86053
72.72526550292969,10.67047119140625,306.00012,463.39172
63.98219299316406,5.8478240966796875,299.7342,469.4882
228.2866973876953,7.563018798828125,158.14716,469.14764
88.74395751953125,10.54718017578125,256.26767,464.71838
173.21468353271484,15.656494140625,166.2564,460.35034
212.4687957763672,9.79833984375,137.07715,465.8778
187.06493377685547,10.9425048828125,140.21922,470.05798
91.21065521240234,0.200531005859375,219.89555,478.69147
92.265625,7.1075897216796875,231.21774,466.90408
91.1285400390625,9.462371826171875,226.85995,463.80756
87.84185791015625,9.577545166015625,222.90329,468.84454
85.57144927978516,9.866012573242188,228.3578,470.6105
82.87386322021484,3.7144622802734375,215.42827,471.36783
90.80007934570312,3.870513916015625,211.67447,474.0334
82.95368957519531,5.6985931396484375,216.0307,471.90714
80.46533966064453,4.7022247314453125,210.58699,472.6694
85.12725830078125,12.710098266601562,202.14902,459.20322
71.7376708984375,8.614227294921875,214.68893,464.60065
68.59786987304688,5.6914825439453125,213.82388,469.21713
69.41622924804688,7.8219757080078125,204.09122,469.25436
64.51618957519531,8.081298828125,217.47711,468.17322
74.00672912597656,9.827682495117188,205.54803,467.4512
45.81462860107422,7.3719482421875,244.52135,465.33655
60.114532470703125,6.1589813232421875,235.05472,469.24832
65.13732147216797,5.2820281982421875,202.87767,471.35904
66.74004364013672,6.9332275390625,222.1621,470.54224
66.39788818359375,5.1980743408203125,228.20493,471.66672
74.41178894042969,6.9099578857421875,210.64258,471.16727
66.88912200927734,6.2799530029296875,226.96696,468.09354
75.8600082397461,7.5807952880859375,236.57695,471.60513
71.61997985839844,6.331085205078125,234.4696,473.67218
79.38553619384766,6.6663360595703125,205.26662,475.58627
78.7025146484375,8.655731201171875,226.15048,474.2846
79.46334075927734,6.092864990234375,212.67229,475.836
84.5669937133789,7.5369415283203125,220.29555,473.06198
83.2887191772461,8.939178466796875,235.43681,468.5019
76.47808837890625,4.753936767578125,220.12155,474.07977
83.89028930664062,4.4880218505859375,221.3743,475.13846
76.10250091552734,0.7238006591796875,207.36833,478.28873
75.63333892822266,3.6901397705078125,224.80165,473.89218
80.0685043334961,6.1024627685546875,207.19243,471.36234
65.35277557373047,3.8774261474609375,234.25096,472.22598
76.87579345703125,8.689743041992188,213.76779,473.69656
82.83535766601562,10.002731323242188,218.51163,471.4601
79.08660888671875,8.725830078125,199.46457,474.55298
80.1495132446289,9.366989135742188,209.71864,474.95987
86.95968627929688,14.057647705078125,204.3937,468.54852
90.46100616455078,13.795684814453125,200.44038,468.47528
97.64551544189453,4.96624755859375,203.55269,480
105.1756591796875,12.242355346679688,196.3093,471.39664
105.77479553222656,15.156005859375,196.59613,468.44434
108.57076263427734,14.064041137695312,199.0695,469.22177
114.36602783203125,14.475112915039062,210.889,469.00375
125.66822052001953,23.147109985351562,197.18318,461.78146
133.3438491821289,24.059951782226562,196.90456,457.0438
140.39813232421875,21.195526123046875,193.19443,462.13727
153.1523666381836,21.829254150390625,193.10808,461.66412
162.19776916503906,19.302978515625,182.88763,464.69836
163.25273895263672,23.055984497070312,181.68016,456.57822
164.32225799560547,24.642196655273438,173.05699,455.29996
170.38372802734375,21.918548583984375,167.67514,457.72504
171.79905700683594,22.041000366210938,158.34167,453.48465
173.2782211303711,22.83062744140625,163.03886,451.96313
182.5081558227539,24.716217041015625,148.22755,452.86896
187.10313415527344,23.5396728515625,143.96387,451.4016
186.9315414428711,26.296234130859375,150.88249,446.24274
187.2426528930664,23.626419067382812,162.56654,448.5389
191.93936157226562,24.993072509765625,160.21133,450.6236
189.8765869140625,24.581512451171875,172.86057,451.92548
189.8653564453125,29.78753662109375,185.04721,440.8352
187.64409637451172,28.603744506835938,190.09386,444.00858
186.86744689941406,24.24969482421875,199.74152,450.5022
193.82601165771484,29.272781372070312,200.0684,444.7778
190.3703155517578,31.051605224609375,195.2602,441.27216
182.3606414794922,31.593170166015625,210.24536,440.32416
189.25885009765625,27.970550537109375,209.5881,442.96515
181.36947631835938,28.1280517578125,201.13443,443.22498
190.67064666748047,22.1700439453125,215.35692,446.72876
192.33306121826172,25.059295654296875,182.66002,442.8239
189.89794158935547,18.687149047851562,187.11754,452.52853
194.91648864746094,16.720565795898438,191.29639,451.15775
190.84578704833984,12.366989135742188,196.17326,457.64713
247.41358947753906,13.758056640625,150.76813,451.94983
268.2625389099121,16.193283081054688,127.87321,450.49918
279.7170715332031,10.100250244140625,128.38956,458.48773
272.7277297973633,11.69207763671875,141.2043,457.44934
284.5426788330078,7.1997833251953125,139.28119,463.50656
292.8630676269531,6.171661376953125,132.72891,468.2613
292.69273376464844,6.5559234619140625,134.87878,465.99655
304.2839012145996,4.80633544921875,127.37626,468.7124
305.0819396972656,4.9742889404296875,130.8345,469.73514
302.9706573486328,7.964447021484375,133.10553,464.20197
304.33692932128906,7.022186279296875,130.43915,462.66315
307.6901092529297,6.6195068359375,133.80847,466.98145
311.10237884521484,6.2904052734375,130.37383,463.55017
314.97410583496094,9.021652221679688,130.28308,461.35782
308.11192321777344,12.042572021484375,140.65381,460.97858
310.83882904052734,11.742874145507812,138.20732,458.3862
311.70201873779297,13.613937377929688,138.52074,457.66568
311.0849838256836,9.588104248046875,139.20354,460.393
315.0719451904297,20.851516723632812,148.50183,451.1019
309.29327392578125,17.525390625,143.22873,453.5066
318.7237777709961,86.73970031738281,133.46904,384.0732
310.60106658935547,77.75810241699219,145.44023,388.29654
322.0335693359375,81.80726623535156,134.42911,384.75436
342.448184967041,73.35494995117188,122.136986,391.53857
348.6741600036621,78.38270568847656,105.97489,381.77487
356.6930465698242,82.65087890625,99.92082,379.12012
372.9385223388672,60.146942138671875,108.63043,394.61987
350.08494567871094,38.27923583984375,175.90997,426.86975
462.0489044189453,23.471755981445312,184.36426,451.97104
338.1875762939453,12.843704223632812,305.37317,452.03146
291.4028778076172,5.33599853515625,354.64972,462.6825
276.7679748535156,2.4832611083984375,363.8536,463.18546
275.13194274902344,5.4827728271484375,356.15826,468.49466
270.5139923095703,6.9237060546875,363.09155,467.78638
272.1317901611328,9.670547485351562,362.09143,468.447
283.5691833496094,15.73089599609375,349.4304,462.07703
363.9609375,9.168197631835938,269.77628,468.2267
248.79425048828125,4.9620819091796875,335.55923,471.38773
270.8897705078125,5.5160064697265625,362.61307,467.72263
258.839111328125,3.701385498046875,299.44608,469.49774
229.20396423339844,-6.154052734375,345.0667,477.24878
239.7027587890625,-1.565093994140625,336.26456,467.82977
244.83758544921875,-3.952850341796875,323.96182,479.8271
262.7765808105469,-1.888885498046875,318.2286,472.5102
242.87460327148438,-0.034912109375,322.45517,470.9203
233.97482299804688,2.8724365234375,329.5825,470.3208
254.28346252441406,1.3653106689453125,309.60645,465.5975
265.5231628417969,1.4650726318359375,349.93283,472.70682
277.1438446044922,4.8462371826171875,333.83502,471.13528
345.6761016845703,13.079574584960938,286.82825,459.73306
314.61712646484375,7.6915283203125,325.15933,461.5371
490.10050201416016,25.962677001953125,151.55855,443.25494
519.446174621582,33.696624755859375,119.24428,432.84296
525.4600639343262,62.61610412597656,118.8299,411.42685
508.5354766845703,51.16316223144531,133.86072,417.90146
505.34303283691406,22.2327880859375,136.61414,445.1703
506.1474151611328,25.797454833984375,132.27441,440.93536
501.4704895019531,27.358169555664062,132.74423,428.8209
494.0729675292969,35.38414001464844,145.73886,425.56705
488.7724304199219,16.2239990234375,142.25888,446.04077
486.2802429199219,15.905044555664062,157.7175,441.29538
485.01866912841797,10.230575561523438,152.68437,447.7947
480.81419372558594,11.115447998046875,158.2757,437.67902
489.22589111328125,9.208938598632812,155.55643,436.78366
487.6341323852539,2.898773193359375,148.08882,456.92963
526.210521697998,5.6081695556640625,116.43433,435.9139
486.6463851928711,9.206146240234375,158.57433,444.6264
492.3067626953125,5.39190673828125,148.60367,446.8927
493.8086242675781,12.284866333007812,146.27975,446.43857
518.7739562988281,6.878692626953125,116.55551,439.06146
507.0432548522949,4.724212646484375,123.595894,447.02338
476.33843994140625,7.7177734375,149.58987,440.8838
475.55755615234375,9.491470336914062,150.40811,438.6777
458.98351287841797,9.917877197265625,153.54692,444.47968
458.83809661865234,12.907943725585938,144.947,429.2344
470.20323944091797,12.776641845703125,140.6917,439.78143
464.98311614990234,11.361358642578125,133.85167,439.1767
471.50578689575195,12.369094848632812,127.57549,443.64963
466.3938217163086,8.183563232421875,134.31944,442.6225
471.41114044189453,13.476272583007812,131.87611,432.8359
462.67029571533203,12.488250732421875,157.98085,437.7575
453.3015441894531,9.93719482421875,177.20407,436.4922
450.5439987182617,8.555892944335938,183.0208,435.8008
453.7200164794922,9.652740478515625,184.57819,425.6883
447.71402740478516,9.516921997070312,192.84138,427.58798
445.95526123046875,8.91912841796875,192.01138,424.57397
450.3905563354492,10.693435668945312,186.30022,419.83957
424.7339096069336,8.619766235351562,205.39171,424.3669
426.9544372558594,15.767990112304688,196.12045,422.73465
411.5734558105469,12.509231567382812,208.587,424.3387
411.3429412841797,16.706893920898438,202.0058,422.84573
401.72914123535156,18.630859375,198.59619,422.1588
401.06614685058594,17.312759399414062,188.14813,421.16867
392.2230224609375,17.698516845703125,187.33707,424.54205
388.09717559814453,20.410980224609375,184.86464,418.5423
379.20633697509766,12.64019775390625,175.1628,427.72522
369.73233795166016,20.96282958984375,179.5511,436.40295
363.07027435302734,34.615081787109375,172.47179,421.27264
362.5884323120117,31.177337646484375,170.01396,417.2326
362.4773941040039,35.94697570800781,153.29146,414.15952
351.9115295410156,34.927490234375,158.35605,407.66064
348.1222152709961,30.089996337890625,157.26659,415.37506
349.9374084472656,33.87107849121094,145.22714,419.0186
345.1236038208008,37.18446350097656,145.92934,409.8066
347.0327453613281,27.550018310546875,138.15231,419.8708
348.0431823730469,24.775405883789062,131.65158,423.06442
347.1681709289551,16.001388549804688,125.15026,426.71072
340.29578399658203,17.552017211914062,132.69081,425.47128
337.76131439208984,17.04608154296875,117.40538,423.04504
330.2622604370117,10.4473876953125,129.41435,426.17798
322.23974609375,11.323318481445312,128.4202,425.00156
318.0321350097656,8.8590087890625,145.16855,426.23328
316.20379638671875,14.551406860351562,143.87808,425.02585
307.9428482055664,10.216567993164062,142.22432,428.08762
297.4012451171875,11.973159790039062,138.7421,430.12704
293.0941925048828,13.415023803710938,136.89221,430.1321
277.33863830566406,17.380615234375,138.18018,428.81274
270.8489303588867,18.3702392578125,141.35674,430.25146
256.1270446777344,21.937835693359375,142.53305,430.78497
251.9020538330078,24.845077514648438,142.46143,428.76797
240.1287384033203,29.354202270507812,142.1958,428.42844
236.8247833251953,32.88433837890625,141.849,422.23438
230.31356811523438,32.04728698730469,141.47885,425.04825
223.9192886352539,33.84718322753906,141.15852,422.83237
220.8141632080078,34.08845520019531,141.20825,419.64658
221.81082153320312,31.833084106445312,139.90634,420.4847
228.88275146484375,37.27818298339844,128.4047,415.18167
237.78971099853516,32.08769226074219,118.27583,414.15067
242.3528594970703,30.737274169921875,118.580444,405.6264
246.26034545898438,29.231338500976562,116.69638,403.48666
250.0362777709961,26.048294067382812,115.25169,403.4614
251.03595733642578,22.236160278320312,116.75136,407.53134
251.18978881835938,20.681976318359375,118.121185,405.9909
252.91886138916016,22.942031860351562,118.087234,400.88962
250.33243942260742,21.257843017578125,124.98847,400.75482
247.4912872314453,19.814315795898438,127.08984,399.57108
247.8962860107422,18.815673828125,132.65338,399.2483
249.1827392578125,19.765579223632812,137.21793,397.296
246.213623046875,24.996566772460938,146.84976,395.56827
248.48543548583984,22.446121215820312,148.00023,402.77316
247.33959197998047,25.217437744140625,147.23943,401.7563
249.3686065673828,29.667129516601562,143.6272,397.61472
248.43736267089844,33.6092529296875,143.48749,393.27295
252.88948822021484,37.206512451171875,144.39073,388.78497
248.67626953125,31.24188232421875,146.70474,389.89526
259.7194595336914,26.016082763671875,139.47395,395.53973
258.59305572509766,21.011825561523438,136.8514,399.1957
260.21775817871094,14.518356323242188,132.68768,403.34647
264.25618743896484,10.024093627929688,134.94872,407.30606
269.77872467041016,7.8637542724609375,131.1993,406.44595
290.7290344238281,9.229202270507812,131.52768,398.17368
303.0123634338379,10.660415649414062,125.075035,389.0544
309.1478500366211,3.690155029296875,134.72716,388.25745
314.5215759277344,6.40557861328125,146.92392,384.17157
320.17018127441406,7.870147705078125,146.69983,381.59167
327.4346008300781,11.378341674804688,153.24081,375.45114
335.26595306396484,9.562301635742188,148.99046,376.6373
341.0226593017578,7.3288421630859375,157.6759,379.2534
353.17784881591797,8.685440063476562,143.7581,377.13016
350.2651138305664,3.651519775390625,164.5738,384.94458
378.1606750488281,3.59576416015625,144.49118,386.03497
366.406005859375,2.505401611328125,167.66385,385.0122
405.6175537109375,1.593475341796875,141.64053,389.91187
414.83243560791016,5.083160400390625,146.23628,396.80444
419.39098358154297,9.449981689453125,141.85442,391.8125
426.6177749633789,6.3076019287109375,149.75093,399.5626
431.5552673339844,9.890426635742188,135.24033,397.80392
441.93895721435547,12.147109985351562,123.93596,399.74625
435.2460708618164,14.013320922851562,134.85689,399.83023
442.64111328125,16.023361206054688,146.40701,400.27365
443.6168441772461,14.72088623046875,137.8131,405.31927
443.78419494628906,23.0850830078125,142.51343,398.58197
449.8335266113281,25.19256591796875,147.26083,398.0943
453.6814498901367,24.6705322265625,135.99919,400.46747
460.7816162109375,33.47410583496094,144.26627,391.34775
477.5587921142578,36.00962829589844,122.22632,392.55685
482.10794830322266,38.17327880859375,136.14278,388.0902
498.66587829589844,31.97821044921875,131.84137,395.90503
515.1767883300781,31.152694702148438,132.9443,390.58853
538.5466079711914,47.26081848144531,107.00935,383.82675
527.0253753662109,42.749420166015625,115.841064,387.13373
533.4209251403809,42.46040344238281,110.4166,382.10867
540.0923805236816,38.883941650390625,105.5458,386.3706
543.0721549987793,37.98187255859375,103.55207,374.19952
546.5353393554688,34.53199768066406,98.629425,376.38956
547.1724281311035,35.841644287109375,98.637596,373.6114
551.1468734741211,35.697357177734375,94.77629,370.57367
548.4076309204102,31.854446411132812,97.20149,373.74576
545.4612007141113,35.331817626953125,99.32946,370.53973
541.6946334838867,35.12059020996094,101.96129,373.84476
544.0621948242188,40.14933776855469,100.13394,370.47354
546.7142562866211,38.387451171875,97.411545,375.1338
548.5391883850098,41.653961181640625,95.34341,373.8471
550.0869293212891,46.22709655761719,94.21631,370.5139
550.8311920166016,50.130767822265625,94.75598,370.0658
553.2410697937012,57.61317443847656,90.57661,365.61594
556.3210411071777,72.66011047363281,88.603676,355.7996
563.4560737609863,75.779052734375,82.70959,356.10828
563.6992111206055,78.95744323730469,81.08421,348.39883
571.488826751709,82.68342590332031,74.42362,346.13412
571.8252906799316,80.67472839355469,71.33248,345.64163
574.5567398071289,84.19342041015625,68.7173,344.2426
578.6660404205322,74.15960693359375,63.914593,351.3214
580.6527080535889,84.28289794921875,60.60416,340.50934
582.4619750976562,87.93814086914062,62.017487,328.30988
584.2882556915283,90.83941650390625,56.351925,326.93604
588.1958618164062,86.93524169921875,54.812286,334.3689
590.4345359802246,90.18453979492188,46.662086,322.72302
593.9845180511475,88.67762756347656,49.103016,316.42343
599.5815677642822,94.78913879394531,41.135845,307.0486
602.4797115325928,102.82028198242188,37.31313,296.89838
605.4809875488281,101.48448181152344,35.529144,298.00674
605.7524490356445,111.43685913085938,36.715042,296.40686
610.4088268280029,118.49847412109375,40.1814,289.13055
567.1252632141113,8.31085205078125,83.99975,372.53415
508.2280044555664,8.8006591796875,131.47035,336.8168
459.53907012939453,3.3825531005859375,155.3218,344.00513
462.2391357421875,5.465911865234375,154.44864,343.10385
573.7872657775879,10.737594604492188,80.75619,386.12164
464.60498046875,5.7593231201171875,161.39792,355.01538
467.9679183959961,5.4431610107421875,140.78288,345.78015
453.1562271118164,7.107330322265625,175.93007,335.764
445.5963821411133,2.02880859375,155.54713,339.02206
442.4748992919922,-0.0666656494140625,190.86346,342.59393
430.61009979248047,2.5966339111328125,169.16582,341.2555
438.3523406982422,3.0741119384765625,141.46106,334.114
425.8307418823242,11.781448364257812,138.15324,360.5631
597.1728057861328,37.93377685546875,54.1792,386.41495
586.5799388885498,93.63304138183594,58.511356,328.41132
579.3442325592041,87.96379089355469,61.262066,328.97937
568.3134574890137,58.356597900390625,74.89582,351.3588
558.8246040344238,54.24632263183594,87.05291,351.97424
541.693489074707,56.00022888183594,101.98164,351.45117
539.5536766052246,52.552215576171875,100.75645,348.71335
524.2187652587891,52.96043395996094,112.264465,345.17126
519.4462471008301,56.183837890625,108.64141,343.26486
508.3367729187012,64.32048034667969,97.108406,332.67828
499.391544342041,58.874298095703125,99.10885,336.37637
488.9765510559082,62.179901123046875,99.44494,331.48032
480.87674713134766,62.80975341796875,92.97847,331.35495
474.0942916870117,63.81944274902344,96.89116,332.64752
465.74067306518555,63.13130187988281,98.901985,331.59418
454.1271286010742,62.830108642578125,105.281784,333.24405
444.49502182006836,63.63874816894531,100.33231,328.15143
434.6870422363281,63.10472106933594,99.48898,330.96564
423.92989349365234,62.93940734863281,95.192184,327.10205
411.0905113220215,64.01206970214844,100.01066,326.14966
404.08987045288086,63.78437805175781,94.7739,324.64075
393.45458984375,61.02235412597656,96.3389,326.1446
381.88046646118164,59.7921142578125,101.139366,323.00137
371.83209228515625,59.85722351074219,97.874115,325.17883
365.1549606323242,59.48689270019531,93.53514,327.28442
367.6039237976074,57.97998046875,93.89515,329.25327
366.3554039001465,58.295501708984375,92.95695,331.03793
366.5615577697754,59.17466735839844,92.38259,331.4864
364.98077392578125,56.828399658203125,91.977936,335.54813
361.8388252258301,55.942108154296875,94.403984,336.285
364.1594543457031,57.707611083984375,91.46323,336.71262
365.45244216918945,56.794525146484375,88.534294,337.05368
365.7479248046875,52.24755859375,89.44852,344.24374
367.25841522216797,56.046844482421875,84.99327,342.25626
366.36706924438477,57.92240905761719,88.38314,339.72974
367.91996002197266,53.62498474121094,88.01265,343.94525
367.1071891784668,52.19758605957031,87.19959,345.3628
368.9428253173828,53.60173034667969,88.96979,344.0833
370.7346305847168,51.89286804199219,88.28022,346.29657
370.51740646362305,50.006683349609375,89.50233,347.30508
372.0653648376465,52.57350158691406,86.27567,344.72357
373.36716079711914,48.09135437011719,86.89846,347.96832
376.5308265686035,46.94142150878906,86.657555,351.65552
376.1969451904297,48.37052917480469,85.98065,348.7284
375.3051948547363,47.281402587890625,86.62743,352.09055
376.24658203125,50.39671325683594,86.304535,348.47058
378.26648712158203,44.23829650878906,85.48982,354.7525
376.02388763427734,49.81147766113281,90.04094,349.72107
378.6236991882324,51.45689392089844,84.94691,348.8034
381.62035369873047,51.31898498535156,85.799484,349.59583
377.3543128967285,54.485260009765625,89.77987,347.50052
381.78622817993164,51.949920654296875,91.83224,352.6968
378.91308212280273,53.220855712890625,100.46488,352.68973
379.3100891113281,55.34455871582031,91.879425,352.85986
379.444091796875,45.098846435546875,115.66019,361.00168
384.9078903198242,57.72001647949219,85.082504,348.9626
381.4128952026367,71.42523193359375,90.87425,331.95267
384.94203186035156,64.51071166992188,95.35565,336.47195
381.9325065612793,50.789794921875,103.33289,347.7133
387.2912406921387,54.26182556152344,108.56928,342.5796
397.03891372680664,39.59370422363281,123.167564,357.01288
395.656925201416,39.20106506347656,120.5024,352.98303
398.7281188964844,38.26557922363281,99.42093,352.6989
406.6669006347656,43.12693786621094,85.48764,350.76874
430.41293716430664,36.84559631347656,95.63058,368.5005
471.41536712646484,40.096038818359375,153.83165,387.46048
488.0897903442383,39.77812194824219,156.69362,393.4558
475.1445846557617,40.35687255859375,169.87053,401.82065
462.96106719970703,25.101165771484375,186.50856,414.62723
479.14732360839844,16.906356811523438,171.69635,430.703
462.12384033203125,25.602386474609375,177.88101,419.3456
460.73272705078125,23.047088623046875,185.46707,418.73184
462.72904205322266,17.292709350585938,187.08748,420.8595
459.43309020996094,22.8369140625,189.29327,420.8536
455.81026458740234,26.422760009765625,190.20299,418.53824
459.56324005126953,43.466339111328125,186.95326,405.79532
493.3994827270508,16.771713256835938,157.62477,437.62708
463.9552993774414,43.136474609375,176.09395,403.52536
494.9332504272461,25.798538208007812,155.47252,427.3659
481.69464111328125,15.455963134765625,152.736,437.37247
485.8619918823242,20.251449584960938,173.58513,442.60266
476.5926208496094,17.5662841796875,164.68002,437.0405
491.1592712402344,1.6894073486328125,162.10812,454.32928
479.4224090576172,15.828842163085938,163.53986,448.1471
528.7783470153809,16.561019897460938,119.30735,441.16614
546.229606628418,24.083023071289062,104.81804,438.25177
556.7380828857422,18.695068359375,100.369446,447.0007
558.2764587402344,9.278167724609375,85.74936,458.30362
569.5715217590332,19.94598388671875,82.80816,447.1312
563.3904495239258,6.6269683837890625,83.27785,460.70782
565.9154434204102,22.552413940429688,73.40608,446.55957
554.5798454284668,10.949432373046875,98.09742,457.0635
549.461051940918,18.851089477539062,101.8842,453.64447
541.3864479064941,22.566024780273438,104.53719,451.57568
530.0745735168457,20.86614990234375,120.97161,449.57614
532.7665672302246,31.39990234375,114.8364,441.58456
522.1505813598633,17.333389282226562,126.421036,458.1955
525.8558692932129,21.251739501953125,118.06832,445.73526
538.0192413330078,29.73974609375,109.735596,435.34396
527.3033180236816,15.220733642578125,125.743614,438.97452
531.7746315002441,26.06829833984375,117.59701,414.3253
517.8327751159668,17.966171264648438,125.7494,427.01672
523.3470420837402,26.474960327148438,106.18302,414.5027
520.4102783203125,10.656982421875,116.83255,428.72128
532.3643836975098,23.851806640625,95.70681,426.4283
533.4686546325684,21.825958251953125,107.2407,419.61038
531.3061332702637,14.31121826171875,112.57331,429.2856
523.9491348266602,25.446990966796875,118.20442,419.75784
517.2044143676758,23.618072509765625,125.215225,416.62222
505.56884002685547,25.222869873046875,132.63542,420.2892
471.61267852783203,23.21160888671875,129.73952,428.0461
457.65429306030273,23.693984985351562,116.67094,410.86188
455.9695739746094,26.64251708984375,109.53952,420.75668
456.0900421142578,22.261489868164062,101.95422,432.82318
448.2327194213867,27.809616088867188,104.35173,429.5199
438.45274353027344,20.9033203125,114.59442,433.5544
431.33958435058594,30.254226684570312,126.18646,422.43842
432.9444465637207,31.86004638671875,118.28826,419.10068
426.8985595703125,27.532363891601562,120.729034,422.24554
415.00425720214844,22.438430786132812,129.9892,427.0959
404.2471237182617,23.94415283203125,135.33928,423.3591
394.38793182373047,21.996749877929688,137.98662,423.79285
386.0745849609375,24.080245971679688,138.4993,421.3662
375.6597213745117,21.246139526367188,140.90752,427.5249
365.05208587646484,16.541946411132812,143.21886,434.59784
355.7606430053711,15.992645263671875,144.7733,439.3079
347.37693786621094,15.248336791992188,143.54095,436.34705
337.7381362915039,17.241012573242188,137.4941,438.06018
324.85169219970703,17.597732543945312,156.99489,443.35504
313.95066833496094,17.75665283203125,173.81635,441.80295
302.8539047241211,18.997955322265625,177.58275,440.92007
293.21598052978516,13.55645751953125,185.15584,451.26962
289.7871551513672,9.164398193359375,190.99567,461.37112
293.49961853027344,12.947280883789062,189.17255,451.54523
291.8624801635742,7.415435791015625,196.02385,465.87308
290.6092224121094,7.952880859375,192.13095,459.09274
290.0166244506836,8.033584594726562,190.11937,457.29877
289.6862335205078,7.55023193359375,188.28552,461.50522
290.91683197021484,6.4004364013671875,193.01268,462.66577
295.1239700317383,2.910797119140625,187.22133,466.18167
306.4272003173828,3.98858642578125,171.9364,466.2673
326.711669921875,5.932525634765625,159.1431,465.49417
322.07542419433594,2.6573944091796875,171.64825,465.38098
348.46141052246094,2.85888671875,154.54071,470.837
359.05423736572266,-2.83612060546875,151.39082,475.4437
372.8459243774414,-1.203521728515625,150.57149,478.5435
391.16063690185547,-1.8850860595703125,135.9854,480
395.44161224365234,-0.6463775634765625,138.93224,478.21167
400.9151153564453,0.1443328857421875,137.74316,477.1471
403.34751892089844,0.2661590576171875,146.88544,474.43604
411.46793365478516,-0.9324951171875,158.68025,476.7783
412.0129928588867,-4.826171875,174.3632,479.92966
418.35440826416016,-3.2240142822265625,195.38887,480
422.0890884399414,-2.9992828369140625,207.88509,480
429.8326644897461,-2.1579742431640625,198.88914,480
435.24346923828125,-3.8044586181640625,195.93411,480
437.88040924072266,-4.4308013916015625,197.99129,480
441.0873718261719,-4.1743011474609375,197.43332,476.7823
444.17152404785156,-5.0370025634765625,195.26807,480
448.9552001953125,-1.701385498046875,191.90543,478.70963
449.9756164550781,-4.4907989501953125,188.11667,480
455.4695587158203,0.3425750732421875,186.06921,480
445.75757598876953,6.7767333984375,196.26466,475.70786
433.8591537475586,1.4148712158203125,203.32213,476.2348
420.37681579589844,6.525604248046875,212.00214,472.7487
409.9199447631836,4.9591064453125,215.29796,479.60934
414.7006301879883,10.748138427734375,212.76955,468.11295
407.93621826171875,8.7181396484375,209.36783,468.3829
400.989013671875,4.173370361328125,218.30154,471.4108
402.8000183105469,0.0603485107421875,221.65842,479.74548
413.41910552978516,-3.2177886962890625,216.50545,480
415.40807342529297,-2.7811431884765625,213.72588,480
408.4810791015625,-3.7567901611328125,223.1912,480
406.0909118652344,5.478485107421875,226.74326,470.4512
417.4534912109375,1.7900390625,214.0607,474.04196
415.40038299560547,-4.6277008056640625,210.53337,480
417.54967498779297,1.8961029052734375,203.22295,480
414.55743408203125,5.9071044921875,204.15884,475.061
411.10089111328125,8.36358642578125,203.29398,471.8469
401.1470413208008,5.75128173828125,209.68593,478.13388
391.4108581542969,5.0975799560546875,204.01328,480
380.80455780029297,5.830810546875,204.98235,476.593
365.02880859375,3.4744110107421875,215.4844,479.7533
351.74185943603516,-1.6121368408203125,215.21956,480
339.3498229980469,4.7357025146484375,218.66379,480
327.45178985595703,8.273284912109375,214.49525,472.8727
321.7879409790039,7.4691925048828125,214.58699,471.25494
312.55538177490234,5.748138427734375,200.8861,475.77213
298.67952728271484,9.413970947265625,211.24681,473.1602
287.69886016845703,7.037200927734375,216.45448,477.55276
277.6497344970703,6.741302490234375,216.40466,479.7012
269.9525604248047,5.5396575927734375,222.09967,478.21338
265.1003646850586,0.6360321044921875,241.52342,480
230.55014038085938,4.4298553466796875,298.1439,480
234.92235565185547,9.847274780273438,253.8936,475.56042
238.502685546875,-1.4045562744140625,264.42874,480
229.1204071044922,0.7628631591796875,281.00555,480
252.19631958007812,3.2608489990234375,237.94821,470.40295
252.5938491821289,1.1214752197265625,215.47664,474.70172
257.19091796875,4.007537841796875,213.772,467.72464
257.3041763305664,4.261688232421875,208.97505,471.05154
236.85243225097656,5.6722869873046875,215.80835,471.5675
248.65313720703125,4.2488861083984375,214.944,469.6848
219.21878051757812,1.6317138671875,219.78244,467.66855
213.33173370361328,1.801483154296875,224.94167,471.9059
210.68536376953125,2.71893310546875,222.19717,474.09726
216.4410171508789,12.665390014648438,212.628,480
504.8696632385254,110.78697204589844,105.57076,375.84363
550.098819732666,45.06208801269531,70.92977,448.26666
499.60225677490234,101.23225402832031,116.3098,380.09747
514.3068695068359,96.41873168945312,95.809814,387.45224
512.2480239868164,86.78947448730469,85.52376,395.49878
496.26958084106445,124.60957336425781,66.7597,352.25092
484.21251678466797,133.08863830566406,62.942978,342.41266
467.50132751464844,132.5614776611328,62.45349,334.60205
464.0615692138672,132.2762451171875,67.02777,334.6686
444.6369743347168,118.44100952148438,69.88575,338.86002
426.9593048095703,127.15765380859375,79.355896,344.55557
437.8519630432129,118.50267028808594,73.488914,325.07922
423.1044616699219,126.28662109375,87.63382,338.3337
425.50426483154297,123.97297668457031,87.67973,332.36383
242.4955825805664,30.823196411132812,158.56929,445.32275
203.99647521972656,-1.7265472412109375,183.74292,480
185.9612274169922,4.0882720947265625,215.77423,473.72656
153.72781372070312,-1.3594512939453125,265.29318,479.90057
204.04037475585938,2.1608734130859375,222.07858,475.88385
211.85740661621094,6.67364501953125,203.69159,475.50797
207.1118392944336,1.8833160400390625,222.46214,476.0221
213.43456268310547,1.4532012939453125,224.8803,478.6311
216.30067443847656,2.057098388671875,229.78845,474.80124
222.22530364990234,3.4315643310546875,223.19981,474.2635
215.79429626464844,1.1210174560546875,235.27802,479.10248
225.7386703491211,3.8226165771484375,229.23778,475.69403
231.62674713134766,1.8685455322265625,221.49544,480
236.2007293701172,3.91302490234375,224.42877,472.2294
247.10137176513672,3.494720458984375,212.14458,471.5792
253.1912078857422,2.2679595947265625,201.99188,473.1106
261.3148880004883,5.1074066162109375,199.4795,475.50543
261.6710891723633,7.914459228515625,201.88966,470.40048
274.6770782470703,5.6883544921875,209.17737,471.77347
289.8688735961914,6.1369476318359375,186.10481,469.86224
308.3423614501953,12.062713623046875,201.39172,468.37167
325.8637237548828,12.1253662109375,215.5636,465.72293
347.5003967285156,9.22637939453125,207.32443,469.68448
406.4755859375,13.652359008789062,188.51077,468.7295
387.32958221435547,9.582046508789062,214.00395,468.4015
409.87084197998047,6.716339111328125,213.66203,475.54306
425.05804443359375,10.586807250976562,205.28201,466.40015
446.0703887939453,11.565200805664062,195.54785,463.67883
466.1335906982422,12.758056640625,186.48224,462.42532
473.12073516845703,14.900741577148438,171.28188,463.79462
481.0239944458008,6.2759552001953125,166.80446,466.98816
488.7781982421875,8.948104858398438,156.1304,463.8393
483.90250396728516,7.51220703125,159.64046,471.1492
480.4400939941406,9.264480590820312,163.96689,465.09937
484.70127868652344,13.739578247070312,157.60248,459.7185
477.2777328491211,7.409942626953125,163.3358,464.52158
469.82064056396484,11.30987548828125,178.03758,456.32022
473.8636932373047,9.859115600585938,173.26703,460.05035
477.3656921386719,10.171035766601562,159.80405,461.9358
468.6859817504883,9.254898071289062,171.78151,464.26892
465.9800109863281,12.889266967773438,150.35275,463.61176
462.4993591308594,12.155502319335938,177.3807,458.9179
444.1489715576172,31.792144775390625,130.63397,448.86618
403.7494125366211,84.50198364257812,122.00487,390.9282
380.390625,101.07356262207031,94.36685,362.25116
401.636417388916,103.88259887695312,117.09377,366.63724
377.8315238952637,101.32762145996094,99.89204,353.22748
408.7150459289551,92.28550720214844,88.63091,356.47205
428.3123359680176,86.53257751464844,89.31762,356.5843
372.764591217041,89.36564636230469,126.71224,342.45416
396.9190368652344,80.14398193359375,121.12338,353.2446
410.10062408447266,87.79313659667969,103.887344,340.67767
477.0646171569824,51.22502136230469,67.278206,387.8144
387.37560653686523,85.378662109375,97.43687,303.89822
385.64031982421875,98.7171630859375,90.64035,313.37747
339.81138610839844,101.63298034667969,141.31848,334.60638
388.28472900390625,101.78767395019531,102.80008,354.88483
387.56423568725586,115.55879211425781,127.24894,348.3969
405.37255096435547,103.86380004882812,117.67381,381.55185
376.90476989746094,119.95655822753906,102.00635,288.51837
351.32886505126953,133.9763946533203,112.96687,280.88782
356.5107650756836,137.46194458007812,129.48985,309.2548
363.73704528808594,138.19815063476562,109.24805,308.27628
378.39119720458984,141.46205139160156,106.40776,310.86884
361.1571388244629,147.7656707763672,98.75295,307.0633
349.1878890991211,150.8944091796875,80.43828,251.88437
353.15332794189453,155.1357650756836,73.006546,241.90819
331.3397560119629,152.59628295898438,88.78341,221.97488
354.8026237487793,150.48983001708984,115.26923,243.88463
340.46717071533203,143.2432098388672,118.57362,249.58392
338.9676055908203,138.33770751953125,99.39081,270.3182
334.8623352050781,136.62002563476562,87.136505,261.3618
310.13377380371094,134.91238403320312,126.993164,340.90732
307.6238479614258,128.58888244628906,136.47176,346.95593
411.1746597290039,87.59733581542969,74.274796,392.73602
314.3513832092285,110.31845092773438,110.49172,351.55325
364.64123916625977,105.74174499511719,88.779686,375.2661
322.7975616455078,118.44564819335938,115.94708,348.1498
299.3292427062988,113.070068359375,107.70489,344.64572
331.02733612060547,116.06893920898438,80.40178,360.21817
258.8047409057617,122.49345397949219,124.35301,326.76703
210.49918365478516,122.20616149902344,158.65797,351.73853
251.1581573486328,124.70930480957031,122.46735,343.55695
258.53674697875977,127.67977905273438,126.33578,339.37943
249.80962753295898,128.58645629882812,127.117226,361.35605
184.77867889404297,125.17250061035156,179.39458,353.41693
242.01233291625977,123.61981201171875,105.75466,359.78598
237.3432273864746,132.75831604003906,101.30033,344.7309
228.69978713989258,135.9658966064453,107.00182,318.10065
246.94129943847656,137.4208221435547,77.13788,326.1142
211.41301345825195,145.82847595214844,111.47582,332.0124
212.66077423095703,142.62338256835938,96.83748,326.3762
160.6678466796875,146.0963592529297,150.82846,331.56567
165.69145584106445,145.13414001464844,104.95757,263.91608
200.15652084350586,149.3688507080078,68.58634,260.20593
207.8863067626953,147.35589599609375,79.66809,273.88406
195.81696701049805,142.28688049316406,81.87403,295.13525
184.01079559326172,140.3437957763672,92.150314,294.70905
193.38926315307617,138.7549591064453,75.69282,332.8271
146.9419822692871,126.25106811523438,105.49186,339.41983
142.59559631347656,131.00108337402344,100.71472,348.26862
141.20590591430664,122.49879455566406,96.763084,355.8954
185.29362106323242,126.55207824707031,64.33912,371.13013
133.89438247680664,128.31825256347656,83.28463,359.09814
125.81896591186523,122.42138671875,85.41276,357.48734
134.20069885253906,130.03575134277344,81.83942,359.6723
94.17129135131836,126.38740539550781,98.083534,359.1308
94.14932250976562,125.75161743164062,89.66672,362.59573
83.8491439819336,117.15695190429688,92.93535,373.09567
90.08229064941406,122.24859619140625,76.84363,378.8361
58.93290710449219,127.41481018066406,98.94342,366.04254
61.56790542602539,122.93768310546875,82.11996,372.9684
69.0327377319336,127.48635864257812,74.07732,374.13797
65.62053298950195,104.72138977050781,62.57012,399.6704
57.241668701171875,125.32139587402344,65.680084,380.50305
37.50603103637695,118.62190246582031,75.0924,375.1089
14.279182434082031,129.78750610351562,76.34456,360.73398
8.682510375976562,91.17707824707031,68.663574,391.71307
7.694805145263672,61.273468017578125,59.365303,430.85336
-2.966907501220703,57.475250244140625,56.243416,456.9108
29.80101776123047,34.391387939453125,70.23735,476.43326
343.1509246826172,-1.1197357177734375,242.71417,471.20264
361.5027160644531,2.8167877197265625,214.2413,475.90747
346.8740234375,0.1026763916015625,218.94058,480
364.2314147949219,2.95263671875,206.53915,474.3074
337.98278045654297,1.087310791015625,226.89006,475.16293
307.4833984375,-1.0968475341796875,250.11185,477.7025
331.7484817504883,2.3286895751953125,229.57509,480
369.83040618896484,0.2625274658203125,202.11925,480
341.00724029541016,2.1264190673828125,225.38948,480
308.0905456542969,-1.1103363037109375,263.70615,480
318.7826156616211,3.9886627197265625,245.33067,476.844
295.6077880859375,-3.1169281005859375,283.11795,480
311.71761322021484,-0.8777923583984375,251.46605,480
308.9997253417969,4.9968414306640625,252.56589,480
319.2147445678711,-1.716583251953125,236.71068,472.58688
336.8263397216797,6.5735626220703125,213.74042,480
334.83367919921875,1.0778350830078125,210.2698,480
352.9011764526367,3.3290863037109375,175.36296,479.40485
349.99657440185547,5.9839630126953125,176.34746,479.12305
346.39349365234375,10.202011108398438,184.6763,478.38556
352.4277572631836,14.508499145507812,180.54881,468.74146
357.04608154296875,10.851654052734375,181.41592,471.83737
361.03619384765625,7.9583892822265625,193.42117,480
344.3458709716797,8.018096923828125,214.31366,474.44284
345.6940155029297,6.2053680419921875,220.4627,469.9068
332.34326171875,5.46221923828125,233.41568,466.4279
327.33099365234375,3.0750732421875,226.8815,469.0801
326.4061279296875,5.488739013671875,215.00296,471.35886
303.2537841796875,6.677215576171875,230.65396,469.87228
302.7215270996094,10.501052856445312,213.00949,466.8977
288.4868621826172,6.6374664306640625,217.1474,467.65112
282.7337341308594,8.572479248046875,217.81747,470.56357
271.24178314208984,12.459671020507812,220.84373,476.54907
268.9844970703125,9.089645385742188,229.41312,467.15277
276.3870162963867,-2.4074554443359375,205.98088,480
275.87117767333984,5.6430816650390625,212.7506,480
273.00848388671875,7.2009735107421875,207.69278,471.2077
283.1615219116211,8.341094970703125,196.90355,464.93576
279.6002655029297,5.3322296142578125,198.80511,474.766
290.3775939941406,8.5177001953125,190.74265,462.7133
300.1695251464844,7.1293792724609375,181.15793,468.28436
303.73907470703125,8.53887939453125,173.11942,472.30862
297.5428466796875,5.8677215576171875,170.94888,472.0517
287.4956970214844,9.294479370117188,179.06845,472.26862
283.5255126953125,7.6926727294921875,188.44254,471.7121
281.10193634033203,5.6005401611328125,181.89516,467.31323
266.47913360595703,10.056930541992188,198.98598,468.7514
259.38123321533203,3.9008941650390625,239.07301,474.26404
261.4289855957031,3.0568695068359375,280.73288,467.2807
249.02163696289062,8.468887329101562,294.81357,462.50903
242.14886474609375,2.3280487060546875,311.03104,468.1546
237.19482421875,9.049911499023438,266.61014,470.50104
227.21815490722656,3.2066497802734375,255.99231,463.92133
214.43649291992188,-1.4745635986328125,277.13693,466.01227
201.83953094482422,3.0284423828125,239.13152,469.36465
184.49850463867188,1.412506103515625,257.8846,466.02292
170.08648681640625,3.5099029541015625,263.8229,463.89502
160.42670440673828,3.3507537841796875,237.70522,466.7055
154.50824737548828,4.883941650390625,224.02504,464.87607
155.55484771728516,5.995269775390625,219.29732,463.94516
153.56293487548828,4.7768096923828125,217.21791,469.97986
151.89622497558594,4.3392181396484375,214.91779,471.41217
165.91067504882812,4.6081390380859375,202.82004,471.5833
145.10018157958984,3.98248291015625,228.26915,474.34354
153.50494384765625,4.28082275390625,215.9838,476.08817
154.0503692626953,2.1130218505859375,210.10645,475.48688
156.21133422851562,4.9468536376953125,202.04501,473.94226
156.71773529052734,7.3000030517578125,198.25536,469.27417
148.19017028808594,6.2360382080078125,199.81464,471.8661
136.82960510253906,8.468734741210938,204.82715,471.1789
128.8395233154297,10.246536254882812,202.56793,469.64453
129.33123016357422,11.778671264648438,192.83147,465.50604
171.954833984375,12.218154907226562,145.38394,465.5481
142.89766693115234,10.848800659179688,170.97923,461.08588
115.89347076416016,6.4781951904296875,195.88387,469.59235
110.8700180053711,8.944610595703125,189.37169,466.3635
125.96807098388672,24.41021728515625,163.00273,460.8312
125.7096176147461,5.1324462890625,164.72118,477.60233
112.68160247802734,7.1573638916015625,179.77306,472.8025
129.6273422241211,11.546905517578125,163.78294,468.6107
139.61646270751953,11.235244750976562,151.2494,463.53552
145.5789566040039,12.693328857421875,149.72163,462.91013
72.79280853271484,9.66448974609375,205.72594,461.9567
60.363441467285156,11.705535888671875,203.57918,466.4448
55.85801696777344,15.782760620117188,217.95477,462.73553
51.02886199951172,7.9279937744140625,230.31596,465.5553
65.56023406982422,13.015762329101562,218.61125,463.46802
69.06084442138672,11.743179321289062,222.54558,466.84875
71.27955627441406,7.339752197265625,228.6759,473.9514
83.70115661621094,7.434234619140625,222.14252,472.00888
130.11890411376953,10.912094116210938,182.7129,470.29474
147.39027404785156,16.215805053710938,174.7218,463.45258
82.97701263427734,9.730255126953125,240.5692,469.56674
140.03046417236328,9.281112670898438,190.63637,470.5047
150.32959747314453,6.9857177734375,197.22414,466.454
138.15953826904297,10.357757568359375,220.2542,470.52365
158.142578125,5.8339080810546875,202.43741,468.69244
154.61090087890625,7.017486572265625,204.00406,470.03793
171.05755615234375,4.58258056640625,197.74686,472.7167
180.39086151123047,-0.6349334716796875,199.0341,480
186.12391662597656,-2.74346923828125,188.46375,479.65225
196.17507934570312,0.8439483642578125,193.23605,480
216.00676727294922,3.3402862548828125,173.90593,480
205.77696228027344,4.922760009765625,188.78595,476.82993
225.08262634277344,6.1873779296875,166.4898,473.56143
247.99198150634766,4.668914794921875,153.73592,475.8137
270.6388397216797,5.656951904296875,136.69244,463.97836
240.21552276611328,-0.121307373046875,176.54762,473.895
258.9438018798828,-4.1690521240234375,164.04797,480
263.7429504394531,-6.321563720703125,175.7579,479.60568
271.36737060546875,-1.8631439208984375,191.75638,477.4912
286.94549560546875,10.08782958984375,194.28409,470.2941
299.74517822265625,11.42633056640625,199.43533,464.73196
312.17724609375,13.243865966796875,204.57962,465.71164
324.4822006225586,12.890472412109375,207.44408,464.2014
324.9397735595703,9.014114379882812,207.15527,467.44055
339.17620849609375,10.597976684570312,196.77042,462.28772
345.15452575683594,13.778900146484375,196.79694,470.66757
367.44866943359375,11.301544189453125,181.86172,466.20627
380.7703552246094,11.384811401367188,170.42905,461.57623
386.1769714355469,10.111648559570312,164.38669,462.57153
383.1604995727539,11.653396606445312,162.62532,458.3551
385.33787536621094,10.348709106445312,166.72052,465.8639
384.48716735839844,10.802993774414062,163.42609,464.0868
383.8871765136719,7.311126708984375,164.70761,464.73312
382.3937301635742,3.5924224853515625,165.35393,464.94104
382.0657196044922,5.86212158203125,176.12543,467.95816
381.9244689941406,6.135284423828125,179.83957,470.23544
384.02867889404297,1.558990478515625,184.66765,473.72922
375.2686996459961,9.449310302734375,192.82066,467.9066
384.5835723876953,5.4120025634765625,189.52539,470.5016
379.65679931640625,-1.8486785888671875,192.90189,480
385.39532470703125,-0.58038330078125,187.4606,479.81876
385.81214904785156,-0.4524383544921875,183.87195,480
378.8684310913086,10.079666137695312,191.39366,468.90332
388.84735107421875,-3.2484588623046875,179.37991,480
366.3270721435547,10.45355224609375,192.54926,470.71072
368.9279556274414,3.7233428955078125,195.57845,475.61462
357.5088195800781,13.140243530273438,201.59445,467.3454
351.6762161254883,11.275421142578125,209.01357,462.07944
342.45953369140625,13.097061157226562,215.40347,466.23926
336.4341583251953,12.5396728515625,222.05933,458.8129
336.5281448364258,8.501663208007812,223.84877,461.40186
334.94327545166016,11.06866455078125,218.3785,459.84012
324.39288330078125,12.082427978515625,230.02188,458.509
318.0751419067383,12.870803833007812,229.24599,462.3368
313.43616485595703,13.77154541015625,225.86354,460.741
318.6127243041992,7.79345703125,209.40544,465.31888
330.4965515136719,10.228775024414062,191.59445,465.17798
333.21795654296875,9.33306884765625,179.5635,464.8085
312.0200881958008,13.899627685546875,187.7571,463.4786
299.49256896972656,12.4403076171875,194.93909,455.51505
293.14537048339844,11.805694580078125,192.64435,463.8972
281.5028305053711,0.8824615478515625,193.6732,472.08838
260.3478469848633,6.280242919921875,209.73549,473.18027
260.59400177001953,2.3944549560546875,198.87794,479.47906
244.87601470947266,8.482879638671875,216.9853,475.6451
501.80191802978516,73.04240417480469,122.41792,406.66962
512.3265228271484,77.51048278808594,133.60016,403.57013
507.1353073120117,73.82818603515625,134.58147,400.36636
480.87483978271484,66.24813842773438,159.95934,407.8408
487.79429626464844,63.74365234375,145.51678,410.97623
483.42928314208984,65.90274047851562,142.60423,412.41196
468.94569396972656,62.493804931640625,125.69861,408.32333
460.7015075683594,51.25523376464844,129.43124,424.73505
444.0691452026367,23.330703735351562,134.6215,437.58484
430.6537399291992,20.786376953125,139.4445,449.68216
416.9824523925781,18.60736083984375,135.06686,449.17886
410.4222106933594,18.71905517578125,129.87692,451.50748
392.84683990478516,23.929061889648438,137.32198,448.68854
121.80043029785156,-10.538131713867188,240.0398,480
131.1937484741211,1.6605987548828125,231.71373,479.69653
102.81407928466797,3.3780975341796875,246.5197,471.72552
116.34803009033203,-2.0698089599609375,232.77223,478.64038
99.156005859375,0.5100250244140625,235.84695,477.12415
108.87297058105469,5.9922637939453125,213.10785,474.1848
97.45637512207031,3.077362060546875,215.93494,477.7645
89.87545776367188,3.9080963134765625,202.3381,480
236.46409606933594,14.8565673828125,165.39899,463.99405
271.2444534301758,44.21910095214844,121.956924,425.14642
281.57141494750977,44.65362548828125,111.67361,426.94168
276.81807708740234,14.270797729492188,121.548325,455.86334
254.25531005859375,16.36712646484375,140.81815,454.3848
264.4224166870117,19.693923950195312,129.11882,449.21973
259.5633316040039,49.1029052734375,136.58931,426.382
240.29315948486328,34.55308532714844,155.69923,431.72137
238.24728393554688,44.4326171875,158.91623,426.86526
247.57568359375,54.01622009277344,142.90091,415.11603
241.29615783691406,54.29631042480469,148.78113,416.41388
258.96800994873047,52.87333679199219,142.25578,418.53497
138.47132110595703,0.7485504150390625,154.88081,480
135.18800354003906,-2.0762176513671875,147.47748,480
145.51288604736328,-0.9566497802734375,143.63972,480
155.87995147705078,3.4758453369140625,136.72908,480
164.56537628173828,5.1302337646484375,139.16023,476.86127
170.85955810546875,4.9998931884765625,140.49973,474.8286
181.15045928955078,5.324127197265625,137.748,471.63535
185.21044158935547,8.259567260742188,129.92503,474.66107
198.39224243164062,3.365386962890625,129.41617,469.80136
211.11752319335938,7.559814453125,137.41263,466.49454
218.5714988708496,8.258041381835938,118.69572,470.70538
246.9078483581543,17.840408325195312,111.51704,464.2688
257.7351989746094,11.879959106445312,115.75223,467.93542
235.23665618896484,20.258224487304688,145.89763,456.3626
252.77962493896484,9.096054077148438,148.93791,459.14667
259.9985122680664,7.8617401123046875,191.22865,456.74774
258.9976501464844,1.186676025390625,174.5596,462.08493
249.3232879638672,5.589508056640625,166.04712,458.31918
275.4158477783203,10.61981201171875,154.57343,453.27457
272.4257583618164,6.0630340576171875,162.31789,455.53595
299.7586898803711,5.2116546630859375,222.35002,459.59174
298.73265838623047,5.1437835693359375,212.994,468.45197
323.6854553222656,10.332748413085938,208.56107,463.8144
339.90409088134766,13.064620971679688,243.76234,464.0916
405.03955078125,8.943817138671875,202.8823,467.15646
410.2728271484375,15.0926513671875,209.09018,461.76077
427.0999298095703,18.67169189453125,201.68463,458.07962
446.5915832519531,24.02081298828125,190.00711,450.31168
427.8730926513672,25.2576904296875,201.83838,451.64285
444.2235565185547,23.545455932617188,193.30017,452.04022
450.0379104614258,36.39698791503906,191.02937,439.76758
446.0757064819336,41.38092041015625,195.26128,437.60135
474.09544372558594,33.837066650390625,169.74292,440.34872
432.14353942871094,15.590179443359375,208.56311,460.6533
441.3443069458008,17.962142944335938,198.28499,459.12323
441.70291900634766,19.779739379882812,203.70107,459.02844
438.7304382324219,11.924957275390625,182.54349,463.5588
458.0290069580078,10.06158447265625,182.10614,463.30142
456.5537796020508,12.680694580078125,180.92366,469.6456
459.52130126953125,10.912277221679688,176.21494,466.19427
440.5712585449219,13.229751586914062,150.44437,460.90723
439.9380416870117,11.3468017578125,203.05711,459.82303
442.2092819213867,12.460067749023438,196.19737,461.20526
444.2225570678711,18.772476196289062,196.03142,455.7865
423.69810485839844,26.56378173828125,185.80298,448.8787
407.29972076416016,32.56134033203125,188.35622,444.7111
414.788818359375,25.408584594726562,219.46188,452.02405
394.1476135253906,24.322250366210938,139.62405,452.6949
397.6363983154297,36.87480163574219,189.80518,437.40912
393.59915924072266,42.11360168457031,119.89284,432.79614
389.5410614013672,49.087158203125,119.026245,426.4932
394.8711624145508,43.51420593261719,119.09163,433.56403
397.23640060424805,39.83624267578125,104.02668,439.25528
395.8134536743164,36.63203430175781,114.7516,440.161
382.37327575683594,30.5269775390625,123.17297,442.52713
367.74169158935547,31.465606689453125,137.67882,439.3055
372.03253173828125,33.934112548828125,135.82504,432.7512
375.58179473876953,20.2186279296875,128.52779,448.95657
381.26551818847656,15.614791870117188,136.35553,454.14838
372.3338165283203,31.175628662109375,137.80719,445.0295
379.3951416015625,11.036727905273438,148.07565,461.2563
371.7163314819336,15.214340209960938,139.9301,460.11493
367.29637908935547,10.269866943359375,156.88353,470.2972
367.44178771972656,3.1170501708984375,141.39557,474.22516
349.82894134521484,3.01690673828125,154.82695,470.20938
353.43175506591797,1.61297607421875,151.6461,475.22464
338.6808319091797,-4.1522674560546875,163.1897,480
332.52425384521484,-5.2416839599609375,170.33037,480
327.7625732421875,0.9436187744140625,169.39206,480
324.2571792602539,-3.0719451904296875,181.81667,480
312.7770462036133,0.5600738525390625,183.33736,480
311.07335662841797,-5.3742523193359375,189.78221,480
305.8122863769531,-4.8991546630859375,189.46194,480
304.30806732177734,-4.5955047607421875,200.05449,480
303.9901123046875,-6.0060882568359375,205.30698,480
297.69893646240234,-4.9029998779296875,206.62614,480
301.20985412597656,-4.1343231201171875,194.95465,480
296.53751373291016,-1.8725433349609375,195.00905,480
296.90589141845703,-2.4175872802734375,185.39217,480
290.03577423095703,-3.4636077880859375,202.19258,480
301.2637710571289,-3.9178314208984375,198.52235,480
301.0514678955078,-8.292770385742188,214.0191,480
303.1963119506836,-6.8396453857421875,204.80327,480
307.42203521728516,-2.7451019287109375,242.6017,480
320.40126037597656,-2.9761199951171875,221.85333,480
335.52618408203125,-4.8547210693359375,193.57297,480
330.3364486694336,-4.9822235107421875,209.98296,480
331.3172836303711,-7.0813446044921875,212.98112,480
339.5390930175781,-6.2255096435546875,203.55313,480
340.2724380493164,-6.6968231201171875,196.15126,480
333.40904235839844,2.1767730712890625,193.00537,480
341.9158172607422,6.9574127197265625,258.307,480
338.1553421020508,-4.620330810546875,206.11543,479.42294
342.0177459716797,5.2745208740234375,173.71326,472.35492
340.0664520263672,-0.7832489013671875,168.54724,480
345.0035629272461,0.087432861328125,226.4257,474.34335
348.48522186279297,5.9092559814453125,186.41954,474.0641
345.05313873291016,-1.2831268310546875,217.76967,477.70166
435.5327377319336,92.37765502929688,139.56865,400.26022
447.4939155578613,126.64033508300781,123.60223,355.31995
448.36492919921875,212.8939208984375,131.87308,269.00235
461.81671142578125,158.88633728027344,131.96231,324.94543
466.1423034667969,199.74644470214844,128.38351,283.41888
474.8338851928711,204.7313995361328,128.49669,276.10333
505.52012634277344,193.43173217773438,101.3277,287.99533
503.82673263549805,206.0294189453125,120.57093,277.19064
521.6512870788574,185.2305450439453,112.693184,295.40698
540.9785614013672,91.26235961914062,103.479614,388.9351
553.2301635742188,98.90283203125,84.8038,391.7239
571.5163459777832,41.436676025390625,78.06664,437.66776
561.5316123962402,38.259735107421875,100.109535,454.95438
382.8345718383789,3.4035797119140625,130.00905,471.71637
376.47068786621094,17.096343994140625,157.06995,466.12564
399.3024597167969,7.0080718994140625,176.35672,470.4831
401.1307067871094,9.655654907226562,150.4838,461.25372
406.53660583496094,2.780792236328125,232.69995,473.1697
395.9089050292969,10.191619873046875,247.35318,460.07632
396.9440612792969,9.115081787109375,248.7891,471.59097
397.5950241088867,3.0453643798828125,248.21165,471.57697
400.9680862426758,9.569381713867188,248.86226,467.7047
405.74900817871094,10.504150390625,238.79858,470.4908
421.1319351196289,7.0701751708984375,211.9734,480
428.8783874511719,-3.158843994140625,215.14029,479.9728
417.4151840209961,2.327606201171875,227.51445,470.00833
419.1090087890625,2.0718536376953125,224.98532,474.1999
404.86019134521484,3.84454345703125,235.49467,472.2678
535.4723320007324,15.87738037109375,112.44825,472.48605
567.956470489502,19.825393676757812,90.364494,453.12128
572.8083915710449,27.536834716796875,74.24781,466.64175
573.7407035827637,27.852783203125,71.852425,450.15573
561.7915916442871,46.204498291015625,76.713234,434.70987
561.16845703125,13.512451171875,80.92502,465.1442
560.0424575805664,8.8248291015625,83.3268,462.75845
557.3105049133301,11.23760986328125,83.516655,456.65652
546.1332473754883,44.55609130859375,97.58516,427.3655
556.242748260498,26.299041748046875,97.36103,447.61972
558.6896629333496,16.796768188476562,89.69987,458.67554
578.9792213439941,40.82440185546875,70.10696,446.66885
579.9258728027344,22.905136108398438,75.95389,470.22083
577.2902870178223,14.744796752929688,83.9631,464.3285
570.5828552246094,17.4608154296875,93.96976,469.4337
533.4944763183594,16.007781982421875,126.57437,476.28592
363.19761657714844,2.225250244140625,214.45154,479.58218
355.5087661743164,1.7090911865234375,204.9264,471.406
348.6538314819336,2.304931640625,191.91484,467.15805
347.89781951904297,3.23492431640625,189.05724,476.85825
383.92535400390625,6.2102508544921875,175.30978,475.4381
497.39415740966797,11.013275146484375,133.458,462.87308
517.2957458496094,2.028472900390625,121.52774,467.579
502.9387893676758,-0.90362548828125,129.81673,478.86606
495.67818450927734,103.89566040039062,129.1447,379.1685
479.60157012939453,7.0618743896484375,138.59175,472.06915
478.3035430908203,19.64593505859375,154.89838,459.58438
464.98087310791016,122.6378173828125,134.32399,368.4224
460.0295181274414,17.608963012695312,125.04317,459.85144
453.74886322021484,207.43080139160156,124.463974,281.14343
428.5703811645508,202.80030822753906,155.48103,278.88776
423.7274398803711,200.03192138671875,159.33421,288.15005
442.7801856994629,163.81185913085938,125.50851,312.92398
430.03653717041016,187.90541076660156,133.58156,278.96887
440.3665428161621,175.79727172851562,113.47178,306.64017
441.4762191772461,190.41673278808594,103.284775,293.2237
435.6568031311035,210.66790771484375,115.56576,276.60623
448.44072341918945,178.99143981933594,112.240715,304.44318
462.8462791442871,38.561676025390625,102.38743,426.3038
462.32946014404297,9.02410888671875,105.545456,415.54758
476.3006134033203,11.24658203125,118.00452,392.89957
544.2220420837402,23.733291625976562,98.178505,348.19818
553.6973190307617,46.50126647949219,89.7852,353.77448
561.0371131896973,40.240966796875,90.54635,338.28848
581.7569732666016,75.51866149902344,70.39679,371.33954
579.879695892334,60.786590576171875,71.74137,399.1769
558.342960357666,51.17352294921875,94.28048,402.98898
584.8874588012695,57.307830810546875,65.20424,403.26584
578.2447891235352,62.966156005859375,77.571,397.15378
568.0324249267578,44.367828369140625,90.63379,423.59738
560.9812545776367,52.339691162109375,89.21745,416.6545
572.3650512695312,41.38763427734375,76.83438,420.46213
568.7143363952637,65.52308654785156,79.1576,412.02307
589.6985187530518,51.8509521484375,61.834927,409.1503
395.8283805847168,49.322296142578125,104.16163,427.62473
324.1849708557129,11.058746337890625,126.87972,477.53293
316.68518829345703,12.25506591796875,135.25356,462.97794
348.8082618713379,23.895339965820312,89.66073,456.42334
297.5503234863281,11.173202514648438,143.43088,471.11517
311.5968208312988,11.606796264648438,113.36706,469.67352
331.53397369384766,20.46893310546875,100.01863,465.3445
330.6462860107422,13.25579833984375,98.5661,465.65982
345.35637283325195,6.63018798828125,94.52129,474.09988
355.4713897705078,62.947021484375,95.36853,421.6315
351.4072723388672,26.712127685546875,77.46503,451.7974
340.5092315673828,15.18768310546875,104.65698,459.76144
267.11005783081055,18.467300415039062,127.682686,465.88422
275.72766876220703,18.728073120117188,134.08406,467.18896
279.1718101501465,17.09210205078125,120.466774,463.10422
256.24259185791016,20.29730224609375,140.1985,455.25363
246.5443572998047,13.507369995117188,148.05615,465.12305
251.41674041748047,10.71112060546875,158.65855,469.36935
240.92894744873047,23.8870849609375,154.09508,458.29636
244.03065490722656,15.12127685546875,158.28326,466.155
164.26332092285156,6.750213623046875,156.11029,472.19302
115.69677352905273,13.277450561523438,112.161964,471.4933
120.57658004760742,10.099014282226562,99.91651,467.29218
112.53318786621094,11.76519775390625,109.319336,460.06747
81.30918884277344,10.087112426757812,125.94653,462.8576
128.43082809448242,7.467864990234375,104.507454,470.89566
130.8188247680664,12.398178100585938,113.25319,469.37402
131.49796295166016,13.677398681640625,114.48207,470.14456
147.62366485595703,11.205429077148438,114.05806,472.72412
115.52667236328125,10.5032958984375,160.87326,470.94748
140.53364944458008,16.929534912109375,127.44305,465.8135
144.32329559326172,10.124588012695312,126.09117,465.01703
137.93002319335938,2.1032257080078125,139.03946,479.3438
136.2868423461914,8.61993408203125,145.2007,474.65402
140.70014190673828,4.8897552490234375,114.0605,480
135.5409393310547,9.488998413085938,128.98743,480
163.6924591064453,19.693344116210938,113.67462,480
129.41524505615234,2.106170654296875,124.4456,476.606
147.96411514282227,10.471664428710938,110.06881,480
180.31599044799805,19.961227416992188,115.34101,480
163.94449615478516,8.418624877929688,164.05727,480
154.6769790649414,13.868453979492188,191.30434,480
174.67200469970703,8.977523803710938,173.18867,480
154.41513061523438,4.3924713134765625,182.36551,475.53522
173.00933074951172,9.213455200195312,180.3574,474.75726
160.3788604736328,10.000900268554688,193.0003,476.5349
161.4196014404297,9.769699096679688,170.08923,480
159.53569793701172,11.739364624023438,170.8297,476.54456
157.56430053710938,8.614669799804688,176.59415,475.90356
147.97937774658203,11.283798217773438,160.24214,469.88074
154.95447540283203,10.599655151367188,153.93953,470.46484
138.60306549072266,6.8775634765625,153.55385,469.2955
157.32706832885742,6.780059814453125,112.93726,462.70425
133.29962921142578,4.7458648681640625,103.7773,432.48016
132.16348266601562,10.029525756835938,101.51639,463.7599
154.56439590454102,10.346649169921875,89.93563,477.93875
131.9807243347168,5.5090179443359375,113.31257,480
128.58963012695312,8.740829467773438,119.59158,478.61414
116.9941177368164,9.965133666992188,112.62538,470.5454
125.02649688720703,14.615234375,114.558426,467.3558
128.64981079101562,13.497329711914062,106.97183,473.93732
96.35967254638672,6.2178955078125,133.84093,477.1085
46.91981506347656,6.6000518798828125,166.69598,479.28876
73.212890625,3.5369720458984375,132.23508,480
99.47721099853516,5.5104522705078125,130.99489,477.8227
96.01822280883789,5.9541473388671875,124.88674,480
46.185218811035156,3.420440673828125,152.10378,477.04898
371.75741958618164,20.078445434570312,87.86208,463.78278
370.9735679626465,29.411087036132812,108.62852,460.4748
354.37217712402344,11.037246704101562,101.88611,461.8697
338.3116683959961,125.84951782226562,115.9091,360.90067
318.3574409484863,12.2991943359375,125.52044,464.70645
305.3295135498047,13.32403564453125,137.14221,465.26785
295.51256561279297,29.12872314453125,144.89268,450.7366
282.3434829711914,66.10054016113281,155.46254,407.26697
274.1954803466797,8.120864868164062,170.9364,469.14172
256.6878967285156,75.00543212890625,191.41153,396.01993
227.98047637939453,82.16612243652344,213.75826,389.92426
230.2572021484375,69.32440185546875,207.66403,406.9457
230.87649536132812,66.21112060546875,206.93008,410.39017
224.00381469726562,71.74266052246094,215.51407,408.61566
231.0830535888672,67.36007690429688,214.39319,409.97202
233.06008911132812,67.41561889648438,215.30472,407.75095
210.88490295410156,63.50184631347656,182.3288,410.443
211.33306121826172,70.19305419921875,174.65746,401.4645
243.08550262451172,60.02488708496094,221.23155,413.04132
260.60533142089844,64.58619689941406,209.99084,407.8723
253.86180877685547,32.40995788574219,220.22057,435.54144
287.0133056640625,21.564666748046875,193.24985,449.49496
287.28419494628906,36.195648193359375,179.02594,444.093
248.59375,26.914337158203125,204.12119,447.7308
289.12799072265625,18.33270263671875,197.77768,455.39993
301.31409454345703,13.466110229492188,196.3962,456.84515
294.0379180908203,15.559188842773438,203.91449,456.74493
296.5066146850586,15.655624389648438,200.27592,452.2912
292.19447326660156,14.061309814453125,207.76373,454.60422
265.0018844604492,18.587692260742188,229.34471,448.68988
282.90897369384766,26.7537841796875,204.60963,441.51773
305.74058532714844,34.2205810546875,182.80615,431.308
289.5787124633789,33.69183349609375,196.60536,427.13614
254.58206176757812,40.124267578125,231.0275,434.71463
271.72884368896484,36.60169982910156,216.7304,431.8357
266.68761444091797,41.09913635253906,223.67479,428.4375
246.48894500732422,51.87858581542969,239.86253,417.38422
249.90835571289062,56.616973876953125,240.77371,417.41916
249.65109252929688,53.47508239746094,234.80911,413.49493
250.4801483154297,39.720062255859375,238.11987,430.96774
259.1241226196289,48.44450378417969,221.20912,425.4284
262.8381805419922,48.41429138183594,218.60828,423.98627
263.5017547607422,44.22102355957031,210.98657,430.92834
267.44927978515625,80.00053405761719,209.74728,395.64313
256.46229553222656,59.95503234863281,200.83893,419.30737
267.35225677490234,53.00373840332031,179.84856,427.7743
268.7205047607422,74.38941955566406,206.5863,401.33264
264.74156188964844,60.66546630859375,206.41992,412.1852
270.30379486083984,20.628677368164062,199.85027,452.4563
268.51940155029297,2.07672119140625,201.08043,471.66812
269.9938659667969,1.7528076171875,194.61221,474.35916
269.6121520996094,0.66119384765625,192.42654,474.99197
267.53723907470703,-0.3888397216796875,192.12386,480
262.9473342895508,-3.2617340087890625,195.65144,479.7813
260.6091842651367,-3.6205902099609375,198.28331,480
256.0362243652344,-7.6629486083984375,203.27591,480
251.41607666015625,0.2529449462890625,205.1141,480
260.3739318847656,3.781158447265625,192.46341,474.70407
255.83407592773438,7.109710693359375,191.94193,471.26108
252.65847778320312,8.350433349609375,192.63345,470.70224
244.47528839111328,8.656021118164062,200.99507,468.06396
243.99896240234375,5.707550048828125,200.39792,471.85202
245.9008331298828,5.4131011962890625,197.50604,473.37195
238.8862762451172,4.6795196533203125,202.4093,474.9933
238.99828338623047,1.107696533203125,199.58861,473.4083
237.7105712890625,-1.9172210693359375,198.91647,478.6034
234.3178482055664,-3.7433319091796875,200.20473,480
234.50741577148438,-7.3765716552734375,201.70584,480
234.05974578857422,-7.3226776123046875,201.3231,480
234.14615631103516,-4.8320770263671875,201.82777,480
235.212158203125,-2.9536285400390625,201.85507,478.4638
230.54857635498047,-5.2010345458984375,204.55833,480
228.3250274658203,-3.4058685302734375,206.466,478.2036
229.83090209960938,19.914260864257812,204.87332,457.45898
224.3837890625,59.110198974609375,212.46591,415.87314
233.23342895507812,54.826080322265625,200.4755,418.95468
233.35343170166016,5.90557861328125,197.83888,471.225
232.2493438720703,1.424713134765625,200.84003,479.13107
237.09442901611328,-4.3750457763671875,198.62263,480
240.6395492553711,-0.8084716796875,192.45378,476.9999
244.32142639160156,6.3325958251953125,187.68964,473.27344
243.86538696289062,4.373199462890625,190.59769,468.3469
241.69471740722656,0.1439056396484375,192.14166,478.8023
244.25823974609375,6.984375,187.37827,469.63882
243.31095123291016,10.886001586914062,186.07948,469.3474
246.8786849975586,7.847076416015625,184.98442,467.7606
250.96170043945312,9.667724609375,175.72244,468.92715
248.4599380493164,6.9638214111328125,182.82582,468.2799
250.83351135253906,8.859390258789062,183.54193,469.2627
249.83349609375,7.139434814453125,179.44211,472.80783
250.82740020751953,8.630813598632812,180.77266,470.78967
250.69473266601562,3.574432373046875,182.892,478.7435
250.009033203125,-0.345672607421875,184.16647,474.6744
250.28250885009766,4.0649871826171875,186.26295,475.55817
252.51526641845703,3.0354156494140625,185.01155,471.57312
255.05912017822266,16.99462890625,169.615,459.41507
255.41165161132812,52.59559631347656,155.7825,430.6576
249.90496826171875,46.30372619628906,135.28317,435.68018
243.97844314575195,38.91583251953125,98.94445,436.09732
238.2668800354004,34.880340576171875,107.80837,448.8679
250.76299285888672,12.705551147460938,168.5559,460.1469
256.7016067504883,13.593917846679688,186.89143,454.7287
250.12535095214844,15.581817626953125,193.19531,454.25693
255.34133911132812,16.59539794921875,171.45657,456.35648
248.75096130371094,18.8643798828125,194.44702,452.78897
249.56949615478516,19.393951416015625,195.58766,454.5201
251.65662384033203,36.91883850097656,177.38326,440.3816
250.0507583618164,45.87779235839844,183.51295,435.112
247.69375610351562,61.625885009765625,160.75198,419.7153
243.1095962524414,73.74562072753906,149.68434,402.39697
253.29135131835938,78.53140258789062,173.64603,394.88742
255.6245346069336,77.14653015136719,183.12456,398.66022
255.08079528808594,4.013458251953125,193.39478,472.26816
245.12511444091797,9.746139526367188,201.58751,467.30475
246.316650390625,9.059066772460938,197.75656,474.42987
242.20086669921875,5.5481719970703125,202.0289,472.59143
242.78438568115234,9.222335815429688,202.1574,469.9947
245.48643493652344,8.189300537109375,204.17029,470.37253
242.23072052001953,-3.4824066162109375,208.56648,480
247.1875,36.32011413574219,204.98715,440.7868
238.1801300048828,66.70954895019531,216.01373,409.7433
242.42118072509766,49.63905334472656,206.65504,427.58435
235.16634368896484,21.245834350585938,217.36638,454.00372
238.36553955078125,40.76666259765625,212.97165,430.09854
247.6136703491211,18.35980224609375,204.43327,458.33438
238.71485137939453,11.411224365234375,217.40742,460.18515
237.1332015991211,3.96282958984375,219.67412,468.81046
240.7050552368164,12.43438720703125,207.76796,463.36905
235.59510040283203,8.649887084960938,215.39815,466.13788
236.673828125,6.9184112548828125,218.936,467.79187
227.7537078857422,1.378143310546875,227.97449,474.36618
232.56109619140625,14.010528564453125,226.19345,461.59274
229.59838104248047,7.048736572265625,228.20921,467.03366
231.00405883789062,13.477935791015625,223.4849,461.42392
228.93798065185547,13.202835083007812,223.9951,459.42615
232.24475860595703,25.902328491210938,221.83565,450.68573
223.26981353759766,24.703903198242188,225.37123,452.74066
235.62847900390625,27.6243896484375,214.51657,448.07266
229.12831115722656,33.89666748046875,215.64691,442.1492
229.2312240600586,67.91180419921875,222.02434,406.28262
236.27978515625,63.366790771484375,212.2308,416.59457
231.7358627319336,58.59843444824219,217.6209,419.31586
232.7821044921875,41.39561462402344,216.1329,434.92682
229.08007049560547,55.73515319824219,226.46117,423.38702
230.34483337402344,25.340744018554688,224.39929,448.8089
220.86588287353516,45.73582458496094,232.43837,427.18292
228.46878814697266,15.884323120117188,234.5514,458.72125
222.40249633789062,14.695480346679688,237.13016,461.4682
225.11888122558594,8.634506225585938,239.49744,464.79034
223.13463592529297,6.8409881591796875,244.52904,472.1524
218.39025115966797,10.345016479492188,242.7407,466.88214
223.4434814453125,6.7805633544921875,243.50436,470.68646
218.78733825683594,-0.5175628662109375,249.94214,475.80933
214.73961639404297,4.125732421875,254.46263,470.105
222.2505645751953,8.106781005859375,257.5146,466.16623
214.1636962890625,2.2304534912109375,256.6262,466.7414
210.45840454101562,4.053314208984375,264.09305,466.223
216.32939910888672,7.201416015625,254.71776,466.21475
214.0453338623047,2.0227813720703125,258.57898,475.98975
222.52620697021484,7.684478759765625,243.59087,464.09653
221.91507720947266,5.2401123046875,247.07729,466.69254
220.73792266845703,4.65362548828125,249.09602,472.32718
214.54666137695312,1.5837249755859375,254.9982,473.4267
214.24700927734375,13.358673095703125,259.53818,461.86166
209.34487915039062,9.769439697265625,262.18423,462.0798
209.69845581054688,10.51995849609375,261.60965,464.58536
205.11358642578125,5.15802001953125,271.0278,462.50906
212.25364685058594,10.751434326171875,261.5381,464.61716
206.3088836669922,0.4723663330078125,272.4005,473.3369
196.95924377441406,0.3853912353515625,281.93243,470.83984
211.0746612548828,3.28375244140625,276.13422,470.31277
201.8300323486328,-0.3305511474609375,278.24323,471.86755
215.82704162597656,5.1599884033203125,271.7813,466.0088
196.11227416992188,3.5886383056640625,291.87344,463.48938
218.8556671142578,-2.044769287109375,276.96234,469.5128
211.0897674560547,2.930206298828125,280.266,473.827
218.4810791015625,-5.5166473388671875,271.4127,472.3219
203.0711669921875,1.6222991943359375,153.15622,471.01874
208.57286071777344,11.431488037109375,103.26868,460.6401
207.09993743896484,31.5791015625,82.17534,458.2714
205.59219360351562,27.34454345703125,93.489655,452.46756
203.958251953125,49.22669982910156,85.41196,434.9436
211.12245559692383,26.376312255859375,85.72161,454.52957
182.2256317138672,35.00050354003906,114.401855,450.31708
202.76447296142578,39.42945861816406,96.823074,449.09247
216.2608184814453,42.46846008300781,88.19623,438.88263
175.05230712890625,49.30876159667969,111.81314,439.3202
214.88867568969727,49.31474304199219,93.43154,434.96814
204.1935043334961,30.7108154296875,88.74553,450.1976
218.6569709777832,60.32902526855469,98.48681,423.03418
200.13711547851562,22.80230712890625,109.285614,452.33652
187.8723602294922,10.182952880859375,269.47614,464.29422
201.0725555419922,10.757232666015625,279.33087,459.8256
198.6440887451172,8.893310546875,281.1585,461.61227
203.16314697265625,8.053878784179688,280.02884,459.3673
213.354248046875,5.9422149658203125,270.1309,464.3548
207.49118041992188,4.9180145263671875,283.28867,461.9464
216.3254852294922,10.217605590820312,273.26373,460.63947
208.82968139648438,7.125640869140625,284.79587,461.27615
213.66619873046875,-2.606353759765625,277.7957,473.9623
213.916259765625,-2.95281982421875,271.074,470.618
223.40707397460938,4.638092041015625,267.42087,464.18582
213.2415008544922,3.6167449951171875,273.76862,469.89282
220.84132385253906,-4.3009490966796875,264.9856,476.23798
221.18495178222656,8.516281127929688,275.43054,459.90283
218.70889282226562,1.7092132568359375,267.2076,470.00977
223.00582885742188,3.2328643798828125,270.525,464.8084
209.98834228515625,8.700729370117188,276.81656,466.2152
208.70147705078125,1.295928955078125,282.76334,464.22818
214.8707733154297,2.7176971435546875,276.6203,466.26135
203.86492919921875,-2.1119384765625,278.6359,470.165
212.3134002685547,6.14996337890625,270.90826,460.33334
216.7199249267578,4.3312530517578125,265.46106,469.87665
203.65223693847656,2.42767333984375,281.19556,468.1899
208.9984588623047,9.878585815429688,273.07062,462.7544
208.61204528808594,5.0396575927734375,275.7824,468.10107
206.9300079345703,1.4639739990234375,277.4154,470.11523
214.83905029296875,4.5538330078125,271.61722,467.77145
207.8536834716797,2.7160491943359375,277.84564,471.9673
219.2464141845703,3.2460784912109375,270.9037,460.15955
213.58865356445312,2.684478759765625,281.70212,467.66043
212.03062438964844,3.5286712646484375,280.14825,466.79224
210.24395751953125,0.339263916015625,281.0154,467.5026
208.7290802001953,1.5298004150390625,278.265,467.0539
215.2694549560547,2.8262786865234375,273.09808,466.87952
218.94248962402344,2.03179931640625,267.7995,467.91757
218.09523010253906,4.7314300537109375,270.5985,469.98962
214.47010803222656,5.5093994140625,276.0515,465.4835
218.6985626220703,7.2198028564453125,270.46313,465.78717
216.0497283935547,5.910675048828125,275.45428,466.14273
220.70191955566406,5.192596435546875,271.51978,468.9872
209.14773559570312,5.7780609130859375,280.86618,468.22925
223.1466064453125,4.855194091796875,266.07266,463.5895
219.40501403808594,5.0894622802734375,277.40643,470.89307
224.57240295410156,6.400146484375,268.40796,461.7795
229.9417724609375,11.0445556640625,269.53848,465.8972
