218.0,73.0,141,406
215.75865173339844,83.784912109375,144.3931,393.6488
215.38189697265625,82.4224853515625,145.03247,395.54358
219.10890197753906,78.4676513671875,141.0621,400.09644
214.59395599365234,85.67930603027344,142.89449,392.50638
216.70160675048828,80.65875244140625,140.79405,397.98755
215.09822845458984,78.04510498046875,142.38509,399.3352
211.1870880126953,78.03184509277344,144.84738,398.28738
211.4943389892578,77.58253479003906,143.3884,398.70663
211.48291778564453,76.74836730957031,143.89757,399.22946
203.4711456298828,75.89837646484375,154.22165,400.464
203.28644561767578,80.761962890625,152.20238,397.06555
200.17083740234375,79.99819946289062,157.87988,396.89362
199.31771087646484,84.56312561035156,159.02168,394.91354
200.46290588378906,81.35015869140625,163.54013,394.05505
199.9883041381836,79.41786193847656,161.9222,400.16
203.32166290283203,83.54022216796875,172.70567,393.72974
202.95880126953125,83.78204345703125,185.5271,388.8446
204.30463409423828,86.197509765625,192.62718,389.31946
208.3324966430664,83.89030456542969,196.14494,389.76773
210.25395965576172,87.71659851074219,195.808,385.50528
214.24317932128906,87.75114440917969,194.93246,385.54312
215.38799285888672,89.53329467773438,200.54738,386.23517
224.48419189453125,87.365966796875,192.18713,388.28528
221.0291976928711,84.515380859375,195.76485,389.99512
230.95056915283203,85.27522277832031,188.11412,391.13705
233.52997589111328,90.35002136230469,181.1306,384.60037
228.1689453125,89.31918334960938,189.51025,387.2829
226.6052703857422,91.02708435058594,180.34024,384.0319
228.73223114013672,88.6519775390625,164.44887,388.03162
230.1321792602539,91.62103271484375,179.45256,386.271
231.61355590820312,93.63236999511719,156.67633,382.19608
232.2074203491211,98.49903869628906,173.38179,380.87082
230.70075225830078,95.27511596679688,154.9724,382.34296
230.01285552978516,105.27471923828125,155.43071,374.30872
231.44293212890625,124.55070495605469,143.8888,353.30887
231.70753479003906,121.90711975097656,157.27805,353.50632
227.39241790771484,121.10176086425781,142.78639,355.47964
232.25985717773438,121.42926025390625,153.30127,358.8877
229.7774200439453,123.13890075683594,138.78702,352.06857
233.2851333618164,123.61381530761719,152.47691,353.51553
230.01759338378906,115.51132202148438,139.08994,361.02588
224.34109497070312,112.12330627441406,155.21521,365.8151
224.41783142089844,106.3502197265625,161.08517,371.14166
224.01168823242188,94.40037536621094,167.48962,384.14853
219.47664642333984,88.17312622070312,160.02357,385.78906
224.00927734375,83.84170532226562,166.76593,393.46887
217.6109161376953,72.06494140625,184.5568,402.9986
217.12642669677734,69.34857177734375,189.45827,406.92706
216.75599670410156,67.068115234375,189.00528,410.89825
216.1646728515625,61.82843017578125,197.70111,411.67438
216.03235626220703,60.65486145019531,202.23662,415.42496
214.0109405517578,58.101593017578125,194.5026,417.31323
213.05303955078125,59.38404846191406,204.0556,417.24222
224.5922393798828,57.6986083984375,194.991,419.7083
222.83174896240234,51.78257751464844,191.91298,422.42526
221.21727752685547,59.83439636230469,202.58968,418.7695
225.5333251953125,61.74592590332031,189.75275,416.87247
218.9767074584961,63.195648193359375,205.56618,411.8794
215.32376098632812,64.92071533203125,183.00513,408.7199
212.62818908691406,72.16065979003906,199.788,404.35806
213.66728973388672,73.6131591796875,205.23262,404.39838
211.91468811035156,81.01168823242188,200.59402,393.88098
217.85469818115234,84.21464538574219,194.34401,390.25717
211.51732635498047,83.70559692382812,187.84944,388.7036
213.97946166992188,82.79278564453125,182.53113,394.45062
211.73995208740234,73.55715942382812,182.2754,403.56177
206.607421875,74.90745544433594,186.21295,401.20517
205.93760681152344,69.3426513671875,188.91513,407.62738
206.13616943359375,64.53007507324219,177.89459,413.37717
207.2131118774414,61.093994140625,184.90245,417.88226
206.2452392578125,56.067718505859375,181.67267,420.77014
204.92389678955078,58.28520202636719,181.92534,419.31918
203.7958984375,56.525482177734375,185.12225,418.83923
204.67850494384766,52.715972900390625,188.81529,424.95117
204.5571746826172,51.659423828125,181.33481,424.60968
206.6662826538086,58.87016296386719,185.15639,419.22275
208.03143310546875,60.587799072265625,186.21466,416.91748
210.49571990966797,64.10917663574219,190.3791,413.78317
212.81781005859375,65.12010192871094,186.57086,410.21188
214.50359344482422,69.56101989746094,190.96419,406.60458
216.0969467163086,79.8319091796875,192.29323,398.57562
218.6776123046875,84.99920654296875,191.63568,391.61322
216.9417495727539,87.0426025390625,192.3806,388.93243
215.44335174560547,86.14682006835938,195.93538,390.81787
220.8370590209961,89.00315856933594,187.00478,388.61057
216.31597900390625,90.61250305175781,188.22162,385.1918
220.51175689697266,90.78395080566406,183.718,384.6559
211.50933837890625,90.35006713867188,197.32208,387.08105
219.25779724121094,90.81123352050781,186.54135,385.5486
214.94100189208984,90.68609619140625,188.99904,384.37347
219.73114013671875,91.62905883789062,182.55267,383.88977
217.04183197021484,93.1429443359375,185.9103,384.84772
211.0605010986328,97.23799133300781,186.92435,378.6868
217.3723373413086,94.704345703125,173.37758,381.25555
221.95945739746094,99.69569396972656,167.26706,376.8383
223.5774383544922,105.6031494140625,166.8779,368.65887
226.5345001220703,113.54615783691406,160.60806,363.0917
215.2107391357422,119.39971923828125,171.61032,356.68732
223.56255340576172,118.79937744140625,160.66048,356.336
225.37545013427734,123.49746704101562,160.30751,355.11646
228.38478088378906,124.06820678710938,155.67801,355.89856
227.03285217285156,121.34294128417969,157.73386,357.30844
222.7172622680664,127.40229797363281,163.79228,348.4767
217.59712982177734,126.99496459960938,171.24178,349.9792
223.90513610839844,128.61285400390625,168.09317,345.1057
215.20549774169922,130.11105346679688,180.74867,343.2641
215.97406768798828,126.79695129394531,180.53282,348.254
215.4138946533203,126.67451477050781,181.332,347.73203
212.3330841064453,127.3358154296875,183.8276,346.47363
212.66751861572266,127.6341552734375,185.75188,348.0127
208.6844940185547,131.78269958496094,187.42972,341.673
204.2657699584961,131.16421508789062,192.05843,343.65668
208.28861236572266,133.91346740722656,184.00517,341.94492
202.82331085205078,135.6941680908203,179.90746,341.89804
204.30692291259766,139.32916259765625,176.33904,339.84802
193.1314239501953,140.23831176757812,183.14835,337.4085
201.2158966064453,136.11343383789062,168.34317,339.71356
189.686279296875,135.6946563720703,181.52368,338.9736
197.979248046875,136.44503784179688,170.26575,340.18378
186.42115020751953,134.6806640625,182.14915,341.8051
195.68124389648438,131.34132385253906,170.87445,345.9047
195.59008026123047,135.11151123046875,170.81715,340.93646
201.6864013671875,135.68740844726562,163.7655,339.9483
194.4043197631836,136.09176635742188,168.5536,342.0276
203.80248260498047,134.026123046875,160.16182,343.27155
204.42591094970703,132.589111328125,164.48833,346.88593
202.07637786865234,132.4883270263672,160.43452,345.68204
206.8272247314453,132.79302978515625,159.71072,345.73907
211.34630584716797,136.927978515625,149.7275,340.55896
210.7519302368164,131.39080810546875,146.30394,347.1778
211.11314392089844,139.65428161621094,147.96927,341.025
210.75458526611328,134.22500610351562,146.33018,346.88452
209.06996154785156,142.50735473632812,150.8677,336.37726
203.09547424316406,141.3662109375,153.8964,338.39374
200.47349548339844,149.31472778320312,159.02481,327.05634
198.04403686523438,150.04798889160156,159.94336,326.58633
197.6817626953125,146.97508239746094,163.52649,329.4374
205.82866668701172,147.85324096679688,155.02754,329.502
204.24758911132812,148.18832397460938,154.85999,328.9583
211.79356384277344,148.52825927734375,145.07895,330.90088
210.95172882080078,149.75421142578125,148.74156,328.97345
211.56693267822266,149.34918212890625,147.859,329.47607
216.53182220458984,150.35897827148438,144.28792,330.01428
217.18152618408203,150.68142700195312,145.9417,330.02863
217.5356674194336,150.46273803710938,148.47273,329.57477
221.05707550048828,153.39013671875,149.43883,322.93054
220.68885803222656,154.24893188476562,150.81992,323.60272
221.06391143798828,156.93191528320312,153.52238,324.05267
223.0745620727539,158.0430450439453,153.0952,323.76773
228.007080078125,159.1348419189453,149.49884,321.26974
233.1388702392578,158.34713745117188,149.49875,323.4682
237.18218994140625,158.4598846435547,149.75757,321.56888
235.38687896728516,160.00770568847656,152.40685,319.6259
240.04027557373047,158.2180938720703,148.01527,321.41574
236.1181182861328,162.49693298339844,152.95456,313.42575
241.1119842529297,159.85340881347656,148.60184,317.08023
244.6458969116211,162.3689727783203,145.118,318.29697
245.19700622558594,158.11647033691406,142.73178,320.96768
245.8728790283203,164.1715545654297,143.03879,315.91476
246.95428466796875,161.372314453125,144.43646,317.05133
244.74579620361328,163.51123046875,147.26744,316.90002
246.5240478515625,166.03662109375,147.0257,313.51166
248.30089569091797,166.21336364746094,142.27296,314.05124
248.62936401367188,164.03118896484375,141.04987,314.3499
249.14588928222656,167.58648681640625,143.11478,312.9933
247.03903198242188,166.2049102783203,144.8263,313.56253
250.75031280517578,167.68771362304688,142.25694,310.90625
249.54315948486328,167.38833618164062,147.69182,314.34857
250.60726165771484,170.8345184326172,144.83955,306.8535
253.85305786132812,169.91012573242188,141.13019,308.09137
258.41268157958984,170.5816192626953,136.42628,310.71304
254.93209838867188,168.1932830810547,140.85461,310.7231
271.15211486816406,169.66537475585938,126.41464,312.3902
256.63648223876953,168.3811492919922,142.05467,310.0034
276.20360946655273,170.7495880126953,124.90406,309.6221
267.12511444091797,168.34959411621094,131.28242,312.7546
287.0481300354004,169.67295837402344,111.58312,310.58926
287.91307067871094,165.00559997558594,103.99997,317.94888
288.3886260986328,166.2154083251953,105.31833,315.80618
289.1866149902344,166.8112030029297,105.70087,315.74405
282.69862365722656,165.5059356689453,110.60452,316.69437
284.14111328125,168.69471740722656,109.208496,313.21634
289.1579170227051,167.73529052734375,106.093956,315.16858
305.98303985595703,168.29331970214844,95.024216,314.43924
280.6008834838867,167.37100219726562,119.11574,310.0976
295.6533012390137,167.33689880371094,111.90824,314.87772
278.06710052490234,170.3592071533203,131.00911,310.5792
302.5349311828613,167.42214965820312,106.743614,316.05444
296.47814559936523,171.94432067871094,114.70655,310.87985
287.6005401611328,170.68089294433594,124.615814,309.57608
308.357364654541,169.67503356933594,105.5805,313.42422
303.85979080200195,175.61399841308594,108.5743,305.60342
301.67407608032227,171.5331573486328,113.1184,309.22452
331.4358940124512,171.3799591064453,89.44541,308.86478
333.78372955322266,173.36453247070312,87.90544,307.9718
345.8468132019043,175.87405395507812,82.162575,305.1178
331.5757751464844,170.16751098632812,98.11072,306.80884
363.7038764953613,171.75408935546875,70.309654,309.1203
362.1490364074707,171.96424865722656,79.09719,307.20682
342.2517890930176,170.02020263671875,102.31057,307.8988
322.5736846923828,169.79916381835938,131.21262,306.95868
326.7204055786133,166.919677734375,134.7083,312.8794
327.19820404052734,169.6875762939453,142.12715,310.72275
333.94290924072266,167.4036865234375,142.96245,310.36194
341.31939697265625,170.53945922851562,141.22162,309.30164
349.5404052734375,171.400390625,139.20563,307.82587
351.4755096435547,172.20631408691406,139.29544,311.0685
353.6295394897461,168.2692413330078,138.63136,311.9993
354.79227447509766,168.4002685546875,136.66258,312.59387
355.81517028808594,168.34945678710938,136.21951,311.56268
354.6191177368164,168.60122680664062,140.02324,310.46777
353.3045959472656,166.96812438964844,141.04138,311.60196
355.80828857421875,171.01266479492188,139.19562,310.74963
357.9701843261719,168.2538604736328,136.14478,312.27353
356.79437255859375,168.72605895996094,135.34778,311.4772
350.8799743652344,167.3038330078125,141.48126,312.29388
363.4080581665039,171.7826385498047,133.18828,306.94522
377.22424697875977,168.51072692871094,121.500175,310.28568
399.647762298584,172.17340087890625,102.77088,310.09528
389.799259185791,173.10594177246094,114.03869,306.97214
404.162052154541,170.91969299316406,106.13482,308.40457
403.171443939209,172.09878540039062,109.066536,307.0916
405.07381439208984,170.9512481689453,111.52693,307.69662
408.7650718688965,169.35755920410156,114.69709,309.04068
413.1814270019531,170.3264923095703,114.73035,308.85025
417.9925880432129,169.40496826171875,112.54455,309.48376
420.2063865661621,168.22637939453125,115.03742,312.90143
423.5235290527344,166.14291381835938,114.02899,314.97186
426.76210021972656,166.9580078125,115.0831,313.5171
430.3202018737793,166.9691925048828,115.84397,313.11093
432.6437301635742,166.76556396484375,115.847,310.72772
436.22288513183594,164.6950225830078,114.25308,314.2297
439.1796569824219,165.3812255859375,112.99036,313.98682
442.18333435058594,164.3721466064453,113.3624,315.14517
447.4543151855469,164.3858642578125,111.59961,315.58105
447.26226806640625,164.06915283203125,119.46008,313.89105
449.5852355957031,163.7510528564453,128.42523,313.6553
452.1844253540039,164.48451232910156,137.03075,315.60513
456.2584762573242,169.04251098632812,135.83742,310.38812
459.06502532958984,169.4952850341797,135.64601,309.8309
459.6845169067383,168.7161102294922,138.5189,309.85934
462.2235336303711,167.62298583984375,137.04646,312.21283
463.79805755615234,166.31468200683594,139.85066,312.28928
468.95438385009766,169.20574951171875,139.05327,310.1256
474.4752883911133,168.91259765625,134.64519,311.52258
477.8647766113281,167.01504516601562,130.02954,312.16437
481.4686584472656,168.48143005371094,133.66028,310.66147
486.6250228881836,168.54608154296875,129.9836,307.85254
491.789306640625,167.81056213378906,120.338196,310.47733
492.291202545166,164.45388793945312,124.87682,313.4699
497.57276916503906,160.8485565185547,130.12997,318.2278
501.12207794189453,159.0420684814453,132.77098,319.11465
501.4021301269531,156.9674072265625,138.01721,319.5194
507.95135498046875,159.20790100097656,133.08282,317.85574
510.37110900878906,154.50186157226562,130.90341,322.7541
517.358570098877,154.68739318847656,122.409935,325.78775
526.6288948059082,153.9980010986328,115.484886,326.44913
530.4662818908691,155.54559326171875,108.31127,324.98914
545.4593086242676,155.7150421142578,96.66146,322.53525
544.8346252441406,153.7122802734375,95.30768,322.85992
553.3195533752441,154.46536254882812,88.04473,323.8736
554.5909957885742,152.64944458007812,87.93062,325.2445
557.0764999389648,153.77464294433594,85.857315,325.9603
561.1011619567871,153.4837188720703,83.16291,325.13162
563.247730255127,154.7488555908203,81.027245,323.66037
562.9426002502441,153.03073120117188,82.38012,325.73035
565.0075263977051,156.26089477539062,78.95107,323.33765
566.6501007080078,154.1534881591797,78.69589,326.69168
568.3473358154297,156.38345336914062,76.98532,323.9087
569.906063079834,155.2996368408203,74.97889,325.4686
571.8364715576172,157.01495361328125,73.447174,324.5097
573.3546257019043,157.43008422851562,69.521034,325.12305
574.0759124755859,158.82730102539062,69.10721,324.34302
574.8353843688965,158.33132934570312,65.628,324.06787
574.696044921875,159.50999450683594,69.38928,322.58994
576.6142387390137,165.63613891601562,63.749916,317.61102
579.300048828125,164.477294921875,63.409424,317.7589
579.8460922241211,163.60037231445312,60.71016,316.54413
582.9297847747803,167.40689086914062,56.582752,318.9884
581.8808460235596,165.94400024414062,58.9512,316.87384
584.026424407959,169.6939239501953,55.802925,314.4398
583.8456382751465,173.0160369873047,56.68769,311.7952
583.6882629394531,176.53831481933594,56.86676,307.88016
584.7977714538574,176.05503845214844,55.225197,308.41183
585.3998603820801,178.5335235595703,54.69198,305.678
581.8469295501709,175.13124084472656,59.91979,306.4468
578.4281730651855,160.88600158691406,62.88334,320.4401
575.6728363037109,159.00621032714844,67.51584,323.09854
573.1394309997559,157.83482360839844,69.540535,323.01004
570.5319290161133,155.85763549804688,72.85722,324.24286
565.6906089782715,156.9335174560547,77.896065,323.4207
562.0769805908203,154.5272674560547,83.92221,323.44772
556.2631492614746,156.40472412109375,87.73603,321.18988
552.7913360595703,156.9896240234375,91.26962,320.935
552.1099090576172,158.0055694580078,89.818085,319.1904
545.5588645935059,159.47471618652344,97.6872,318.07486
542.0416107177734,159.52398681640625,99.98013,317.9126
536.3022842407227,162.90371704101562,104.52696,316.11035
534.4907989501953,163.784423828125,106.50223,316.2987
527.5385284423828,163.24708557128906,112.372284,314.76675
525.2224006652832,159.7499237060547,116.55544,318.2997
523.429744720459,158.8145751953125,118.41352,320.765
515.8459014892578,159.29197692871094,124.32962,319.08243
514.1237411499023,157.37628173828125,125.16469,322.55847
509.8623352050781,156.14739990234375,132.04285,325.75934
505.94799041748047,155.94520568847656,135.07942,322.48386
502.5643615722656,155.51145935058594,139.52856,325.48294
501.7625427246094,154.6663818359375,137.81116,325.32623
498.17686462402344,154.58172607421875,140.06924,324.75116
492.07005310058594,156.7936553955078,142.14633,321.95187
488.92822265625,156.62814331054688,139.5951,322.74255
483.23746490478516,156.6544647216797,133.56279,321.4935
476.70272064208984,156.62271118164062,131.12709,321.05487
473.6386413574219,156.95791625976562,121.81592,321.28796
464.4763832092285,157.8758087158203,127.10253,321.19034
460.13591384887695,158.0050811767578,126.43838,322.40732
454.4950294494629,158.2138214111328,125.42187,320.57175
448.3970031738281,158.7267303466797,124.43713,320.95926
444.3037986755371,159.51832580566406,122.70588,319.66525
439.3622245788574,158.48240661621094,121.47416,319.64987
435.39011001586914,157.55984497070312,124.712456,318.6717
432.8913803100586,156.53721618652344,124.89412,320.93588
432.8803062438965,153.4039764404297,126.85847,321.49472
431.7956657409668,151.24264526367188,124.11521,325.92975
429.0197525024414,149.9675750732422,128.52666,327.767
425.7369689941406,149.36209106445312,130.45886,330.0525
425.87830352783203,147.4263458251953,123.657455,330.70853
418.5665054321289,145.68345642089844,128.23192,333.87192
413.8665237426758,147.35403442382812,126.13933,335.04175
411.4487113952637,146.19090270996094,127.044106,332.67844
408.48087310791016,146.2549591064453,127.635605,335.12924
405.7176818847656,146.07704162597656,120.56854,335.51974
402.6687240600586,145.33689880371094,140.68758,334.6392
401.5410385131836,144.05372619628906,144.66634,338.22806
399.1712417602539,141.9449462890625,143.9431,340.9093
398.78414154052734,143.18603515625,146.46553,337.33252
394.1089553833008,139.60061645507812,147.56834,339.28027
392.96089935302734,143.6366729736328,145.94984,333.66928
389.77911376953125,144.31040954589844,146.31842,335.87717
384.23567962646484,142.69444274902344,147.3077,337.1987
381.97444915771484,146.86044311523438,146.51466,332.6596
376.0443878173828,146.03750610351562,148.2958,333.37
374.3580322265625,149.09478759765625,144.85034,330.43823
370.3482894897461,148.0859832763672,143.31013,331.22726
367.3344039916992,147.36122131347656,141.26045,331.13712
366.40123748779297,150.2046661376953,137.34291,329.67587
365.09136962890625,150.00657653808594,144.58435,327.5316
364.03807830810547,151.87451171875,142.26033,326.5725
365.6080322265625,152.74069213867188,140.3573,325.80023
364.4715576171875,155.4674835205078,129.91272,325.14383
363.00342559814453,153.1895751953125,142.43852,326.38983
363.2572555541992,155.9378662109375,137.29842,322.95105
364.93804931640625,155.63235473632812,133.06671,325.7829
363.60414123535156,154.06741333007812,132.13321,322.1939
363.6553421020508,156.3165283203125,140.71227,323.5381
365.6445007324219,156.194091796875,134.94592,323.35736
364.4857940673828,157.50096130371094,138.37607,322.7816
368.96642303466797,161.00148010253906,136.67159,319.5544
369.9727096557617,159.3443145751953,139.87239,321.04056
371.68165588378906,158.45492553710938,143.00449,321.72632
372.6132049560547,159.7621612548828,145.73605,319.983
373.1731414794922,159.07513427734375,148.26364,318.54456
376.7797622680664,159.12217712402344,147.60094,320.77066
376.12640380859375,157.94273376464844,148.61438,318.68057
378.8641052246094,158.6693572998047,154.90015,317.82443
375.8462219238281,158.14195251464844,134.62433,318.03732
375.2972526550293,155.85426330566406,127.031044,322.7319
373.3061218261719,156.43206787109375,127.99921,324.44354
372.53353118896484,155.69927978515625,133.8163,322.88348
375.3633842468262,158.2939453125,121.41532,320.45337
376.3030548095703,154.7480926513672,144.06406,323.18405
377.65782165527344,158.78463745117188,145.38211,314.8092
384.1836929321289,163.95481872558594,141.31322,312.9576
377.49774169921875,164.85044860839844,149.35571,309.1201
379.54638671875,165.43374633789062,150.07935,307.2306
381.0893249511719,165.56419372558594,153.52313,308.39444
381.05780029296875,167.1514892578125,151.79382,308.94214
385.02074432373047,165.21905517578125,154.91286,307.8755
385.40235900878906,166.4939727783203,148.02615,310.11154
386.0585250854492,166.3949432373047,152.18196,309.38913
388.28623962402344,166.49160766601562,148.74844,309.12646
384.7716979980469,164.80555725097656,151.38403,312.26505
386.42652130126953,163.5988311767578,150.30766,312.16708
389.1205825805664,162.39151000976562,148.76854,315.37396
390.6247863769531,160.37632751464844,147.94458,317.20773
391.7779541015625,158.97708129882812,151.11908,318.75848
392.96475982666016,158.8604278564453,151.1461,316.00955
394.44730377197266,157.99551391601562,150.05522,319.3874
397.4924621582031,159.1066131591797,144.90051,318.77426
399.94258880615234,159.93551635742188,144.20546,316.38367
403.26690673828125,161.33470153808594,144.14215,314.66324
405.87660217285156,161.58482360839844,141.2576,313.5278
408.2621612548828,162.72573852539062,140.5228,314.64655
410.86026763916016,163.19972229003906,143.3441,313.02695
413.33975982666016,162.90505981445312,146.20427,311.84338
413.5747528076172,163.74652099609375,149.45065,311.14417
416.9618148803711,162.99639892578125,147.9532,312.61462
418.33380126953125,164.71502685546875,149.8244,312.05493
420.54752349853516,163.42514038085938,150.4644,312.75208
422.2146224975586,162.15794372558594,150.68965,314.81357
424.8211898803711,161.3186492919922,150.33907,315.17184
427.26818084716797,161.08792114257812,149.19344,319.18097
428.4225387573242,158.4600830078125,148.66072,319.91943
431.4966278076172,160.18557739257812,146.86844,316.16034
431.0911560058594,159.33590698242188,145.1814,318.19067
425.9300842285156,159.60096740722656,146.50458,318.66092
424.06016540527344,158.14984130859375,146.70187,319.53705
423.0029983520508,159.12887573242188,145.88603,318.3203
418.36336517333984,160.64608764648438,148.04683,316.52594
415.9656982421875,162.42694091796875,149.03406,315.29584
409.1317825317383,167.9801025390625,149.9951,308.86945
401.3583526611328,168.91168212890625,147.78293,308.48285
392.50914001464844,172.95164489746094,145.0325,303.23898
383.49678802490234,174.4320831298828,144.16286,303.84512
377.12733459472656,176.90213012695312,145.44882,299.57654
372.1596450805664,178.51303100585938,142.7664,298.15228
366.23423767089844,180.47579956054688,142.4263,295.79163
363.51729583740234,183.25001525878906,139.22383,295.19913
355.3888244628906,184.61715698242188,139.55737,292.09625
352.99999237060547,186.35787963867188,137.19746,293.7658
347.17688751220703,184.51918029785156,141.45818,293.53543
344.21883392333984,184.55215454101562,140.43385,293.93158
338.23766326904297,182.8520965576172,135.84132,296.40048
334.73584747314453,182.2703399658203,136.12871,297.96103
327.9989929199219,182.1393585205078,133.36835,297.6461
321.4364471435547,180.805419921875,132.43546,301.99243
315.54239654541016,180.33859252929688,132.14372,300.99792
308.5899887084961,179.96224975585938,131.10786,299.2589
303.41900634765625,179.95947265625,129.74396,301.41327
298.2136878967285,178.5336151123047,126.05749,303.79233
291.6991539001465,179.0932159423828,122.91572,301.93637
295.1404571533203,180.1332244873047,111.00101,303.90073
279.95893478393555,179.5176239013672,117.65269,301.4111
279.2983283996582,179.30218505859375,108.663414,303.1222
264.21593475341797,178.81175231933594,113.97853,303.5477
265.76838302612305,179.40029907226562,102.35624,299.96967
256.6227111816406,178.5435791015625,107.84625,299.65393
238.13781356811523,176.3358154296875,120.367195,301.8274
266.8890037536621,179.10867309570312,87.20991,306.3131
240.79465866088867,179.49093627929688,110.54618,297.49896
255.9650535583496,178.31399536132812,94.63758,301.7433
228.71062850952148,174.9310302734375,124.687996,300.3427
259.7223243713379,176.74195861816406,94.60638,306.21707
270.8809509277344,174.73675537109375,83.730286,303.5343
272.01313400268555,175.9581756591797,82.43693,301.65067
281.38513565063477,174.57052612304688,74.98852,305.48212
276.39403533935547,174.53587341308594,80.94185,305.10446
276.41662979125977,171.1021270751953,80.99413,304.69528
276.9706268310547,173.0736541748047,80.09445,306.7178
262.6813201904297,170.6945037841797,93.02597,305.6641
249.3045196533203,166.1549072265625,107.3768,311.98352
237.45592498779297,162.73968505859375,120.39479,316.8991
237.49634552001953,165.54989624023438,123.87938,315.32794
241.1182518005371,165.61537170410156,123.51789,315.3889
239.5490493774414,167.6331329345703,128.09404,313.822
240.98223876953125,166.38900756835938,128.56769,314.094
241.6445083618164,170.4119110107422,131.80052,310.86447
243.68307495117188,169.7184295654297,130.84229,313.21902
242.2998275756836,170.4973602294922,132.32613,313.38803
245.26541137695312,171.89466857910156,133.3241,309.8301
245.849365234375,173.22532653808594,134.41803,310.67245
246.6023178100586,170.64088439941406,133.00179,311.16397
246.65727996826172,170.20260620117188,134.2383,312.77606
250.3845672607422,172.32521057128906,130.2706,310.97427
251.21560287475586,170.98257446289062,127.367744,313.101
250.60275268554688,169.55906677246094,125.462524,311.92874
250.8231201171875,170.57757568359375,124.52777,310.77765
249.77828979492188,172.5768585205078,124.76532,309.66122
249.39830780029297,170.19647216796875,124.739395,308.57465
247.2703399658203,172.2082061767578,129.51315,306.59195
247.02079391479492,172.9530029296875,125.69108,308.96857
249.98289489746094,174.53460693359375,123.94113,306.2379
244.86441040039062,175.16217041015625,128.34375,307.87878
246.6009635925293,174.9034881591797,123.40464,306.6044
245.1122055053711,176.25653076171875,128.08138,304.2425
247.25230407714844,177.03237915039062,125.24411,302.46912
248.79959106445312,176.32823181152344,125.03558,304.4633
249.72021102905273,177.35511779785156,125.36585,301.43796
251.54297637939453,178.45130920410156,123.92149,303.27408
254.16255950927734,176.98199462890625,120.27852,302.34222
257.4622802734375,177.92733764648438,118.06232,302.7906
253.81315994262695,177.3163604736328,122.10177,303.50754
253.42719268798828,177.442138671875,122.72771,304.30438
256.3971633911133,178.19638061523438,120.596664,303.8258
254.73760604858398,174.72775268554688,123.94666,305.664
253.7580223083496,175.38197326660156,123.676216,306.72903
257.0347137451172,176.4434356689453,122.62436,305.52493
256.3551254272461,177.41909790039062,119.912796,302.49738
256.40517807006836,180.11508178710938,120.403206,301.11127
257.4733695983887,181.45289611816406,115.37595,302.74295
256.1331024169922,183.63677978515625,116.85025,299.30756
258.7759895324707,185.7558135986328,112.43319,294.37814
257.04480361938477,185.58033752441406,113.80804,295.29037
262.4559135437012,189.08087158203125,108.975075,289.54803
258.0493469238281,189.02207946777344,111.42578,291.27322
259.15087509155273,191.47222900390625,109.86103,288.70776
260.5648536682129,192.19219970703125,108.514336,288.73743
258.9798011779785,191.55862426757812,112.36187,289.0569
258.77791595458984,191.90603637695312,111.90651,286.5937
259.78954696655273,191.9657745361328,113.7049,288.43265
263.19425201416016,191.46176147460938,111.99449,288.11914
257.1912651062012,192.01596069335938,115.522255,289.35388
263.6114501953125,193.28424072265625,115.31073,288.5545
262.7973861694336,190.72166442871094,113.304276,291.77573
261.8468589782715,190.54183959960938,116.14155,291.53088
260.0422248840332,193.7197265625,116.0812,288.99884
264.4408073425293,194.83775329589844,113.05735,284.09995
265.0825309753418,195.15304565429688,111.81461,286.33636
265.0398750305176,198.1797637939453,110.835594,281.6705
266.00825119018555,199.30020141601562,111.76334,278.81274
265.27157974243164,199.58204650878906,109.33074,280.59946
266.2784194946289,201.8065185546875,110.49663,278.13892
265.69733810424805,199.62245178222656,110.70158,277.93045
266.46809005737305,199.3150177001953,114.935585,280.78976
267.8551139831543,199.9578399658203,114.692116,279.82742
270.63233184814453,200.47853088378906,114.21275,279.40048
274.5791015625,200.92750549316406,112.07117,280.37894
272.11224365234375,199.07342529296875,117.360535,284.98248
277.38831329345703,200.3245086669922,117.29668,279.7526
272.3544921875,196.9785919189453,122.72571,283.3079
274.5565643310547,193.33169555664062,124.528534,288.40973
274.48409271240234,194.02565002441406,127.4662,287.98837
276.7141571044922,190.4583740234375,124.81674,289.37543
281.6648292541504,188.70726013183594,123.64013,292.09744
282.94197845458984,188.28973388671875,120.76674,291.47168
284.2434310913086,186.5238037109375,121.856766,294.7008
285.7584571838379,188.1297607421875,119.56066,291.43658
287.4887504577637,186.34439086914062,118.2996,292.9666
285.9440574645996,191.7211456298828,119.644295,286.49228
287.4193420410156,191.4982452392578,118.10028,286.94254
286.54434967041016,194.24465942382812,119.722885,284.1573
287.34581756591797,196.27662658691406,119.204056,282.8552
289.42776107788086,197.87020874023438,115.219185,282.3927
291.0142288208008,199.7374267578125,113.287155,278.8031
289.045597076416,200.7714080810547,113.02837,275.9517
290.1701011657715,201.7759246826172,111.61457,278.2831
291.3596534729004,204.98095703125,109.60015,273.64624
290.5975570678711,204.97279357910156,111.91176,274.99435
292.7550239562988,206.0758056640625,114.18685,273.5813
296.14411544799805,204.7836456298828,112.23252,275.665
296.89496994018555,202.81651306152344,110.71256,277.08548
298.89544677734375,199.9724578857422,110.946045,278.2012
298.97669982910156,196.5369415283203,108.525116,285.40347
301.52099990844727,195.79115295410156,109.69604,283.24503
300.4475746154785,195.36424255371094,109.78106,286.49454
304.0559501647949,196.5139923095703,105.41593,284.8538
303.88791275024414,196.0897216796875,109.60119,285.9721
303.7239227294922,193.6964874267578,106.09152,286.82986
305.4560356140137,198.44415283203125,105.61405,283.31616
308.62729263305664,196.74148559570312,100.81524,284.55
307.3390007019043,195.3639678955078,98.97105,283.6158
309.51076889038086,197.81349182128906,96.932014,280.97348
308.6092414855957,197.62893676757812,95.299095,280.81268
310.533504486084,198.3909149169922,97.35328,280.76065
308.2618179321289,198.1494903564453,100.05272,280.0615
307.5997009277344,197.04571533203125,102.51074,281.14404
305.12417221069336,195.08079528808594,109.498604,284.12076
303.4857749938965,195.0303497314453,115.78388,284.68826
302.2137565612793,193.75936889648438,125.61619,285.7987
302.93849182128906,192.69064331054688,135.11124,287.5345
301.8215103149414,192.86550903320312,139.57341,287.03906
304.13513946533203,192.7873992919922,142.01927,287.42093
307.25719451904297,191.59483337402344,140.12538,287.66446
311.9837417602539,190.6543426513672,134.77965,289.55203
313.0445785522461,188.5973358154297,133.57967,291.31863
313.2692184448242,187.6158447265625,129.14003,290.9496
313.83495330810547,185.5206756591797,128.52351,293.746
314.63711166381836,185.63160705566406,127.7837,294.86636
317.4447784423828,182.90467834472656,123.05008,298.87912
320.275333404541,183.24114990234375,117.97588,298.38934
325.69775772094727,183.0360565185547,115.73498,299.81314
325.9939270019531,183.64939880371094,110.46948,299.17795
324.93225479125977,184.97457885742188,109.09637,295.9536
326.599365234375,186.52557373046875,114.64337,295.96533
326.7487258911133,184.94940185546875,115.04112,297.6734
326.27672576904297,187.9923553466797,119.25557,293.68124
328.4840850830078,186.3028564453125,120.65878,295.1363
329.44215393066406,186.77992248535156,120.006744,293.99033
334.3086624145508,186.85501098632812,117.7625,294.00476
337.70409393310547,185.3196258544922,114.10817,294.79306
342.9348449707031,183.60777282714844,109.962585,296.17258
349.6209907531738,182.53076171875,102.70547,297.44922
355.58242416381836,183.4932403564453,96.955696,297.11484
362.3596000671387,183.5094451904297,89.92771,294.87296
366.0990295410156,183.85589599609375,87.82782,293.91498
368.6658821105957,181.98597717285156,86.616844,298.3411
371.14963150024414,181.28538513183594,85.418205,297.00992
368.6946449279785,181.07606506347656,88.254326,296.361
374.1147766113281,181.29039001464844,83.10083,297.82358
372.66303634643555,182.10751342773438,85.417336,297.0821
371.7015075683594,182.23629760742188,88.01587,296.74915
377.20616912841797,181.03271484375,89.456314,295.2729
372.10676193237305,181.37728881835938,93.03092,295.34235
382.9717712402344,180.47450256347656,88.92389,295.19223
372.1215171813965,180.72117614746094,101.27686,295.43002
385.3833923339844,180.8194580078125,104.15613,293.27222
383.8024253845215,184.41624450683594,110.05793,293.5701
384.32648849487305,187.3402862548828,104.92997,292.73514
386.24512481689453,189.1813507080078,102.2664,289.47037
391.861270904541,194.14175415039062,90.44286,282.36798
388.0558662414551,192.84278869628906,96.798,282.51236
391.6378402709961,195.03793334960938,96.050674,281.58423
395.4269371032715,197.1278839111328,96.23481,278.62582
389.22717666625977,196.0316925048828,103.35534,281.1661
394.4214210510254,197.08607482910156,101.22942,278.40707
388.75851821899414,196.1087646484375,108.54467,280.93152
391.9184799194336,195.78965759277344,107.00874,281.02023
390.6751365661621,194.10401916503906,112.37226,284.18448
392.80347061157227,193.22117614746094,112.09692,285.0344
393.6460075378418,193.9291534423828,114.34147,284.0292
393.8746566772461,190.5982666015625,115.67177,288.99
395.6757926940918,192.0710906982422,115.82426,284.959
392.8397636413574,192.07125854492188,118.60502,287.00964
394.1076469421387,191.10525512695312,119.69767,287.34094
395.314453125,191.22401428222656,118.36658,287.44437
393.3853340148926,191.36697387695312,120.20443,287.54028
389.984619140625,190.83587646484375,122.01947,289.06946
392.1682357788086,191.53700256347656,120.72041,284.52267
391.043212890625,190.1457977294922,121.23926,288.8372
391.5782775878906,191.36642456054688,121.59558,287.4594
393.11814880371094,190.54486083984375,121.240326,287.16083
408.3736267089844,191.39682006835938,107.060486,285.17072
421.21665954589844,192.3443603515625,96.56247,284.839
422.6490936279297,189.71945190429688,94.54788,285.9264
424.0651206970215,187.65554809570312,95.20319,287.95837
424.1132125854492,186.42388916015625,96.153885,289.33978
426.2230911254883,184.31552124023438,97.37846,292.62756
426.2538528442383,181.78819274902344,95.20006,296.81015
427.1371765136719,178.2202911376953,100.75098,297.48325
427.0766906738281,177.61009216308594,100.99164,301.0518
428.6693344116211,174.85885620117188,108.710526,301.6991
430.46701431274414,175.36721801757812,108.681816,303.1762
431.2911949157715,174.3335723876953,122.60706,303.27798
430.79943084716797,174.0989532470703,120.23494,307.9512
433.9850959777832,173.9122772216797,122.07552,307.5513
436.3357582092285,175.4718475341797,119.48614,306.8134
436.9589080810547,176.45498657226562,119.705536,305.57977
439.9903984069824,178.3211212158203,118.04441,303.81186
438.2175407409668,179.05970764160156,110.99149,302.73196
438.3768539428711,181.00904846191406,109.19527,299.7864
437.8931541442871,181.01605224609375,101.64356,297.66724
438.736572265625,179.76876831054688,104.26874,297.07373
437.9317398071289,179.5065155029297,101.17784,297.21896
436.9443054199219,176.2236328125,104.946106,297.91168
436.24864196777344,175.01890563964844,106.61038,300.81143
436.26141357421875,172.33506774902344,105.50696,302.56583
434.3559761047363,169.67648315429688,101.22134,303.55853
431.82889556884766,168.74159240722656,111.031784,307.96298
430.78263092041016,164.45542907714844,103.8878,311.8524
431.12531661987305,165.3468017578125,107.87736,310.60425
429.6646728515625,162.90113830566406,105.037964,311.0142
428.66836166381836,165.08071899414062,104.632454,309.1173
427.30482482910156,163.10377502441406,105.58896,311.64188
428.3858337402344,165.01934814453125,102.43671,310.33667
427.1995277404785,165.51687622070312,105.79247,309.33636
427.7440643310547,165.3551025390625,107.03238,311.58148
427.31737899780273,167.23568725585938,109.12611,308.518
426.9512481689453,168.76515197753906,113.96097,307.00693
426.3257179260254,169.67164611816406,116.5606,307.9471
427.15620040893555,171.22958374023438,118.887794,307.22382
426.4240188598633,170.8419189453125,121.92943,307.21155
425.0436019897461,170.52015686035156,123.01308,308.80502
425.94753646850586,169.9279022216797,121.73359,307.7595
427.14664459228516,169.12899780273438,119.31969,310.88873
424.94136810302734,165.64837646484375,117.604935,314.6671
419.5038375854492,164.49546813964844,116.089615,315.49026
415.39819717407227,162.96337890625,117.78179,315.5205
409.9996871948242,162.21388244628906,117.452225,315.3738
404.6781921386719,161.50692749023438,115.04437,316.92365
398.57522201538086,161.31405639648438,116.969246,316.7627
394.01051330566406,161.90394592285156,113.99112,316.79965
390.97741317749023,161.8674774169922,111.42597,316.23038
388.5432891845703,162.58831787109375,109.85245,315.6137
385.4168167114258,161.49868774414062,108.84343,316.11212
383.6426200866699,163.87657165527344,105.89384,313.33377
381.22086334228516,163.7316131591797,103.65611,312.57663
379.44541931152344,164.10704040527344,101.417816,312.42062
379.1807975769043,167.98863220214844,98.62968,308.27786
376.7946090698242,167.53257751464844,97.410904,308.2148
374.60252380371094,167.919189453125,95.45065,308.18866
372.72775650024414,169.5543975830078,94.29827,308.43924
369.4787788391113,169.5990753173828,95.41988,306.2853
366.5657844543457,170.02102661132812,95.99618,307.65216
363.69271087646484,170.22930908203125,96.221695,305.81537
363.51043701171875,169.7767333984375,95.52905,305.8216
359.7546920776367,169.15835571289062,99.80342,308.9242
359.3893699645996,168.15670776367188,99.077705,307.94867
358.8295135498047,166.791748046875,101.473114,308.9795
357.4846649169922,165.8670654296875,103.6575,310.8246
358.33329010009766,167.5008544921875,103.92107,309.99384
354.71841049194336,165.1873779296875,107.270515,311.4585
352.9195747375488,166.696533203125,108.821556,310.18646
353.16064834594727,165.86326599121094,113.09789,311.11404
356.8487777709961,165.2416229248047,114.03999,312.9169
357.0306510925293,163.5000457763672,118.32133,316.50174
357.40559005737305,163.5504913330078,120.388405,316.96457
356.1209907531738,163.01846313476562,122.016075,317.22473
353.3241996765137,161.275390625,124.617226,320.43616
351.3550109863281,161.11683654785156,123.74567,318.46762
349.4395561218262,158.58786010742188,125.30088,322.0492
347.91222763061523,155.7559051513672,124.783455,322.07083
349.5436668395996,153.6405487060547,123.617256,325.37204
350.5672073364258,149.0111846923828,126.402756,330.09177
352.23949813842773,146.86727905273438,126.1659,332.62775
354.63730239868164,143.1599884033203,124.61437,335.92343
357.73212814331055,141.079833984375,124.23325,336.57074
357.3877296447754,135.9482421875,127.58892,341.49316
357.25772857666016,133.2031707763672,130.5454,345.03934
362.2728614807129,134.84288024902344,127.83111,340.61923
364.16770935058594,127.80946350097656,131.83261,348.0634
365.9404754638672,127.14295959472656,134.59671,350.38638
370.11177825927734,126.58683776855469,134.6277,350.43655
373.67469787597656,126.02090454101562,134.44455,350.18866
378.8927536010742,124.64077758789062,131.22725,353.14038
382.8436965942383,125.81214904785156,129.51073,353.6948
389.8828582763672,128.78648376464844,124.13016,350.17752
396.8107376098633,128.1864471435547,118.732895,351.1227
401.47847747802734,129.34768676757812,115.206314,349.1922
403.9028549194336,129.9796142578125,116.381424,346.09253
407.3244743347168,128.64341735839844,116.64756,345.41025
409.3509826660156,127.97039794921875,118.37958,347.40076
412.31453704833984,125.09738159179688,118.97499,348.89606
412.63742446899414,124.42303466796875,119.11297,349.24487
416.8705635070801,124.63525390625,117.84078,349.50226
416.7295150756836,125.08087158203125,125.64748,348.78735
418.83531188964844,123.51832580566406,129.10434,350.42197
421.61878204345703,123.74650573730469,130.21904,351.42264
424.74462890625,123.17654418945312,131.36713,353.30194
429.3287811279297,124.64797973632812,130.43137,353.26678
429.3209915161133,125.33714294433594,131.2996,354.1791
431.3869171142578,124.19560241699219,130.21591,352.67624
432.5489959716797,120.75834655761719,128.44827,356.78024
435.60330963134766,120.59880065917969,129.8106,355.98703
437.626953125,119.869140625,129.00238,356.98944
438.70719146728516,117.61672973632812,129.44511,358.4193
443.0079879760742,116.22846984863281,130.8282,358.63376
444.60157775878906,114.78898620605469,134.33401,360.7239
447.2798309326172,114.91551208496094,133.7828,361.08444
449.40392303466797,114.1319580078125,133.3384,361.8604
452.4370422363281,113.7625732421875,134.27026,362.69043
456.50670623779297,113.89266967773438,135.21779,363.6609
459.7325744628906,113.15141296386719,134.2602,365.7899
462.4812240600586,113.46342468261719,137.98909,361.19894
463.67909240722656,115.10615539550781,139.48495,361.9363
466.0160827636719,113.23387145996094,141.79242,362.27744
469.5026321411133,111.2974853515625,142.87395,367.2337
474.2782745361328,113.115478515625,144.4595,365.7851
478.5265121459961,111.29161071777344,146.25478,367.81564
482.4621887207031,112.35260009765625,141.72449,364.89
485.6845703125,111.91416931152344,143.8899,365.60995
488.1597213745117,113.02699279785156,140.08461,363.6758
489.28482818603516,114.01792907714844,143.17644,364.2971
490.4092788696289,112.92185974121094,143.70726,364.147
492.30399322509766,110.51792907714844,145.84447,364.94577
495.0248107910156,110.16661071777344,142.6706,365.73038
497.40233612060547,108.96696472167969,140.95967,367.90097
499.06331634521484,109.4896240234375,139.29677,368.63306
500.7279281616211,110.42146301269531,136.88222,365.97122
497.91259765625,109.99894714355469,139.85193,367.72202
497.0407257080078,111.24388122558594,140.54715,364.34933
495.58060455322266,109.89183044433594,145.23106,367.47232
496.25990295410156,111.19229125976562,143.22696,368.66437
497.5490036010742,110.81805419921875,141.32448,368.17242
496.41878509521484,110.68899536132812,143.29494,366.7815
491.10730743408203,110.89572143554688,147.73772,365.88916
485.9145965576172,111.9327392578125,155.44693,366.38483
480.8973388671875,115.66575622558594,155.40393,362.13364
475.7240219116211,111.52078247070312,158.64034,366.3081
474.43531799316406,114.58346557617188,159.0599,361.26514
471.40824127197266,114.89051818847656,160.43413,362.64078
469.6677017211914,114.85049438476562,161.22661,360.64954
467.9572296142578,115.08503723144531,160.10678,364.28714
463.1581039428711,112.76362609863281,163.42769,366.0546
452.75557708740234,112.68011474609375,170.8691,365.3322
447.60099029541016,113.5389404296875,170.09233,360.26788
440.89691162109375,110.53921508789062,179.68982,364.94092
437.9174575805664,113.39804077148438,176.93962,360.71448
435.81785583496094,115.79360961914062,179.10013,362.50684
433.4450378417969,111.50927734375,177.09027,360.29767
434.7788391113281,113.58460998535156,170.57452,361.50443
430.41353607177734,110.58412170410156,170.21419,366.25162
424.67811584472656,109.10205078125,165.39597,369.70978
416.94934844970703,107.52423095703125,168.04564,372.13824
411.3395538330078,107.78913879394531,171.07797,369.12723
404.01122283935547,105.24456787109375,175.92116,372.9068
401.59900665283203,104.92376708984375,170.286,369.9245
394.62195587158203,104.31767272949219,169.01903,372.6594
391.40088653564453,102.04031372070312,165.83202,376.33398
387.4330062866211,102.0357666015625,162.6202,374.02496
384.398193359375,104.79318237304688,162.80212,373.21423
378.10023498535156,102.20382690429688,158.22287,374.18323
372.2909240722656,101.92774963378906,154.3128,375.11832
367.0757141113281,104.42495727539062,152.6258,370.3197
363.62158966064453,104.90898132324219,148.20372,373.00327
357.1206512451172,108.58421325683594,148.9849,369.97104
352.2132339477539,107.99244689941406,146.30534,367.11868
347.4408187866211,109.43318176269531,145.74757,364.0826
343.2514343261719,112.24191284179688,145.80957,366.4402
338.97222900390625,113.82369995117188,143.77637,366.14233
336.7081604003906,113.8314208984375,137.77197,363.5534
333.4894332885742,113.73660278320312,134.78041,361.778
329.8344039916992,111.47225952148438,130.53047,363.99634
328.15281677246094,111.90211486816406,128.31583,363.97903
330.4176254272461,114.59956359863281,126.22774,361.67612
329.4825668334961,111.57899475097656,124.51521,363.009
331.1419677734375,108.11842346191406,171.50201,361.2153
336.79925537109375,112.73896789550781,183.82745,359.78403
341.9526786804199,112.18354797363281,115.531715,360.0858
338.3658981323242,107.80908203125,186.00722,360.0149
346.6242980957031,113.22218322753906,115.466736,360.12704
337.7102355957031,113.16342163085938,126.89325,356.24634
333.6183547973633,113.20901489257812,134.00725,355.70917
333.2721710205078,105.42147827148438,147.6766,365.70032
337.9308624267578,106.08056640625,143.33481,366.7132
341.9722442626953,106.06207275390625,145.07547,367.2135
336.17311096191406,102.26409912109375,173.97281,371.71582
334.1585464477539,106.79679870605469,174.09727,363.87454
322.45377349853516,98.89398193359375,186.50157,373.0476
335.103759765625,96.18583679199219,177.19489,375.5789
317.0991973876953,101.28565979003906,199.97305,372.16464
339.98028564453125,99.15228271484375,177.22638,370.30005
333.62200927734375,97.70372009277344,187.77777,374.96695
341.8759231567383,103.51925659179688,177.1945,368.92303
346.3773880004883,102.94705200195312,180.73198,368.89056
337.4940719604492,95.47640991210938,185.04842,376.01093
349.04002380371094,99.59156799316406,176.27475,373.86044
345.9031066894531,91.89668273925781,182.89319,380.25034
350.8877182006836,97.84674072265625,181.06215,374.19287
348.37085723876953,94.67915344238281,189.54424,376.99973
353.10206604003906,89.72354125976562,189.2432,385.10577
355.36000061035156,91.435546875,193.11038,380.06702
352.90364837646484,84.61349487304688,200.78847,390.29962
356.2743225097656,86.77015686035156,202.4834,383.9763
347.2321472167969,85.86445617675781,216.77393,383.54245
405.0134506225586,86.19075012207031,161.1238,383.44125
413.2755813598633,89.26718139648438,146.64738,386.68842
413.1847457885742,88.72874450683594,146.64937,388.96475
407.6569061279297,95.24488830566406,148.285,379.42856
403.9362106323242,93.73512268066406,147.39314,381.97836
400.5118103027344,93.97579956054688,144.79895,380.79608
396.9881362915039,103.23652648925781,146.6704,371.51535
394.85870361328125,97.09158325195312,142.0874,378.04303
391.96321868896484,100.093017578125,137.99812,375.79846
387.64652252197266,101.64299011230469,136.44212,372.1534
385.8528137207031,103.7340087890625,131.51807,372.43884
382.09151458740234,104.756591796875,130.38094,371.82715
378.2642517089844,101.76470947265625,126.202576,373.83557
372.5621032714844,96.03952026367188,133.26642,376.81244
369.9199676513672,97.54734802246094,132.84024,379.48105
365.54661560058594,93.8914794921875,147.53311,379.51465
368.5118103027344,97.0986328125,164.8006,378.92688
372.4977264404297,87.44099426269531,136.01736,390.24887
360.16866302490234,89.62225341796875,145.5306,385.3828
360.35950469970703,88.13679504394531,138.45409,388.65695
365.53607177734375,90.14752197265625,128.0968,386.2024
353.3132629394531,89.902099609375,137.52155,385.12988
362.5016899108887,88.47314453125,124.319496,387.7611
351.77015686035156,89.41969299316406,135.77042,384.7773
360.7029113769531,91.49598693847656,120.6001,383.4753
352.8323669433594,93.9830322265625,128.70184,380.62732
347.9381103515625,95.3399658203125,131.70404,381.61377
343.22840881347656,102.52410888671875,128.46158,373.7732
335.5641860961914,101.52134704589844,125.48155,372.57822
326.9580535888672,104.20245361328125,136.83878,369.43793
315.9897155761719,116.25596618652344,145.30707,359.3467
306.0469512939453,105.87576293945312,151.1329,370.88184
296.9125061035156,114.24465942382812,166.46234,363.42126
283.1764831542969,108.78935241699219,181.39435,366.9642
272.29569244384766,111.74214172363281,195.2227,360.11636
261.21390533447266,111.23138427734375,200.03703,364.65656
249.4612045288086,106.51885986328125,195.24751,365.30096
237.93357849121094,102.37959289550781,201.01309,371.45413
226.82762145996094,102.79631042480469,201.80984,368.1777
217.72281646728516,102.41001892089844,206.08,370.83786
211.48473358154297,97.87225341796875,206.4684,375.12506
203.7724151611328,95.91580200195312,207.62582,375.60693
194.3664779663086,90.00019836425781,213.23067,379.3135
189.93144989013672,91.60334777832031,216.83107,376.6945
180.58663940429688,86.98939514160156,224.53595,382.75894
236.4192657470703,89.18852233886719,159.733,387.556
237.35689544677734,81.59843444824219,155.10408,390.77682
230.9331512451172,78.153564453125,160.93607,398.42572
222.86854553222656,79.3040771484375,167.98056,397.9765
229.32997131347656,74.19271850585938,159.59799,400.3911
232.26341247558594,75.20909118652344,157.32132,400.6578
236.2509536743164,74.65797424316406,156.50407,401.783
230.67645263671875,77.79106140136719,164.02026,397.8939
236.62686157226562,78.54484558105469,166.3006,400.0593
234.15398406982422,75.77149963378906,173.37172,400.88968
239.10167694091797,76.87094116210938,168.3185,402.97937
235.28821563720703,68.224609375,174.97789,410.47357
228.42153930664062,67.7811279296875,181.96515,411.1839
218.1255340576172,65.95237731933594,191.18973,409.6544
206.4314727783203,65.99868774414062,197.4083,409.8484
203.01993560791016,64.9512939453125,191.39384,408.33783
198.6451416015625,63.32023620605469,190.26392,410.07626
197.32595825195312,64.27125549316406,184.30536,410.7742
192.71147918701172,60.184814453125,183.39687,416.00604
188.28627014160156,65.45039367675781,166.13632,409.9811
186.19493103027344,59.16851806640625,177.79044,416.78046
177.10449981689453,65.23997497558594,163.9663,408.6058
171.41058349609375,62.512115478515625,175.2843,410.66846
172.11359405517578,68.28269958496094,155.73497,409.82846
173.57230377197266,64.98928833007812,162.80193,409.9911
174.83880615234375,73.03150939941406,148.1543,402.20267
173.98853302001953,70.30128479003906,144.49608,406.34512
172.90386199951172,72.598388671875,141.27956,403.4051
169.43306732177734,71.74908447265625,140.88545,404.95306
167.69564056396484,71.66783142089844,140.32869,404.0748
169.8039321899414,72.41943359375,133.21587,402.49323
164.0670623779297,73.58265686035156,141.43106,402.8068
153.92965698242188,73.89018249511719,144.48444,402.5848
146.6990966796875,73.50730895996094,145.1239,403.03964
137.4576644897461,71.71307373046875,162.93758,404.9383
140.4311981201172,75.77421569824219,150.84732,402.80734
139.6427459716797,72.312744140625,157.86942,402.4666
137.62491607666016,70.11711120605469,164.71489,409.2573
142.11959075927734,70.79379272460938,167.57222,404.56897
136.32522583007812,71.50616455078125,174.34149,409.36188
132.50890350341797,79.73809814453125,178.38258,397.78888
133.5713653564453,77.90444946289062,181.5261,399.5205
139.2235336303711,78.48507690429688,175.55464,397.71106
137.38745880126953,80.41395568847656,171.87181,396.2582
141.5068817138672,89.87368774414062,172.25357,389.10095
141.1036148071289,84.28407287597656,176.81133,393.1498
147.79660034179688,96.40182495117188,174.03632,378.7422
151.1418914794922,91.23086547851562,177.70682,383.2401
154.6753921508789,98.78703308105469,184.3698,375.42197
159.1176986694336,106.28855895996094,184.82527,369.11435
170.26505279541016,109.137451171875,178.58647,367.66046
173.42691802978516,106.59254455566406,181.64214,369.5828
180.4508056640625,108.85107421875,189.28162,365.93756
190.50621032714844,104.32675170898438,182.55484,372.74548
196.46135711669922,105.1224365234375,185.56508,370.90106
207.36467742919922,107.41104125976562,180.98708,368.17346
219.7776336669922,102.33189392089844,175.82083,373.91464
231.49488067626953,97.64860534667969,175.49754,381.10703
244.62642669677734,103.84550476074219,170.02034,371.40793
248.19393920898438,92.22795104980469,175.8504,382.91916
254.73937225341797,102.23106384277344,177.10255,371.63766
260.9938430786133,95.64414978027344,179.13878,379.9243
267.5573425292969,95.093505859375,179.43756,382.867
271.5851364135742,95.37985229492188,184.39418,378.698
273.46329498291016,96.90533447265625,184.52641,380.04706
274.97522735595703,90.06391906738281,189.68578,384.84366
281.238037109375,98.28643798828125,186.88904,377.3952
287.0715026855469,98.90635681152344,205.74872,376.90402
288.5554504394531,100.93685913085938,200.26996,376.9508
302.98267364501953,104.16279602050781,186.00133,370.93887
308.9863052368164,99.15538024902344,188.1143,375.78427
316.65174865722656,101.30952453613281,195.34299,372.90067
318.3142623901367,107.43620300292969,187.0779,369.5897
324.20494842529297,97.67144775390625,188.79774,377.33173
329.23057556152344,102.52334594726562,177.78653,372.90137
335.9193344116211,97.76100158691406,176.40987,379.05728
340.60037994384766,97.26194763183594,172.47124,380.35275
342.5715026855469,100.44233703613281,168.51642,374.98416
343.8207092285156,89.61341857910156,164.55902,386.49088
343.51570892333984,89.43927001953125,163.6844,387.153
346.1989212036133,87.86865234375,155.14403,390.05292
342.63612365722656,83.5184326171875,154.1594,398.33588
340.90613555908203,84.38436889648438,158.75658,394.23706
341.5274429321289,90.97160339355469,156.86186,387.6606
340.52303314208984,86.26963806152344,157.33601,391.91135
337.7851867675781,95.5762939453125,158.9765,383.72736
333.40543365478516,87.97897338867188,158.24004,389.87073
313.7159423828125,95.69522094726562,183.91077,378.2367
315.2754669189453,96.29324340820312,181.00107,381.9193
311.0213317871094,98.4361572265625,184.92352,378.23846
287.7330856323242,98.66691589355469,203.98085,377.90146
268.00394439697266,98.33131408691406,219.92949,373.2576
261.4118118286133,94.34965515136719,221.09691,376.68954
261.8166732788086,92.94053649902344,215.78145,380.6179
243.07152557373047,93.18142700195312,226.05238,379.65112
234.76380157470703,89.46881103515625,234.54161,385.9605
255.1067657470703,88.65165710449219,204.49155,386.64584
256.20709228515625,92.32936096191406,191.24207,382.94388
248.0801239013672,97.65150451660156,191.83975,378.0259
261.3774948120117,100.27531433105469,174.69728,375.181
247.73681640625,101.45478820800781,182.17896,374.0248
261.49930572509766,99.38107299804688,168.36674,375.34314
260.4183654785156,94.03996276855469,168.7038,382.74167
250.39781951904297,93.07069396972656,179.92018,380.2062
254.30043029785156,93.20428466796875,177.42075,381.63397
255.37188720703125,88.25439453125,176.11548,386.41486
249.35468292236328,87.98268127441406,185.06212,388.01736
254.93954467773438,86.76614379882812,181.48846,391.38464
248.8875732421875,86.79048156738281,186.0232,390.7283
246.87456512451172,86.34022521972656,184.57704,389.2415
247.12966918945312,86.48683166503906,185.04852,390.5402
235.45368194580078,84.06179809570312,196.8773,390.75903
234.6232681274414,84.51313781738281,197.84795,391.0092
201.46336364746094,84.09036254882812,233.00906,391.57178
228.26207733154297,79.49845886230469,201.6526,392.9929
222.59703063964844,81.35317993164062,205.98868,394.09656
213.6164093017578,80.98316955566406,214.99887,392.5817
209.42652893066406,81.79689025878906,212.0914,394.58707
207.2062759399414,82.23057556152344,208.92986,393.87302
200.9629364013672,83.22042846679688,204.59293,391.30127
196.0537872314453,84.59516906738281,204.23825,386.90005
183.6064682006836,84.91795349121094,208.92891,388.48044
179.76053619384766,86.39501953125,198.7664,386.85614
173.18292999267578,87.86965942382812,198.03343,387.14246
166.46762084960938,89.21669006347656,194.03278,387.63333
161.83715057373047,92.97445678710938,189.41591,384.16382
159.17765045166016,95.11166381835938,183.31438,384.7611
156.53423309326172,93.82923889160156,177.14198,386.0352
150.617431640625,94.97117614746094,178.7976,382.3607
148.04061889648438,95.63446044921875,177.49945,382.8067
128.8180160522461,89.586181640625,194.27693,388.8786
137.39828491210938,92.96525573730469,178.5998,384.21335
127.0090103149414,93.13917541503906,188.69292,389.34146
127.11620330810547,94.0673828125,179.14186,385.82025
113.9212417602539,91.7205810546875,183.74358,385.34955
112.99549865722656,94.77473449707031,176.59079,381.79166
103.76593017578125,92.53666687011719,182.07874,385.34506
100.03482055664062,96.07821655273438,177.62225,378.92896
105.02410125732422,96.42874145507812,172.86452,380.61963
107.97488403320312,97.05648803710938,169.99188,380.4713
109.98725891113281,95.03981018066406,166.94907,380.82425
110.0627670288086,101.07041931152344,165.1169,376.2313
108.73290252685547,96.0347900390625,165.76222,378.9229
106.7053451538086,102.91526794433594,169.89912,375.47226
109.049560546875,99.02139282226562,165.9668,379.88196
108.12920379638672,105.36491394042969,169.05482,371.42075
106.98634338378906,103.48014831542969,171.68698,375.59995
118.18358612060547,107.47691345214844,161.10622,369.587
143.52265167236328,110.28620910644531,149.27074,373.7659
116.54356384277344,103.01652526855469,183.12766,372.49496
184.73523712158203,116.94720458984375,115.19182,358.1723
155.0983123779297,116.12237548828125,151.99881,358.94165
121.69708251953125,107.08447265625,190.67444,368.74512
124.5699234008789,115.81861877441406,183.95708,356.26547
125.2155990600586,116.94256591796875,185.22359,358.11206
127.21598815917969,116.41830444335938,187.63004,361.44586
132.93424224853516,114.31004333496094,185.18169,362.59818
138.16033935546875,117.64938354492188,185.54004,357.37592
145.65133666992188,118.77822875976562,179.38019,361.91046
155.63152313232422,119.94732666015625,180.95119,359.51184
165.76766204833984,124.01530456542969,180.05891,355.2167
167.22046661376953,125.388916015625,180.00157,353.6194
174.87076568603516,125.9993896484375,177.59843,353.28223
177.6036376953125,128.04490661621094,179.05566,350.27994
180.15338134765625,130.48916625976562,180.56934,349.91437
178.3026351928711,127.58132934570312,186.03975,348.95758
184.51316833496094,128.2554931640625,183.08694,352.55994
181.92369842529297,130.25433349609375,187.54677,345.42273
181.81161499023438,128.95591735839844,187.79279,350.85965
187.09111785888672,129.2003173828125,182.58266,348.2141
188.8713607788086,133.74249267578125,182.20259,346.91272
188.52179718017578,130.67898559570312,180.1876,349.2271
193.15435028076172,133.74407958984375,174.59584,344.72693
193.71533966064453,135.9627227783203,173.23973,344.98288
192.07654571533203,133.39822387695312,175.14268,349.7426
194.24742889404297,136.43617248535156,174.28151,344.895
199.49263763427734,138.46029663085938,167.35994,341.08698
197.71177673339844,137.23594665527344,168.95163,342.93478
199.4695816040039,138.3681182861328,169.60179,341.50284
207.6639633178711,140.89952087402344,162.71742,340.09128
211.50196075439453,142.13258361816406,158.88359,338.22385
208.36957550048828,138.0729522705078,165.11174,342.08884
215.2342300415039,139.80419921875,161.3449,340.85455
213.02879333496094,143.09274291992188,165.14468,340.04523
210.57398223876953,136.55760192871094,169.4525,346.46927
209.82231903076172,135.1390380859375,172.62465,343.48688
214.7910614013672,138.02220153808594,169.78592,341.671
220.5393524169922,141.23757934570312,164.01053,338.58246
225.2144012451172,138.81317138671875,160.55539,339.11896
231.45587158203125,139.385986328125,154.79163,339.00787
231.7444076538086,135.57937622070312,155.55788,343.98328
231.7842254638672,140.3922119140625,151.84512,335.7257
232.31449127197266,132.74652099609375,152.5642,345.0631
230.88214874267578,137.512939453125,153.24815,338.80334
229.48529052734375,133.16810607910156,155.42615,343.64938
228.3088150024414,135.6893768310547,155.50249,341.3328
228.60423278808594,136.37892150878906,155.8284,340.25143
229.32275390625,135.01866149902344,156.51434,342.89847
225.26510620117188,140.49427795410156,160.63092,338.3328
228.6913833618164,139.92393493652344,157.997,336.53598
227.82723999023438,140.3220977783203,160.50787,338.5137
226.5710220336914,144.9399871826172,162.86137,333.61807
226.3098602294922,144.39675903320312,162.07211,335.80328
225.48615264892578,147.56752014160156,163.69115,330.5179
228.0400848388672,146.9187469482422,162.33572,333.0316
229.99227905273438,146.02035522460938,161.68567,332.46167
225.90290069580078,145.2772674560547,169.61424,334.58615
242.1728057861328,144.68618774414062,154.83408,333.302
243.5548324584961,146.29066467285156,157.99794,335.4039
247.9136199951172,145.12879943847656,156.07486,333.56058
248.73681640625,143.94448852539062,157.87585,333.59723
248.4495849609375,143.9434051513672,160.87878,333.98587
249.41185760498047,144.28504943847656,160.96004,334.31375
250.23885345458984,144.49899291992188,163.51393,334.95233
254.637451171875,146.13409423828125,162.4466,333.5072
257.8135223388672,146.70889282226562,159.82687,332.6693
259.76141357421875,147.1177215576172,160.1388,330.63583
260.1455535888672,142.62814331054688,160.6904,335.91644
261.34588623046875,142.3759307861328,160.79053,337.19742
255.13114166259766,141.19297790527344,164.91771,338.33047
257.7332000732422,138.40225219726562,159.02176,339.80237
254.91460418701172,138.6201171875,160.07893,337.18738
257.09295654296875,130.38661193847656,154.96814,348.9893
256.8820343017578,131.989990234375,156.11746,347.08508
259.1338424682617,131.73793029785156,153.88167,347.3549
260.74381256103516,128.21658325195312,150.46373,349.79047
262.8160858154297,132.5457305908203,150.09665,343.86124
266.7075653076172,130.76158142089844,144.04684,346.6746
267.1908187866211,131.6905517578125,142.15718,344.48108
268.13636016845703,131.80206298828125,140.0728,348.95648
266.15909576416016,132.54580688476562,136.97691,344.74786
265.9073028564453,135.9731903076172,139.87051,343.01016
265.6930694580078,139.67327880859375,138.53775,336.6834
267.3266830444336,142.38671875,138.99867,336.12738
267.1472854614258,146.82728576660156,140.97588,331.84927
266.36893463134766,150.6166229248047,141.4088,330.165
267.46427154541016,154.3692169189453,141.114,326.87418
267.503662109375,155.96047973632812,141.0492,326.01825
268.8333206176758,159.8964385986328,141.31218,320.61185
270.8204345703125,163.67625427246094,142.21619,314.98758
271.84324645996094,164.52560424804688,143.15567,314.10687
276.66834259033203,164.6963653564453,141.56126,314.0753
278.3473434448242,163.42982482910156,139.92531,317.25504
277.6763229370117,163.7419891357422,139.16365,317.38266
281.6688690185547,162.22555541992188,132.1951,318.91937
277.25012969970703,163.0113067626953,133.60234,313.85727
282.3370361328125,160.3009796142578,129.95984,314.6368
286.42125701904297,161.4362030029297,128.89491,314.0032
285.5383758544922,163.5809326171875,130.53067,314.34137
287.2421112060547,164.48367309570312,129.6979,313.5833
287.655517578125,167.1931915283203,127.302,310.55344
288.1065444946289,167.6374053955078,130.83372,313.35312
287.1716079711914,169.76217651367188,128.9428,309.13202
288.3237762451172,168.80882263183594,131.45914,311.56094
289.39642333984375,171.07699584960938,128.12408,304.75507
291.18701934814453,172.21470642089844,129.33409,307.56107
292.5253372192383,173.63729858398438,129.26695,305.3684
294.5397415161133,174.45697021484375,128.42558,304.95087
296.51708221435547,173.0728759765625,129.40346,305.7176
298.3708953857422,174.74635314941406,130.44974,305.5092
300.63561248779297,169.97047424316406,132.8879,307.36368
304.31868743896484,170.10421752929688,134.10585,309.24377
306.4338684082031,166.42523193359375,137.23547,309.79388
309.82576751708984,167.5728759765625,137.45796,309.5141
312.37252044677734,165.5885772705078,139.21437,308.98502
316.1449508666992,167.52549743652344,139.37825,307.95285
319.31285095214844,163.71656799316406,139.71756,312.14297
322.57688903808594,167.30165100097656,140.18747,310.0356
326.49542236328125,165.71177673339844,139.02972,309.13132
332.5729293823242,166.07730102539062,138.5132,311.22388
337.85559844970703,165.13616943359375,137.40343,311.24634
341.0133514404297,163.21145629882812,136.22037,314.21826
343.74114990234375,163.1095733642578,134.44702,314.77573
346.50396728515625,163.10769653320312,132.32812,314.76477
348.5286331176758,164.19522094726562,131.33531,313.7102
349.49037170410156,165.1876220703125,128.43759,312.7154
351.5308609008789,166.49168395996094,128.57524,310.9601
352.7399787902832,167.1706085205078,125.19363,310.19223
356.12900161743164,167.3013153076172,123.52221,312.66275
358.709285736084,166.95481872558594,118.86567,310.7413
358.99421310424805,167.60179138183594,116.50944,309.5591
361.68343353271484,166.59849548339844,112.89766,312.73746
363.0244140625,167.65846252441406,110.61273,310.8068
366.5147590637207,165.2763671875,109.293236,311.4088
367.90696716308594,167.0096435546875,105.91824,309.46906
369.01366806030273,163.70562744140625,107.5351,310.84265
370.6742057800293,165.94491577148438,106.77152,310.25378
369.6455383300781,162.9818572998047,109.02826,310.6992
372.15880584716797,163.37440490722656,108.914566,312.23367
372.40013885498047,165.13304138183594,111.134415,310.23044
374.3678550720215,162.59812927246094,112.79804,312.8757
376.39684295654297,164.61477661132812,114.162,311.34753
380.4392852783203,164.32708740234375,112.47592,311.6922
380.32176208496094,165.304931640625,110.56125,310.34552
381.9070014953613,166.65127563476562,111.50851,308.09692
381.36291885375977,165.96029663085938,107.68908,308.1164
376.9642105102539,165.86239624023438,109.16789,309.07037
375.251163482666,167.15370178222656,107.25878,308.15103
372.90855407714844,167.0981903076172,105.30716,308.7706
361.5872459411621,164.92832946777344,111.13447,310.5389
356.8928413391113,163.5352020263672,108.795494,311.63412
355.4212112426758,164.4442901611328,106.48686,310.73264
353.6851577758789,161.86468505859375,104.932236,312.7331
350.7705497741699,160.4580841064453,105.7866,313.75864
344.92715072631836,159.61447143554688,107.90034,315.0121
339.6046943664551,158.07965087890625,108.16683,316.9677
334.39559173583984,158.20608520507812,107.32765,318.42755
328.887638092041,157.9520721435547,108.551994,318.6619
325.9063491821289,157.3038787841797,106.42088,317.98434
322.09967041015625,156.5222625732422,106.91803,319.57413
318.1369285583496,156.46824645996094,108.57099,319.80252
313.15497970581055,156.95460510253906,112.03013,317.9384
305.8913764953613,155.50762939453125,114.52145,319.55115
298.72939682006836,154.4371795654297,118.639046,319.90427
289.0581817626953,153.296630859375,125.57791,321.54468
282.1460952758789,151.64585876464844,124.92973,325.69064
274.4363212585449,153.4573516845703,122.51652,324.88846
268.3789978027344,153.05445861816406,118.03284,325.72684
259.8547821044922,152.13217163085938,114.86142,326.2232
252.76760482788086,149.6661376953125,115.61921,325.11017
247.58737564086914,149.66600036621094,113.79339,323.99973
240.39324188232422,148.57179260253906,114.67238,326.64737
233.69100189208984,147.01739501953125,115.3412,326.51782
222.49926376342773,143.83058166503906,119.978645,331.04788
211.32830047607422,141.83941650390625,123.88191,333.6695
203.17095184326172,140.10552978515625,124.60091,336.4131
194.71788787841797,138.19287109375,126.35719,339.63208
186.5763931274414,136.78453063964844,131.03343,342.02805
182.39258575439453,135.1081085205078,129.59941,344.82516
181.42440032958984,133.49867248535156,128.64473,346.2747
182.84610748291016,132.45367431640625,119.95146,348.07153
193.26384735107422,134.85169982910156,104.89967,344.09067
192.80702209472656,136.14816284179688,103.73996,339.54858
187.47984313964844,134.9220428466797,104.81442,343.23495
185.12205123901367,136.6116485595703,106.32908,340.02518
184.91545486450195,138.32455444335938,107.03738,339.3213
183.55692291259766,140.8993682861328,108.7296,337.98904
179.1406478881836,143.37696838378906,112.152664,335.13486
173.75330352783203,144.35540771484375,116.03984,335.32764
169.14955520629883,143.96771240234375,120.54177,335.63214
165.91929626464844,145.07220458984375,125.30051,336.0849
161.55506134033203,144.74957275390625,127.512314,336.5188
157.82488250732422,143.2266845703125,133.23341,336.15985
151.8305206298828,141.2349395751953,136.17801,337.20065
145.45282745361328,140.0543670654297,138.37865,341.37088
136.84841918945312,136.40386962890625,140.80621,341.45935
128.30191040039062,134.7298126220703,143.14008,343.76877
125.32202911376953,131.99063110351562,146.1425,346.9212
127.70270538330078,133.16859436035156,146.95055,346.81198
130.7793197631836,132.1386260986328,144.61513,345.96762
132.9111328125,133.87936401367188,142.28473,345.58484
133.81092071533203,134.48782348632812,142.37285,346.5929
137.53557586669922,138.7073211669922,139.58669,339.82486
141.8799057006836,138.85874938964844,137.58827,341.66025
146.04498291015625,142.91790771484375,135.46802,338.08313
147.8433609008789,146.65579223632812,134.75041,334.83777
150.17665100097656,147.9609832763672,132.65134,332.41458
149.85614776611328,150.54861450195312,134.40318,330.56036
152.16710662841797,150.1402587890625,132.4759,330.60223
154.81487274169922,152.68670654296875,130.55733,327.85205
156.3767852783203,151.6260528564453,129.84708,328.30045
158.66082000732422,149.0670166015625,130.85982,329.3297
161.23522186279297,145.74835205078125,128.31752,336.2339
164.70487213134766,142.6645965576172,128.79875,335.2275
168.74807739257812,141.6209716796875,127.93219,337.18536
171.23892974853516,140.65969848632812,127.09758,338.33325
174.16318130493164,136.649169921875,126.24578,341.4428
177.6363754272461,134.58270263671875,125.025894,346.09967
179.87489318847656,133.86073303222656,124.80606,344.4952
184.13111114501953,135.17247009277344,122.486496,345.13998
186.8902130126953,134.6802978515625,124.79721,345.26068
193.87308502197266,131.4492645263672,127.28441,346.61313
200.4651870727539,134.37808227539062,125.16252,346.18945
206.06088256835938,135.05943298339844,127.63263,343.8759
210.83612823486328,133.42047119140625,130.2053,344.86755
216.33029174804688,133.9390411376953,131.34766,344.4189
220.2982635498047,129.9570770263672,135.22403,348.50626
226.92119598388672,128.5546875,138.32881,350.5157
233.64904022216797,128.24302673339844,137.80702,353.20755
242.28458404541016,123.85821533203125,138.20683,354.8891
249.85630798339844,121.85478210449219,142.33768,358.45712
255.25613403320312,121.5809326171875,142.59296,357.79596
263.3923797607422,116.81129455566406,142.81125,361.89566
271.4495849609375,115.88241577148438,146.25873,365.41217
276.73353576660156,113.06367492675781,143.0281,366.84854
280.28064727783203,108.01791381835938,146.88689,369.81708
285.2287292480469,106.5079345703125,144.47046,374.57007
288.8743896484375,103.99075317382812,147.3056,373.18573
291.67078399658203,101.11033630371094,150.68315,378.30618
293.5062713623047,99.00196838378906,152.11496,378.6699
295.9615020751953,94.32591247558594,155.69485,384.9467
299.5520248413086,86.78750610351562,156.90236,390.26898
301.737548828125,93.58314514160156,155.79596,387.98422
303.1441879272461,88.234375,160.85268,390.67822
306.1909866333008,93.08145141601562,157.63249,384.88947
305.90174865722656,93.68431091308594,159.89651,383.36966
308.3707962036133,90.840576171875,160.62407,386.19727
310.4107971191406,94.40985107421875,160.16492,383.55457
311.44970703125,88.71073913574219,158.94806,390.4904
313.61183166503906,92.86323547363281,158.34097,385.92746
316.20418548583984,88.4549560546875,156.82826,390.0321
318.84961700439453,95.99700927734375,158.71953,381.32007
321.33618927001953,92.71707153320312,159.7205,385.64618
324.9457321166992,87.57290649414062,162.12898,391.2951
327.84246826171875,84.26585388183594,161.77985,396.142
332.9689025878906,84.06332397460938,165.3009,396.9842
336.9705352783203,80.66896057128906,163.4816,397.7711
341.11316680908203,77.00820922851562,166.61101,402.22455
345.8016052246094,76.9571533203125,166.10999,403.5797
348.50022888183594,76.08456420898438,171.26328,404.64838
352.6660461425781,74.241455078125,172.12402,403.44373
357.7618103027344,76.67955017089844,175.65698,402.9003
361.65084075927734,81.66317749023438,177.17458,396.71686
362.3183898925781,73.80995178222656,177.9126,404.59323
361.34393310546875,79.15362548828125,179.80951,398.10583
361.5586395263672,75.43101501464844,182.75522,402.11942
357.27542877197266,77.10415649414062,189.72533,399.268
354.1052703857422,73.38906860351562,190.54562,402.0407
352.84326171875,81.59671020507812,191.1081,393.21918
349.22435760498047,73.92835998535156,190.43196,402.8834
345.2809371948242,76.26190185546875,184.2347,397.27356
339.5770950317383,72.63641357421875,183.96404,401.67688
334.1989212036133,71.6783447265625,178.7111,405.37805
328.6151351928711,72.49229431152344,176.97682,402.39505
324.5596694946289,69.57240295410156,170.71983,407.5405
320.2445297241211,70.68449401855469,167.87257,405.33267
314.1045913696289,63.34864807128906,166.87474,416.0732
308.7845001220703,66.31446838378906,165.40323,409.69504
301.9517135620117,63.48822021484375,164.15388,415.1787
294.197265625,62.6441650390625,164.37762,413.8557
286.78421783447266,56.79020690917969,166.80602,421.84988
278.90941619873047,57.991180419921875,166.32967,418.72357
271.56407165527344,54.808258056640625,167.3613,424.477
266.5483703613281,55.396087646484375,169.2378,422.21918
263.08385467529297,56.969512939453125,170.59956,418.48785
259.8406677246094,58.73602294921875,171.0409,420.51453
256.3768005371094,61.94972229003906,172.80884,415.1301
254.03081512451172,62.44493103027344,170.43489,412.69168
251.28829956054688,63.80686950683594,171.172,415.6968
248.04510498046875,64.55555725097656,172.43561,413.67953
244.79051971435547,70.51954650878906,171.0389,406.983
238.56629943847656,69.27456665039062,173.80508,407.4942
230.85822296142578,66.78739929199219,177.41667,410.55496
223.55895233154297,74.04615783691406,182.30391,402.06625
218.2242889404297,66.161376953125,185.31064,408.53784
208.26516723632812,66.17362976074219,191.71057,409.15665
203.6094741821289,62.46270751953125,195.96751,411.89368
194.0467758178711,64.46372985839844,202.99269,409.70255
189.23587799072266,60.53239440917969,205.94688,409.90347
185.78602600097656,59.53794860839844,209.76407,414.25418
183.68633270263672,59.9522705078125,208.90535,412.46863
180.484375,62.66912841796875,209.74298,409.18665
179.85079956054688,58.15119934082031,208.4176,412.96164
181.51669311523438,67.16500854492188,202.10681,407.95465
183.81671142578125,60.607177734375,201.03241,411.87476
186.43244171142578,64.79811096191406,200.44621,410.38303
190.12642669677734,66.1683349609375,200.20851,406.3728
194.5126495361328,66.09286499023438,200.44193,410.3841
199.39493560791016,66.94537353515625,199.48949,406.60413
203.08895111083984,68.70159912109375,196.04152,407.79346
205.65748596191406,67.32649230957031,195.5474,406.33298
206.9788360595703,63.34503173828125,195.15872,414.2998
204.8429183959961,60.387786865234375,194.563,412.8437
201.24038696289062,59.43385314941406,200.05896,414.91342
198.9436492919922,55.99525451660156,201.18039,420.49008
195.3064422607422,50.547882080078125,201.27121,421.05328
194.6407012939453,44.428070068359375,206.0054,429.82416
191.08135223388672,40.72947692871094,203.80696,435.76248
191.86893463134766,35.23701477050781,205.66075,441.65158
190.4539566040039,29.38568115234375,206.19029,444.3064
190.98490142822266,27.614044189453125,205.57921,446.09943
191.04125213623047,23.26263427734375,209.37105,450.0735
191.73389434814453,18.243865966796875,210.81328,455.06354
192.9150619506836,12.006820678710938,211.02455,460.75162
192.78158569335938,10.487823486328125,214.85608,465.24506
192.1423110961914,8.3287353515625,216.77379,466.22363
191.73985290527344,13.123947143554688,215.76462,462.72427
191.73095703125,11.650314331054688,215.51813,465.7454
190.19542694091797,16.170120239257812,215.97774,456.89316
187.06572723388672,15.724868774414062,217.9742,459.7325
184.0956039428711,16.458999633789062,217.51295,456.38193
181.1842803955078,19.827621459960938,222.36295,456.21414
180.0979766845703,20.243789672851562,220.54996,454.045
177.74234771728516,15.3905029296875,223.80357,459.28284
174.61106872558594,10.886581420898438,225.92404,462.82266
172.36770629882812,12.088943481445312,230.0758,463.1179
171.99267578125,12.153488159179688,231.25946,463.58072
169.71858978271484,10.76654052734375,235.12514,466.07837
171.39937591552734,7.5070648193359375,233.27296,466.24966
168.18248748779297,4.8262176513671875,238.39192,470.95743
166.74871826171875,3.4957122802734375,239.92145,471.7382
164.1069107055664,0.893951416015625,242.51744,476.60297
159.25785064697266,-1.7771759033203125,245.32213,477.44913
157.77403259277344,1.00921630859375,247.39804,473.08826
155.1947784423828,1.302978515625,249.3787,474.26428
154.11643981933594,1.0151519775390625,249.6683,474.60568
152.80304718017578,0.1066741943359375,250.30241,474.81058
151.41029357910156,-0.4114227294921875,254.11014,474.91537
149.9548797607422,-3.5348968505859375,254.85922,479.33945
148.90293884277344,-0.6517333984375,262.0864,475.2555
150.30796813964844,-1.1714935302734375,260.95834,469.3752
144.2047882080078,-1.085693359375,267.6127,467.58252
150.3065948486328,-3.83447265625,268.15762,473.13818
149.5479736328125,-0.7484283447265625,264.3521,472.1768
148.42567443847656,-1.8517608642578125,271.91324,474.97037
145.7769317626953,-0.366668701171875,273.934,471.20856
143.68109130859375,-1.2957305908203125,275.1612,469.23843
140.71066284179688,-3.171722412109375,281.35413,473.51764
139.07376098632812,-3.2154388427734375,278.1765,474.64096
136.6437530517578,-1.053497314453125,283.1381,470.24847
132.3887176513672,4.9551239013671875,286.07504,462.80228
132.13363647460938,1.8070526123046875,293.1129,464.53983
129.4540252685547,0.0312957763671875,291.29465,469.1315
128.48594665527344,1.6883697509765625,296.19504,464.7856
128.9130401611328,18.4886474609375,300.66922,448.37512
129.60313415527344,1.036346435546875,301.2169,469.17413
127.22532653808594,8.7088623046875,308.58835,458.92407
123.20851135253906,10.490341186523438,314.62003,457.14297
122.17900085449219,6.49664306640625,318.41867,461.8761
128.28233337402344,2.494384765625,312.9731,465.45337
127.06785583496094,4.148162841796875,314.17477,461.164
127.66819763183594,8.300003051757812,312.52768,463.97433
133.70774841308594,6.1132354736328125,308.79416,461.5698
131.54095458984375,10.801116943359375,309.476,462.69476
143.53036499023438,4.3328704833984375,299.46997,466.58817
142.1150665283203,2.7549591064453125,303.9871,465.06564
143.43917846679688,9.83062744140625,292.29248,463.05933
147.7010498046875,0.0380859375,288.09552,472.0028
149.29042053222656,9.19342041015625,291.8245,460.5547
154.8984832763672,-2.5959320068359375,284.04306,475.11752
153.17153930664062,-4.2041168212890625,289.72412,470.54874
157.43016052246094,4.8125457763671875,281.29514,461.02066
158.65692138671875,-1.7062530517578125,281.56268,467.92862
161.18292236328125,-0.5426177978515625,285.28693,470.49332
158.04530334472656,-2.664459228515625,287.49295,471.35382
160.92483520507812,4.53387451171875,289.61792,462.14062
157.68296813964844,1.0653533935546875,292.49387,468.7675
159.78147888183594,5.6371917724609375,293.14267,466.23355
156.86419677734375,5.1547393798828125,297.39142,465.5212
156.77740478515625,-0.072662353515625,298.1563,471.57697
153.55149841308594,11.1015625,300.9896,460.2754
155.76641845703125,-2.4418792724609375,300.06537,470.18503
154.1248016357422,5.9533843994140625,303.5411,461.24008
154.52413940429688,1.664642333984375,303.47656,467.23834
156.88304138183594,8.814773559570312,303.32956,460.93417
156.67100524902344,4.6842041015625,303.7463,468.95398
157.9678192138672,1.018402099609375,300.4183,471.12164
164.2526397705078,5.0821533203125,294.05948,466.87024
161.2154541015625,0.129852294921875,295.46393,470.52863
168.62832641601562,13.23773193359375,289.44128,457.9453
163.26449584960938,4.03857421875,293.771,466.25073
166.53810119628906,-3.5467681884765625,290.94998,471.76273
165.21151733398438,6.24609375,289.42346,460.7328
168.5469512939453,0.15234375,289.44058,467.42493
162.36737060546875,6.6789398193359375,293.4107,459.83243
170.10633850097656,1.093780517578125,285.5922,466.27228
163.93313598632812,-1.0546875,293.32617,464.4148
162.48428344726562,5.227783203125,292.8933,458.90723
162.71856689453125,-1.8732452392578125,293.149,467.45584
162.88853454589844,6.102264404296875,294.64523,460.2641
159.65692138671875,2.053466796875,296.82098,465.06055
160.2125244140625,9.610244750976562,295.3991,459.5798
161.31295776367188,-4.3028564453125,292.4131,474.26575
160.97560119628906,6.2815093994140625,294.36246,460.6744
160.3389129638672,1.731842041015625,292.3116,464.77753
159.9175262451172,-5.3433380126953125,293.57883,473.54764
161.3878173828125,1.6736602783203125,291.8272,467.4808
160.52090454101562,-1.4078521728515625,295.76025,468.5386
161.38967895507812,9.675277709960938,292.0437,459.26517
159.6631622314453,-1.4633026123046875,290.92642,471.72238
163.04873657226562,8.163894653320312,289.531,458.4288
158.82620239257812,-3.98565673828125,290.58508,473.25513
163.42782592773438,6.338653564453125,290.8031,458.3565
160.45982360839844,-4.05450439453125,291.04538,468.29382
160.5160675048828,3.6812286376953125,288.9285,459.9957
157.83154296875,-2.93243408203125,291.14923,466.2516
163.56326293945312,6.1368865966796875,285.2627,457.51297
158.97915649414062,-1.614715576171875,288.14075,465.82037
156.7854766845703,2.260498046875,291.65323,458.92993
157.04843139648438,-5.5229949951171875,290.58533,468.2711
157.44508361816406,7.1796875,290.67447,462.46887
156.54669189453125,-6.8472747802734375,288.20013,472.97995
157.57769775390625,0.005340576171875,291.13263,462.98724
155.117431640625,7.5323028564453125,288.8426,457.52658
153.09127807617188,-1.3968963623046875,288.52002,464.9509
154.07479858398438,9.690444946289062,290.00232,453.6849
149.99020385742188,-5.2080535888671875,290.7008,470.571
