158.0,0.0,161,423
152.80319213867188,7.989227294921875,166.83466,417.10736
154.37801361083984,9.519302368164062,166.18404,414.25583
154.91893005371094,9.740066528320312,165.47818,414.514
153.13318634033203,10.445068359375,165.69041,415.6372
154.57849884033203,9.574371337890625,167.8264,413.01068
152.63251495361328,9.183395385742188,168.14952,415.2587
154.08765411376953,10.615127563476562,165.4536,412.6982
155.02690887451172,10.637725830078125,165.91847,414.1927
154.13095092773438,10.041854858398438,166.29657,414.41397
154.9982681274414,10.408111572265625,165.54448,413.904
152.80158233642578,10.066436767578125,167.28807,415.6612
154.57989501953125,11.632568359375,165.8241,411.70776
154.37281799316406,10.890823364257812,165.43344,414.87338
153.28618621826172,10.056350708007812,166.14833,412.95786
154.52649688720703,10.262115478515625,167.19542,414.14032
153.28082275390625,10.927764892578125,166.56079,413.23138
154.9779815673828,9.776214599609375,166.13217,414.13324
153.4554443359375,10.348648071289062,164.43958,414.81076
154.9150848388672,9.648162841796875,166.70853,413.63458
155.9658432006836,12.184524536132812,164.03242,413.0272
155.62452697753906,10.050979614257812,165.4476,413.32785
156.33065795898438,9.858062744140625,163.45819,414.75568
156.17522430419922,9.970718383789062,162.52821,414.55637
156.67888641357422,10.399368286132812,164.60976,414.2407
156.85841369628906,9.7821044921875,157.59116,413.27905
158.16502380371094,10.481399536132812,159.43265,414.1882
158.02027130126953,10.419677734375,157.23412,414.59192
159.48970794677734,11.041427612304688,154.32771,412.6691
159.1224136352539,11.480026245117188,157.48247,413.86905
162.66063690185547,11.530593872070312,152.28102,411.9874
160.43505859375,11.28497314453125,157.0144,414.089
163.62224578857422,11.998184204101562,152.93996,411.71323
161.09162139892578,11.260299682617188,155.03954,414.84097
163.86753845214844,10.8880615234375,153.4285,411.76038
165.58306884765625,8.898574829101562,149.81458,416.33652
166.62837982177734,9.807632446289062,149.07564,414.88046
168.22325897216797,9.975418090820312,147.36732,415.2562
171.85393524169922,10.55615234375,143.81276,414.54016
169.76364135742188,12.186767578125,148.52045,411.635
173.9832763671875,11.023757934570312,145.52905,412.4902
172.77457427978516,11.058029174804688,144.40239,412.74673
175.33013153076172,11.616867065429688,144.89369,411.88565
177.9889907836914,11.809371948242188,139.62419,411.04996
179.07545471191406,10.258438110351562,137.10483,413.19833
180.82774353027344,10.263046264648438,136.05374,413.15836
182.58698272705078,10.57318115234375,135.72313,413.53687
183.62000274658203,11.250335693359375,135.11986,412.34125
185.77722930908203,11.357086181640625,133.66075,411.93842
186.42382049560547,12.689041137695312,133.67848,412.35458
186.82415008544922,13.100418090820312,135.40016,409.74448
188.8126449584961,13.359970092773438,135.45381,410.98538
190.28983306884766,13.68011474609375,134.96172,410.50952
191.44461059570312,13.512527465820312,134.28204,409.47556
193.2502899169922,13.781417846679688,133.03958,411.01968
193.97406768798828,13.310775756835938,134.88194,408.68375
196.43309783935547,13.117401123046875,135.78493,410.14447
199.2066421508789,12.699081420898438,130.98283,409.26956
200.0832977294922,13.557418823242188,129.95108,407.4296
200.76061248779297,16.18450927734375,130.62563,404.44214
200.97796630859375,14.641632080078125,133.44373,406.44354
202.3806381225586,15.946136474609375,132.82246,406.3592
203.74385833740234,16.058380126953125,132.56001,405.52875
204.37356567382812,17.505889892578125,131.40985,405.37408
204.50978088378906,15.666549682617188,134.57138,407.33316
206.7180938720703,17.278610229492188,132.13327,405.6642
206.7469024658203,15.026412963867188,134.09787,408.07974
207.6792221069336,18.261154174804688,132.49446,404.05142
207.41600799560547,16.613082885742188,132.91908,406.2382
206.99502563476562,19.742431640625,133.61896,402.18347
207.89952850341797,17.4288330078125,134.01479,405.03638
209.94415283203125,21.202362060546875,131.031,402.69904
211.49793243408203,17.966705322265625,131.0836,404.7519
212.8828582763672,16.3736572265625,130.51443,409.1765
213.0655746459961,15.62445068359375,129.2723,409.48865
213.08680725097656,16.953079223632812,129.61264,409.42856
212.75706481933594,16.962142944335938,129.81839,410.04666
213.65403366088867,17.232437133789062,127.819374,410.5942
213.85574340820312,17.799835205078125,128.90741,411.7885
215.05050659179688,16.569732666015625,128.87299,411.6524
214.60384368896484,16.357452392578125,128.03731,413.19135
214.34282302856445,16.231918334960938,127.80422,420.6608
213.71429443359375,20.276214599609375,127.9032,421.72455
214.48186111450195,26.3751220703125,126.7438,410.44202
212.57343292236328,22.106185913085938,128.73656,423.81107
212.33182525634766,27.598007202148438,129.60393,426.5264
213.35385131835938,36.51319885253906,127.3432,410.80637
212.83620071411133,34.384307861328125,127.464195,413.37018
212.6144027709961,32.86485290527344,127.563065,412.44473
213.61917114257812,28.878204345703125,128.27618,414.25787
212.6210479736328,22.989898681640625,128.95908,420.86737
211.3084945678711,21.794143676757812,129.15096,420.78867
211.5121612548828,17.654983520507812,129.40744,421.21432
210.04061126708984,12.825454711914062,129.4333,424.00583
210.40333557128906,9.997573852539062,128.87912,424.6191
209.15662384033203,7.7121124267578125,129.98412,427.2153
207.93798828125,8.202468872070312,129.49292,424.41733
207.12779235839844,5.794677734375,130.9053,424.95947
206.35625457763672,2.9338836669921875,131.16542,428.2195
205.74645233154297,7.02215576171875,131.14369,423.8363
207.43470001220703,3.21502685546875,128.55284,429.44556
206.63230514526367,8.800369262695312,126.585976,427.63693
205.39662170410156,2.19146728515625,129.73984,435.78967
208.56375885009766,6.40924072265625,126.863815,435.41797
210.01522827148438,3.924468994140625,127.17438,440.31415
209.88347625732422,4.8779754638671875,124.68434,444.21548
213.2377471923828,5.6059722900390625,122.76059,447.80148
214.41546249389648,6.6121063232421875,121.01246,450.67337
216.0464210510254,9.167160034179688,123.59612,452.35428
221.21897888183594,8.618316650390625,132.01578,455.34625
235.33258438110352,7.30572509765625,121.97729,455.25208
245.28444290161133,8.553604125976562,123.77145,455.26474
253.67351531982422,8.068313598632812,132.27638,453.35837
258.1439514160156,6.8221282958984375,132.67987,453.31033
267.9773406982422,6.8272857666015625,132.29471,451.32797
275.75318145751953,6.566314697265625,135.9901,448.06415
284.0040969848633,2.8041534423828125,143.12584,449.62875
297.98309326171875,6.779754638671875,137.4867,446.75946
309.9574203491211,5.16748046875,139.71931,447.22485
319.6860046386719,6.5637664794921875,139.56232,443.2122
337.9514389038086,6.491455078125,136.441,445.72974
343.0033264160156,3.395050048828125,142.36737,448.97174
358.62100982666016,9.432891845703125,140.75896,444.9643
368.93690490722656,7.251800537109375,140.38657,448.6678
376.33565521240234,4.52960205078125,145.1794,453.25195
384.1824035644531,7.29547119140625,152.95563,455.94568
394.23717498779297,1.7461090087890625,152.71315,465.6766
402.3694381713867,-0.1965179443359375,155.78639,471.93124
414.58956146240234,0.840118408203125,157.04842,473.79352
426.1766052246094,1.3929290771484375,154.68378,476.25357
439.40360260009766,1.67626953125,151.01006,475.28076
448.6352996826172,2.9069671630859375,152.52298,475.64957
461.94915771484375,4.049102783203125,152.28088,473.982
457.39007568359375,2.367950439453125,152.0918,474.22296
456.0355682373047,4.5915985107421875,152.40567,472.18326
455.5030288696289,0.9191741943359375,165.73381,471.96243
456.03731536865234,1.3771514892578125,154.69807,471.7169
457.93213653564453,-0.5560150146484375,166.6826,466.30722
456.82225799560547,2.15777587890625,159.3495,461.45337
458.1913833618164,1.92950439453125,172.46538,454.8258
458.45716857910156,2.4965057373046875,164.08054,453.44974
461.5748596191406,-0.9091644287109375,169.38654,454.3879
461.3854064941406,-0.5128631591796875,165.3006,453.21225
460.6741638183594,0.7504730224609375,170.68427,451.63528
459.48472595214844,1.93231201171875,173.35025,447.45398
444.6860656738281,4.3133544921875,164.99603,441.45203
440.2433395385742,3.0174407958984375,170.57729,444.34048
427.92784118652344,6.8175811767578125,165.225,439.41415
418.65685272216797,4.6778106689453125,167.39943,437.42404
410.4967727661133,6.853546142578125,165.79332,436.53986
399.27759552001953,5.4772796630859375,164.54393,432.9247
389.6458740234375,3.7950897216796875,162.74219,433.3715
377.22119903564453,6.995880126953125,163.8303,432.28827
364.2446517944336,7.123077392578125,167.13826,429.79108
349.30938720703125,4.9332122802734375,173.51245,434.68985
337.7387924194336,5.1030731201171875,172.76045,433.25137
328.5843048095703,6.33905029296875,182.48239,431.31958
317.9212875366211,10.112716674804688,175.54622,429.35208
313.9783172607422,4.6423187255859375,181.81253,433.88943
301.73280334472656,9.924560546875,177.42575,427.58362
297.1571807861328,7.1056060791015625,176.68271,428.89963
289.23280334472656,4.416107177734375,171.38412,428.71454
280.3315963745117,5.2912750244140625,166.56691,428.51242
274.5338439941406,5.5920867919921875,160.58075,425.64554
269.37025451660156,6.8271331787109375,157.08151,425.55887
265.0258560180664,9.209625244140625,150.93315,420.79816
258.78343963623047,12.524246215820312,146.06874,416.92734
250.17672729492188,15.705337524414062,147.32196,412.40695
244.57776641845703,17.958740234375,143.82591,407.88635
236.19063568115234,20.294204711914062,143.67073,403.92795
227.40241241455078,21.61810302734375,140.43297,399.74902
216.29945373535156,22.025909423828125,140.44211,401.00702
204.945556640625,22.4830322265625,142.04797,399.93298
195.77032470703125,22.128036499023438,140.44226,399.03714
187.57688903808594,21.8829345703125,143.59024,397.0398
183.8456039428711,20.510162353515625,148.16866,397.24786
181.80304718017578,18.979843139648438,149.97313,397.82535
179.15015411376953,18.373580932617188,152.25487,398.62137
176.0737075805664,19.751129150390625,153.60478,394.90973
171.4330062866211,20.064285278320312,151.43843,395.71896
166.26560974121094,20.313934326171875,158.48721,394.33734
165.16323852539062,20.033828735351562,158.07062,396.10727
163.3627471923828,17.2896728515625,159.90659,396.22498
162.132568359375,18.326217651367188,158.62537,395.13553
160.78317260742188,23.371246337890625,158.6352,391.32965
158.83185577392578,18.879959106445312,160.74596,395.93454
157.20993041992188,24.00885009765625,159.3393,392.60095
154.49015045166016,20.419601440429688,161.8698,394.5352
151.25155639648438,26.365707397460938,164.68732,386.7725
148.6981658935547,27.572158813476562,164.23477,387.21188
147.44821166992188,28.76922607421875,166.81378,383.91345
145.10829162597656,29.648681640625,166.3547,382.13513
145.43470001220703,32.131866455078125,161.11375,379.81525
145.0287628173828,32.75413513183594,160.28867,379.94046
146.04722595214844,31.720352172851562,159.45377,380.2452
148.53351593017578,34.81724548339844,153.34947,372.9484
151.3912582397461,34.46624755859375,147.73018,368.20288
153.5710906982422,32.773956298828125,146.23709,367.08386
157.89459991455078,31.04876708984375,143.20311,366.97272
167.2271499633789,27.8701171875,134.10417,366.774
174.050537109375,28.191177368164062,131.5412,364.03873
178.28553771972656,26.230377197265625,128.88791,365.47003
182.2559356689453,26.348526000976562,130.7623,362.3292
185.32523345947266,24.519332885742188,128.88628,364.48727
187.3808822631836,25.58416748046875,132.41335,363.1756
191.26116561889648,25.810333251953125,127.58405,360.2788
195.76427459716797,28.7613525390625,133.74178,358.37195
205.4020767211914,31.2423095703125,129.2061,360.4322
209.41068267822266,31.799667358398438,132.94395,361.05734
211.32960510253906,32.860931396484375,133.30215,364.27374
215.08560180664062,37.83050537109375,130.06476,358.1336
218.67823028564453,39.86064147949219,132.21758,357.7856
226.2063217163086,40.54542541503906,131.78859,356.9036
237.71371459960938,40.99627685546875,131.37433,355.8164
247.92157745361328,42.622406005859375,130.96709,353.35382
261.68192291259766,44.09538269042969,131.99998,351.83365
275.11297607421875,44.353485107421875,127.526245,347.64777
286.70352935791016,46.107879638671875,134.40013,345.65674
300.7892150878906,48.53131103515625,132.36694,342.91882
316.70143127441406,50.276611328125,128.36404,339.79852
324.3334732055664,51.65510559082031,131.16814,337.60367
326.4730224609375,50.08970642089844,139.30939,336.1464
337.92115783691406,47.481597900390625,133.77292,339.48596
341.163330078125,48.375457763671875,142.17401,339.3717
351.1051025390625,50.24067687988281,142.79669,337.73874
361.70198822021484,51.10075378417969,140.27834,337.21567
370.6791076660156,52.05377197265625,140.84436,338.1806
375.47718048095703,50.39051818847656,146.17223,343.22482
402.4283142089844,54.600128173828125,130.22583,341.41425
405.9989242553711,54.62855529785156,141.06825,340.96286
413.2874450683594,57.551727294921875,142.25775,340.31018
434.37308502197266,59.716827392578125,133.14018,340.65253
438.8772888183594,58.93421936035156,140.72778,342.39572
453.01075744628906,61.14158630371094,138.41214,342.22855
460.8822708129883,58.681915283203125,145.09062,343.94385
471.6016159057617,58.67967224121094,143.77217,345.11465
483.9417190551758,58.50238037109375,143.66722,345.85596
496.99700927734375,55.39204406738281,142.3252,348.96573
511.49037170410156,53.62455749511719,131.82431,351.5568
526.1818199157715,52.448272705078125,118.553474,354.33154
538.7550468444824,51.07655334472656,104.16654,354.2004
547.4913291931152,49.322479248046875,94.66505,353.78894
557.075267791748,48.3824462890625,85.51334,354.14532
569.6849403381348,48.85026550292969,74.85406,351.95926
579.4434642791748,47.16986083984375,63.126072,348.14026
591.7191276550293,52.26939392089844,50.992836,337.61166
602.1092357635498,63.40495300292969,39.652927,327.98715
606.4900207519531,75.7982177734375,34.22516,320.1582
613.9215450286865,79.18937683105469,26.943836,312.3215
619.7616958618164,142.39700317382812,32.982224,295.77887
625.2117824554443,142.83436584472656,29.576435,280.95425
613.4731273651123,169.21766662597656,32.871616,259.63907
620.9282245635986,179.06654357910156,33.39587,241.59738
623.7895088195801,171.8360595703125,24.270226,236.11206
624.4734630584717,197.43236541748047,29.61893,234.12111
621.6940774917603,195.8805160522461,29.061613,243.24568
624.9938659667969,199.25706481933594,28.19104,244.62161
622.5354328155518,188.04398345947266,27.076046,247.14696
625.4774932861328,189.63806915283203,29.045013,243.96556
621.855715751648,172.83648681640625,28.12176,228.49518
625.6827192306519,203.61626434326172,28.14628,235.34218
618.1579895019531,209.34026336669922,32.466156,240.04121
606.4239463806152,182.86946868896484,45.90177,185.78133
621.7182712554932,225.8442840576172,33.368176,210.19608
627.4766330718994,234.9782943725586,25.046734,235.13106
611.2256603240967,228.26025390625,33.688023,213.37729
614.6059513092041,238.84021759033203,36.186565,221.59694
617.2143888473511,228.8978271484375,28.06936,187.04095
623.3420534133911,245.2711410522461,21.03443,150.77461
596.7628135681152,289.1010856628418,49.94416,105.36393
626.1252160072327,300.0536575317383,15.213496,102.80995
625.8306064605713,330.5316963195801,17.042171,105.786674
624.0302505493164,336.9480438232422,20.808075,125.08725
621.671763420105,332.5457763671875,19.574335,136.11069
612.8173971176147,333.3827590942383,28.617601,140.09676
609.3052892684937,320.6556167602539,31.654268,139.53078
599.7907333374023,331.5517272949219,42.752106,136.53275
590.3775043487549,325.81514739990234,50.889843,120.31099
615.5045862197876,236.6698455810547,27.987272,171.9969
608.8522424697876,223.18140411376953,31.868773,187.52649
596.0032844543457,207.76719665527344,45.541023,200.0786
599.3729457855225,84.22985076904297,45.468998,316.3362
545.9095001220703,7.350151062011719,97.610245,394.4542
534.3823509216309,15.630790710449219,107.63177,384.51102
527.5935745239258,12.431526184082031,113.24234,388.77484
517.1181831359863,16.095924377441406,122.19837,383.73883
506.6937789916992,19.358009338378906,133.33801,385.88702
497.39888763427734,20.646080017089844,138.59894,378.57236
482.06214141845703,20.083290100097656,139.25662,377.404
468.7461700439453,18.416770935058594,138.32643,381.1356
457.11609649658203,16.82830047607422,138.33511,383.67813
445.2974395751953,17.42125701904297,136.85432,382.70474
436.2909622192383,20.10143280029297,134.34146,380.2941
427.0911407470703,18.298545837402344,133.49342,382.59378
423.0732955932617,20.64263153076172,137.4154,380.04
419.62611389160156,20.26795196533203,137.41548,380.5385
413.38706970214844,19.962059020996094,138.48769,377.709
409.03270721435547,18.46161651611328,139.08978,380.1811
401.98014068603516,18.04041290283203,141.39969,378.17072
399.70507049560547,17.842124938964844,139.53357,376.23734
402.8419761657715,15.891227722167969,123.100945,375.92136
411.7141876220703,13.007087707519531,111.72786,381.21875
419.20306396484375,12.578727722167969,122.303635,380.94022
418.296573638916,8.476387023925781,121.22898,384.56897
414.5530700683594,12.174659729003906,138.27287,377.40894
417.52254486083984,9.980888366699219,145.73627,376.89725
421.0840301513672,7.064720153808594,161.07155,385.84506
421.0363235473633,6.929679870605469,176.07162,385.55716
428.4224624633789,4.827415466308594,176.42789,388.59164
432.1081771850586,7.238670349121094,180.48834,388.4094
430.64617919921875,6.728385925292969,191.12144,390.00882
437.9356460571289,7.491981506347656,181.03848,395.34674
436.27147674560547,4.785758972167969,182.62659,402.5884
436.27074432373047,8.883110046386719,183.82703,404.96744
443.07625579833984,7.735313415527344,176.91522,408.03342
446.823974609375,6.473594665527344,171.19823,417.23776
432.3179244995117,6.702613830566406,193.35583,419.8194
447.8490295410156,10.659782409667969,178.68816,420.6099
464.7068405151367,9.351921081542969,159.77698,424.39786
478.4244155883789,6.379722595214844,150.46939,425.5377
484.2392272949219,7.370063781738281,150.88823,432.4137
493.5845413208008,9.425285339355469,143.63474,430.43607
502.63758087158203,8.951728820800781,137.68784,435.48828
524.0177803039551,4.285865783691406,121.88923,445.38763
510.5799865722656,4.022163391113281,134.21892,447.52014
527.877815246582,4.456962585449219,114.84335,452.98953
531.5041427612305,10.587440490722656,112.41919,450.04022
520.1994209289551,8.059638977050781,121.32209,452.0857
534.3983612060547,6.816474914550781,106.56947,460.64368
529.295108795166,9.280052185058594,112.2197,458.30405
519.5873413085938,10.385231018066406,121.01341,454.47028
525.3597526550293,10.287879943847656,117.37765,453.80377
536.4048881530762,7.797843933105469,102.61013,459.19925
517.7539749145508,10.236717224121094,111.82004,453.9885
508.3293342590332,10.631217956542969,107.00819,455.71536
496.62388610839844,11.734687805175781,105.897964,457.1432
497.3088607788086,21.60063934326172,98.20087,443.543
476.0356636047363,12.244712829589844,117.051704,448.02316
466.8069496154785,11.652519226074219,126.88279,450.298
449.7550964355469,17.07299041748047,122.463425,448.1901
459.90614318847656,49.716514587402344,103.82149,417.3143
457.22728729248047,47.880897521972656,99.92944,415.98407
438.6172561645508,55.48267364501953,109.63498,406.333
425.3651924133301,42.438133239746094,113.84693,419.8574
417.38330459594727,36.37517547607422,112.95194,425.55984
399.8015670776367,58.12505340576172,116.41278,402.6016
390.3388442993164,52.75525665283203,108.96347,410.6222
378.7138786315918,57.93444061279297,107.82754,402.99966
367.84117889404297,49.118324279785156,102.14905,399.44678
357.6114616394043,16.124107360839844,100.76595,412.78738
357.8573875427246,16.140769958496094,100.39544,420.05936
362.7895965576172,27.112342834472656,92.605606,408.73254
360.3974609375,24.653404235839844,93.38127,404.8759
363.74299240112305,16.97107696533203,88.68459,415.25116
358.2820358276367,14.601936340332031,85.570435,420.67975
355.37016677856445,14.421607971191406,85.66419,428.50677
330.7588882446289,3.4667434692382812,115.90823,434.50934
314.31119537353516,5.625602722167969,130.51102,427.35568
267.0976028442383,-0.31797027587890625,173.97055,450.1984
308.15238189697266,7.800285339355469,277.51334,437.45004
357.3789291381836,-0.42603302001953125,264.25787,473.69028
277.4945602416992,5.036506652832031,291.948,470.55634
334.95821380615234,3.6501235961914062,256.58588,466.91174
253.32947540283203,14.876686096191406,283.3508,456.5448
384.2253875732422,21.04212188720703,129.6349,455.2541
383.7281265258789,18.65918731689453,144.06265,462.76532
379.74725341796875,23.616798400878906,126.7827,450.5763
372.1241035461426,49.53472137451172,99.584785,435.19577
367.34071350097656,71.82291412353516,97.81831,413.69153
362.0919952392578,66.3490982055664,91.778824,412.96747
351.1048355102539,48.63195037841797,89.10239,424.9548
336.9991683959961,35.08965301513672,102.00409,438.27426
331.924747467041,58.586204528808594,96.94651,416.3439
346.44582748413086,33.43079376220703,80.586845,448.73145
331.2604560852051,37.56511688232422,101.76362,441.27957
330.7401123046875,34.490074157714844,100.35094,448.8956
328.16301345825195,23.77008819580078,100.56898,456.8556
325.50850677490234,47.934410095214844,94.31952,432.2949
325.0473327636719,35.12897491455078,93.53264,441.50763
319.1243667602539,55.63562774658203,91.74722,421.96466
320.0066261291504,44.447166442871094,90.17979,433.52536
314.82215118408203,100.36664581298828,91.83731,375.0713
303.78282165527344,66.23247528076172,104.02687,410.24588
304.1883201599121,42.77930450439453,101.86327,437.13666
296.97142028808594,58.96576690673828,111.18733,422.53973
291.8541145324707,72.26834869384766,115.78559,404.79822
287.43725204467773,26.484031677246094,123.146416,448.01846
291.35037994384766,27.43421173095703,134.53,447.3758
288.57630157470703,4.333122253417969,156.57889,467.5239
285.8017807006836,2.1760025024414062,170.33472,466.4486
296.7965316772461,4.810035705566406,170.46875,465.9154
307.1051559448242,8.405403137207031,168.65302,462.85345
299.89305877685547,4.883842468261719,179.07208,470.8171
303.2244110107422,1.2765579223632812,174.38252,471.8985
309.06522369384766,1.9833450317382812,165.29123,470.90594
292.2746047973633,-2.2991256713867188,176.70059,473.98956
306.0917510986328,5.945182800292969,162.57533,467.63364
295.4671936035156,-4.766761779785156,171.0095,471.38126
298.173095703125,1.5689620971679688,166.13603,468.78354
305.36792755126953,-2.1389236450195312,154.90933,474.2142
285.1366195678711,-0.9962081909179688,171.3512,470.40656
268.9218292236328,4.553230285644531,187.03883,468.1115
273.67774200439453,-0.12949371337890625,182.10281,470.27054
273.4893264770508,5.457237243652344,185.2847,467.079
280.92327880859375,3.6571578979492188,181.82976,470.8635
293.3335266113281,3.6679306030273438,167.93846,468.81436
298.66552734375,-1.9164657592773438,156.72954,468.42102
309.0040054321289,-0.5783920288085938,152.45505,468.28735
312.23516845703125,4.204353332519531,147.94011,465.61896
313.62996673583984,5.290885925292969,136.68579,460.99435
307.7213363647461,6.380546569824219,136.45923,466.2977
301.23006439208984,9.228996276855469,133.37354,462.30685
294.09534454345703,2.5599594116210938,149.288,470.44864
284.0142364501953,5.274497985839844,163.93166,467.37247
275.7880859375,-2.2958297729492188,182.70598,471.52972
265.30397033691406,6.124427795410156,194.20424,464.82678
256.8442611694336,7.408485412597656,193.59534,465.01562
248.28268432617188,1.3247909545898438,200.37132,465.37015
243.3471908569336,2.5793685913085938,197.99707,471.2957
234.88514709472656,0.09677886962890625,196.63698,469.75244
227.96676635742188,4.929206848144531,190.21739,470.32196
215.44696044921875,5.656608581542969,192.56743,467.60104
204.50997161865234,2.6411209106445312,193.32007,475.22235
193.63541412353516,2.1761093139648438,197.42636,468.76285
181.88059997558594,1.4997482299804688,191.8542,472.4454
171.8231201171875,2.3621902465820312,195.7819,471.93842
160.65966796875,2.7570266723632812,194.21867,474.11005
152.08011627197266,4.269798278808594,207.34396,468.4042
142.6687469482422,5.521354675292969,199.18843,462.10312
138.11683654785156,6.293495178222656,195.80824,458.72546
134.04755401611328,7.353553771972656,192.24588,457.3203
128.29068756103516,6.066581726074219,182.78854,459.6429
125.24710083007812,9.786613464355469,193.52513,459.12936
123.8367691040039,10.614082336425781,181.63095,456.799
122.31550598144531,10.969352722167969,181.12209,456.67245
119.12042236328125,10.342185974121094,181.27116,458.6642
115.43373107910156,11.637290954589844,176.01906,457.3953
105.62715911865234,6.708244323730469,177.25732,462.40488
92.48686981201172,9.425102233886719,179.41705,460.86862
82.55592346191406,14.267677307128906,184.07558,457.3767
62.72490692138672,9.548194885253906,188.68268,461.4834
61.965599060058594,15.282691955566406,182.36987,458.77917
53.7222900390625,10.719673156738281,182.91911,462.19598
23.046531677246094,11.269935607910156,196.54724,464.84412
28.001625061035156,17.89148712158203,182.45883,465.76093
42.56828308105469,19.048072814941406,168.66267,468.93164
23.554275512695312,27.68201446533203,179.77443,457.21844
26.91352081298828,24.63343048095703,178.19632,458.00055
22.461570739746094,27.18561553955078,177.42993,455.55768
13.374382019042969,25.312522888183594,183.62091,460.03177
7.724281311035156,27.34656524658203,184.56906,457.87115
8.097068786621094,22.513343811035156,181.59912,458.90002
3.3097686767578125,19.37049102783203,180.4955,459.48492
1.2814559936523438,15.916053771972656,181.396,462.88623
4.352043151855469,15.040641784667969,174.46552,459.87448
-2.8070068359375,7.456611633300781,185.55693,460.9041
-0.3379364013671875,11.684364318847656,177.53358,445.48975
3.2238693237304688,8.554618835449219,177.01068,435.79465
5.189178466796875,7.991035461425781,169.36107,429.48712
13.042945861816406,3.4456558227539062,160.1312,428.26892
10.501045227050781,4.454933166503906,160.83658,429.9425
3.1295700073242188,4.265449523925781,165.86847,430.25616
1.4150924682617188,8.458656311035156,167.86139,427.0459
14.887626647949219,9.914909362792969,159.09161,426.46603
12.384811401367188,6.801368713378906,164.16805,433.3142
25.57501220703125,14.112129211425781,149.15337,424.37885
28.509719848632812,10.810539245605469,141.9944,435.7253
28.943374633789062,16.588600158691406,142.81386,429.93567
34.16345977783203,18.233970642089844,140.06094,430.01517
39.864601135253906,19.760353088378906,137.0737,427.90967
43.45367431640625,22.317893981933594,138.38261,423.11783
44.947998046875,22.48723602294922,139.81548,423.76596
45.939239501953125,22.483924865722656,140.64891,424.7838
54.17583465576172,27.06737518310547,138.34943,417.33334
54.93775177001953,18.69768524169922,148.3931,421.1743
64.9920425415039,18.685890197753906,144.53073,418.90674
71.36084747314453,17.898704528808594,149.26712,414.683
82.25460815429688,16.77245330810547,146.75035,409.47714
92.42726135253906,14.876365661621094,146.44106,403.83926
99.8939437866211,9.835487365722656,152.54688,408.1172
109.88005828857422,7.812370300292969,152.7398,400.3049
118.07369995117188,10.584022521972656,150.9934,394.71838
125.00557708740234,9.308860778808594,148.27332,389.96182
126.050537109375,7.175041198730469,153.64055,384.65732
127.89594268798828,6.439537048339844,154.07169,374.532
131.24969482421875,8.269691467285156,159.34953,367.98145
137.54859161376953,7.485099792480469,158.27725,365.09775
143.94513702392578,7.342765808105469,156.96866,362.7468
147.84510803222656,6.973213195800781,156.02711,361.01752
152.95624542236328,12.253639221191406,153.31534,353.87415
158.1738052368164,5.699577331542969,152.51126,359.2639
163.33499145507812,12.128929138183594,147.10362,354.3737
168.31293487548828,6.287437438964844,143.65726,363.1473
172.04103088378906,10.361579895019531,142.85786,367.02026
179.76378631591797,7.487968444824219,140.08826,372.39963
186.87850189208984,8.964317321777344,137.6496,373.4224
202.4669189453125,16.35315704345703,129.25108,372.07062
204.29763793945312,19.817115783691406,134.16032,374.16327
220.13726425170898,29.53362274169922,123.869865,369.87088
222.13029098510742,36.40534210205078,122.504906,365.9723
226.57863998413086,41.383522033691406,120.616936,362.33966
231.46893692016602,43.73169708251953,121.26304,359.92383
239.12478637695312,44.34923553466797,121.847824,355.91788
245.18563079833984,43.34662628173828,123.87427,355.6222
251.51463317871094,41.61865997314453,122.048965,349.86493
252.41042709350586,39.67731475830078,121.62896,351.25983
255.9804229736328,40.75145721435547,124.741776,346.92728
263.8894729614258,38.784156799316406,119.4368,346.06732
266.8983459472656,35.44806671142578,125.60161,349.59784
273.49803161621094,33.731468200683594,129.24165,347.5203
278.9787368774414,34.11658477783203,126.43765,345.89435
282.315673828125,35.955650329589844,128.09953,345.80527
288.210018157959,42.09894561767578,123.88537,345.07935
290.4902687072754,45.84626007080078,121.76145,343.0558
295.43444061279297,50.367347717285156,117.6944,342.52386
299.6395568847656,58.215354919433594,113.83269,338.85422
306.49959564208984,63.643150329589844,106.54224,335.34818
309.46834564208984,65.22100067138672,106.07556,333.2236
309.79103088378906,64.18451690673828,114.659744,330.4762
312.05816650390625,64.73564910888672,118.146774,325.0328
313.887264251709,64.22835540771484,125.022514,324.31772
321.8822898864746,60.21489715576172,120.5783,320.7831
336.2524642944336,59.94696807861328,107.45984,314.93115
335.483097076416,58.553855895996094,107.45048,318.3893
324.30119705200195,52.75963592529297,117.59101,329.60757
347.7731285095215,50.71887969970703,95.31701,321.0136
319.9189796447754,48.321388244628906,125.25529,329.74573
322.2727813720703,45.40026092529297,117.25142,330.12357
325.49724197387695,45.266151428222656,115.6576,329.25555
324.27727127075195,44.018089294433594,115.97205,331.90366
323.088077545166,44.910377502441406,118.32731,333.1181
324.442081451416,46.05065155029297,117.3986,333.3881
324.9231300354004,47.779563903808594,117.16868,332.82816
326.8473930358887,50.837913513183594,119.37734,330.29074
329.5065002441406,54.07782745361328,124.46471,327.17456
337.01919174194336,55.624290466308594,117.42138,327.40714
340.2081298828125,58.808753967285156,120.02934,326.0327
345.3641471862793,57.602394104003906,118.117516,329.59363
349.4715461730957,58.39411163330078,115.40583,334.23145
355.0201225280762,59.625099182128906,107.10256,329.9098
360.2846488952637,57.331642150878906,109.356285,332.9776
367.54272842407227,56.01464080810547,103.30808,331.97244
370.11763763427734,52.126380920410156,103.79907,334.1983
374.52785873413086,55.561378479003906,100.980705,332.92987
369.4371757507324,52.328514099121094,107.62228,338.00003
371.4901237487793,55.150489807128906,102.731224,335.82257
374.232177734375,56.28376007080078,96.81419,337.65588
375.05055236816406,59.664283752441406,95.057144,337.84436
375.7716178894043,64.19258880615234,92.802635,335.327
376.2941093444824,69.39275360107422,90.14724,331.80472
372.8113594055176,73.32024383544922,92.28303,330.25974
372.1443214416504,77.56816864013672,92.0698,330.6169
373.6747856140137,80.12857818603516,92.91488,330.9724
372.2494659423828,81.3272476196289,94.11635,332.7848
371.1621780395508,80.4615249633789,97.44937,332.78113
371.67822647094727,81.40215301513672,97.903175,330.816
373.0029106140137,82.12516021728516,97.35433,329.4107
373.917911529541,78.32781219482422,99.9495,331.36514
372.5476608276367,71.49507904052734,107.53412,334.42355
374.4790267944336,72.26311492919922,108.09143,329.59042
375.1578178405762,66.1467056274414,110.29391,333.21198
378.57559967041016,64.31793975830078,107.370636,330.20923
381.61119842529297,61.07530975341797,105.197754,329.90298
384.8450622558594,55.47699737548828,102.4763,328.04535
389.204345703125,56.06293487548828,97.42168,327.114
392.843692779541,51.77324676513672,94.14829,329.99118
394.4239196777344,50.21355438232422,93.83769,331.11435
393.78417205810547,55.516517639160156,95.6239,325.71326
396.89541244506836,54.29320526123047,97.470695,327.58298
397.95779037475586,48.79167938232422,98.98589,334.21762
398.86069107055664,53.19420623779297,106.82041,327.47922
395.4697036743164,50.24456024169922,132.36166,329.52103
393.6125946044922,49.514244079589844,130.8542,329.94577
394.45294189453125,52.88068389892578,129.93193,328.66095
392.85533905029297,49.33795928955078,132.61804,330.60895
392.7787857055664,45.661155700683594,134.42056,332.80423
394.58470916748047,43.399269104003906,135.13342,331.41882
395.3787536621094,38.65270233154297,134.94865,334.35495
398.42242431640625,37.294273376464844,131.93681,334.01657
399.7600402832031,33.40198516845703,131.60643,337.18726
399.47938537597656,31.35973358154297,131.54378,337.22415
399.9807891845703,27.76732635498047,130.27571,339.1169
398.2707061767578,26.260719299316406,131.81453,338.76123
400.26912689208984,23.67168426513672,129.8125,337.6979
403.4173583984375,21.947181701660156,133.36711,344.63416
409.00684356689453,18.04344940185547,128.4888,345.05923
414.7797050476074,19.133766174316406,122.26412,350.64294
420.5855026245117,23.884742736816406,114.961365,348.7271
427.8127021789551,23.94676971435547,105.27534,353.18332
439.6205368041992,28.05127716064453,94.56018,353.5747
446.9844856262207,31.33295440673828,87.682014,352.01617
452.9596405029297,29.93775177001953,83.07008,358.6541
458.8304634094238,32.40814971923828,79.67652,359.21582
466.7822456359863,36.62757110595703,70.90296,356.85156
470.3475875854492,37.870384216308594,69.56091,359.39175
472.9502296447754,38.716270446777344,64.05497,359.2617
477.83842849731445,36.42467498779297,68.81983,365.4351
475.8757209777832,33.77507781982422,63.99018,365.46274
481.64746856689453,35.95787811279297,63.030914,360.8746
479.2049026489258,35.525794982910156,69.664154,357.32532
481.11959075927734,33.24199676513672,72.87103,358.34543
484.9049530029297,29.48072052001953,80.29878,359.76672
488.9424743652344,20.20476531982422,101.458786,374.95395
489.06278228759766,17.083152770996094,85.735016,378.06656
489.8792953491211,13.997917175292969,103.31891,388.98062
484.5318031311035,19.908058166503906,76.47086,372.59937
483.9681968688965,33.24750518798828,64.12322,361.02185
480.71678161621094,17.39122772216797,75.09834,372.79355
485.67626190185547,15.352943420410156,145.83978,389.12823
482.7224578857422,11.353385925292969,163.49763,404.00223
497.75392150878906,14.704216003417969,147.76405,404.6321
517.0161628723145,11.017204284667969,125.068306,415.0474
518.1669540405273,12.635398864746094,128.80383,414.9763
521.2201652526855,11.738059997558594,126.93813,420.8691
521.6027526855469,15.279594421386719,124.03636,421.0342
525.5444755554199,24.639930725097656,123.37032,412.90228
533.9191970825195,16.271034240722656,115.71353,420.85553
528.2147407531738,19.468101501464844,121.39051,417.53378
524.0660934448242,11.899772644042969,123.7099,427.2653
517.3448104858398,11.637489318847656,128.7406,423.893
516.6127395629883,11.534019470214844,128.86087,416.73007
507.7004928588867,10.451072692871094,136.03156,425.18942
519.6555213928223,11.319938659667969,124.57755,414.9993
502.4044418334961,11.696067810058594,141.73108,416.39926
500.92604064941406,11.663902282714844,142.77687,423.88974
512.6944427490234,15.609336853027344,130.79976,421.47812
530.7568168640137,11.780708312988281,119.309166,432.12805
511.06787872314453,15.898307800292969,139.05972,429.57706
505.60166931152344,16.906639099121094,144.81612,431.9642
492.2201461791992,18.69664764404297,154.96002,424.34915
491.1559600830078,16.948265075683594,153.6587,426.10825
498.43568420410156,25.682533264160156,140.23524,424.18866
469.93536376953125,31.91089630126953,166.03874,414.45642
474.1755905151367,25.176353454589844,158.742,415.53586
442.6221389770508,22.165626525878906,182.01053,420.06622
466.91737365722656,23.81549835205078,142.40956,412.37817
402.65282440185547,24.77997589111328,201.20465,415.6184
430.60682678222656,19.424278259277344,150.0779,412.47165
425.1026382446289,17.378013610839844,149.45065,426.2208
424.30640411376953,17.131690979003906,154.2753,413.5849
394.7893829345703,16.645545959472656,151.94704,422.25873
401.8973388671875,18.48863983154297,145.66716,416.35037
384.9339065551758,13.864021301269531,129.02628,440.61658
379.85069274902344,6.641181945800781,160.77827,421.36877
351.32178497314453,8.714576721191406,133.01639,418.17133
334.712890625,10.196556091308594,139.1956,420.33054
338.6990509033203,11.167121887207031,134.39906,423.5752
330.27669525146484,15.199821472167969,132.18018,412.10806
351.03548431396484,8.669090270996094,99.219604,368.54416
350.462589263916,14.057304382324219,96.37449,370.42953
336.8695297241211,19.939918518066406,102.83148,367.32074
320.23469161987305,24.092002868652344,108.09145,368.3259
311.61856842041016,31.56653594970703,105.24667,363.69324
306.0235290527344,38.120338439941406,101.995895,360.3722
300.35740661621094,43.152549743652344,108.1783,364.6135
304.27795791625977,46.982093811035156,108.84397,360.83887
306.5895080566406,40.214195251464844,106.85509,372.76132
311.2803077697754,45.307823181152344,97.996925,365.9432
308.06214904785156,40.100318908691406,96.44881,367.9944
311.74223709106445,36.219871520996094,98.59132,370.82498
317.9746894836426,28.349693298339844,84.98426,378.48758
313.0613441467285,28.414085388183594,90.27091,368.37668
319.7506332397461,21.783851623535156,82.61084,371.38513
316.21897888183594,21.558509826660156,82.42702,377.14795
322.9503974914551,20.332115173339844,78.69721,372.1948
324.7697525024414,20.479896545410156,85.03122,373.6645
325.9456787109375,15.074256896972656,89.08226,371.1966
292.93136978149414,13.739784240722656,126.845924,380.87695
310.42990493774414,20.50586700439453,115.181496,388.7575
296.1676788330078,15.102577209472656,131.6703,391.82874
306.5677680969238,14.920188903808594,125.92884,392.96378
326.3719673156738,19.079078674316406,106.1764,390.4585
328.27337646484375,19.45478057861328,115.35002,389.40753
331.5774459838867,24.102455139160156,138.81,387.68024
332.1520538330078,29.171974182128906,135.92494,389.0855
333.3721160888672,30.19103240966797,148.05159,384.5308
334.76929473876953,37.43885040283203,151.47989,381.29395
334.4252014160156,36.201881408691406,156.22154,380.82904
335.71173095703125,30.923301696777344,158.50786,387.35287
337.49288177490234,34.40209197998047,159.49939,384.89114
339.7582473754883,32.36211395263672,156.81265,387.21304
339.2336196899414,32.64482879638672,160.14047,389.90714
340.95965576171875,26.607872009277344,161.40227,393.48264
340.8878860473633,19.03845977783203,160.45096,398.90588
338.2411651611328,15.443351745605469,163.91542,407.71902
338.58329010009766,9.711357116699219,163.77792,406.97928
338.3519744873047,5.843605041503906,164.32307,414.2564
338.59752655029297,8.738044738769531,164.06403,413.41516
339.3020706176758,6.406318664550781,163.24136,419.2627
342.01233673095703,4.498756408691406,162.71939,424.9577
345.9262237548828,10.890525817871094,157.16298,423.665
348.763671875,10.618644714355469,151.23174,425.58182
348.15563201904297,10.623680114746094,156.27142,433.32993
373.50927734375,11.065956115722656,137.3488,426.2697
391.69962310791016,14.939079284667969,125.4581,423.44498
402.6964225769043,14.107429504394531,117.34878,430.01355
407.91556549072266,10.555534362792969,118.66867,436.46158
412.3781204223633,11.545402526855469,120.29056,434.62894
413.38258361816406,11.297691345214844,133.65395,435.37668
418.60901641845703,10.727027893066406,147.77554,435.4837
418.32804107666016,9.685295104980469,170.22238,437.38858
421.54286193847656,6.662895202636719,183.41542,441.42276
427.84027099609375,5.432792663574219,185.43864,438.1315
428.75665283203125,6.754768371582031,196.89946,439.5913
427.3154067993164,5.251853942871094,200.39584,440.51352
422.9710464477539,1.6901016235351562,206.87057,443.08453
421.10316467285156,1.0625991821289062,213.06032,445.68768
423.7804260253906,-1.1858444213867188,209.90538,451.58643
413.98890686035156,0.5248336791992188,217.96413,446.6735
399.80220794677734,3.3556137084960938,225.73242,444.32785
391.7382278442383,1.6809768676757812,224.51321,448.3551
386.0580749511719,1.0330123901367188,212.4044,445.2278
380.76033782958984,2.2536087036132812,201.70984,445.30432
373.67103576660156,1.6072921752929688,194.46864,448.7969
374.6611022949219,4.221336364746094,180.86986,447.20724
373.50047302246094,3.1249771118164062,182.79402,450.34796
380.08570098876953,4.297370910644531,178.4656,450.98535
379.80604553222656,0.8031082153320312,170.86671,456.53113
385.12129974365234,1.2097091674804688,167.78577,458.37527
381.8780059814453,2.6373672485351562,164.97353,461.36163
375.4770202636719,-2.0640335083007812,166.04039,469.78214
367.4625930786133,1.2121353149414062,169.00284,472.14166
358.96336364746094,-1.7114181518554688,171.62898,480
349.3307418823242,-1.0217361450195312,181.12079,478.8616
344.3680648803711,0.43704986572265625,191.83118,475.26837
334.6242904663086,-1.6594467163085938,206.00684,472.36505
317.28795623779297,-2.6739730834960938,225.6048,467.87946
302.12781524658203,0.02587127685546875,233.55435,463.3577
292.31141662597656,0.26837921142578125,234.35463,466.30603
279.4338684082031,0.6234207153320312,240.14452,465.18872
266.7259826660156,3.3304977416992188,242.7888,463.9075
254.012939453125,-0.7302627563476562,242.06645,469.1622
241.15708923339844,0.9841842651367188,244.87886,468.6619
233.09722137451172,1.2443923950195312,227.15387,466.38147
221.5797119140625,-3.5587539672851562,233.74113,474.22592
212.93505859375,3.4981307983398438,219.60625,467.95602
206.00767517089844,7.056755065917969,219.5273,463.24088
198.95696258544922,5.707466125488281,208.99335,466.7483
203.0712661743164,8.588066101074219,189.65842,468.53506
203.63301849365234,6.178413391113281,176.24268,474.09314
200.7898941040039,5.627677917480469,170.93454,477.08524
199.44229125976562,5.916923522949219,170.49779,476.45853
194.62871551513672,6.234016418457031,175.82721,475.30713
212.74793243408203,6.533699035644531,156.44937,478.45605
233.23686981201172,9.259895324707031,155.0506,474.52527
272.20068359375,4.562416076660156,121.00188,479.23492
300.8321762084961,16.377174377441406,129.12659,467.44025
326.1581497192383,11.451789855957031,129.49356,475.30896
359.5667724609375,65.34439849853516,125.78679,416.48248
369.7915802001953,120.16332244873047,134.45985,361.94583
387.06737899780273,106.16211700439453,124.52264,374.5581
383.0112762451172,-5.140434265136719,135.43501,479.54907
375.0696792602539,27.92546844482422,143.48093,451.3909
369.12438201904297,5.087409973144531,151.83331,467.12195
312.37232208251953,9.086601257324219,203.04495,470.94547
261.9002151489258,0.8322830200195312,248.96939,477.05762
261.5805358886719,6.309120178222656,253.00475,467.6978
262.3497085571289,-0.9406814575195312,245.73373,474.31815
274.1595230102539,7.202659606933594,237.17941,466.77744
282.6539077758789,7.264244079589844,220.2695,468.9531
297.77928924560547,9.362983703613281,200.24762,467.60522
304.6894302368164,5.578758239746094,201.0073,475.68015
317.8633728027344,12.189826965332031,194.89537,467.12463
349.51625061035156,4.592597961425781,185.75111,478.93652
356.73426055908203,3.1848831176757812,189.22208,480
369.82513427734375,-0.8733444213867188,194.74895,480
417.0860900878906,7.456657409667969,174.74205,473.06082
449.84776306152344,4.529258728027344,152.69551,476.91415
489.1228904724121,22.28101348876953,110.69787,457.70325
504.5965995788574,16.650230407714844,105.4515,457.09628
496.007080078125,12.224174499511719,134.101,463.30777
445.8667984008789,9.688423156738281,193.27756,463.52527
454.69824981689453,16.62543487548828,183.65347,469.6073
471.26690673828125,19.570411682128906,166.44206,462.1187
454.1331558227539,15.048316955566406,189.38803,471.28876
429.16202545166016,7.354621887207031,213.01291,480
433.88927459716797,15.805030822753906,212.7995,462.5589
475.01531982421875,9.787147521972656,168.74358,466.5324
428.47088623046875,43.17316436767578,108.48711,442.13916
523.7216339111328,17.436561584472656,125.19008,458.4107
418.22603607177734,144.65641021728516,105.618164,342.86053
439.50674057006836,113.83942413330078,121.20513,366.84033
530.470531463623,18.18647003173828,114.42159,456.34485
427.3594436645508,94.6388931274414,145.60837,390.43707
412.5896987915039,167.4643325805664,149.5867,320.81793
504.0213928222656,16.11443328857422,133.65666,463.50986
544.1776275634766,14.478630065917969,96.68245,470.9587
558.3733787536621,11.579048156738281,87.59771,479.27277
566.1146240234375,10.168418884277344,75.42088,479.85147
577.2184104919434,2.2111587524414062,68.429375,480
577.1599235534668,14.157752990722656,59.22274,466.44092
476.90370178222656,174.75829315185547,140.58046,301.64804
592.695613861084,97.12433624267578,47.657524,389.37878
400.5384216308594,235.8356704711914,181.07347,233.48901
585.1774940490723,172.59249114990234,46.245155,310.62546
600.5168552398682,123.40242767333984,38.590054,362.4232
596.3002586364746,179.27996063232422,38.756218,304.01895
607.0827484130859,184.50553131103516,32.396927,300.74414
585.002815246582,240.09203338623047,58.98471,247.40128
598.8453521728516,251.12354278564453,49.117325,232.56622
598.0169219970703,249.93833923339844,47.973953,231.78477
439.43196868896484,246.3188247680664,105.02182,133.90778
510.3073844909668,246.44832611083984,55.355827,178.02597
509.26390075683594,256.09683990478516,58.974655,189.21585
458.3777313232422,256.09537506103516,99.95903,190.00336
389.44578552246094,253.10149383544922,156.38136,127.06854
385.78363037109375,251.49199295043945,155.1151,127.37476
387.44474029541016,253.97330474853516,152.92172,118.97745
384.6182556152344,252.6012840270996,151.21617,118.919304
441.0494728088379,224.0025177001953,76.24302,173.70796
374.53164291381836,216.06031036376953,73.073784,172.77826
424.1282424926758,234.25233459472656,55.102875,166.77867
428.11365509033203,248.43067169189453,54.845673,164.7326
439.38148498535156,256.7566146850586,49.30281,177.659
411.96675300598145,254.41082763671875,48.68266,180.88997
417.25038719177246,241.857177734375,44.353733,159.52745
405.8665523529053,248.95111846923828,37.630253,141.94574
396.0027599334717,262.8470649719238,37.969257,127.31745
389.96278381347656,265.6551399230957,34.104507,124.24531
376.8680782318115,265.72277450561523,34.57001,125.15389
368.171688079834,270.2509460449219,32.777,124.16695
354.6276798248291,270.7564697265625,34.723232,125.20174
342.5409183502197,272.2080955505371,34.981716,125.177055
328.9341125488281,274.16948318481445,36.437393,125.54023
317.62732315063477,279.88817977905273,35.067726,122.71075
304.5972671508789,278.58766174316406,34.17993,122.86485
291.0204677581787,279.33861541748047,33.54041,124.011444
276.02939224243164,277.19890213012695,35.867622,124.11564
259.97338104248047,275.0206718444824,39.022095,123.87908
252.4399929046631,269.60870361328125,33.21549,125.580795
232.94497871398926,271.506290435791,38.77125,125.943306
225.45129585266113,266.43074798583984,33.233257,128.43756
211.51695823669434,263.7404327392578,34.677616,131.83351
200.38944244384766,267.1167297363281,34.414642,128.33354
183.5639991760254,262.6757926940918,39.077766,126.662346
174.90049743652344,258.9540481567383,39.430008,132.64917
166.05547714233398,262.53861236572266,35.617332,133.6019
158.45195198059082,259.9060974121094,32.06187,136.60237
135.94587326049805,261.3742980957031,40.392174,136.05302
126.32547569274902,265.5448226928711,37.195072,136.14041
112.15229606628418,268.67529296875,41.684834,134.43431
99.09034156799316,275.6916961669922,38.89767,135.83589
76.86248016357422,274.3077850341797,40.473175,136.30534
58.977210998535156,276.86134338378906,46.85843,145.37059
29.66093635559082,275.7493667602539,49.049755,151.42819
-0.3614177703857422,279.22913360595703,59.0059,153.86737
0.12730789184570312,288.48339080810547,52.056496,161.63733
-2.1674060821533203,282.0325469970703,52.74999,164.6483
-0.9260673522949219,290.4903793334961,48.584755,155.21695
-0.387237548828125,293.99256896972656,42.627304,159.5558
-1.261575698852539,292.2223129272461,36.391422,157.2764
-0.1961231231689453,296.87064361572266,27.9995,150.66684
-1.0015735626220703,293.62371826171875,26.633839,149.48244
-1.0748062133789062,289.4402542114258,23.486694,152.60852
-2.355325698852539,288.8119430541992,20.537388,158.67398
-1.4034881591796875,284.34334564208984,21.478195,189.23679
-1.5121231079101562,262.69085693359375,25.134521,203.82607
-1.7297792434692383,258.01183319091797,29.237955,215.20483
1.8614130020141602,243.25640106201172,29.561918,231.13177
-0.5899581909179688,221.86235809326172,30.175934,257.30566
1.9140262603759766,203.2540512084961,32.63641,277.11768
-6.08497428894043,185.70677947998047,37.17909,296.84668
-0.7763309478759766,205.1767807006836,41.499607,290.7019
-9.234460830688477,213.71947479248047,37.080418,281.56598
-0.12496566772460938,219.87769317626953,39.132668,264.83987
-5.428949356079102,225.16655731201172,35.18485,257.25433
1.8846588134765625,240.8548126220703,35.25319,242.46638
-2.6848087310791016,247.78849029541016,33.57706,230.82443
-5.763228416442871,263.3753356933594,29.276625,225.51042
2.2945117950439453,258.4614791870117,32.56367,217.73209
-0.11114788055419922,259.89412689208984,28.89147,211.5971
-1.9754724502563477,257.36702728271484,27.484896,209.93701
1.0952425003051758,275.17374420166016,30.963156,204.33017
2.1590538024902344,288.60980224609375,26.732414,186.15688
0.23723602294921875,300.98900604248047,25.907593,178.42694
-0.09565353393554688,295.1182403564453,20.861855,173.06694
-0.7588376998901367,297.1875991821289,19.843496,177.96039
-2.236185073852539,270.5078430175781,23.2739,198.62349
-0.6239604949951172,271.98543548583984,28.237988,205.80685
-1.5434951782226562,263.52381896972656,27.04602,213.97426
-1.1377010345458984,254.92790985107422,30.314968,221.87027
-3.770936965942383,256.7881546020508,27.461994,225.14508
0.7341146469116211,259.00357818603516,31.279375,222.69366
-4.3481855392456055,256.0458984375,30.29334,234.49892
4.4982757568359375,253.99369049072266,34.340042,218.6788
2.3843116760253906,269.8274688720703,30.15754,206.09883
0.8763246536254883,285.4592590332031,27.388205,194.7722
-1.2334394454956055,301.22765350341797,26.346533,185.1257
-1.140371322631836,307.0453643798828,22.297848,173.79012
0.1197061538696289,318.5152893066406,20.57411,158.27168
-0.20867443084716797,335.3438949584961,17.924597,137.45374
-0.43982362747192383,355.5224075317383,15.114739,120.9986
2.3047523498535156,384.3206596374512,18.816048,89.93487
2.2912416458129883,409.1874771118164,17.885061,70.18564
1.997060775756836,418.7483024597168,13.016972,61.95202
1.1501388549804688,422.50605964660645,10,57.262493
0.417236328125,429.8323669433594,10,50.610703
-0.20890426635742188,433.99166107177734,10,45.6485
0.6149139404296875,436.8771209716797,10,42.454338
0.932373046875,439.3227767944336,10,40.38543
0.9159278869628906,440.7299404144287,10,38.007275
-1.5971336364746094,441.38944244384766,10,36.22818
-1.5410537719726562,442.0845947265625,10,37.741158
-0.9871292114257812,441.1193103790283,10,38.563877
-0.6403121948242188,441.9190731048584,10,38.20566
0.20685958862304688,443.2290344238281,10,37.015198
0.8136253356933594,449.356014251709,12.427322,32.00409
1.4080939292907715,449.6582021713257,14.227254,31.389315
0.48806285858154297,446.82852935791016,12.532221,34.30031
0.16274642944335938,442.4952926635742,10,37.79081
-0.6531448364257812,434.6121368408203,10,46.1334
-1.490142822265625,427.7047748565674,10,51.613743
0.12083053588867188,423.08802795410156,10,52.878853
-1.6399154663085938,421.1081027984619,10,54.53964
-0.5860214233398438,414.90412521362305,10,63.26671
0.246002197265625,413.0980987548828,10,64.858315
-1.5178298950195312,419.3290424346924,10,58.684864
-0.18837738037109375,412.4428291320801,10,62.952286
-0.10794830322265625,406.727596282959,10,70.00853
0.14685821533203125,398.2789115905762,10,75.39044
-2.2745513916015625,391.25810623168945,10,83.89253
-0.04700517654418945,388.0292434692383,11.033875,83.56422
-1.326509952545166,382.25492095947266,10.021779,91.74993
0.510716438293457,386.47148513793945,11.142431,86.70871
-0.8659763336181641,384.4159049987793,10.211033,92.09268
0.7876930236816406,388.65373611450195,11.300697,86.41788
-1.0346755981445312,390.45886993408203,10,86.14219
0.8486108779907227,393.7585029602051,10.766706,81.12225
-0.321685791015625,399.00951766967773,10,79.965866
0.704892635345459,396.47972869873047,10.49587,77.690926
0.16394805908203125,398.2308883666992,10,80.81272
1.4868688583374023,396.83265686035156,11.621355,77.75793
0.23897552490234375,397.9565200805664,10,75.555016
-1.455413818359375,395.76220703125,10,79.78979
-0.7507867813110352,384.404598236084,10.82358,86.832825
0.8555927276611328,378.1865463256836,11.063305,91.00004
0.06212615966796875,382.3794403076172,10,93.784584
0.6595282554626465,371.4608840942383,11.403188,98.24775
1.5755181312561035,368.0999565124512,11.788234,105.08888
-0.2974705696105957,363.3261260986328,10.286729,113.50225
2.1759352684020996,366.1167182922363,13.464536,108.23299
0.9197993278503418,369.72503662109375,11.993104,105.554146
0.9080638885498047,371.5914726257324,13.989521,104.5804
0.05435514450073242,372.3827323913574,12.393731,104.81111
0.40659141540527344,370.1866149902344,13.962009,105.37142
1.7198858261108398,365.8799362182617,14.04764,109.271706
0.984166145324707,364.8789710998535,13.0968075,104.34897
-0.06896352767944336,364.9600486755371,11.574252,101.17059
1.7555756568908691,357.43939208984375,11.448428,110.68607
1.6470727920532227,357.74565505981445,10.319593,112.08905
3.1903724670410156,352.77021408081055,12.298515,112.57594
-0.33519554138183594,346.45622634887695,13.161877,117.67844
3.158991813659668,344.75465393066406,15.36738,123.5084
1.7661285400390625,356.7505569458008,16.205933,115.36471
1.2087898254394531,363.11487579345703,13.390343,107.07671
0.9259839057922363,358.9261589050293,11.337928,108.74605
3.207282543182373,352.20244216918945,13.202439,118.29562
0.9092988967895508,344.9176445007324,12.290701,116.054794
3.3130931854248047,343.0265464782715,14.424763,123.48274
0.1804523468017578,334.3982963562012,13.873638,127.36937
2.442835807800293,330.6326789855957,15.837275,134.41992
-0.04738187789916992,333.5572090148926,14.694236,131.16779
4.783355712890625,355.4948043823242,16.43077,126.27169
2.233613967895508,346.822696685791,14.11961,123.63196
0.9614591598510742,333.26926040649414,12.029459,136.60434
3.0300121307373047,331.7576713562012,15.851734,140.56169
-0.4775848388671875,328.65078353881836,16.042618,139.77702
4.661696434020996,338.1042823791504,16.419085,130.97754
2.4928717613220215,334.3990592956543,15.202321,128.8224
0.1986856460571289,322.7175178527832,13.535383,141.73761
3.5350418090820312,317.74951553344727,17.309357,147.90964
0.4163074493408203,316.21892166137695,16.813213,148.5275
1.053858757019043,335.1076240539551,23.328455,136.0597
2.7480125427246094,355.1415214538574,21.540825,112.67888
1.6805620193481445,371.11623764038086,25.765142,102.78691
2.2983970642089844,374.35983657836914,21.907265,98.65518
2.5001001358032227,377.67051696777344,17.46536,98.079506
1.0039539337158203,380.2865867614746,16.685482,97.92503
1.1348514556884766,389.4964790344238,27.41,85.05942
2.8477916717529297,389.7906608581543,32.49889,82.638016
1.8432025909423828,401.709228515625,41.543957,71.34971
2.3732566833496094,402.22660064697266,37.80636,72.23838
3.292736053466797,412.0286865234375,49.133217,62.943535
3.5300254821777344,442.82706451416016,60.310066,38.621315
4.858530044555664,441.84683990478516,62.273006,37.369194
4.456321716308594,447.2019958496094,68.903305,33.963936
5.215240478515625,443.0410213470459,67.8264,37.33221
6.9029998779296875,444.0699291229248,69.48201,35.47459
13.184188842773438,454.1688690185547,66.79526,26.336739
19.46585464477539,454.47840785980225,61.45646,27.776728
24.991374969482422,453.92589569091797,56.01258,27.866768
33.61112403869629,448.9777126312256,50.97566,35.218563
34.3652458190918,445.97666931152344,56.541527,34.816322
38.03270721435547,451.3586359024048,60.8322,31.495504
42.33725357055664,444.4071788787842,58.061714,39.174038
57.70075988769531,453.6302766799927,57.616837,26.330778
71.97609329223633,450.31638622283936,43.293007,30.974901
74.2730541229248,455.0402603149414,46.64333,24.8796
87.05142593383789,458.21154403686523,41.267815,21.866867
95.82041358947754,443.97566986083984,38.0939,25.15149
103.29767417907715,443.3935670852661,40.82662,26.320707
111.6159610748291,461.170373916626,41.860546,19.906132
121.36970901489258,461.71172618865967,42.50231,18.03229
131.28105926513672,463.7124185562134,38.85872,16.428053
139.73266792297363,461.33546924591064,39.406704,17.596228
149.5573329925537,453.4374713897705,33.596523,22.656208
158.93952751159668,456.24091720581055,34.385403,22.6027
169.77795028686523,456.49751567840576,35.04779,22.561205
178.85874462127686,452.64649391174316,30.836748,26.876797
186.97629737854004,450.8457832336426,36.041553,26.268608
195.6686305999756,448.68735122680664,32.484844,30.9795
205.43038749694824,463.86714935302734,38.559597,17.870377
210.4137840270996,459.9674139022827,34.016197,21.062342
215.14634704589844,457.55879497528076,34.083046,21.66707
218.78311157226562,455.4460563659668,36.23716,23.546478
224.57322883605957,454.4205436706543,36.019382,23.933022
232.00574684143066,452.7682981491089,32.33518,25.17624
237.02837753295898,454.90834617614746,31.323357,24.365292
247.9145450592041,444.9160089492798,28.543331,24.476233
246.23019790649414,450.1515369415283,30.080826,32.443905
241.99117469787598,449.1185646057129,37.32304,29.254402
239.58352279663086,445.72153091430664,41.688835,32.720757
235.8244915008545,445.62243270874023,40.064503,33.5823
235.46506118774414,451.8197412490845,40.944695,28.495298
233.32444953918457,454.2839775085449,38.28642,26.601357
235.51119327545166,460.2970504760742,29.2124,21.778366
231.56838035583496,457.9616413116455,23.489223,23.574001
215.8247776031494,463.53423595428467,26.341427,18.554567
206.87107944488525,464.79250621795654,25.450575,17.440798
194.31810760498047,467.91990852355957,21.730717,14.611164
190.59501266479492,463.89978790283203,15.601543,19.527832
187.2954239845276,457.791974067688,11.443519,23.320978
173.36461687088013,462.9242534637451,10.950084,20.936264
172.29244804382324,462.1209526062012,10,20.356327
166.3103461265564,451.1489200592041,10.581304,21.440857
159.19661712646484,459.1093854904175,10,22.589323
155.54105758666992,457.9759798049927,10,21.635363
135.8125810623169,470.2495951652527,10,13.499112
135.00730228424072,469.5778045654297,10,14.764221
132.14718341827393,466.1933250427246,10,16.535004
128.65195560455322,461.2986364364624,10,18.06014
126.42148494720459,456.4361848831177,10,17.22569
127.47502422332764,457.83675956726074,10,18.75742
123.3916654586792,457.7430658340454,10,20.187708
121.93418216705322,457.9012451171875,10,21.326931
116.79450798034668,459.4323148727417,10.148588,21.839209
107.18569898605347,461.05358123779297,12.525226,21.493107
90.25512742996216,464.4683313369751,13.7276125,18.5815
81.1336727142334,464.45959663391113,13.0762615,17.634415
75.85249900817871,462.9293842315674,10.080324,17.548428
70.70603513717651,463.27343463897705,11.632209,16.61094
71.49809551239014,458.4821152687073,10,15.49636
74.25031280517578,456.0597324371338,15.021238,10.388653
71.42244815826416,450.32214879989624,10,11.925534
61.36881065368652,445.7162809371948,10,15.122263
58.04802322387695,442.6344585418701,10,18.573185
56.710039138793945,442.0044050216675,10,23.962294
53.78938674926758,440.8841218948364,10,27.063044
65.34538269042969,449.9189100265503,10,28.215467
65.90568828582764,454.888765335083,11.020601,25.81771
60.757535457611084,457.8856945037842,12.061414,23.670944
52.064703941345215,458.40718269348145,12.436232,23.249786
46.63857841491699,458.0553493499756,12.003929,23.952644
40.6962685585022,458.34464931488037,11.995219,24.106375
34.59405183792114,458.7852544784546,12.435981,23.514265
25.243984699249268,460.23080253601074,12.461532,22.316238
17.669477939605713,460.0612916946411,12.045295,23.061518
10.060851573944092,456.2022647857666,12.122132,26.727097
-0.08466911315917969,448.9156913757324,10,32.228977
-0.1288433074951172,444.2454528808594,10,34.865376
-0.4945964813232422,441.59803771972656,10,36.127987
-0.8277606964111328,439.68971061706543,10,39.25332
-1.363595962524414,437.6347351074219,10,40.40746
-1.4960193634033203,432.01519203186035,10,48.03759
-1.0442447662353516,431.7121105194092,10,47.61023
-0.3870525360107422,427.5598888397217,10,51.939835
-0.9004001617431641,422.94226264953613,10,56.43638
-0.08062934875488281,418.18711853027344,10,61.17893
-0.11714363098144531,413.73771476745605,10,66.5281
-0.5650320053100586,403.4525737762451,10.544504,75.32282
-0.08973550796508789,393.6626262664795,11.517098,83.85493
-0.18695402145385742,373.34644508361816,12.620044,101.897766
0.7065877914428711,359.35801124572754,14.509001,114.65355
1.4407997131347656,344.1192111968994,16.65572,134.78387
1.2908000946044922,334.64592933654785,20.63504,145.742
-0.8832645416259766,332.2984867095947,25.850815,152.83551
-2.103123664855957,317.44958686828613,28.462622,166.49855
-2.389141082763672,286.41320991516113,28.950275,189.7592
-1.4237985610961914,261.94311714172363,30.903654,209.86525
-2.2044143676757812,233.27573585510254,29.543468,236.9592
0.6071872711181641,212.67366218566895,31.937843,249.43419
-4.258550643920898,183.9386692047119,30.157661,276.4178
-0.339447021484375,190.7283420562744,41.23547,288.56244
-1.6252765655517578,118.11330604553223,38.051086,323.29434
3.6906890869140625,77.98111915588379,45.55929,368.1792
-5.786933898925781,61.7309513092041,52.287,400.8351
-3.6868457794189453,46.33719825744629,54.587128,423.73547
1.9372673034667969,37.98720741271973,59.21677,443.58292
-11.81199836730957,40.822946548461914,66.16684,449.5515
-7.278373718261719,45.713937759399414,63.458965,446.82568
-7.4134674072265625,53.31417274475098,63.576443,443.32254
3.585542678833008,58.0765323638916,71.097466,422.92557
-4.974828720092773,64.54216957092285,65.1316,419.05582
1.9188823699951172,63.85836219787598,62.396362,413.27054
-9.046823501586914,74.24688148498535,64.730545,415.35153
3.278383255004883,64.58710670471191,67.66326,411.1833
-4.374792098999023,71.40439796447754,64.926094,415.07074
-8.89655876159668,64.0656681060791,60.315636,416.3259
-2.0881786346435547,62.1435489654541,68.11843,414.21347
-6.967832565307617,54.57122230529785,63.127556,424.11185
0.7509899139404297,56.48653602600098,64.90274,418.9271
-6.743715286254883,55.417245864868164,65.73541,430.04242
-0.42522239685058594,37.42006874084473,65.00669,442.41214
-9.631729125976562,42.9210147857666,59.982876,448.97714
-0.8747959136962891,45.61492347717285,78.78554,430.6428
-7.954313278198242,39.17608070373535,70.84289,444.02457
1.582498550415039,28.492807388305664,68.78623,447.90863
-10.324888229370117,46.155221939086914,71.173454,439.123
5.015207290649414,34.874765396118164,72.82334,445.84473
-1.6266002655029297,42.252634048461914,76.29476,443.1997
-9.189634323120117,50.730844497680664,72.777885,434.10254
4.132116317749023,31.52048683166504,67.45018,451.09906
-4.905527114868164,41.20333290100098,76.10475,443.84848
3.4536190032958984,33.163705825805664,78.67992,454.5658
6.77577018737793,41.502634048461914,84.10019,449.8202
1.1262645721435547,50.78316688537598,85.46719,435.5853
7.40150260925293,48.87821388244629,82.6384,441.4693
10.067056655883789,49.747873306274414,85.54911,436.1195
0.6749439239501953,49.36222267150879,77.24532,431.41364
-4.940099716186523,56.43625831604004,73.69831,418.98523
4.069433212280273,55.07767677307129,66.30693,424.8283
-3.236734390258789,62.31217384338379,70.88789,414.4522
-1.7237834930419922,54.86300086975098,70.023674,427.39548
2.5652904510498047,45.42154884338379,72.96579,438.97748
3.846761703491211,49.4274845123291,81.72316,439.2607
5.110540390014648,40.54384803771973,82.05827,449.18753
-3.9267024993896484,31.907190322875977,80.63325,458.7825
0.9442882537841797,29.28086280822754,85.86746,461.86584
7.07581901550293,29.593713760375977,84.45682,452.85233
-3.8434810638427734,30.55777931213379,82.06373,450.89233
5.01884651184082,30.67630958557129,77.53402,450.2506
7.819734573364258,28.19512367248535,87.676506,452.44077
11.645792007446289,21.39011573791504,81.06443,459.43274
0.6985797882080078,32.03898048400879,83.37768,449.13562
10.092702865600586,27.38016700744629,80.91463,451.11438
14.499662399291992,27.5436954498291,76.323975,451.8259
3.8990726470947266,30.088220596313477,70.27155,439.74307
-0.9465579986572266,38.79837989807129,80.60124,443.06323
-2.3192577362060547,41.435617446899414,73.465416,439.34796
1.1386547088623047,37.55645179748535,72.44455,437.2142
-5.227727890014648,35.125741958618164,66.53309,442.72382
2.498401641845703,22.090539932250977,60.18752,455.90683
-8.046255111694336,25.748056411743164,57.66282,455.48572
1.3334217071533203,20.637537002563477,77.51699,455.80075
-8.40776252746582,37.28634071350098,69.806244,445.68063
1.855642318725586,22.23674964904785,63.617203,454.77243
-7.685647964477539,41.35527992248535,60.719193,440.21713
-0.8876018524169922,47.0963077545166,58.89257,427.7161
-10.816192626953125,56.04525184631348,62.965816,420.4426
-4.9800262451171875,54.404916763305664,55.423916,415.7528
4.187311172485352,52.82389259338379,54.972725,405.20435
-10.246759414672852,60.0250186920166,58.36241,399.98013
-3.9327640533447266,54.16823768615723,49.455,388.13467
0.040958404541015625,60.46665382385254,47.4074,380.93945
-7.793848037719727,55.573678970336914,44.33177,396.83936
-6.332969665527344,51.47666358947754,55.21037,419.37238
0.2394733428955078,39.9237003326416,53.185112,417.99002
-6.811912536621094,36.5925235748291,46.852947,418.06186
-9.421920776367188,41.21756935119629,53.76211,428.7995
-13.503063201904297,38.003244400024414,58.751545,438.46588
-10.02059555053711,33.81711769104004,58.762684,436.88293
-5.887563705444336,31.000635147094727,56.850136,442.87802
-17.21520233154297,31.914087295532227,55.31602,454.3652
-13.760326385498047,34.08443641662598,59.616108,450.45078
-10.157068252563477,33.124948501586914,65.48912,454.9104
7.108348846435547,30.75811195373535,63.27872,471.9965
8.084695816040039,27.694345474243164,61.733986,480
251.47607231140137,13.753778457641602,87.38849,453.30838
403.7343349456787,3.336160659790039,180.63222,471.9616
414.2221050262451,5.196023941040039,220.0617,478.1496
391.23302268981934,5.259241104125977,213.83528,475.7092
396.12450218200684,7.153451919555664,200.30367,470.39575
380.99306297302246,9.203836441040039,212.24892,470.17902
386.5171947479248,12.828500747680664,203.2319,468.5725
388.46520042419434,9.757120132446289,199.01875,473.36566
387.29520988464355,6.441019058227539,198.06882,474.74933
385.1096019744873,0.8243198394775391,187.46774,479.2093
381.54269218444824,1.630563735961914,192.56628,475.6234
374.122350692749,-1.803030014038086,191.93663,480
370.8449993133545,5.894327163696289,197.13806,467.14447
368.98515129089355,6.646631240844727,195.49399,474.8889
369.21071434020996,6.254648208618164,202.1161,466.63745
371.09601402282715,6.852609634399414,196.86638,466.64233
373.4012050628662,8.039026260375977,187.56544,468.03195
359.19655418395996,3.8614749908447266,207.99257,469.53928
361.7193202972412,4.040246963500977,180.96205,467.42245
361.4390239715576,5.709054946899414,190.0788,462.03064
359.3281536102295,4.563165664672852,199.88818,461.83536
352.0630397796631,4.619791030883789,183.46748,463.38287
352.2232189178467,7.914453506469727,191.63846,461.95517
339.1770534515381,8.324274063110352,199.49959,457.84695
342.2576427459717,10.163446426391602,194.83157,457.8605
331.85280418395996,7.995019912719727,199.97157,460.29892
332.6535472869873,7.463846206665039,193.35214,465.77997
324.3543224334717,2.891550064086914,194.26675,473.57617
322.3205165863037,9.341653823852539,182.40688,467.6966
313.1663341522217,2.9423770904541016,182.79385,478.36124
307.01481437683105,3.5837039947509766,186.40659,473.1826
302.0280513763428,4.116891860961914,191.73436,477.49292
300.1720027923584,6.887796401977539,183.51225,471.37762
294.9941234588623,7.890741348266602,190.60568,472.21964
297.2622890472412,9.366861343383789,186.64247,473.06622
300.3096294403076,6.156854629516602,165.33087,477.9053
290.68984031677246,5.204599380493164,158.35146,480
284.9431667327881,6.583688735961914,155.2469,476.11426
278.2387065887451,2.5562076568603516,154.92755,475.15042
280.0198345184326,1.2950992584228516,145.17487,471.3013
269.84139823913574,1.710733413696289,151.08264,469.17535
278.12731742858887,5.059869766235352,139.19916,461.26053
271.62233543395996,-0.05064964294433594,140.30605,466.39612
263.1776180267334,8.023706436157227,143.25017,452.70883
277.49878883361816,3.4490604400634766,126.80302,451.993
275.10723304748535,8.318750381469727,125.896065,442.2595
280.9555072784424,8.711343765258789,116.521416,439.02118
280.6194705963135,8.776422500610352,117.83253,435.6603
274.5016040802002,9.065286636352539,119.38259,432.04962
269.3915195465088,9.825906753540039,122.54026,426.8637
264.82402992248535,8.508218765258789,124.086494,421.50104
258.2651119232178,7.585824966430664,120.95726,420.5702
255.16322135925293,4.730249404907227,119.80728,425.00546
252.18338203430176,7.999582290649414,120.80993,425.67725
247.9218235015869,11.113580703735352,120.38224,428.3566
238.43563652038574,11.597513198852539,130.02637,429.13702
222.74589347839355,13.937372207641602,143.89206,432.558
214.18847465515137,11.279947280883789,148.34662,436.87445
199.88223838806152,10.734598159790039,162.19456,439.1142
191.66264152526855,11.615060806274414,169.87595,435.30237
189.00207328796387,7.560358047485352,170.2746,436.9429
179.6465358734131,9.566751480102539,176.2065,436.5816
181.4870891571045,9.098459243774414,170.51587,433.58862
177.33246421813965,6.445688247680664,175.45671,431.47876
177.64523124694824,5.874505996704102,171.88708,431.0403
177.913969039917,4.953226089477539,172.91443,432.16412
180.550443649292,1.6806888580322266,165.85303,433.863
175.58844566345215,0.6975498199462891,176.09282,436.67047
184.11561393737793,0.5089054107666016,163.30557,433.16226
182.1830883026123,1.9844608306884766,166.28061,429.34323
181.13817405700684,1.9298343658447266,163.81197,435.06235
177.5063991546631,5.314340591430664,164.51192,432.33997
163.7953701019287,6.549570083618164,170.16188,436.03906
151.88687705993652,7.363306045532227,180.24583,443.16074
138.8772029876709,12.331125259399414,171.66826,446.3932
137.76576042175293,12.088357925415039,168.84586,452.7873
130.84549522399902,15.119119644165039,167.40257,459.56134
130.15939903259277,16.318384170532227,159.13231,463.57748
126.28448295593262,14.243494033813477,158.49225,464.30832
125.90276908874512,14.541742324829102,156.26129,465.05045
127.69953727722168,15.237527847290039,154.99039,460.9781
128.80303764343262,13.559030532836914,151.09454,459.8368
133.72472953796387,14.406274795532227,145.56195,451.00143
139.2005672454834,12.143182754516602,137.72588,447.68936
142.48305320739746,8.791498184204102,135.14711,452.06497
137.84157371520996,9.716257095336914,142.34962,448.56104
137.9742259979248,7.515832901000977,140.30063,447.2712
133.30763053894043,4.229257583618164,145.81717,450.02283
133.7444133758545,2.8024845123291016,151.5188,454.52054
132.1965847015381,3.1101322174072266,154.46382,453.02512
138.8782024383545,2.6263675689697266,152.39319,456.05795
136.9063777923584,4.259241104125977,153.82231,455.76376
143.40030479431152,4.244470596313477,151.21349,457.6191
143.37470054626465,7.875894546508789,153.03032,455.7281
150.70747184753418,9.466241836547852,148.91995,453.7161
152.0918483734131,9.357675552368164,150.85127,453.0121
153.6309108734131,13.208826065063477,144.64339,449.64462
153.6299877166748,11.090829849243164,146.38583,446.9718
155.1402645111084,11.934869766235352,140.81621,444.17422
154.09906578063965,12.448434829711914,141.34148,441.7561
146.02006340026855,14.052637100219727,143.3912,433.34286
140.54907035827637,8.804971694946289,136.85919,438.3946
125.11826133728027,6.614953994750977,143.55663,440.59665
115.27326011657715,5.825677871704102,147.06792,438.20792
107.90192222595215,6.152994155883789,146.53044,441.01678
100.99865531921387,5.058313369750977,147.73163,444.4371
97.89730644226074,5.878137588500977,146.92615,449.45114
93.66036033630371,7.308450698852539,146.84071,445.86273
88.02094078063965,7.027276992797852,150.57402,444.47073
79.60340690612793,5.429697036743164,153.93399,445.8695
75.55174827575684,4.420587539672852,153.57259,439.64822
47.41608238220215,-0.6387996673583984,178.42863,447.43106
62.746511459350586,4.391458511352539,154.42097,441.873
37.80385398864746,-1.1006221771240234,177.76369,450.89658
46.39015769958496,2.917428970336914,162.08766,447.64026
41.0013484954834,1.847269058227539,165.62602,451.3028
35.70773124694824,6.009912490844727,165.2185,453.18564
38.05042839050293,2.945138931274414,156.93082,459.73523
28.467741012573242,0.8738498687744141,162.3711,463.73584
24.158788681030273,1.2663516998291016,163.29942,464.7266
22.394895553588867,4.411905288696289,160.86835,462.77386
17.90803337097168,1.0099124908447266,161.11612,465.76596
18.444448471069336,3.0526676177978516,158.65938,464.91324
18.43562126159668,-0.6615047454833984,155.00699,466.36526
6.198392868041992,11.996759414672852,162.86023,461.63516
2.1543102264404297,10.940591812133789,159.68887,460.50287
-3.5884037017822266,14.192270278930664,162.08507,458.53357
-8.372087478637695,13.158060073852539,159.78671,457.65607
-6.754961013793945,14.466562271118164,150.97275,460.49182
3.376974105834961,12.561716079711914,136.55605,463.78186
-1.062997817993164,13.539041519165039,124.57149,466.5738
0.021757125854492188,16.469385147094727,116.11719,462.79648
-4.640634536743164,21.967615127563477,99.5345,461.1672
2.9200077056884766,24.518518447875977,90.28736,464.58383
10.811712265014648,62.72574806213379,83.587204,425.97626
6.102258682250977,61.25124549865723,68.89857,419.3055
3.2997512817382812,55.50168800354004,63.6851,420.39594
40.635820388793945,46.0945987701416,75.40481,425.5129
20.843015670776367,39.42446327209473,75.90326,436.87973
10.903314590454102,50.42302894592285,69.9018,431.79263
21.34031867980957,46.68754005432129,64.94735,419.9132
10.481538772583008,51.24025917053223,61.80242,431.73807
1.2692852020263672,53.782968521118164,63.383606,425.75745
7.326120376586914,55.29470252990723,69.422646,424.8065
3.2976322174072266,54.762521743774414,64.67884,419.08893
-1.1850032806396484,41.64536476135254,65.173775,439.8963
5.325155258178711,36.87558937072754,68.600235,439.4557
1.2013263702392578,60.3137149810791,64.2011,426.93576
-2.682464599609375,51.80324745178223,61.474728,427.05386
2.2332401275634766,44.4049015045166,68.53504,431.37485
-2.6808643341064453,44.32256507873535,65.81009,442.31955
-1.9012203216552734,42.39945411682129,58.67933,439.73572
8.879547119140625,43.81974220275879,55.940914,435.23065
0.81378173828125,68.43689918518066,59.85101,410.9052
-1.758646011352539,84.63117408752441,56.056595,407.263
6.086580276489258,70.62627601623535,59.769585,397.83762
-0.7963008880615234,66.02153968811035,58.686104,406.94815
-4.69024658203125,58.035470962524414,55.45886,425.4779
7.982004165649414,69.48244667053223,56.097694,428.92258
-3.396699905395508,66.94985389709473,65.53412,415.12247
-2.4150428771972656,73.12459754943848,54.963688,413.70352
3.5305919647216797,38.84551429748535,64.87717,436.4979
-0.46025657653808594,47.25515174865723,60.423256,434.8929
-2.3686294555664062,46.03493690490723,56.10493,443.27878
4.118207931518555,35.36150550842285,71.216034,440.31583
-0.019845962524414062,41.389230728149414,62.30977,441.55988
5.964628219604492,46.783823013305664,68.26172,431.89185
-0.44117164611816406,54.124948501586914,64.36055,431.4016
7.260869979858398,40.87668800354004,66.89537,434.35925
1.2760791778564453,66.71756935119629,65.69741,416.95953
-1.5673389434814453,41.320871353149414,62.399933,424.6148
8.549875259399414,56.17727088928223,65.20689,426.70316
-3.7113037109375,61.895456314086914,58.95416,434.31714
10.578590393066406,56.95693397521973,53.666912,429.55167
25.323034286499023,60.625009536743164,54.344467,437.9157
28.55517578125,52.6359806060791,60.91827,436.3264
46.70013618469238,49.473703384399414,56.13433,448.83197
45.22357749938965,46.40191078186035,71.769394,439.1733
31.221345901489258,60.0477237701416,66.37078,441.37997
-6.268566131591797,58.14919471740723,53.119404,440.15848
8.244560241699219,64.96500587463379,61.88905,421.19867
-2.274789810180664,74.60511207580566,51.81703,407.49335
-11.528661727905273,73.85233497619629,47.957832,404.53064
-6.453178405761719,98.61850929260254,54.60716,380.66364
-2.338756561279297,99.63154029846191,53.573383,380.95026
2.7050437927246094,102.62423133850098,51.870853,371.6013
-7.885786056518555,123.09464454650879,55.58541,354.97528
1.9616985321044922,124.00115394592285,50.945923,352.1052
-7.730262756347656,141.86377906799316,50.83418,335.79144
-0.21718597412109375,140.46880531311035,48.473186,326.08694
-5.830604553222656,162.5898838043213,45.68153,311.70685
0.4690876007080078,156.1404514312744,42.62542,309.00708
-4.808441162109375,174.00332069396973,42.067562,295.25107
2.7884979248046875,181.3425693511963,50.005337,294.94678
-0.5204315185546875,200.63401222229004,39.69656,274.6853
-3.250894546508789,202.08748817443848,38.745193,276.0922
-1.853933334350586,228.19153022766113,43.447792,249.32002
-2.5877857208251953,227.8229694366455,51.197174,248.48848
-2.30242919921875,196.4696750640869,58.531002,277.10992
-2.303659439086914,173.0657444000244,64.86659,298.1867
-1.2146434783935547,6.174875259399414,70.586266,467.8199
-4.411077499389648,11.391366958618164,80.23585,466.8051
-1.8425235748291016,10.327600479125977,81.67125,469.95767
0.31719017028808594,7.254190444946289,87.794815,456.60583
10.702566146850586,8.954248428344727,80.51564,452.51175
15.149675369262695,7.680963516235352,75.514366,438.30576
27.573610305786133,12.837320327758789,68.854,428.32495
19.438867568969727,13.223993301391602,83.2743,446.49948
33.59597969055176,10.770502090454102,78.090324,440.80734
55.53764533996582,4.750879287719727,68.38326,436.7889
61.33980369567871,11.758874893188477,74.91054,441.51028
75.45663261413574,8.977853775024414,73.3905,434.09717
83.02451515197754,7.231225967407227,75.39524,437.32742
87.45892143249512,4.864862442016602,81.86725,442.37546
97.25737571716309,11.728952407836914,84.78865,432.68317
115.76681709289551,6.256387710571289,74.93334,431.57947
107.51716423034668,10.158838272094727,90.16806,425.468
42.354543685913086,7.675699234008789,158.68031,452.65167
6.029928207397461,12.317728042602539,208.70088,439.8061
4.935827255249023,12.557519912719727,216.01299,447.83676
5.826757431030273,10.913827896118164,227.82878,443.4945
4.720754623413086,9.611047744750977,235.01637,446.317
5.960378646850586,9.143350601196289,240.58522,445.6104
22.65205192565918,12.189813613891602,251.22348,439.62735
41.29079246520996,7.815515518188477,238.3962,451.10092
55.62674522399902,9.659738540649414,234.6967,446.1349
72.12022972106934,7.518274307250977,224.19044,446.59445
66.09793663024902,16.882150650024414,139.35258,434.75183
63.78076362609863,30.37558937072754,82.16784,423.87994
71.75272560119629,32.31362342834473,87.28806,418.38632
73.67895317077637,28.523035049438477,97.80798,421.98215
78.7447566986084,20.480493545532227,101.65465,430.11588
85.36104393005371,23.59287452697754,102.956375,426.25415
92.60116767883301,20.964609146118164,110.8836,429.08368
101.18959617614746,19.461740493774414,111.03438,430.1059
108.99127769470215,16.69004249572754,113.1389,433.05994
116.51451301574707,24.93656349182129,114.547874,424.58423
126.22505378723145,22.163400650024414,117.1307,430.47845
135.9024143218994,10.841928482055664,116.19236,437.72772
145.64910697937012,15.012582778930664,116.720825,431.20477
157.32036018371582,17.7119083404541,114.93032,426.9786
167.7304859161377,13.976373672485352,116.59176,431.89536
178.2779941558838,13.254770278930664,114.77665,434.73273
187.54749488830566,10.310510635375977,117.47727,440.11282
195.34830284118652,9.572809219360352,120.00554,441.63132
200.23202323913574,8.614816665649414,125.409485,445.4665
205.068510055542,11.551630020141602,130.32379,439.52084
207.05035209655762,9.843774795532227,138.40369,436.24722
199.06809043884277,6.774911880493164,156.56584,435.3067
199.8021068572998,3.9743289947509766,167.85464,435.74612
198.7303066253662,5.262369155883789,182.52034,433.10486
201.55840873718262,6.620798110961914,188.61426,431.28912
207.81326866149902,6.408868789672852,192.99516,430.74802
213.43795585632324,5.980585098266602,194.2879,431.87387
223.11335563659668,5.946161270141602,194.05612,430.7208
234.7693386077881,7.137323379516602,190.48207,430.4083
244.4021282196045,11.174753189086914,190.84515,429.1374
254.7254238128662,6.896799087524414,189.32307,432.6717
264.3037853240967,10.169214248657227,183.70041,430.47806
273.0255641937256,4.815515518188477,184.1166,437.20755
283.3318920135498,10.569742202758789,187.56192,431.31018
293.1726818084717,1.9397525787353516,186.74216,439.47885
303.43896293640137,6.175851821899414,183.92822,438.44696
317.35775566101074,12.319345474243164,175.45587,442.19183
324.5677852630615,10.653604507446289,165.1231,438.23608
339.7084102630615,7.705377578735352,162.4489,444.64865
348.0936870574951,9.009210586547852,151.0929,445.06967
354.4165782928467,11.576547622680664,151.7214,440.52484
351.7588405609131,7.039453506469727,155.69289,451.9755
359.16200828552246,9.947381973266602,148.78108,457.0947
361.93346214294434,11.459146499633789,151.56825,453.1195
365.222318649292,8.637460708618164,152.11505,458.40228
368.97203636169434,8.477197647094727,151.78249,458.4042
379.93876457214355,6.955896377563477,147.74649,461.60416
385.0696773529053,5.068155288696289,151.997,467.00513
388.3418560028076,4.063821792602539,157.33081,468.95996
388.87899589538574,4.745126724243164,164.72382,466.55988
386.34257316589355,1.9403018951416016,172.57889,469.0898
391.6346263885498,4.853631973266602,175.92044,467.4045
393.89486503601074,-1.075429916381836,180.58221,470.16656
404.023717880249,4.882989883422852,190.62566,470.45334
414.8490505218506,0.43634986877441406,192.7466,477.85272
429.70697593688965,9.378763198852539,185.83531,466.989
439.9116725921631,-0.46254539489746094,196.58754,480
456.6359386444092,7.808359146118164,178.6655,471.62396
472.19470024108887,3.787027359008789,169.05017,476.23047
490.2585277557373,1.5085086822509766,151.22427,478.44632
506.1431255340576,7.381113052368164,132.90894,469.69977
525.9613513946533,17.088754653930664,118.00393,458.59357
538.8884830474854,21.557764053344727,103.57789,456.6796
554.9942607879639,25.043771743774414,89.10156,447.0683
566.9354610443115,43.99393653869629,76.97661,422.94373
581.6994590759277,46.52652931213379,62.989628,426.13336
595.0855731964111,55.37430763244629,46.82305,421.50403
604.4904651641846,58.76743507385254,38.769676,421.4447
612.4520263671875,61.5969181060791,35.258114,414.33694
606.0563468933105,46.6251163482666,48.34183,434.42514
606.9560604095459,40.89408302307129,52.818466,441.79974
611.4981670379639,37.8408145904541,48.934143,447.3696
611.0189476013184,35.0804386138916,45.22864,461.9904
618.4244194030762,37.011301040649414,37.01108,456.19843
619.3112812042236,40.55108070373535,41.377438,445.0648
600.6471729278564,48.295969009399414,47.691494,438.35358
608.9734382629395,36.71608924865723,48.061058,448.86545
614.3979415893555,30.48722267150879,42.745865,452.6045
613.2886352539062,33.27520179748535,46.97467,450.28323
613.713508605957,38.28679847717285,44.599167,444.0798
616.5744094848633,39.17411231994629,41.968674,445.30817
617.9519481658936,35.752267837524414,41.649143,449.2984
596.7633953094482,53.66567420959473,53.193485,437.48215
606.5817527770996,56.27688026428223,57.841133,422.29135
614.9289054870605,35.88743019104004,47.012184,446.89618
602.8973484039307,36.767465591430664,50.295574,438.93304
611.9363079071045,42.11741065979004,49.94092,424.49664
617.8108940124512,33.17788124084473,44.008766,443.0958
598.4319496154785,61.182138442993164,54.286797,429.1601
610.458122253418,45.636728286743164,48.46315,428.00024
615.3058242797852,33.12481117248535,45.941025,435.90024
605.0857429504395,41.22286415100098,49.3218,435.95975
606.9263095855713,27.585657119750977,53.219097,425.2332
615.9573783874512,40.586069107055664,44.238136,429.1914
617.4776229858398,36.99776649475098,44.027664,443.97556
587.708459854126,28.59055519104004,60.930004,454.61456
560.9800338745117,16.7420597076416,96.981155,469.11832
585.1999206542969,30.755395889282227,68.4563,464.61484
572.1088485717773,20.4736270904541,85.81581,464.7891
587.5164184570312,44.42055702209473,70.72516,443.44064
594.5313568115234,40.382333755493164,68.582306,442.53485
605.9213905334473,37.045114517211914,54.404045,429.5747
610.2553539276123,34.59153175354004,49.95676,441.97668
609.1343841552734,31.72538185119629,54.51419,435.72827
614.4332599639893,38.15932655334473,48.213802,439.78476
594.8370132446289,48.52018165588379,56.18486,435.83386
607.7411766052246,43.30625343322754,47.97956,416.84528
613.8415794372559,85.68470191955566,39.0362,376.87805
606.1668815612793,88.92336463928223,36.657875,371.64975
604.222297668457,146.5569553375244,36.991196,321.1303
602.4977188110352,208.3904209136963,34.727646,258.4806
600.6397018432617,275.58311653137207,36.956314,195.81413
586.6256065368652,307.8677387237549,54.835304,161.12422
582.5750274658203,288.58047676086426,60.465393,179.11858
579.3616714477539,245.67009162902832,62.874557,220.2907
573.3989753723145,119.22127723693848,69.86837,348.94034
570.2064666748047,53.974740982055664,74.0419,418.13745
561.3524780273438,30.62973976135254,82.35791,441.19855
555.4697227478027,28.05327796936035,89.047615,447.43802
545.7946319580078,21.2023868560791,99.68527,452.02786
542.1388969421387,15.736841201782227,104.14506,458.45273
539.6059646606445,15.525903701782227,106.2838,457.07712
535.7789306640625,15.397485733032227,107.37329,454.9421
531.6525573730469,15.280435562133789,113.76849,461.2492
525.4537200927734,17.2858829498291,121.52786,458.4622
518.0873031616211,15.422906875610352,127.17476,457.89774
497.2824401855469,18.23308753967285,147.24664,452.78568
501.31986236572266,13.565439224243164,142.87004,463.12097
489.64400482177734,13.260553359985352,154.88936,462.29068
457.65560150146484,9.566308975219727,184.40657,466.44467
451.0888214111328,8.077630996704102,194.74179,466.05325
439.3483581542969,9.107141494750977,203.6098,463.26157
428.4637756347656,14.822107315063477,211.1546,457.53476
409.4474868774414,4.684930801391602,230.94756,469.7997
396.61470794677734,9.516962051391602,244.70064,462.15567
392.2464599609375,7.481241226196289,247.7406,465.07526
395.0641326904297,10.564203262329102,239.36172,448.87186
402.2345886230469,4.474832534790039,232.38141,461.53754
401.5098648071289,9.612237930297852,240.47466,455.4346
406.80228424072266,5.769830703735352,233.8383,459.97183
405.51473236083984,6.324823379516602,240.06587,457.47244
407.00144958496094,8.700723648071289,236.84134,459.27582
405.60066986083984,6.576822280883789,235.8376,465.57404
407.27494049072266,5.738458633422852,231.86296,464.37418
405.0131530761719,3.420328140258789,228.41681,469.97687
392.44300842285156,0.7259464263916016,226.99387,471.6575
376.2951126098633,6.112207412719727,229.40318,468.13156
360.0596618652344,4.456857681274414,227.7685,468.37292
350.18751525878906,-3.673635482788086,223.957,480
341.6969909667969,4.416360855102539,217.30536,472.44073
332.67667388916016,5.013025283813477,212.17216,473.38278
324.42041015625,8.686105728149414,208.38013,469.5675
319.6835174560547,9.748300552368164,210.77371,468.0797
316.89916229248047,8.211969375610352,208.93971,470.2438
313.1047058105469,5.118753433227539,210.85199,472.4837
310.96641540527344,4.066431045532227,210.74466,475.43515
310.62100982666016,4.841302871704102,215.79033,473.88052
312.7459411621094,6.608819961547852,214.3045,471.76028
313.2505569458008,10.321008682250977,215.21397,469.08237
315.10623931884766,13.615793228149414,206.89018,462.6338
315.7839126586914,9.443521499633789,202.22673,468.9334
314.0310592651367,5.220926284790039,195.94435,475.5147
315.09070587158203,10.151758193969727,187.57384,477.52487
316.33231353759766,6.869409561157227,180.04008,477.2479
318.6549758911133,7.325525283813477,178.77794,476.3237
316.0539779663086,7.752634048461914,174.65742,474.4292
319.44176483154297,9.133981704711914,174.48097,476.40894
320.89642333984375,7.833017349243164,165.07935,471.6516
324.4796142578125,9.051813125610352,158.4884,470.07767
324.67655181884766,11.808160781860352,152.39763,465.65604
326.72676849365234,12.856424331665039,144.83028,460.52765
327.3733673095703,13.700632095336914,142.70468,460.50598
328.18592834472656,13.337503433227539,140.0914,458.9494
326.5272674560547,13.585260391235352,140.99991,459.65738
323.1106491088867,12.422754287719727,144.39406,463.3812
323.2898712158203,11.332681655883789,142.2562,463.90424
323.0657501220703,9.563516616821289,142.31711,464.64545
314.87036895751953,12.539926528930664,152.48485,463.29504
306.37913513183594,10.761667251586914,160.0552,462.57043
301.98470306396484,11.371210098266602,164.368,462.12076
297.27286529541016,10.917154312133789,167.21,462.96466
295.0334167480469,11.529275894165039,169.01117,463.63995
292.3265609741211,12.247583389282227,170.82722,464.01938
289.86473846435547,12.099237442016602,175.50392,462.7028
289.72640228271484,9.013925552368164,173.6899,466.4242
295.11621856689453,11.786203384399414,168.57164,465.54407
293.4833450317383,12.047403335571289,169.63231,463.57562
287.19725799560547,14.517740249633789,173.45802,459.78473
287.8098602294922,14.466470718383789,174.08426,461.47137
286.12589263916016,11.688241958618164,176.11845,462.7367
286.69966888427734,8.336771011352539,174.20955,460.0926
290.5649185180664,7.969339370727539,170.18486,460.7138
284.99571990966797,5.664285659790039,174.26369,455.0119
281.1879119873047,3.4146366119384766,176.66776,450.83566
280.38013458251953,5.308938980102539,173.62083,450.8249
273.2707061767578,6.995553970336914,173.40451,443.35547
270.2291488647461,3.554452896118164,173.48897,444.76294
267.48899841308594,6.053216934204102,175.98709,444.1143
266.2091827392578,9.076196670532227,168.03268,440.47922
260.9189147949219,7.370080947875977,161.88947,443.37497
258.3599090576172,2.767160415649414,163.13785,450.75
256.79412841796875,2.7162418365478516,158.97668,448.08524
263.7978210449219,4.402994155883789,151.23566,450.1093
266.8008270263672,6.185464859008789,144.28531,450.37335
268.7922058105469,8.817377090454102,141.40118,447.8749
273.9749221801758,8.365823745727539,134.92662,453.5351
285.0597724914551,10.425683975219727,122.42367,450.90097
294.4226417541504,9.892633438110352,116.08135,453.8633
291.00911712646484,10.322793960571289,122.39925,450.63055
292.097599029541,7.348581314086914,125.047966,452.87292
295.2502784729004,8.231653213500977,124.15374,454.66025
289.33655548095703,5.966852188110352,132.02464,456.7372
278.2919921875,6.529214859008789,146.6305,457.28925
273.5431900024414,5.766153335571289,160.7133,455.2542
266.0351867675781,3.2711124420166016,181.482,459.7327
258.1183090209961,5.368585586547852,200.44905,455.51834
251.63461303710938,5.398309707641602,215.08368,458.48904
253.39027404785156,1.5271244049072266,220.80392,465.41476
248.1285400390625,1.2705631256103516,232.41602,466.13455
252.82665252685547,1.4299259185791016,231.66078,468.8434
253.09275817871094,1.217325210571289,233.46207,472.43768
263.049560546875,0.20119667053222656,223.35986,474.23752
264.65990447998047,-1.1007137298583984,223.88356,479.6193
272.48284912109375,0.9036655426025391,213.06812,477.07147
280.9547348022461,-1.3181514739990234,201.96944,478.66672
287.7134475708008,-0.37894248962402344,193.54576,477.02768
294.48653411865234,2.1711673736572266,184.545,473.1782
301.261962890625,0.8642215728759766,173.30603,474.0023
308.2548522949219,4.826440811157227,167.70245,472.61008
299.14759063720703,3.0853824615478516,178.24266,470.23404
303.0998229980469,3.2873783111572266,178.64679,479.27805
300.1128845214844,3.4424686431884766,186.63739,476.4775
301.2817077636719,0.40246009826660156,187.29022,473.50626
300.3759231567383,6.297952651977539,193.7766,467.48102
301.7105941772461,3.7331790924072266,194.31807,474.95297
301.8945999145508,8.359766006469727,199.2689,468.71384
303.9131546020508,5.217050552368164,199.34618,473.9541
309.9707794189453,7.194620132446289,194.78232,472.4483
312.72879791259766,4.325265884399414,189.25017,474.5747
308.7839050292969,6.379556655883789,194.34747,470.747
307.2961730957031,8.372522354125977,200.29645,467.94772
304.64778900146484,6.060068130493164,205.5561,473.75806
300.6578598022461,7.800317764282227,208.19344,473.07114
283.86656951904297,19.042367935180664,107.171524,456.89417
274.24340438842773,34.883859634399414,120.10499,443.04297
267.77235412597656,12.784189224243164,145.5438,464.56458
261.03197479248047,6.967218399047852,159.8832,463.25223
258.5156555175781,7.429285049438477,247.54865,467.7474
260.73779296875,6.374734878540039,240.09473,467.67352
259.5745391845703,20.10630226135254,159.11703,456.7381
262.20996856689453,11.421564102172852,207.03319,462.9639
276.0689697265625,13.778619766235352,240.13293,460.36417
272.4914016723633,1.765298843383789,252.9005,470.21527
279.8027114868164,10.538446426391602,243.55144,463.04605
280.2745361328125,5.162454605102539,248.09412,465.86688
291.0280227661133,9.686044692993164,232.8745,465.2351
301.1898193359375,17.07901954650879,206.14844,457.93488
305.69449615478516,11.270074844360352,230.56133,457.37808
296.7939682006836,10.371835708618164,236.08382,459.3739
310.3603515625,18.218530654907227,201.23608,446.44467
316.04749298095703,9.934503555297852,209.9309,461.7852
295.9197235107422,17.96073341369629,191.25589,449.66425
309.3976364135742,17.67888832092285,171.51527,451.4545
327.8567581176758,10.429254531860352,213.5095,457.60757
310.2122573852539,15.823175430297852,222.7487,456.2017
301.78023529052734,17.2814884185791,239.51534,452.21268
302.93531036376953,8.802148818969727,244.43321,463.53024
306.9403533935547,13.157785415649414,232.413,459.13794
313.50938415527344,12.311502456665039,228.32669,459.2967
305.2108917236328,13.952692031860352,232.50314,460.89078
316.4768753051758,15.945383071899414,201.1168,459.79138
310.8724594116211,3.6392154693603516,247.02412,466.56705
331.38824462890625,10.057580947875977,225.19421,461.74643
319.03953552246094,43.75785255432129,194.97305,428.3355
317.0276107788086,15.721460342407227,206.59407,453.07162
305.7603454589844,14.673776626586914,237.03802,450.89404
319.5273895263672,3.894327163696289,257.67227,468.63153
328.9166946411133,13.909845352172852,224.77501,458.81375
322.0699005126953,10.723031997680664,242.2341,460.32642
303.8041076660156,8.432184219360352,138.7381,461.20364
301.78026580810547,10.333597183227539,133.0237,459.89557
320.0015411376953,5.107583999633789,179.40427,466.37457
320.50489807128906,8.102975845336914,209.3021,466.30432
324.59373474121094,4.279565811157227,245.694,466.94406
315.5409851074219,1.3872013092041016,253.15875,471.21866
308.17862701416016,8.703882217407227,238.86906,463.15793
319.24024963378906,6.676797866821289,239.83847,464.08014
315.7889709472656,13.785394668579102,230.12604,457.0198
321.6469955444336,9.759378433227539,241.20723,458.9992
324.58325958251953,23.30755043029785,182.56053,445.78555
324.6554946899414,14.598169326782227,217.87126,456.21445
316.7309341430664,41.05391883850098,134.68938,419.07724
298.43643951416016,33.857309341430664,79.95189,386.41528
310.3044013977051,44.72527503967285,81.27987,382.81473
311.9386329650879,55.67838478088379,105.477165,377.5813
312.48682403564453,24.111825942993164,93.59575,423.8562
306.7896385192871,51.07842445373535,94.45698,385.28433
309.09557342529297,38.05655860900879,85.74251,391.68384
309.1407279968262,48.53652381896973,95.98148,375.743
305.20837020874023,43.98488807678223,87.31391,388.05612
304.6550064086914,52.66056251525879,90.58092,376.95538
304.5133285522461,52.651498794555664,98.68233,362.49902
308.0547103881836,33.53342628479004,87.11275,380.263
311.1060981750488,41.267221450805664,96.689415,355.85858
310.05181884765625,29.027612686157227,100.86127,373.09756
314.6396369934082,44.869333267211914,97.079,366.8086
313.5608444213867,33.78908729553223,109.146805,381.64188
319.67985916137695,35.234262466430664,110.64645,430.27277
306.33827209472656,26.50022315979004,135.20853,441.49854
316.31471252441406,40.05930519104004,137.8505,415.91467
304.14234924316406,27.96311378479004,118.99832,379.8673
310.24628829956055,31.782541275024414,98.54197,378.4651
312.51284408569336,35.69674110412598,98.498726,373.7404
311.3508949279785,38.35360145568848,95.22796,376.17026
310.1730422973633,46.02434730529785,91.07561,366.3445
310.39332580566406,38.667367935180664,79.72952,379.25806
315.2571334838867,64.01851844787598,107.47493,352.66214
313.18477630615234,62.16263771057129,94.92171,365.10095
311.8445816040039,47.73612403869629,100.39049,370.52368
312.2084732055664,51.48208045959473,95.21373,369.31815
309.2304229736328,43.06124305725098,91.41171,375.11887
312.0539855957031,47.1804141998291,102.12488,367.45322
312.9381217956543,47.83036231994629,101.930214,362.002
317.0542335510254,35.694589614868164,92.57073,384.40314
314.1567611694336,37.370187759399414,90.037674,389.8877
315.82675552368164,45.46328163146973,83.06725,371.70712
311.03459548950195,32.76909828186035,103.65322,373.49966
310.26501846313477,34.23406410217285,92.07983,382.29337
311.08963775634766,50.3735294342041,94.45659,351.49332
314.9927177429199,25.744775772094727,98.319435,399.4257
310.3599510192871,25.198434829711914,83.52894,398.92206
310.34678649902344,36.78129005432129,97.277374,392.00287
312.7558937072754,41.31267738342285,85.63207,380.26346
313.01402282714844,53.9736270904541,95.495514,353.7963
311.895320892334,32.94692420959473,92.74,426.9999
309.4504623413086,38.16457557678223,93.57832,398.00327
307.5494270324707,60.65728187561035,97.85897,369.80173
310.2614936828613,56.8698673248291,103.646935,402.4921
311.3097038269043,44.388071060180664,108.839455,426.79938
