289.0,0.0,160,457
280.78785705566406,8.632095336914062,171.65768,447.74326
288.94847106933594,11.979995727539062,164.15652,441.81613
281.4854507446289,10.289352416992188,170.01665,444.34085
285.39815521240234,7.907257080078125,166.85725,446.01935
285.62630462646484,10.384140014648438,169.19014,444.5828
287.23355865478516,6.35955810546875,167.02959,447.2661
290.4682159423828,8.44232177734375,161.54623,444.2024
287.04539489746094,7.8530426025390625,167.60513,446.3143
287.75817108154297,8.031814575195312,167.07167,444.67307
289.51329803466797,9.757675170898438,163.85768,440.17252
284.41063690185547,7.73529052734375,171.65736,444.91528
283.4739227294922,8.080917358398438,171.79166,444.3571
282.497314453125,9.472518920898438,171.82166,442.3538
281.7739944458008,9.816070556640625,174.41783,442.84418
278.0315856933594,9.237258911132812,177.66779,442.3198
280.1228332519531,7.130523681640625,174.02826,445.30646
284.36021423339844,7.932586669921875,167.8765,445.0301
279.2305221557617,10.038192749023438,172.86049,438.95328
286.11766815185547,10.984100341796875,167.58241,439.24762
279.47511291503906,7.556488037109375,173.02414,440.92572
284.0011978149414,8.449142456054688,164.63383,442.01346
279.24401092529297,6.2433319091796875,170.34755,443.26187
278.2975769042969,7.5551910400390625,169.03241,443.09787
281.43006134033203,9.800262451171875,169.6898,441.45636
277.8990707397461,6.9540863037109375,172.2441,443.3693
283.04124450683594,8.035629272460938,166.78677,443.2266
278.6442108154297,9.24237060546875,172.37466,440.87402
280.75318145751953,9.0323486328125,173.9381,440.93372
280.76075744628906,8.188262939453125,170.08176,441.18988
275.64495849609375,8.746368408203125,179.46216,440.02826
282.51367950439453,11.99493408203125,172.11913,436.3861
280.7149200439453,6.92718505859375,171.97934,441.39453
278.22289276123047,6.8292388916015625,172.14162,444.4775
278.2843322753906,7.57684326171875,173.02386,441.5149
276.1815719604492,7.0682525634765625,174.44728,442.06406
275.81468963623047,6.0843658447265625,174.17726,442.43796
274.40037536621094,10.446746826171875,173.71964,440.28717
272.88047790527344,8.584426879882812,171.58182,440.5317
272.58477783203125,7.1188812255859375,170.54504,444.38943
270.7117462158203,7.1874847412109375,164.15207,443.28433
270.24171447753906,8.024429321289062,162.86057,441.54745
269.1096954345703,6.305694580078125,161.42416,442.62054
267.69775390625,8.304229736328125,158.47546,440.83807
270.3094711303711,6.6981964111328125,155.05086,443.571
265.8433837890625,6.4466552734375,159.3446,443.8838
264.83699798583984,6.3252105712890625,155.89827,444.19955
268.43543243408203,6.085784912109375,151.4116,443.38446
265.158203125,7.112701416015625,153.703,443.40485
264.97420501708984,6.79498291015625,156.04695,442.89465
264.73580169677734,6.0247955322265625,157.24837,444.46152
260.92188262939453,5.755828857421875,161.28893,445.88385
262.24939727783203,7.091339111328125,156.28502,443.34222
262.21556091308594,5.6785125732421875,157.70706,443.57523
260.87522888183594,5.9561614990234375,160.13712,445.1984
258.5946044921875,4.0804443359375,160.38635,445.64563
256.83467864990234,6.0800018310546875,166.7098,446.01016
253.49047088623047,6.048919677734375,164.94069,444.37933
251.13331604003906,6.048065185546875,169.76071,443.69684
247.22393798828125,5.5736846923828125,171.94226,446.03134
244.37079620361328,4.569061279296875,174.04076,443.15997
244.03392028808594,7.754241943359375,177.08951,441.98004
242.67015838623047,7.843170166015625,178.27565,441.92645
240.08946228027344,7.16839599609375,182.86722,442.65198
239.8687973022461,7.549713134765625,181.149,443.10236
238.6727066040039,5.809783935546875,180.58257,443.59332
238.0670623779297,7.1367950439453125,185.35403,443.72275
239.19686126708984,7.44525146484375,180.0749,445.67847
236.34297943115234,7.69354248046875,186.04,446.63342
236.791748046875,6.8797149658203125,181.66052,445.6981
235.51282501220703,7.4199066162109375,181.28075,444.8477
233.88011169433594,6.432830810546875,179.60489,445.1889
236.13580322265625,6.4493408203125,177.04272,443.88928
235.55345916748047,6.944854736328125,173.79665,445.43182
250.0264129638672,4.35906982421875,159.68594,445.77832
238.9234619140625,6.7332305908203125,173.65576,455.1827
238.4331283569336,4.9995574951171875,170.04036,454.35562
245.7503890991211,5.428802490234375,162.96333,451.50116
240.5428237915039,5.835845947265625,169.99467,457.12482
243.40727996826172,5.6960601806640625,165.4098,458.26083
245.39910888671875,7.33123779296875,164.36218,456.54663
249.44353485107422,6.4895782470703125,159.93361,457.88754
248.89535522460938,7.4774627685546875,164.8056,464.41483
256.39867401123047,9.072738647460938,154.77235,459.7466
256.47652435302734,11.46685791015625,158.81465,459.29578
261.0270309448242,9.796066284179688,152.5514,458.75797
258.5685348510742,10.112594604492188,150.35939,459.80838
257.2636032104492,6.8060150146484375,154.1985,465.09427
261.17274475097656,9.785797119140625,149.9448,462.71466
264.02696228027344,9.645309448242188,148.09903,462.47403
262.07437896728516,8.9456787109375,150.3178,463.07898
260.05206298828125,8.696456909179688,151.04211,464.23026
260.96431732177734,5.9712371826171875,151.06062,463.366
263.62142181396484,4.016357421875,146.45284,466.12036
264.4267120361328,5.9997100830078125,143.21103,465.58322
262.14697265625,7.6165008544921875,146.04834,463.48624
262.5540771484375,7.191009521484375,146.41101,464.82758
260.9379196166992,4.329742431640625,143.30324,470.39484
257.55643463134766,5.011077880859375,155.79253,467.779
257.4658432006836,4.602630615234375,146.13313,470.31403
263.19187927246094,5.9767608642578125,140.31277,466.61276
257.5018310546875,5.498260498046875,154.27527,469.34772
256.8581085205078,2.565093994140625,154.92477,474.47736
260.81551361083984,0.3611602783203125,154.95735,476.2114
257.79061126708984,1.0454254150390625,158.51143,475.86728
256.9470443725586,-0.916473388671875,164.91914,476.25836
254.3149642944336,-1.22503662109375,168.60103,478.30908
257.10730743408203,1.8381195068359375,168.1887,473.6331
256.7647247314453,-2.5139007568359375,168.1611,478.95456
258.86067962646484,-0.3949737548828125,165.47627,477.82608
259.50489807128906,-2.75537109375,165.64389,480
259.7090072631836,1.38909912109375,162.65132,476.37134
261.28040313720703,0.206939697265625,162.86644,476.8111
261.9392623901367,-0.2767486572265625,158.72487,477.11404
260.3690872192383,-1.3741455078125,158.35619,477.09277
261.70801544189453,-2.98065185546875,155.43626,478.55603
263.41644287109375,-1.4009857177734375,153.03015,479.37228
263.7096710205078,2.03082275390625,152.96616,475.6582
266.92870330810547,3.6054534912109375,150.62099,471.83194
265.15623474121094,1.7608642578125,150.996,476.9463
268.38365936279297,1.0627288818359375,146.75807,476.3931
264.527587890625,2.29345703125,151.62537,475.13855
264.60428619384766,3.2068328857421875,149.65959,477.06754
266.1101531982422,3.2183837890625,149.19254,472.38867
265.34305572509766,5.8391876220703125,150.93889,470.2623
266.33154296875,6.0025482177734375,147.98474,468.91922
266.0286865234375,6.394744873046875,152.28564,466.9284
266.4397201538086,8.180648803710938,151.79927,466.55106
265.4819564819336,11.307022094726562,155.01033,464.96652
268.43016815185547,8.319854736328125,152.18361,466.90582
273.24339294433594,20.613662719726562,152.85587,457.0858
272.8064422607422,10.4166259765625,148.22952,467.33044
272.1196060180664,36.57435607910156,153.49883,439.23715
271.9087448120117,19.875473022460938,152.92946,457.16263
272.4033660888672,50.952117919921875,154.35928,422.67596
269.5951919555664,69.79835510253906,160.85649,406.45932
268.1402359008789,74.05982971191406,159.62688,399.19138
269.76332092285156,83.49378967285156,157.11789,391.46164
266.07044219970703,91.41995239257812,158.24693,380.58588
267.32118225097656,97.72305297851562,155.4708,368.414
270.0906982421875,102.21835327148438,154.28711,370.57648
266.7639465332031,107.57188415527344,161.79803,359.5988
265.9962387084961,112.75381469726562,161.29854,352.8725
266.22937774658203,114.69332885742188,159.06847,346.6101
267.66900634765625,117.55947875976562,159.33545,340.2752
266.8774185180664,122.20635986328125,156.64677,334.43335
267.1842041015625,126.23249816894531,154.94055,329.80338
265.48954010009766,127.08757019042969,154.90623,329.58322
267.9437026977539,132.17568969726562,150.19609,327.40137
267.26490783691406,136.4357147216797,150.44974,325.79373
267.2702102661133,141.78155517578125,150.97185,323.30658
269.7186584472656,146.084716796875,148.18225,322.21106
268.06761169433594,149.86476135253906,150.28622,319.7734
268.9232406616211,154.55799865722656,148.79012,316.59482
269.4584045410156,160.1815185546875,147.5896,309.79437
271.9983825683594,163.94801330566406,144.98615,305.50412
271.1565856933594,168.05555725097656,146.9367,302.8002
273.1841278076172,171.03684997558594,146.01382,302.2097
275.69032287597656,170.87461853027344,144.23636,304.33963
272.2011947631836,169.5030517578125,149.51216,305.66736
276.6077880859375,167.4900360107422,144.4779,308.5231
276.2512741088867,165.28358459472656,144.80214,309.4207
276.0651626586914,162.86094665527344,145.13725,308.2686
276.8810119628906,159.32168579101562,145.57623,309.32153
273.3997116088867,155.24359130859375,151.30086,308.3335
275.3812255859375,151.32366943359375,148.6048,306.45398
273.74652099609375,148.2283172607422,151.7622,295.60916
277.51734924316406,144.654052734375,149.17062,300.73248
275.6621627807617,144.34384155273438,150.86287,297.5086
276.05867767333984,142.55807495117188,148.44014,299.35864
274.41468811035156,143.56808471679688,150.79794,299.73682
273.37264251708984,144.40396118164062,149.73872,297.1255
268.04264068603516,145.20628356933594,154.56517,295.2244
267.3445510864258,149.9970703125,152.21959,290.80182
264.9584045410156,151.98709106445312,154.01501,289.79974
264.2377624511719,157.4047393798828,153.81989,288.74966
263.252685546875,158.5259246826172,155.79938,290.6451
262.75372314453125,162.373291015625,155.82013,287.29108
263.1604766845703,164.91741943359375,155.06015,285.706
262.73973846435547,168.3261260986328,155.90468,285.00766
263.16686248779297,170.025390625,155.40974,283.19305
263.74530029296875,170.96734619140625,151.59381,279.75085
263.2314147949219,172.28219604492188,149.97876,279.31293
264.6123275756836,174.2626495361328,147.1642,278.18814
265.5503463745117,176.4815216064453,142.80379,274.87613
264.4998474121094,178.5394744873047,142.87708,265.60287
262.7629089355469,179.08273315429688,143.74176,266.88702
261.97894287109375,179.68577575683594,141.73657,261.34683
263.8010711669922,182.5672607421875,139.69186,262.91492
261.77661895751953,183.545654296875,138.93474,263.73175
266.0071105957031,187.26837158203125,132.66711,261.17297
263.2411804199219,189.844482421875,134.82556,259.55048
263.9978713989258,191.3277587890625,134.2213,256.29724
263.17942810058594,193.61279296875,135.34329,259.69995
265.3025207519531,195.11750030517578,140.32483,253.9575
265.14666748046875,195.41848754882812,133.54968,249.53009
266.48657989501953,196.0831527709961,131.91148,244.20705
264.60179901123047,197.23783111572266,134.79024,243.75078
265.59869384765625,197.22543334960938,134.22876,240.47626
266.09637451171875,196.47332763671875,137.25934,240.73047
264.4698181152344,197.02217864990234,142.02997,240.59853
266.4146728515625,197.1712417602539,144.0924,240.68803
265.7100372314453,196.36986541748047,148.68729,239.98824
266.9836883544922,195.64288330078125,145.79648,241.03302
267.1642150878906,196.84652709960938,148.62988,238.16364
265.94913482666016,198.93431091308594,151.56456,235.08493
269.67877197265625,199.67662048339844,146.94708,232.34103
268.9126739501953,202.02708435058594,147.16177,226.45273
278.01012420654297,204.53517150878906,134.10359,224.48782
272.24095916748047,207.12380981445312,139.38289,221.83722
279.36656951904297,210.48785400390625,131.47743,219.46576
274.8781967163086,212.85730743408203,137.83931,218.01079
277.69747161865234,216.17495727539062,135.62294,214.94702
278.6595230102539,217.9964828491211,136.03532,213.19606
279.4254684448242,220.86121368408203,136.04976,209.8029
283.06970977783203,222.8896255493164,133.28307,207.50066
284.45835876464844,224.97901916503906,131.83682,206.21304
284.9233932495117,224.26785278320312,130.71114,206.34991
285.36507415771484,224.20122528076172,131.20369,205.97523
287.35103607177734,223.98552703857422,130.60988,207.73683
287.60748291015625,222.82433319091797,129.35046,208.11317
286.2692108154297,219.7294692993164,130.93045,212.23186
289.4228286743164,213.6370849609375,128.78166,219.37976
291.5598030090332,210.34497833251953,126.38955,223.54918
291.68395233154297,204.87804412841797,127.27144,224.09602
292.9779243469238,200.38713836669922,125.87185,227.38722
291.7054443359375,197.2529754638672,129.01721,225.30893
289.20179748535156,194.96712493896484,132.30338,225.29927
288.86498260498047,192.2246856689453,134.02327,226.73502
285.2489013671875,188.1475372314453,139.14398,230.89035
283.6847839355469,186.95581817626953,140.33466,232.6411
283.38385009765625,184.95293426513672,141.11554,234.31245
281.5952377319336,182.8179473876953,143.49861,236.03738
282.62830352783203,182.07571411132812,141.58202,236.82812
283.9714889526367,180.75362396240234,140.6343,239.90334
286.6132125854492,182.52579498291016,138.21974,240.28282
281.46390533447266,183.76988983154297,143.322,239.35994
284.3805160522461,185.96170806884766,136.69923,238.50566
283.1531219482422,188.57633209228516,136.70847,236.25346
281.73754119873047,191.3123550415039,136.16664,233.72069
286.91795349121094,193.5516815185547,129.32639,233.5286
289.39595794677734,196.51122283935547,126.58876,227.78151
287.4484748840332,199.82655334472656,127.27108,223.42752
287.36186599731445,200.37566375732422,125.475,218.91982
289.2377166748047,203.66046905517578,122.2363,215.17876
289.1547203063965,202.1046142578125,120.70478,217.6767
290.2735061645508,202.91905212402344,118.930954,215.83255
289.8653144836426,202.66822814941406,119.590904,215.01236
291.4135932922363,201.1460189819336,116.71255,214.03108
290.6816749572754,199.91014099121094,116.88012,213.86996
289.4044303894043,199.76293182373047,117.43595,217.99373
293.36166763305664,199.87552642822266,111.4793,214.05968
288.8022804260254,198.14456939697266,116.85754,221.96184
292.7345428466797,197.4371566772461,113.16806,223.84041
291.6690330505371,196.5280532836914,113.699776,221.59807
294.8522415161133,197.10391998291016,110.9337,228.0731
293.1526222229004,194.53658294677734,114.32714,229.9181
293.29248428344727,191.2372055053711,114.039055,230.4828
294.8980293273926,190.78234100341797,111.922264,227.05757
295.6452827453613,187.6339340209961,110.333824,222.8224
292.73935317993164,183.9273681640625,114.74584,224.18207
295.02462005615234,181.7080307006836,111.82875,227.2162
295.0453758239746,180.75688934326172,113.68726,224.4098
294.3545265197754,178.82334899902344,114.27532,225.65207
293.4781913757324,177.76770782470703,114.15513,223.60387
293.2127876281738,175.76342010498047,113.37478,223.56215
294.1088104248047,175.30294799804688,112.091034,223.87915
292.60884857177734,174.02985382080078,112.422134,223.02452
295.65737533569336,174.77631378173828,109.129036,222.65721
292.3315734863281,174.2578125,113.04901,222.4032
294.1936378479004,177.66094970703125,110.6477,222.97247
294.6323356628418,178.9915008544922,109.95237,220.10709
296.2823600769043,182.00061798095703,109.74253,221.11406
293.97103118896484,185.1013946533203,111.96669,220.2305
297.68420028686523,188.1627960205078,109.5489,221.64194
297.8457221984863,190.93167877197266,110.0378,220.77959
299.7504653930664,192.00823211669922,108.08879,217.67201
300.9818572998047,192.9449691772461,106.824554,216.79475
301.6637992858887,193.09134674072266,105.98484,217.51482
302.4588050842285,190.2601318359375,105.16021,219.53925
299.8079376220703,188.0059814453125,108.66385,221.43152
298.38946533203125,184.16162872314453,110.92694,223.59496
298.18725967407227,179.5617218017578,112.032036,226.44125
294.6042900085449,175.43894958496094,117.45347,225.7341
293.2717514038086,171.18467712402344,119.897415,226.0427
290.80331802368164,165.46688079833984,123.524345,228.87935
287.28461837768555,158.99146270751953,127.631996,232.52892
283.42675018310547,150.27428436279297,133.2328,237.67946
279.1472396850586,142.19869995117188,138.34499,238.28741
274.1951675415039,134.6337432861328,144.55626,243.77792
269.2876892089844,129.3223419189453,152.1482,247.60342
262.6636962890625,123.19099426269531,163.55487,252.28702
259.31287384033203,122.93667602539062,172.79887,252.26343
258.55577850341797,119.03677368164062,178.65535,255.09723
254.11519622802734,115.70878601074219,186.65291,258.28714
251.3944320678711,112.70265197753906,191.6321,263.4091
246.62110137939453,109.09471130371094,198.1303,268.04153
245.76856994628906,104.90635681152344,202.2294,273.27652
245.0063018798828,103.26832580566406,203.34256,277.02884
244.31854248046875,100.28981018066406,203.1806,280.12064
244.63336944580078,94.91213989257812,203.16783,287.21936
244.11051177978516,94.7010498046875,201.46062,285.92255
244.41578674316406,90.9918212890625,200.65341,288.19037
243.30470275878906,86.95321655273438,200.1752,291.75146
241.78704071044922,86.24031066894531,201.16481,292.56198
237.43793487548828,82.89935302734375,201.098,294.58258
230.74115753173828,79.81124877929688,211.52892,298.9474
224.62738800048828,77.07525634765625,210.08476,299.97717
215.1876449584961,70.77597045898438,220.12257,301.51758
214.36814880371094,70.26113891601562,222.73544,300.07068
206.661865234375,67.0140380859375,226.66351,301.7896
218.7355728149414,68.267333984375,210.27464,298.90424
223.88225555419922,70.34431457519531,200.90175,293.84866
229.4200210571289,67.730224609375,192.32872,294.20734
245.35171508789062,64.33721923828125,172.21783,305.04187
254.38716888427734,64.68769836425781,155.66621,303.11215
275.1118469238281,67.89682006835938,130.44482,298.85254
279.3587837219238,64.7724609375,120.56429,303.935
278.2500190734863,66.08270263671875,115.17751,301.9286
284.87109375,66.67512512207031,102.911255,300.5906
291.34406661987305,67.79708862304688,94.17094,300.80554
295.70156478881836,68.34852600097656,87.17457,298.73874
293.607421875,67.12886047363281,85.507324,300.45212
292.53128814697266,66.09906005859375,78.09148,301.89203
295.9080505371094,65.54568481445312,81.17377,300.35504
288.1828155517578,62.210479736328125,101.278046,303.2542
284.8406867980957,59.42018127441406,112.10995,303.35452
291.0152587890625,59.05998229980469,111.30444,303.97702
286.031982421875,59.6697998046875,122.58118,305.5553
281.3049545288086,58.514923095703125,133.00795,307.01733
281.7967987060547,59.95477294921875,140.4473,307.02997
282.607666015625,61.7257080078125,143.27673,303.34393
283.6665496826172,63.22871398925781,146.68985,301.4777
279.44075775146484,66.70118713378906,154.70454,298.56308
271.6266098022461,68.73802185058594,166.18385,296.2128
271.52542877197266,69.15226745605469,169.74431,290.14444
267.70081329345703,67.56082153320312,179.81169,294.59314
262.8121871948242,68.76579284667969,186.89827,291.67422
268.4051208496094,71.41963195800781,185.32,288.09604
249.35720825195312,70.43968200683594,208.63757,289.79233
242.97258758544922,67.66307067871094,218.82399,289.67477
248.72321319580078,70.83572387695312,215.70384,286.7248
240.74231719970703,68.67457580566406,228.5172,289.9236
247.61427307128906,67.44186401367188,222.6246,289.0061
245.53044891357422,68.13934326171875,223.34413,285.6787
254.36865997314453,65.65396118164062,218.83482,287.3709
246.97801971435547,63.94041442871094,230.44264,287.94785
242.73541259765625,61.8118896484375,235.09277,288.7968
242.7849884033203,62.48095703125,233.88168,288.3913
237.3245849609375,58.431976318359375,241.4906,292.1151
243.47199249267578,56.68408203125,235.46312,291.3322
241.7608871459961,53.01509094238281,239.95747,294.0546
243.96658325195312,48.883331298828125,239.21124,295.8839
235.5323715209961,46.84196472167969,249.63338,296.34372
228.3357162475586,39.60673522949219,255.6667,302.93027
224.4582977294922,34.99717712402344,263.4462,306.33005
222.53457641601562,28.7987060546875,267.25336,308.43683
221.88194274902344,23.168655395507812,266.9092,310.52798
231.70330810546875,21.213729858398438,261.16687,313.82468
226.80160522460938,15.722732543945312,267.00275,316.10733
225.70753479003906,16.579177856445312,269.61057,316.42325
226.8383026123047,15.21270751953125,271.19754,319.36053
232.21751403808594,17.520858764648438,268.73343,318.5085
231.49496459960938,22.406005859375,271.19476,317.04974
230.50230407714844,27.283889770507812,274.1238,318.5286
245.5358428955078,39.85008239746094,261.05392,314.32895
227.7290802001953,44.305511474609375,278.5178,314.7174
234.35302734375,51.85939025878906,273.81445,315.28604
235.281005859375,56.875335693359375,272.33948,311.3557
239.57174682617188,60.36872863769531,269.16376,310.2294
233.95237731933594,60.47886657714844,277.69473,311.75974
233.61402893066406,57.63453674316406,274.9144,309.75552
232.5501708984375,53.3017578125,275.4037,312.78375
239.3094940185547,50.90669250488281,268.5198,309.44193
233.8533935546875,46.55824279785156,271.4298,308.44754
233.3343963623047,44.339813232421875,270.8688,309.36145
232.1173553466797,41.832550048828125,270.62222,309.65002
233.0650177001953,40.15867614746094,266.66672,311.29575
230.88055419921875,41.32420349121094,265.3026,310.03305
231.42721557617188,42.03758239746094,260.35406,312.3884
229.8543701171875,44.78556823730469,259.3131,312.2297
228.16409301757812,48.263031005859375,257.78473,310.662
227.99595642089844,50.762603759765625,254.21353,310.79993
226.7100601196289,55.38786315917969,250.74211,310.931
228.1316146850586,61.87702941894531,246.6761,307.73184
226.96514892578125,64.69949340820312,243.88745,307.24487
235.12383270263672,69.92964172363281,232.40053,304.93216
233.0277099609375,77.41337585449219,226.88513,299.38156
235.30217742919922,78.51881408691406,226.17006,300.85208
233.71206665039062,82.66802978515625,214.87238,297.9897
238.94263458251953,78.45272827148438,216.20287,300.3523
242.49884033203125,82.42971801757812,202.88562,294.64062
246.5833511352539,75.04954528808594,194.88841,298.7286
252.45198822021484,74.28904724121094,183.72682,295.9351
257.82955169677734,69.81149291992188,175.4363,298.7563
258.7500991821289,68.24856567382812,173.67455,300.21246
261.1223907470703,66.09649658203125,171.02225,299.14673
262.4868469238281,61.717376708984375,167.29657,301.5996
266.80440521240234,60.70429992675781,162.70479,303.20993
268.2707290649414,60.05802917480469,159.48619,303.72018
272.42064666748047,61.51116943359375,153.98512,301.90637
280.1424560546875,62.430511474609375,142.69391,302.26257
285.5727310180664,61.32182312011719,137.0178,305.7468
290.9272918701172,65.08088684082031,122.784454,304.89017
299.4420738220215,63.791473388671875,112.94434,308.37073
307.1500015258789,69.09906005859375,101.321884,306.30933
315.3306312561035,73.40719604492188,91.942986,305.24384
323.00201416015625,74.39106750488281,84.515076,307.7084
329.473331451416,75.43418884277344,78.18841,309.26505
333.613956451416,75.74617004394531,76.68456,309.4343
337.07250595092773,80.20657348632812,75.00727,303.29028
339.2860336303711,80.61860656738281,73.32857,305.07083
340.1121063232422,78.55375671386719,74.21915,305.48923
339.99361419677734,77.19102478027344,76.484634,306.84604
339.0794868469238,75.50474548339844,78.87093,307.431
337.15942764282227,69.91453552246094,86.742424,310.26248
336.20096588134766,62.561553955078125,101.08952,316.3534
337.49948501586914,66.77909851074219,113.90325,310.81894
333.46044921875,61.24937438964844,124.75574,314.03787
331.82718658447266,59.43121337890625,136.44347,313.2594
328.24109649658203,60.7154541015625,146.5454,309.16907
327.33201599121094,61.05665588378906,156.05252,308.9824
321.7732925415039,61.15464782714844,175.29887,307.1461
319.5043258666992,61.1656494140625,184.3625,304.91675
311.0717315673828,61.01654052734375,195.67502,306.11804
308.3351364135742,62.44976806640625,209.40804,305.92896
303.2953338623047,62.61180114746094,220.14914,307.13736
295.8348922729492,68.48677062988281,234.75874,299.67953
290.46038818359375,70.56538391113281,244.53705,300.70126
286.9303207397461,71.03276062011719,249.3683,303.2332
273.57102966308594,72.81739807128906,263.2269,301.69907
265.02442932128906,71.69422912597656,267.3903,301.97372
259.78179931640625,71.23780822753906,276.76532,298.3785
251.78176879882812,67.31605529785156,280.9115,300.5493
247.2578887939453,65.27294921875,287.4025,299.7953
242.05264282226562,65.45364379882812,291.55444,300.12762
232.62452697753906,60.87956237792969,294.68765,305.04532
232.6754608154297,61.33900451660156,291.32285,306.12424
225.83929443359375,57.64250183105469,293.9615,307.98306
225.59349060058594,55.113433837890625,286.9078,308.79462
223.6414337158203,55.6845703125,282.3831,303.10706
222.32815551757812,53.11534118652344,276.09766,311.22733
218.00494384765625,53.18275451660156,271.66156,309.96994
213.07896423339844,53.101776123046875,268.68393,311.49078
209.73086547851562,51.96014404296875,263.81323,314.5824
206.02781677246094,56.31341552734375,256.49338,313.9348
199.67610931396484,59.58689880371094,250.42787,309.44974
196.50414276123047,61.08514404296875,242.74715,307.07275
193.89745330810547,62.72175598144531,229.9869,306.88364
194.69552612304688,61.7620849609375,215.80676,307.01562
200.01368713378906,60.914398193359375,200.27957,308.12054
205.1454849243164,61.18827819824219,181.2689,305.07303
199.25603485107422,58.714447021484375,176.37178,308.80737
201.2411346435547,60.61726379394531,162.40408,302.5076
200.83607482910156,57.841766357421875,147.48166,304.86194
200.08380889892578,55.78202819824219,136.63896,306.8148
205.60166549682617,52.561248779296875,119.664894,312.41943
205.72463989257812,50.41636657714844,112.450134,312.332
210.12211990356445,49.43548583984375,102.678,311.32263
211.19409942626953,49.17164611816406,97.346054,315.1965
207.0735855102539,51.9586181640625,93.58635,318.162
196.7976188659668,52.774566650390625,96.43876,317.1399
191.9888038635254,54.572723388671875,91.75634,318.36163
183.20933532714844,53.936126708984375,94.346344,321.50775
178.4940185546875,57.621307373046875,91.43866,321.68292
175.34716415405273,59.28990173339844,95.3711,321.16525
177.11777877807617,59.913726806640625,96.689674,323.3922
176.77812957763672,59.35429382324219,103.61702,322.33298
177.60530853271484,57.53797912597656,107.64284,325.3995
177.40515899658203,59.861602783203125,114.31285,323.75037
175.20670700073242,61.24159240722656,124.19962,322.5804
174.0547103881836,60.08070373535156,134.18123,322.87906
171.28948211669922,58.35081481933594,141.16469,324.12497
167.14144134521484,60.99537658691406,149.22212,320.2753
164.70467376708984,52.54469299316406,157.89241,327.82474
163.9072036743164,52.55976867675781,167.70146,326.4244
163.4849090576172,58.32804870605469,172.85287,322.45547
163.55361938476562,51.67741394042969,178.36768,326.43228
161.56900787353516,53.29853820800781,189.44322,324.23538
165.11993408203125,49.34773254394531,195.30597,327.817
164.7618637084961,53.47654724121094,201.61037,323.56522
160.7305145263672,50.94061279296875,214.65756,327.18823
166.88755798339844,47.446380615234375,217.8569,330.49225
166.87398529052734,51.43122863769531,223.91872,327.3867
162.93412017822266,49.71612548828125,234.41783,329.4298
168.59070587158203,52.67665100097656,236.7592,325.95187
168.80001068115234,52.4163818359375,240.97548,325.2268
170.11554718017578,48.803802490234375,245.67717,328.99054
166.5851593017578,47.087066650390625,257.44547,331.08905
172.5904541015625,47.23338317871094,257.85297,328.7847
180.29690551757812,50.416778564453125,261.19092,325.54425
185.01905822753906,49.13032531738281,270.37222,324.04453
193.95755004882812,46.29840087890625,270.75403,327.54675
201.97476196289062,46.08692932128906,274.82544,327.86996
208.69100952148438,42.83555603027344,278.6349,333.5779
213.72711181640625,41.19841003417969,286.65497,336.29337
226.6978759765625,38.62445068359375,282.5064,330.60278
238.3645477294922,39.10301208496094,284.98764,326.1995
249.28880310058594,37.33692932128906,286.52414,329.8867
260.4815368652344,35.30857849121094,288.1349,332.29727
266.4541778564453,34.35423278808594,294.5015,334.34988
279.11415100097656,31.552749633789062,288.72147,339.55124
280.6087951660156,31.9510498046875,292.17822,341.05676
280.4854431152344,32.93986511230469,289.50464,335.93887
285.1701965332031,33.354705810546875,287.0669,338.51886
287.05345153808594,32.550018310546875,287.30136,341.12543
295.74871826171875,31.334091186523438,281.6402,342.92166
294.0045623779297,34.7088623046875,282.56686,338.13086
296.53343200683594,37.3826904296875,277.7302,337.05603
302.9049377441406,40.579132080078125,272.3601,333.69232
301.9166564941406,42.509368896484375,272.1134,332.74982
309.26853942871094,44.80339050292969,264.29538,329.87625
307.7661590576172,43.97355651855469,263.40793,331.00992
313.35235595703125,40.548065185546875,265.04498,333.96735
316.01165771484375,44.192901611328125,258.69513,328.3117
318.53932189941406,38.825592041015625,255.6962,336.6817
323.25772857666016,40.7579345703125,248.96214,334.70007
325.6059341430664,41.27922058105469,249.744,333.4683
330.30139923095703,43.80796813964844,243.71733,332.0773
333.96155548095703,38.23567199707031,237.08293,336.80405
334.7184371948242,37.28704833984375,229.79732,338.27234
336.5018615722656,40.81842041015625,221.77808,333.82214
337.28627014160156,36.43919372558594,218.04874,339.26822
344.0475082397461,32.41868591308594,208.02968,342.88785
342.8126220703125,34.50270080566406,206.91168,341.18063
340.4560012817383,36.86537170410156,202.42168,337.86716
329.0745086669922,33.06153869628906,200.21542,338.94003
318.5530548095703,32.614837646484375,195.24918,343.84955
309.24446868896484,35.18992614746094,188.5547,338.23587
301.54813385009766,33.01863098144531,182.4243,342.14108
294.9286651611328,31.879852294921875,175.58755,343.2829
286.19412994384766,31.250030517578125,170.6173,341.41302
278.5000457763672,31.172744750976562,166.67227,339.7562
269.42264556884766,31.993545532226562,158.33025,340.8956
259.61022186279297,32.192352294921875,151.52657,338.78522
248.5664291381836,31.631362915039062,151.46724,337.61136
241.1734619140625,28.5738525390625,158.55286,339.71997
233.82293701171875,32.26837158203125,166.2016,335.57367
229.74079132080078,31.819091796875,167.89018,333.75928
223.62837982177734,33.68461608886719,173.39406,333.74924
218.03459930419922,32.8170166015625,175.26784,334.1797
214.00133514404297,32.87513732910156,172.30373,334.8088
211.27464294433594,33.946563720703125,171.22934,334.37323
209.17070770263672,36.26263427734375,163.93977,334.0326
205.13101196289062,40.904541015625,166.26794,334.7467
201.59052276611328,42.19844055175781,153.03581,335.75174
196.09207153320312,45.665191650390625,151.11725,337.41638
187.44580078125,48.62646484375,148.92682,340.13397
177.46849822998047,52.762298583984375,145.77992,339.19385
168.70034790039062,52.978363037109375,145.20837,340.86053
155.98467254638672,56.13911437988281,150.05629,339.6705
146.2975311279297,56.06829833984375,148.49155,342.04712
131.7262420654297,55.4700927734375,148.16629,345.839
118.33952331542969,57.34626770019531,152.89975,342.05112
104.49563598632812,56.47673034667969,157.9212,344.45993
96.72288513183594,52.22218322753906,156.0989,351.95743
83.33661651611328,49.88182067871094,161.23479,352.33688
78.93251037597656,48.554718017578125,163.13693,354.39
66.90089416503906,46.11798095703125,175.02219,355.63776
59.465782165527344,43.99284362792969,185.2209,359.23984
50.618011474609375,38.18115234375,193.75568,363.71027
55.131202697753906,34.47743225097656,190.39995,366.36404
69.90542602539062,39.69175720214844,190.32172,362.65097
77.8868408203125,35.51533508300781,186.34094,364.92618
82.20597076416016,38.227783203125,189.8958,366.52606
79.59053802490234,40.892974853515625,198.59505,360.72217
79.80281829833984,40.336334228515625,208.58675,361.22998
80.04782104492188,42.05450439453125,208.41193,361.2326
79.81185913085938,47.41728210449219,214.10797,354.6566
80.07398986816406,48.13026428222656,221.09653,357.355
78.6182632446289,55.33067321777344,225.59465,349.4006
84.6002197265625,56.27259826660156,224.60791,350.23624
86.20458984375,50.30992126464844,227.52148,356.26938
91.90789794921875,53.541778564453125,226.29297,346.89233
93.28620910644531,49.00825500488281,229.8707,351.9501
95.02091217041016,53.30296325683594,231.83684,344.02084
99.2601318359375,51.2255859375,229.87817,343.4887
105.17107391357422,47.22703552246094,227.45473,345.54
104.78948211669922,47.844146728515625,230.06227,343.71057
110.66537475585938,49.92692565917969,225.60675,337.62473
114.3403549194336,44.75654602050781,225.08736,344.6791
117.08442687988281,43.476531982421875,223.30759,341.61633
116.19825744628906,48.81501770019531,223.24753,336.26004
118.80782318115234,46.27613830566406,225.49947,339.00418
120.7086181640625,40.7991943359375,224.78723,337.0401
121.7801742553711,48.15342712402344,224.24031,325.90146
127.8592758178711,47.342681884765625,222.75203,327.44324
128.0024871826172,48.010528564453125,224.35428,323.8993
132.298583984375,50.11705017089844,224.21167,322.91098
137.0513153076172,50.03419494628906,227.52274,323.89322
140.61888885498047,50.77104187011719,228.84413,323.35373
143.86685180664062,53.98382568359375,226.79327,322.4062
148.85491943359375,55.118988037109375,232.04285,321.938
152.4871826171875,53.104248046875,231.3396,324.99908
156.55013275146484,53.763763427734375,232.80879,322.18738
166.29428100585938,54.87237548828125,228.57135,321.10004
173.20235443115234,57.97627258300781,225.89388,318.17203
185.39945220947266,51.240936279296875,215.1215,322.8777
187.84186553955078,52.28739929199219,214.46947,323.91696
198.46475219726562,58.88951110839844,200.38727,319.35703
205.50585174560547,53.25617980957031,190.94606,330.28897
210.2307891845703,49.20404052734375,181.05527,334.711
213.4238052368164,50.38615417480469,171.15227,330.61923
219.3694076538086,50.71343994140625,161.91646,330.6255
225.70404815673828,51.207427978515625,154.37035,330.2249
233.99481201171875,48.98304748535156,147.71484,332.4841
241.40778350830078,51.303314208984375,139.65288,331.6095
247.4296417236328,52.38165283203125,135.75894,331.21844
256.98062896728516,49.722442626953125,129.87334,331.3341
262.3178520202637,47.203399658203125,123.58561,333.84766
265.35914611816406,46.375518798828125,120.96365,334.90833
270.9428405761719,45.47444152832031,117.94214,334.99667
274.2324333190918,43.23564147949219,117.18473,335.13815
276.5947799682617,41.94261169433594,113.16884,335.02756
276.0695686340332,41.68312072753906,117.09884,331.28818
280.8221015930176,42.10479736328125,113.720726,329.97308
278.70639419555664,40.25001525878906,115.295525,330.61893
276.8389778137207,40.777069091796875,118.28628,328.84467
280.27291107177734,42.45458984375,116.09828,328.48517
284.2521057128906,42.40538024902344,110.82239,328.9221
286.8871879577637,40.898101806640625,108.66715,332.0907
289.9543914794922,40.03509521484375,108.131195,333.4234
291.1208801269531,43.49639892578125,105.487366,327.9604
290.24958419799805,43.28759765625,108.23637,323.75055
293.5879096984863,44.60316467285156,106.85134,322.36685
292.6777458190918,43.66899108886719,107.591774,325.39853
293.2848815917969,43.411468505859375,111.41901,323.8125
293.1716651916504,41.89082336425781,112.22045,323.73862
289.6160202026367,40.407562255859375,119.53316,325.64227
290.06738662719727,41.114593505859375,123.69286,325.0608
289.91380310058594,40.049041748046875,123.925995,329.8916
288.17388916015625,41.205963134765625,127.02661,331.20154
287.3470764160156,39.513946533203125,124.591125,331.35345
290.3741569519043,42.14659118652344,119.235634,332.65585
292.69173431396484,41.588104248046875,109.55727,330.10046
286.6039619445801,43.24560546875,122.28768,331.0492
275.35716247558594,43.85044860839844,127.76718,331.94308
266.35670471191406,41.80317687988281,138.7474,332.33127
264.7309112548828,42.911895751953125,145.18356,333.8075
261.1857452392578,45.30320739746094,140.11722,332.7675
266.11961364746094,44.38404846191406,143.01523,332.37943
275.78926849365234,47.602142333984375,133.053,329.9107
285.67374420166016,46.68119812011719,123.92662,328.97592
288.46298599243164,46.045684814453125,116.84875,331.61072
297.43254470825195,49.06489562988281,106.998924,330.07455
300.20069885253906,48.00892639160156,151.58047,329.75485
304.76153564453125,47.97798156738281,154.42865,330.07028
297.317626953125,41.848388671875,188.94336,335.54565
298.3887176513672,41.467315673828125,189.31485,338.6501
288.98123931884766,41.84037780761719,208.74748,333.62357
289.7293243408203,42.4005126953125,192.54892,332.65088
282.7859802246094,41.13716125488281,196.45782,332.12753
276.236572265625,42.056854248046875,197.24243,333.544
269.86863708496094,44.22418212890625,206.12723,325.58984
264.29100036621094,44.12648010253906,208.87308,325.62473
228.23191833496094,43.2313232421875,240.42813,329.68555
208.9494171142578,42.973968505859375,260.545,329.94025
188.7135009765625,45.93260192871094,267.4956,328.329
166.57473754882812,47.8717041015625,270.04108,330.44873
153.97483825683594,50.018402099609375,250.94278,327.42523
147.18898010253906,50.953887939453125,230.27902,330.5711
149.90137481689453,52.50506591796875,215.88121,329.9619
163.22996520996094,53.12480163574219,193.43668,328.0336
190.82567596435547,56.09718322753906,162.59486,325.85434
208.9560546875,54.9132080078125,129.53906,318.80914
189.10828399658203,51.31980895996094,141.71135,328.3926
184.63954162597656,58.35340881347656,137.72171,318.56924
180.56886291503906,52.99018859863281,140.41275,324.90622
186.2008934020996,57.898895263671875,127.804634,322.13055
177.3829116821289,55.03681945800781,129.51506,323.6155
172.77703857421875,57.90721130371094,120.03833,322.4141
166.57840728759766,57.49684143066406,120.61864,323.96384
157.44096755981445,58.84837341308594,122.23391,322.82602
150.73441696166992,61.69036865234375,126.78556,320.3902
142.4061508178711,63.601226806640625,130.99037,319.93066
142.45275115966797,65.38372802734375,122.87489,317.18274
156.66677856445312,66.44987487792969,120.56183,326.65054
161.702880859375,65.54397583007812,143.12146,331.57086
168.2452392578125,61.58172607421875,161.22937,337.34375
140.37371826171875,62.685333251953125,204.03888,330.2597
123.11189270019531,61.97151184082031,226.9086,323.6064
104.50747680664062,60.06629943847656,240.98755,326.93784
87.14817810058594,60.3643798828125,255.70004,321.83704
77.79981994628906,58.359039306640625,259.4955,324.44183
81.45361328125,59.63056945800781,257.8476,325.16647
86.61199188232422,55.691009521484375,231.39888,326.1391
90.2057113647461,54.3502197265625,217.2389,323.1648
96.59783935546875,53.48530578613281,217.27606,319.09604
105.73673248291016,51.71246337890625,210.96873,320.3932
107.6234359741211,50.522064208984375,224.06288,327.16864
109.82052612304688,52.12031555175781,222.67981,326.02158
110.19139862060547,51.21232604980469,214.06038,328.0259
112.71456146240234,51.31184387207031,223.62892,332.5488
122.8926773071289,47.33537292480469,211.25499,341.05423
136.5757598876953,47.13587951660156,198.14944,344.03232
168.40645599365234,45.11248779296875,161.99489,344.8225
195.73316192626953,42.31687927246094,139.7498,351.4457
212.3310089111328,41.485504150390625,129.63156,354.9143
224.0995101928711,39.8294677734375,144.32338,359.0324
235.9792022705078,36.64210510253906,164.39334,361.3983
251.83704376220703,31.573440551757812,167.48503,368.77756
267.28983306884766,34.276458740234375,165.29747,370.38287
273.4559555053711,29.046310424804688,161.05153,375.57315
280.36376953125,24.877609252929688,159.02228,374.86588
287.8685073852539,23.706268310546875,149.3231,373.62616
292.1879577636719,19.259674072265625,139.78564,376.58295
291.52177810668945,18.512939453125,126.91451,375.40558
293.722900390625,21.107345581054688,120.48285,374.29935
295.05023193359375,19.491058349609375,130.04169,374.36133
291.6962127685547,22.510543823242188,141.56046,373.21133
304.4923324584961,20.935089111328125,147.75789,378.26752
295.8830108642578,16.940719604492188,157.61581,378.9987
295.52796936035156,19.549728393554688,139.9974,379.24954
301.91429901123047,19.382400512695312,148.8036,384.11752
306.06028747558594,21.321609497070312,158.93167,383.5853
307.96649169921875,19.193572998046875,157.84778,390.7768
311.46644592285156,22.39300537109375,162.0438,390.385
315.02825927734375,21.42547607421875,172.21729,391.9917
317.9623718261719,19.287734985351562,206.38788,394.8137
312.5097885131836,18.363510131835938,235.78401,392.8323
311.46192169189453,18.023773193359375,245.16478,388.8239
329.3104019165039,18.13006591796875,227.10454,386.90735
330.6360626220703,17.40679931640625,233.1373,386.60193
328.00196075439453,17.347381591796875,224.24986,385.83685
319.8540344238281,13.079757690429688,209.70856,388.3517
329.5189514160156,9.585159301757812,171.46173,396.9636
318.0340042114258,10.181533813476562,152.29137,388.7109
314.3324279785156,9.601791381835938,132.65985,394.5402
281.10509490966797,11.087875366210938,165.3528,395.79056
257.88401794433594,7.283203125,186.73355,393.13953
232.35538482666016,4.8564300537109375,209.12334,399.2261
215.8008804321289,10.179244995117188,224.19377,396.31107
193.98379516601562,11.099609375,245.30902,391.8275
187.45278930664062,11.803497314453125,255.23676,388.92828
183.05030822753906,12.498077392578125,262.08676,386.2575
170.1680450439453,11.31207275390625,277.62033,381.7036
176.08224487304688,8.776138305664062,270.96625,383.25656
174.83798217773438,8.793960571289062,286.19037,387.0969
169.35594177246094,11.9420166015625,315.68094,386.3822
172.84310913085938,11.36358642578125,309.33502,388.7599
178.28121948242188,13.151031494140625,305.2735,388.67877
182.64523315429688,14.309921264648438,290.2221,389.90286
188.95755004882812,16.665924072265625,273.77386,390.6806
194.6859130859375,10.937881469726562,241.32642,396.54062
186.24376678466797,9.83184814453125,230.03175,404.08252
182.32078552246094,10.834808349609375,219.29459,405.0761
174.2717056274414,12.06488037109375,185.13445,404.6997
165.87997436523438,14.828277587890625,151.6402,404.8188
162.65206146240234,14.282394409179688,138.352,407.7908
168.6060676574707,10.864990234375,121.71938,414.9209
164.29172897338867,8.535995483398438,119.3057,420.47305
155.49740982055664,8.289581298828125,118.6928,420.13544
145.26083374023438,7.851165771484375,132.013,424.90485
133.34009552001953,7.3281097412109375,138.31407,427.61893
114.96812438964844,8.924209594726562,158.49588,426.94772
97.85169982910156,5.7336273193359375,175.29086,424.47098
82.25664520263672,2.735137939453125,189.73476,425.87457
68.44766998291016,3.2251129150390625,199.91594,424.81845
58.709259033203125,2.2219085693359375,204.63922,423.2017
47.205787658691406,-0.7031707763671875,210.03716,433.58786
31.025657653808594,2.2837677001953125,223.06465,432.02206
20.229080200195312,0.404083251953125,223.23398,437.09906
7.0921173095703125,1.7298431396484375,224.85641,436.61172
-0.34716796875,2.226318359375,219.59045,439.10217
0.3017730712890625,4.7478485107421875,203.51144,440.87918
0.919952392578125,2.9442596435546875,190.74603,446.5706
-1.1137237548828125,6.955963134765625,179.9479,442.32562
-4.164360046386719,4.350311279296875,174.09154,443.32892
-5.8157958984375,3.8916168212890625,166.29016,450.47433
-7.613151550292969,0.9361724853515625,161.26451,453.8154
-2.449249267578125,0.817413330078125,152.49567,451.58844
-4.75030517578125,-0.0552520751953125,164.26123,456.29495
-4.693168640136719,3.1230316162109375,188.0095,450.9611
-5.752342224121094,6.490966796875,201.61394,449.59717
-11.3526611328125,2.4255218505859375,217.03784,459.38834
-9.165046691894531,-0.397918701171875,221.04396,471.8073
-11.084831237792969,-0.3878631591796875,229.9713,474.47214
-9.990066528320312,-0.305419921875,245.23856,475.79773
-0.9284820556640625,-1.1212005615234375,250.27737,473.39743
16.5958251953125,-3.461944580078125,236.10754,475.19293
37.45939636230469,-1.544189453125,231.03372,474.77502
54.06993865966797,0.874176025390625,219.27809,476.93768
65.53504180908203,1.2341156005859375,216.90953,477.5253
77.14469146728516,2.101470947265625,213.778,475.35785
86.10372161865234,-1.32879638671875,214.46492,480
92.16468048095703,-2.0057373046875,221.15916,480
100.4640884399414,0.3123321533203125,229.86577,473.87546
115.91691589355469,-2.5053863525390625,235.20279,475.56558
130.60028076171875,3.5462646484375,235.44666,468.5431
144.17261505126953,-0.181884765625,235.17601,471.2179
154.46762084960938,-4.90106201171875,231.2403,474.10388
157.6239471435547,-3.454559326171875,245.41507,472.8028
179.95816802978516,-1.4321441650390625,226.10258,472.8063
197.91184997558594,-1.849029541015625,222.23587,477.05804
196.64044952392578,-1.0338287353515625,249.06993,476.29092
214.48126220703125,6.33538818359375,230.91919,465.95996
224.92940521240234,1.7161712646484375,251.31831,468.60562
236.46817016601562,3.957489013671875,251.3825,464.95258
259.88452911376953,5.27252197265625,236.49388,466.03735
277.98314666748047,5.6509857177734375,226.57948,465.81924
296.7937545776367,5.66546630859375,221.48036,467.49646
314.52398681640625,10.142379760742188,214.33948,467.158
335.53116607666016,8.128250122070312,210.52495,472.6478
354.53868865966797,7.3384246826171875,202.54921,468.13174
375.4406433105469,9.004913330078125,190.78937,467.95636
395.6780471801758,10.444778442382812,184.14854,463.35263
411.7418746948242,8.51055908203125,176.11989,466.9724
422.91951751708984,7.797607421875,180.64424,473.34192
420.0830535888672,7.3865966796875,196.28958,468.90393
423.3997268676758,16.060577392578125,195.71361,459.7934
431.93511962890625,11.114913940429688,198.2771,464.9783
448.03453826904297,14.629119873046875,186.22926,461.4848
434.6690139770508,6.5985565185546875,197.03795,474.2017
430.2978515625,4.18243408203125,210.28906,471.7942
438.083984375,5.6495361328125,199.51721,470.8573
433.35584259033203,5.3735809326171875,208.55675,471.2521
433.36114501953125,4.514556884765625,211.979,472.07123
440.30347442626953,5.6667633056640625,201.25706,474.30197
437.14034271240234,4.380645751953125,206.71773,475.7271
437.7089385986328,8.141204833984375,207.70236,474.17133
438.77620697021484,17.79754638671875,208.15608,457.96362
434.6018981933594,32.115570068359375,211.69354,447.27887
437.1614303588867,46.1134033203125,209.73659,432.34912
432.04730224609375,57.565765380859375,216.18665,422.02667
430.28392791748047,53.8336181640625,213.02211,423.06165
422.2465362548828,60.13664245605469,222.22311,414.68558
411.8124008178711,62.2647705078125,235.0118,414.5343
399.23892974853516,92.09477233886719,245.87566,383.65323
383.73435974121094,108.58163452148438,260.21426,367.38458
371.0834503173828,110.65585327148438,273.2236,366.45087
361.4364318847656,123.77420043945312,283.2885,350.8786
342.2855529785156,123.88980102539062,301.81415,355.55182
323.00518798828125,125.12803649902344,319.95605,357.1779
306.3652801513672,135.29534912109375,330.1337,341.76062
292.3650817871094,137.36451721191406,328.12994,341.51413
279.49903869628906,140.53750610351562,331.51022,338.35162
269.11285400390625,138.55213928222656,332.44666,340.65854
261.9868927001953,140.03067016601562,331.1229,337.9317
254.89385986328125,143.1838836669922,323.98438,334.8483
251.62623596191406,142.86831665039062,317.19077,332.42303
253.4629669189453,141.58843994140625,306.4045,335.4702
253.30345153808594,138.8650360107422,291.18875,336.43887
258.4747619628906,139.2417755126953,276.72394,335.53354
259.4223937988281,139.35960388183594,259.52142,333.1392
260.21766662597656,142.87721252441406,246.16342,332.42673
262.6000289916992,141.18057250976562,227.97475,333.7049
271.1852111816406,144.716064453125,211.48627,330.1411
265.3482666015625,143.6461639404297,209.10828,332.11636
247.5448455810547,143.9319305419922,218.2941,329.7023
238.35330200195312,146.74249267578125,218.52924,329.40698
226.64599609375,151.9952850341797,221.05957,328.0486
219.2029800415039,154.89883422851562,223.1198,318.404
213.55158233642578,151.19271850585938,220.65135,322.7486
202.98140716552734,154.529052734375,223.64131,323.65088
192.12002563476562,151.57586669921875,222.6961,322.73193
191.9390106201172,155.61314392089844,227.44058,322.12637
203.2916259765625,154.1697998046875,227.97461,322.0747
207.19703674316406,152.15591430664062,228.19736,322.0019
210.40834045410156,152.30807495117188,229.1572,324.13092
206.75261688232422,151.22364807128906,237.72145,322.431
202.9233169555664,149.8317108154297,245.12138,322.82242
202.18675231933594,149.4633026123047,256.5092,325.73587
198.4327850341797,148.0167694091797,278.7753,331.21097
203.18795776367188,148.38031005859375,293.18268,331.38733
199.20904541015625,149.50477600097656,320.7036,322.3983
196.2074432373047,151.21827697753906,329.56583,323.23947
187.16944885253906,152.75033569335938,346.03012,320.6535
194.67127990722656,148.36407470703125,339.50192,324.41516
189.10153198242188,149.4559783935547,339.02765,325.5226
194.16644287109375,147.56101989746094,335.4956,321.07645
187.92066955566406,147.62588500976562,340.53598,321.39545
204.72959899902344,151.67202758789062,321.4888,313.57416
174.432373046875,143.16342163085938,358.8629,333.8011
192.50259399414062,145.4824676513672,351.07025,322.44864
204.45401000976562,147.25770568847656,349.34576,324.6069
213.51084899902344,141.73236083984375,344.59842,332.86035
223.49545288085938,145.5339813232422,333.15985,334.7006
237.42910766601562,141.2422637939453,323.64056,334.3812
252.0753936767578,143.3642120361328,312.48972,334.1832
260.7331085205078,140.81094360351562,315.78806,339.46332
277.1281433105469,138.5169677734375,324.62958,339.04065
304.3283386230469,133.45999145507812,319.75482,341.60114
315.16925048828125,130.989990234375,332.46265,342.64478
328.3539581298828,129.15835571289062,315.2004,346.54108
339.3078155517578,121.61996459960938,303.4797,353.46185
349.33636474609375,111.76815795898438,294.13513,361.24518
363.8809814453125,109.40647888183594,279.20764,364.99588
395.5213928222656,96.85728454589844,245.95392,384.19534
395.7632522583008,83.71653747558594,247.1975,395.0004
425.87249755859375,73.43659973144531,215.22485,404.9487
432.5264129638672,65.24311828613281,211.9899,408.96298
395.86993408203125,52.010101318359375,252.40039,422.38422
401.49134063720703,44.05516052246094,234.01476,427.7277
400.2268371582031,41.66349792480469,238.27692,429.8505
415.2285842895508,29.458328247070312,191.83641,442.07053
393.3217544555664,13.31842041015625,252.15007,461.3318
408.61084747314453,16.412261962890625,217.73668,461.91608
401.44837951660156,8.215484619140625,237.20859,469.57635
394.91394805908203,8.27203369140625,241.60802,467.68005
405.4266128540039,5.34552001953125,235.27983,471.26965
425.32623291015625,5.15606689453125,216.50635,474.42688
412.9983673095703,4.6254425048828125,235.03964,469.67355
396.9942932128906,4.407440185546875,251.4577,472.21942
412.6670608520508,3.8648681640625,235.55809,472.1006
390.9503173828125,5.5780181884765625,256.00635,466.03354
370.33338928222656,4.1268768310546875,277.7617,470.3826
384.6259307861328,2.12860107421875,256.9802,471.17688
347.8328552246094,-1.2491455078125,295.52692,475.9375
337.08367919921875,6.30682373046875,305.14685,465.7517
341.7952880859375,0.7133026123046875,299.33154,470.14493
351.2140197753906,7.102294921875,292.5113,461.04102
300.9912872314453,-0.6599578857421875,337.5964,468.35263
301.9796447753906,1.873809814453125,343.0987,462.77594
268.14776611328125,-2.2703704833984375,371.35266,470.12045
284.26727294921875,2.826446533203125,356.3307,470.9743
277.02000427246094,-1.1352996826171875,364.45682,469.47202
268.3829040527344,-3.119384765625,376.294,473.76685
254.59268188476562,0.5919189453125,382.6867,469.59668
274.64202880859375,1.870849609375,352.5227,469.83374
267.10528564453125,-0.698028564453125,363.6161,472.52338
280.17529296875,-2.926055908203125,330.55542,470.8012
240.89453125,1.3484344482421875,343.9369,457.18802
249.8985595703125,-3.3393402099609375,315.58386,465.20114
244.95779418945312,-3.36663818359375,334.28876,461.67566
201.37930297851562,-0.6373138427734375,343.21674,459.86813
204.13465881347656,-2.2592010498046875,315.31064,461.9465
190.49496459960938,-1.45697021484375,307.72406,460.11658
177.81930541992188,3.883026123046875,303.40448,459.46063
160.52069091796875,2.5344390869140625,303.187,458.55515
139.08697509765625,2.4417266845703125,303.33545,460.2269
108.96369934082031,4.2425384521484375,313.22116,458.94925
109.6541748046875,2.710296630859375,285.8767,459.30316
91.80485534667969,-1.4973297119140625,289.01016,460.8035
82.38601684570312,3.321258544921875,281.56818,460.68988
71.43397521972656,-0.321044921875,277.96445,461.96667
56.65362548828125,-2.39691162109375,282.33496,463.4348
59.715606689453125,3.3348388671875,262.03485,455.84778
54.015625,-3.5397186279296875,253.50415,465.05112
46.61572265625,-5.0335845947265625,239.64954,472.9036
41.26115417480469,-3.480010986328125,230.79385,468.41962
43.70843505859375,-0.147674560546875,208.41565,469.06183
45.29534912109375,2.0238189697265625,191.3352,460.7197
44.97838592529297,0.785797119140625,174.76064,471.1844
33.20283508300781,1.053802490234375,173.19955,469.3742
12.868972778320312,2.6759796142578125,180.92294,468.58517
1.26507568359375,2.0127716064453125,179.55054,472.10556
-8.252021789550781,2.836395263671875,174.94142,472.56403
-13.069892883300781,6.759185791015625,167.89552,472.6081
-2.8556976318359375,7.4576873779296875,148.21481,469.84793
-6.412109375,10.960586547851562,141.87952,469.15964
-3.5262184143066406,9.253433227539062,123.5113,474.78305
0.05266571044921875,9.952880859375,117.714005,475.75232
-0.788848876953125,13.577468872070312,123.275085,473.14902
20.957035064697266,18.88232421875,105.68969,465.6587
27.98660659790039,12.2249755859375,106.02471,471.2921
33.54618835449219,17.786026000976562,109.47891,463.94052
46.41176223754883,12.332275390625,107.43783,468.72668
68.43844604492188,11.889602661132812,107.433655,470.0654
70.6620101928711,14.223861694335938,115.04646,456.95084
47.65174102783203,7.6934814453125,139.43883,456.37488
49.541290283203125,9.36962890625,147.9881,454.74475
34.56355285644531,7.5355987548828125,154.10788,451.1804
48.19718933105469,4.5556793212890625,153.72757,446.55405
19.16094207763672,5.15728759765625,190.77321,444.57776
1.6190719604492188,4.3768768310546875,208.59132,450.9722
-2.6211013793945312,1.9919586181640625,210.65395,453.29453
-6.6138763427734375,-0.949310302734375,225.56223,451.71747
4.55096435546875,0.4543609619140625,217.63342,447.7512
-2.459869384765625,0.3512115478515625,228.82416,444.36362
23.367691040039062,2.763885498046875,210.3984,437.1104
43.88777160644531,-0.8088226318359375,197.74094,442.2739
-1.5338821411132812,-3.1873626708984375,244.76125,445.8171
8.660377502441406,-2.4445343017578125,236.07439,437.949
0.7862091064453125,1.563751220703125,258.2667,434.94427
2.2154541015625,1.313629150390625,264.77112,430.5047
19.658843994140625,3.0276641845703125,259.73883,433.94418
28.97254180908203,1.8046417236328125,248.15709,433.17807
47.86137390136719,3.06298828125,239.9943,434.49548
68.13511657714844,5.9069366455078125,222.5004,432.39548
79.8174057006836,2.5573883056640625,213.03279,441.4149
89.99050903320312,1.71356201171875,210.33893,438.7456
94.93501281738281,2.067352294921875,213.05331,434.69464
103.27205657958984,5.3259735107421875,209.7928,428.9103
110.70433044433594,4.6181182861328125,207.58096,425.04453
117.23151397705078,5.1483306884765625,204.26537,424.09518
136.95628356933594,7.6028900146484375,185.86514,418.46817
153.06561279296875,7.8857421875,171.79602,416.9347
163.3395004272461,8.121307373046875,157.72273,411.44794
155.7168426513672,5.7256622314453125,172.84134,409.452
175.46591186523438,8.094100952148438,159.02557,405.85306
175.89154052734375,6.6469879150390625,160.72437,409.60153
182.01394653320312,3.2081298828125,160.74554,413.1278
190.20087432861328,8.139694213867188,157.18236,409.69937
197.20713806152344,7.460968017578125,152.1641,415.37457
198.87890625,5.8511962890625,152.92407,421.00732
206.94103240966797,10.63140869140625,152.98793,421.32483
209.86441040039062,10.566329956054688,153.51605,424.67056
217.75840759277344,16.906417846679688,149.32608,422.78018
231.01497650146484,21.197219848632812,141.39693,420.28476
230.8683853149414,27.031600952148438,143.83012,413.11148
242.5511474609375,26.197341918945312,136.69446,412.80734
245.87866973876953,24.684402465820312,140.90013,408.60873
255.81627655029297,29.557205200195312,142.21889,399.9863
261.43316650390625,23.21405029296875,141.84546,403.75415
263.74121856689453,26.894195556640625,140.72105,392.602
265.6658477783203,20.943252563476562,131.10165,397.32687
263.5930824279785,22.6771240234375,126.05895,387.98108
262.64248275756836,17.704147338867188,126.90266,385.52682
263.4329261779785,17.184768676757812,125.95489,387.2366
265.46165466308594,13.26995849609375,124.62088,384.12152
262.0831108093262,13.4305419921875,126.94077,383.07825
262.5106887817383,13.873779296875,124.78563,384.13116
262.88721084594727,10.073760986328125,125.176994,389.4737
256.8705368041992,16.264541625976562,131.17928,388.50156
252.91870880126953,20.081024169921875,132.78117,383.65326
254.99701690673828,17.539871215820312,129.9384,389.75974
252.26011657714844,25.269683837890625,134.57932,387.09735
250.61872100830078,23.762481689453125,133.15373,390.9842
250.91614532470703,24.333038330078125,131.03935,392.56964
242.28700256347656,27.147857666015625,137.4943,387.77887
249.30509567260742,25.122802734375,123.90147,392.28992
239.8430404663086,25.939727783203125,130.20308,394.53485
251.64189910888672,28.574462890625,117.24501,391.5343
223.9921112060547,24.198135375976562,138.6423,393.22873
221.57495880126953,22.260971069335938,124.36589,394.4849
199.36737060546875,19.249954223632812,129.83698,393.33878
189.05016326904297,17.282211303710938,123.75722,393.00803
179.33417129516602,17.430862426757812,117.52917,391.23825
175.87962341308594,14.69696044921875,106.76541,390.11462
158.47246932983398,17.399200439453125,108.1634,386.9239
152.12164306640625,19.13330078125,102.07599,389.4463
135.72045135498047,21.050384521484375,107.65578,385.00934
129.44185638427734,20.43817138671875,98.3412,388.88904
107.0169906616211,22.670135498046875,109.96272,383.85858
100.0217056274414,22.995651245117188,108.675766,379.69888
82.60729217529297,23.383163452148438,117.56447,379.46957
68.71697616577148,24.033370971679688,124.22889,383.2383
55.01359558105469,20.08551025390625,129.77335,390.6452
35.665016174316406,23.77294921875,141.89409,392.41083
14.522796630859375,19.905838012695312,166.45575,395.83743
2.796173095703125,11.7177734375,165.18158,415.34137
-4.310981750488281,14.221450805664062,159.43459,417.65384
-7.098358154296875,9.97943115234375,150.40363,421.61493
1.2943649291992188,12.156265258789062,127.95473,410.16507
6.01580810546875,18.5673828125,111.06201,404.03607
6.005344390869141,32.29039001464844,94.704765,398.82077
0.7473487854003906,35.50932312011719,80.022026,392.26816
-2.2574424743652344,41.6563720703125,73.513176,389.17908
-4.7403106689453125,42.46766662597656,66.396576,393.11716
-4.640600204467773,26.927749633789062,60.878613,409.63828
-2.5245437622070312,39.08113098144531,54.3033,438.6229
-4.788305282592773,33.39625549316406,57.686047,444.7465
5.796825408935547,31.686874389648438,80.0911,448.05582
1.2833404541015625,30.416656494140625,93.81619,449.9251
3.1992263793945312,19.170120239257812,88.625656,465.5588
3.0819358825683594,22.461257934570312,102.03846,461.70993
3.434062957763672,28.415496826171875,110.31724,453.5677
5.669822692871094,36.41252136230469,102.40126,449.13065
6.115810394287109,42.73100280761719,100.031136,446.44595
4.586544036865234,33.40373229980469,93.886665,453.08707
3.848297119140625,47.067535400390625,94.10864,437.31378
3.1285781860351562,29.3963623046875,85.49144,454.71057
3.1771240234375,28.018051147460938,106.499695,458.491
4.786842346191406,19.787185668945312,95.12865,467.18674
4.228607177734375,39.44059753417969,104.372314,439.35513
7.093391418457031,24.076309204101562,152.30583,461.2955
7.777641296386719,24.802581787109375,115.87471,461.59198
2.5974693298339844,23.170364379882812,100.81379,459.64438
3.8474388122558594,40.13078308105469,115.12916,446.1215
5.944305419921875,10.71966552734375,89.432495,475.57983
-0.9223785400390625,63.89190673828125,68.12131,416.12805
-2.0444984436035156,62.02606201171875,60.879036,415.68713
-2.6757965087890625,67.93952941894531,81.444244,397.93576
-0.5809669494628906,65.03591918945312,94.11976,395.57678
-1.2756118774414062,63.61686706542969,113.765945,394.71115
2.9344253540039062,48.76347351074219,129.72917,406.5886
-5.2873382568359375,10.445587158203125,147.66415,443.45093
-4.960235595703125,9.527389526367188,158.90424,438.6755
-9.599700927734375,6.9355010986328125,172.74188,436.31937
-5.5185089111328125,8.673843383789062,178.26236,440.55838
-7.4263916015625,5.9022216796875,188.5404,440.5257
-7.78460693359375,8.879409790039062,197.84009,439.7936
-1.293304443359375,8.838287353515625,198.72821,439.1577
5.9712371826171875,10.762771606445312,199.26077,432.4434
21.04974365234375,11.672683715820312,192.81177,430.5988
39.370399475097656,8.647262573242188,184.67912,437.369
55.597633361816406,7.9042816162109375,177.19194,436.4714
71.6376724243164,11.336380004882812,165.20708,434.0341
92.5990982055664,4.1219024658203125,154.77348,438.75674
111.80066680908203,5.2080078125,148.25023,447.7182
127.97962951660156,8.222900390625,142.3021,450.93024
139.12841796875,6.529266357421875,141.16077,454.0193
149.52893829345703,5.3694610595703125,141.78539,458.62076
160.71542358398438,11.52838134765625,140.18964,453.90265
175.63939666748047,7.7906646728515625,136.99135,457.3953
182.69131469726562,8.481643676757812,168.5567,459.09464
196.94925689697266,11.8814697265625,162.1043,452.26654
203.90444946289062,10.625732421875,168.42706,447.5478
212.46420288085938,8.673492431640625,169.17987,448.91174
221.59203338623047,8.29730224609375,171.57582,442.4328
232.45263671875,3.986602783203125,163.14697,442.55713
232.8763198852539,2.4162445068359375,155.3272,443.01157
228.8788833618164,5.857177734375,154.56572,434.5821
230.93215942382812,8.203811645507812,164.06512,433.02493
228.14581298828125,14.368927001953125,160.76428,424.07153
228.52801513671875,7.9025421142578125,165.19861,430.15445
229.97105407714844,14.264572143554688,168.75015,426.45712
233.75186157226562,8.6392822265625,168.92743,429.8272
243.32073211669922,9.20452880859375,164.28249,429.11285
246.45703887939453,11.885986328125,160.07664,428.4073
256.5522994995117,10.4908447265625,154.9983,427.8924
260.801025390625,10.495681762695312,151.09619,426.74588
268.3589324951172,10.21148681640625,143.29031,431.1032
280.33861541748047,7.408050537109375,135.13075,443.2616
283.46629333496094,7.973114013671875,134.08597,446.28284
284.9944610595703,15.804962158203125,136.07053,439.26904
283.1480026245117,18.348526000976562,141.26796,432.32425
284.71592712402344,22.195343017578125,153.0242,428.20935
286.3409957885742,27.393096923828125,162.3445,419.11963
291.36822509765625,25.402557373046875,168.73328,420.16797
295.3398132324219,19.758453369140625,173.18573,424.59888
295.41028594970703,17.575790405273438,173.48302,421.8735
295.83390045166016,15.312347412109375,178.30424,420.40125
299.24727630615234,13.575286865234375,181.71858,421.0243
297.2538146972656,11.719253540039062,181.13446,418.5568
296.2089309692383,12.210800170898438,184.96202,420.17465
295.92063903808594,12.029266357421875,178.2803,420.06738
300.7620391845703,12.676345825195312,168.9979,424.57205
306.5154266357422,15.7584228515625,168.22879,421.49847
308.97918701171875,22.075851440429688,158.03369,419.692
316.54783630371094,28.867691040039062,157.78189,414.42996
320.1957550048828,34.15351867675781,152.2186,413.2571
325.52112579345703,42.73347473144531,154.95775,417.02994
330.8086166381836,50.70005798339844,151.52425,408.82346
336.1246109008789,56.6873779296875,151.25774,398.95123
340.5321350097656,61.595123291015625,153.65985,393.55298
340.5838317871094,68.54342651367188,156.7265,390.39795
339.7051467895508,71.44972229003906,163.59239,390.955
339.14986419677734,74.28939819335938,169.15755,386.58252
331.81949615478516,75.03004455566406,179.82866,387.231
328.9116439819336,76.16810607910156,187.63203,385.20572
324.7041778564453,75.12370300292969,196.79367,381.11862
320.25396728515625,75.00135803222656,207.78369,379.04764
316.4454116821289,78.43972778320312,223.37431,372.7489
317.7965621948242,82.32443237304688,240.01906,360.1869
315.24352264404297,84.97352600097656,248.67397,356.67093
314.9512176513672,86.71089172363281,258.23587,355.44815
318.2306365966797,90.95663452148438,260.76053,350.48938
321.22265625,92.904296875,265.04724,347.16217
323.878173828125,98.03924560546875,261.46484,349.73456
324.7735137939453,102.03886413574219,260.3492,344.51926
325.53114318847656,107.80232238769531,259.3264,341.41177
327.7033386230469,112.59394836425781,257.03278,338.69498
329.8131408691406,117.084716796875,250.32184,335.40802
330.1774597167969,121.8104248046875,250.30328,333.39984
325.77430725097656,125.85682678222656,242.20041,333.18594
319.68973541259766,129.4777069091797,240.20158,330.54037
315.20326232910156,130.8446502685547,236.47885,333.0544
313.2108612060547,129.27951049804688,235.17825,338.42603
308.7512512207031,125.90585327148438,233.42096,342.96826
308.05065155029297,122.25579833984375,238.20705,343.62946
304.49527740478516,119.98309326171875,233.55022,345.69928
296.03485107421875,113.07342529296875,229.62988,349.54816
292.65843200683594,107.67864990234375,221.49722,351.08063
287.00634765625,100.54158020019531,216.64514,356.59232
279.32818603515625,94.07818603515625,211.48962,360.75336
268.8828582763672,91.00447082519531,211.14468,366.05484
261.1499786376953,85.90623474121094,212.32785,365.96005
249.60956573486328,83.61514282226562,218.49669,367.4032
239.42664337158203,80.17681884765625,223.9995,371.3355
231.90823364257812,75.24861145019531,226.77069,382.9069
225.4835433959961,75.59129333496094,229.81099,386.8021
220.74091339111328,74.27627563476562,229.9287,393.76074
217.34648895263672,73.32989501953125,226.19057,394.8947
208.58167266845703,70.89044189453125,230.16246,394.8056
200.70726776123047,68.54510498046875,231.1244,398.5124
189.72450256347656,66.87379455566406,234.2197,399.24698
176.57272338867188,67.38198852539062,239.65717,400.05212
166.13385009765625,66.20315551757812,242.25244,404.22925
153.4312973022461,64.57937622070312,246.36238,404.7682
135.63819885253906,60.64753723144531,255.89548,408.53006
118.69505310058594,55.1168212890625,261.2847,415.6601
102.84269714355469,54.17039489746094,268.74088,416.79196
84.538330078125,47.144927978515625,281.24548,426.06055
70.57772827148438,49.917144775390625,287.2492,420.25073
65.58071899414062,36.58378601074219,293.26093,432.6865
70.07241821289062,42.6480712890625,299.01898,420.74554
69.1961669921875,38.512481689453125,298.00293,424.94287
68.12380981445312,43.88179016113281,303.20123,424.2167
67.55345153808594,41.89927673339844,300.69522,424.75815
64.64572143554688,41.99766540527344,299.1773,420.95566
71.63691711425781,37.223358154296875,302.37228,422.151
85.61129760742188,42.77348327636719,297.5075,409.21005
95.78388977050781,36.83778381347656,294.17575,413.50528
105.35232543945312,38.66107177734375,293.5052,409.75812
112.7279052734375,31.356155395507812,290.65857,412.27396
122.48011779785156,32.9742431640625,281.50803,409.5893
130.20269775390625,29.98980712890625,286.7047,407.21368
140.06005859375,25.55023193359375,285.59424,415.3875
154.12872314453125,24.5064697265625,282.27527,415.29095
168.39926147460938,19.3358154296875,274.30963,421.1585
186.1631622314453,18.102828979492188,263.49643,428.82578
201.9330291748047,15.53570556640625,261.72366,429.419
223.38458251953125,9.489898681640625,254.34265,440.58545
240.0364227294922,13.279876708984375,255.28983,439.17517
255.0419921875,10.844329833984375,257.13574,440.3922
265.37974548339844,16.630340576171875,256.2051,437.21777
273.4668731689453,9.709548950195312,272.16928,445.33243
286.3132781982422,11.430694580078125,258.94962,444.10034
304.40794372558594,4.4678955078125,240.319,451.0357
315.20147705078125,4.068695068359375,252.29138,453.73193
332.1637268066406,8.451705932617188,233.30011,450.7263
351.52711486816406,5.3744964599609375,264.50314,455.17404
367.93603515625,12.837982177734375,257.36694,448.38538
381.574951171875,7.301910400390625,255.04553,455.16602
378.69252014160156,10.027328491210938,263.43002,455.63278
389.2831573486328,11.274856567382812,248.00986,454.09207
398.2253723144531,8.405364990234375,241.00006,459.71277
409.1301727294922,6.0040435791015625,229.21085,461.4434
412.2198715209961,9.403076171875,233.51656,461.1656
409.8555221557617,12.28985595703125,236.49171,458.48566
402.82948303222656,9.748550415039062,242.84091,461.73306
396.7614974975586,2.891204833984375,246.63899,473.09802
388.8501434326172,0.22698974609375,252.56436,474.18207
384.84657287597656,8.659378051757812,256.70578,463.94583
379.4425506591797,4.3142852783203125,265.2681,469.85
378.7791290283203,1.9308624267578125,259.73788,473.2266
358.59002685546875,2.590118408203125,282.9364,466.8507
356.17344665527344,7.702972412109375,286.86673,461.48083
347.4145050048828,1.0414276123046875,297.3148,465.21738
339.08619689941406,9.897079467773438,304.12057,454.28793
335.6951446533203,6.4373626708984375,308.18173,457.67978
326.3018798828125,7.037261962890625,313.5719,456.7412
320.59718322753906,7.406494140625,322.3253,453.19977
318.19871520996094,3.465911865234375,327.86282,459.6676
311.9438018798828,3.787017822265625,334.66635,456.24243
318.8340759277344,3.389862060546875,323.31268,454.6859
322.01722717285156,2.1041412353515625,320.23312,452.48245
329.86895751953125,0.5362548828125,312.97424,461.44928
341.7291259765625,5.45501708984375,302.0537,456.1447
340.1674041748047,5.9968109130859375,290.03165,457.88193
345.8435745239258,4.08819580078125,230.0421,456.77716
346.2584457397461,9.1146240234375,192.89388,456.03168
348.1983642578125,7.4204254150390625,190.70007,457.4373
345.83860778808594,11.590530395507812,171.84415,455.60318
344.5315856933594,8.786895751953125,174.88593,459.9624
343.20943450927734,11.962661743164062,176.51717,457.11588
345.0398635864258,11.16033935546875,167.0731,460.5755
344.4633483886719,12.682373046875,161.78546,455.05
341.35619354248047,13.446884155273438,155.53236,451.1008
332.337158203125,11.661575317382812,156.37671,448.9374
324.75994873046875,12.903274536132812,151.79602,443.14664
310.00757598876953,12.01702880859375,150.94237,443.90118
300.81282806396484,9.929962158203125,140.40767,445.06006
291.12935638427734,16.55126953125,136.36592,436.75275
275.24532318115234,12.983016967773438,141.30135,436.94455
247.51140594482422,11.25799560546875,161.74562,438.8625
226.83098602294922,13.745742797851562,175.80898,434.32877
208.40584564208984,14.029632568359375,189.2369,435.838
193.16098022460938,14.943206787109375,197.84503,437.87634
180.25616455078125,15.405776977539062,201.79016,440.46732
166.68678283691406,11.6309814453125,210.69125,444.80438
155.84934997558594,10.110076904296875,210.52103,445.5464
145.42528533935547,9.130996704101562,207.56032,459.19046
143.12474822998047,10.993881225585938,196.56703,456.1887
144.1500015258789,14.499099731445312,184.52483,454.99222
142.2525177001953,13.970916748046875,174.3353,455.26855
143.27926635742188,18.557891845703125,161.69537,450.8451
132.9264144897461,15.854049682617188,158.69514,453.10788
116.51909637451172,16.294204711914062,163.70973,453.05594
109.79911041259766,17.966873168945312,156.55412,450.4927
100.80453491210938,11.350112915039062,152.97748,453.61148
89.02812194824219,8.071823120117188,152.99332,454.11252
81.7627944946289,10.601181030273438,146.99016,445.49655
73.06439971923828,6.955780029296875,144.08983,451.60083
58.77705383300781,7.418853759765625,146.82724,448.1366
43.62504577636719,5.2027130126953125,150.42508,452.76248
24.8936767578125,5.743438720703125,155.32214,446.60168
6.484413146972656,3.285186767578125,162.50285,456.14966
1.1104049682617188,7.991302490234375,151.21767,456.29138
-4.819374084472656,7.7293548583984375,143.49312,463.61777
0.00504302978515625,3.82061767578125,135.08891,469.466
-0.9367294311523438,5.1575469970703125,132.93767,469.47635
-2.5219039916992188,5.4782257080078125,133.89622,470.76834
-3.7463760375976562,7.230133056640625,134.5876,470.14368
-4.746009826660156,2.631927490234375,132.18172,476.33972
-6.439018249511719,6.071533203125,134.35753,473.50568
-8.075874328613281,6.243682861328125,132.72633,474.20667
-6.771442413330078,5.259368896484375,126.56559,472.42432
-6.050762176513672,7.422821044921875,126.71444,473.01135
-7.145252227783203,6.8095703125,123.22849,471.6208
-9.206809997558594,6.7932281494140625,122.51506,469.15518
-6.897579193115234,9.14349365234375,116.60705,464.08575
-5.658885955810547,7.0346527099609375,116.8229,463.82004
-7.659847259521484,7.5317840576171875,118.75158,463.5482
-4.9341278076171875,9.52264404296875,118.088104,461.80597
-7.420402526855469,10.302291870117188,121.88133,454.58798
-8.737560272216797,6.392303466796875,125.28103,459.92993
-8.985260009765625,5.61944580078125,134.89581,459.35345
-8.71685791015625,5.8396453857421875,148.20105,454.24692
0.2360382080078125,5.7129669189453125,151.26865,441.98953
10.144180297851562,7.0620269775390625,160.94711,433.63602
25.65367889404297,9.792572021484375,159.62917,430.86633
33.06365966796875,6.4688720703125,167.80017,437.24738
44.502220153808594,6.3890380859375,163.59248,445.11725
57.501800537109375,13.675796508789062,163.09625,434.66898
67.27706146240234,9.464248657226562,155.60616,428.72
85.01548767089844,15.258712768554688,149.3356,426.29623
96.80260467529297,9.258316040039062,150.85597,425.63028
104.3798599243164,15.076065063476562,149.56633,425.0646
112.07308197021484,9.744598388671875,149.37679,429.04712
128.67485809326172,14.677658081054688,136.84743,424.97568
132.75382232666016,14.873931884765625,139.91191,426.14
151.123291015625,15.051528930664062,134.57849,416.15543
148.5474853515625,17.221435546875,149.51233,423.56488
159.38628387451172,14.630172729492188,153.50038,418.67014
167.8623275756836,16.420425415039062,162.11665,417.85513
181.69857788085938,18.068023681640625,160.2381,408.25415
199.7641143798828,20.035400390625,158.36166,390.83014
216.5526885986328,18.6136474609375,157.11911,394.12347
231.66233825683594,18.64971923828125,156.95023,397.91974
244.20384216308594,16.537948608398438,161.07352,385.97433
261.8272018432617,13.952468872070312,155.80446,389.38065
275.1009826660156,14.96728515625,151.10907,395.45367
290.88452911376953,16.131790161132812,151.19652,388.36868
308.6136245727539,15.417388916015625,143.41045,392.57568
325.49095916748047,16.327545166015625,138.69789,396.41553
340.2605514526367,14.94232177734375,136.19032,400.08038
346.9663314819336,15.069961547851562,139.52327,403.77054
343.22945404052734,17.149276733398438,142.93257,399.1766
343.96331787109375,14.52581787109375,164.75464,398.6053
348.41939544677734,13.616775512695312,173.24776,397.39346
352.41617584228516,14.386062622070312,174.64128,396.87125
357.0595474243164,12.049560546875,180.47124,398.31793
362.12889862060547,9.692337036132812,178.813,401.50027
355.2606735229492,9.996856689453125,184.73524,399.47095
362.30599212646484,8.428680419921875,177.53975,403.03174
358.59053802490234,9.986114501953125,181.41145,403.36804
359.80877685546875,7.8064727783203125,177.90271,406.01346
362.2887954711914,8.9932861328125,169.94023,404.8228
371.6517791748047,13.419952392578125,162.60733,398.12085
375.4357452392578,6.7749176025390625,161.01999,407.33365
379.4293975830078,10.25830078125,163.31552,403.7796
390.2107849121094,8.904159545898438,158.08319,407.73227
394.29381561279297,10.328170776367188,163.37282,410.08932
396.491943359375,10.5516357421875,160.64966,417.2923
405.63500213623047,8.866592407226562,157.89491,420.8417
413.61602783203125,9.0904541015625,145.06897,426.55316
418.84393310546875,11.675338745117188,140.05359,431.8618
421.5355682373047,12.72857666015625,139.6724,426.8946
427.3743896484375,8.369308471679688,141.66174,431.37827
434.4917907714844,12.399551391601562,135.04095,433.76736
436.6413803100586,11.09771728515625,148.06844,431.45892
445.61226654052734,9.118850708007812,153.63301,435.8788
450.87943267822266,7.7006683349609375,171.3781,431.08774
455.84607696533203,7.433685302734375,177.76158,451.9264
460.80838775634766,9.521560668945312,176.74675,455.01212
464.38773345947266,5.3687591552734375,176.08122,459.76254
464.75435638427734,-1.6973724365234375,175.26094,470.68777
461.35680389404297,4.029876708984375,180.1974,461.417
460.0338897705078,2.2891387939453125,180.08298,460.32938
458.3581085205078,-1.1114654541015625,181.34787,464.9504
461.031494140625,2.66058349609375,176.40967,464.7945
459.7451477050781,4.2702484130859375,177.31024,461.4609
460.37188720703125,3.2540435791015625,179.41138,461.49295
456.7449035644531,1.10955810546875,174.91791,467.4926
459.15384674072266,-0.9822235107421875,177.54851,472.09756
459.75792694091797,0.3561553955078125,176.33083,476.28067
460.72652435302734,0.8644256591796875,175.97285,474.8774
459.337646484375,1.9473876953125,178.09778,477.00604
462.50601959228516,4.637725830078125,174.45708,470.8368
454.6856231689453,-2.03179931640625,182.8917,475.25397
448.2078628540039,5.837860107421875,187.60869,469.8932
434.4800033569336,3.22039794921875,203.18965,467.8521
429.155029296875,6.5194549560546875,201.40393,464.34433
415.4537658691406,8.419647216796875,206.1258,459.88782
406.20654296875,8.685592651367188,197.61536,458.3812
391.6641082763672,7.3544769287109375,204.00748,462.13803
380.8401870727539,6.58843994140625,210.32768,461.01056
368.03125,3.5201416015625,214.33789,466.24982
359.6707763671875,0.7934417724609375,206.70862,471.33347
347.35909271240234,2.56341552734375,207.02058,470.8105
356.3944091796875,3.4266357421875,188.20105,468.87323
350.99698638916016,8.19537353515625,182.35173,458.24384
346.85582733154297,6.6290435791015625,172.69093,457.66678
339.9754333496094,8.81622314453125,171.32013,459.16937
333.0699768066406,5.462615966796875,170.24286,453.45337
320.2847366333008,6.11956787109375,165.89867,455.87592
315.07999420166016,8.295684814453125,159.33745,448.74817
309.87874603271484,6.3606109619140625,158.64302,449.84842
295.15828704833984,6.7671661376953125,162.81258,460.98904
278.5150909423828,6.48974609375,166.93832,454.55597
268.3259811401367,5.862884521484375,160.23293,459.15784
255.182373046875,7.9093170166015625,159.08618,462.03482
241.56948852539062,11.664535522460938,156.14984,459.47116
223.11429595947266,11.367935180664062,161.1414,457.00198
204.3933334350586,10.042312622070312,165.1009,461.50186
191.49347686767578,11.440826416015625,160.47911,464.93396
175.91708374023438,19.216964721679688,158.85773,460.84274
160.8781967163086,32.52490234375,159.1999,448.0489
147.38294219970703,41.453399658203125,156.1378,440.68372
139.34310913085938,53.52381896972656,153.58026,426.65384
129.8475799560547,59.40333557128906,154.35648,421.64896
113.43006134033203,67.26481628417969,159.78453,414.87668
103.98281860351562,73.08647155761719,154.35992,405.34702
86.70181274414062,74.26834106445312,157.23065,402.44714
75.1413345336914,75.95660400390625,155.75859,404.66034
62.001930236816406,88.19053649902344,162.13847,388.51144
37.884010314941406,97.329345703125,166.13518,378.36383
16.127822875976562,93.392333984375,174.23569,382.6501
0.43680572509765625,93.92524719238281,178.9937,383.59317
1.6887359619140625,93.77516174316406,163.96762,383.29044
4.451171875,88.76704406738281,148.21973,392.1796
-5.562522888183594,90.3475341796875,148.96428,393.53973
-6.9299774169921875,81.33189392089844,152.57626,399.32455
-7.370872497558594,76.44770812988281,151.89677,407.1193
-11.120140075683594,70.0450439453125,150.9246,408.6889
-4.713722229003906,61.264739990234375,139.17696,417.98767
-2.0233001708984375,51.16633605957031,131.84164,429.88028
2.009143829345703,41.77351379394531,124.28628,439.12906
-0.9121856689453125,15.726272583007812,121.71878,469.0508
6.451511383056641,17.540603637695312,113.8847,467.83646
8.280570983886719,18.562911987304688,116.12038,466.4614
-2.6044960021972656,17.443557739257812,122.4286,469.28983
4.084556579589844,13.55755615234375,109.3199,472.27057
3.9726295471191406,11.56158447265625,113.732475,469.9051
4.480281829833984,14.48858642578125,108.02308,466.56818
0.7838325500488281,13.476455688476562,111.451744,468.85196
0.3738059997558594,14.035995483398438,115.44013,466.35373
1.4013671875,11.724517822265625,110.81055,469.00146
-1.0773773193359375,9.342117309570312,114.18637,468.60123
4.231986999511719,10.722930908203125,111.661026,472.7981
-1.2321281433105469,8.3233642578125,117.98745,471.96234
-6.5027313232421875,9.352584838867188,114.80563,471.1959
0.7768478393554688,10.266708374023438,114.837906,472.46945
-0.3610191345214844,10.199172973632812,109.91625,472.41153
0.747161865234375,4.3081817626953125,102.17743,478.57047
5.113147735595703,7.0228424072265625,100.51638,475.66983
5.402477264404297,8.768707275390625,99.02146,472.48535
4.619998931884766,4.08111572265625,98.93664,475.1148
4.997745513916016,5.0854949951171875,102.31127,476.73495
3.9482383728027344,12.191619873046875,101.7754,465.65344
-0.13293838500976562,3.951263427734375,113.48292,480
2.7690200805664062,8.7596435546875,107.2957,475.31964
0.9447517395019531,6.9589385986328125,115.085106,474.4512
-1.2596969604492188,8.611984252929688,122.52623,470.88474
-1.6669540405273438,10.473052978515625,124.61015,467.2262
-0.736602783203125,10.603073120117188,132.45538,467.8928
2.7491683959960938,6.7413177490234375,129.99617,471.56296
-1.51910400390625,9.209381103515625,144.87146,468.9895
-2.8045578002929688,6.2457122802734375,154.46165,471.93198
10.176246643066406,13.389495849609375,144.20268,465.96924
2.6249237060546875,8.613021850585938,159.02652,467.93784
7.711128234863281,11.666854858398438,161.12462,465.7573
1.2134780883789062,12.245330810546875,168.87126,461.15137
4.121437072753906,9.0975341796875,175.1967,467.914
5.3079833984375,4.952850341796875,183.60413,470.29688
5.057289123535156,11.904022216796875,183.1121,466.6278
4.253196716308594,5.13165283203125,187.85396,478.27008
18.666839599609375,14.94561767578125,181.00665,470.0882
16.911834716796875,10.402267456054688,185.35492,470.79318
23.69751739501953,9.129302978515625,190.57225,469.9253
22.323760986328125,7.059722900390625,198.44757,470.71558
37.940757751464844,7.58856201171875,194.9189,470.69464
53.441734313964844,10.964614868164062,190.64986,468.09268
16.276092529296875,4.60400390625,224.6258,476.59967
64.29393005371094,15.039535522460938,204.40652,469.1545
43.53233337402344,6.431976318359375,233.9877,471.97424
50.447357177734375,4.5150604248046875,234.66193,477.7225
54.10887145996094,4.850555419921875,227.90958,480
72.28282928466797,10.045684814453125,232.14284,477.7683
54.082794189453125,6.153167724609375,221.74872,478.4469
138.89849090576172,23.957489013671875,177.27345,454.83313
55.020652770996094,7.169281005859375,134.04793,480
146.63558959960938,25.758392333984375,182.29938,455.2799
66.05353927612305,5.246734619140625,120.74717,480
167.63492584228516,28.634246826171875,169.18681,455.89014
150.69782257080078,19.784896850585938,192.85728,460.15964
146.52997589111328,17.46173095703125,197.71483,470.102
147.009033203125,11.271484375,197.14111,474.3675
65.0464859008789,3.617889404296875,133.1862,480
75.32963562011719,9.181411743164062,129.3765,471.73135
72.32436752319336,4.701995849609375,127.709785,478.3756
75.03021240234375,6.75689697265625,138.70496,474.81378
174.71349334716797,5.216156005859375,152.81142,480
168.7704315185547,5.7263031005859375,163.18619,478.14316
179.26853942871094,8.348342895507812,152.93716,470.9606
180.59827423095703,7.7469940185546875,147.83165,475.71176
171.65960693359375,4.4799041748046875,147.35376,475.88962
123.75948333740234,8.85284423828125,194.53682,472.11053
185.14183044433594,10.776260375976562,130.7366,467.58536
196.6196746826172,9.853164672851562,120.65848,474.2062
186.95618438720703,6.2221221923828125,129.6975,477.70267
161.3196563720703,11.104949951171875,151.56906,473.53162
151.22856903076172,10.7904052734375,162.02748,461.8216
155.65392303466797,8.63177490234375,158.14943,468.85236
180.42970275878906,10.855758666992188,134.22995,467.11533
205.25011444091797,9.962356567382812,105.77907,472.37186
207.24626541137695,18.652557373046875,108.06814,460.63806
201.0125389099121,16.564010620117188,113.45881,462.66623
190.47593307495117,16.329269409179688,125.80985,460.25363
180.05650329589844,18.498733520507812,128.69705,464.98392
193.35002517700195,21.461532592773438,118.598656,460.1229
197.80841445922852,16.428237915039062,122.21606,463.39432
128.65379333496094,13.46044921875,189.793,469.7126
95.21402740478516,11.836318969726562,217.0092,468.66263
185.70633697509766,17.254486083984375,138.6259,467.36426
218.03923416137695,16.65313720703125,106.78518,468.13763
191.89424896240234,12.62054443359375,133.64229,465.23578
170.24376678466797,7.5212249755859375,163.24477,476.3148
159.79012298583984,18.116958618164062,172.16731,458.1874
172.46363067626953,14.596343994140625,169.52501,467.06226
143.10667419433594,8.237274169921875,206.01602,469.94507
212.22445678710938,15.84149169921875,141.14117,464.67987
118.05623626708984,8.71099853515625,242.76826,476.12396
168.66817474365234,10.808074951171875,201.57747,469.94067
190.51222229003906,7.70831298828125,192.41635,473.0302
103.2859115600586,9.281829833984375,175.43648,480
125.46966552734375,7.2046356201171875,239.7041,473.06967
243.38665008544922,8.4873046875,161.16457,474.59613
151.11707305908203,6.664886474609375,255.4879,477.4751
154.29104614257812,8.452606201171875,260.79376,480
155.1698455810547,2.849029541015625,275.91336,480
173.2373046875,11.398712158203125,245.52075,480
559.5235557556152,2.249603271484375,64.81776,480
584.4906215667725,10.551193237304688,63.35091,455.61667
584.0269622802734,5.3824920654296875,60.982086,464.44003
579.2568664550781,11.702407836914062,66.86456,463.7681
552.2427062988281,3.4388580322265625,98.0163,478.13345
348.03028106689453,5.444671630859375,136.01402,467.98804
358.37144470214844,6.490264892578125,128.41568,473.93677
365.96044158935547,10.540771484375,128.64284,467.1524
370.46460342407227,7.7640380859375,119.903435,470.16327
383.92142486572266,14.644393920898438,113.30437,463.41037
356.93489837646484,10.199432373046875,135.8929,469.57776
365.1809883117676,7.811859130859375,127.211754,470.06128
370.2891311645508,10.545257568359375,120.074326,464.17578
366.00045013427734,12.109939575195312,127.26802,467.5955
362.2755126953125,8.468658447265625,128.61938,473.44482
360.99786376953125,5.8529052734375,133.36499,472.60638
362.8831329345703,7.2042999267578125,131.6063,472.89346
358.7607421875,6.524658203125,132.6416,472.9206
364.49757385253906,7.1612701416015625,131.186,473.8948
359.26729583740234,7.13372802734375,134.78487,470.49323
360.01993560791016,6.571014404296875,131.60393,469.9817
365.62508392333984,8.778091430664062,128.6147,469.45657
356.70538330078125,8.15594482421875,132.92859,470.82318
353.8158264160156,9.258026123046875,140.742,471.32227
356.0916748046875,5.089080810546875,137.15271,476.88
361.60888671875,10.672988891601562,131.05298,471.4307
350.8062057495117,7.95440673828125,140.21193,469.9748
354.9902114868164,8.414840698242188,132.47258,469.21262
340.4903259277344,8.64788818359375,151.66156,471.03046
342.22835540771484,8.230758666992188,146.71419,471.40976
346.33336639404297,4.1858062744140625,150.71144,474.6879
340.7378463745117,11.014190673828125,151.72182,468.80334
328.80594635009766,5.053466796875,166.51091,473.17084
337.6664581298828,4.0361785888671875,154.08725,470.80038
331.7402801513672,11.70880126953125,160.23624,468.9947
315.2507781982422,11.246124267578125,173.14566,465.28784
332.6284942626953,11.362701416015625,161.88034,465.1494
324.1839294433594,10.42144775390625,166.34186,473.0965
332.81346893310547,6.5505828857421875,150.54066,470.45456
316.52008056640625,9.735366821289062,173.16467,476.36697
298.4227523803711,7.532562255859375,193.36848,472.03918
319.4029769897461,6.4293212890625,160.31221,472.50763
291.8357162475586,9.12060546875,192.97139,473.31097
303.8365173339844,10.241378784179688,172.54376,463.81088
272.9185256958008,5.7936553955078125,201.55907,470.46793
255.02040100097656,6.6718902587890625,211.24033,473.731
298.43697357177734,9.860122680664062,165.36629,468.51212
276.2998809814453,7.207366943359375,184.45016,466.99805
283.3315734863281,7.5477294921875,179.97772,466.12067
265.12244415283203,2.8531646728515625,193.30772,473.4384
147.04557037353516,9.470352172851562,206.76762,474.69644
143.8509292602539,7.508026123046875,155.97258,478.48877
137.64298248291016,5.87078857421875,144.38762,470.64276
131.8527374267578,4.43768310546875,140.79086,472.21185
128.99575805664062,4.4906768798828125,163.94,473.35233
115.44291687011719,6.832550048828125,139.96182,472.14246
124.0361442565918,22.77667236328125,127.19871,460.29523
124.44319534301758,24.680587768554688,112.569176,457.10178
119.87895202636719,19.225662231445312,110.72366,459.71793
116.68614196777344,11.476974487304688,110.075714,471.28195
263.5797119140625,20.984603881835938,164.56946,461.2026
