221.0,97.0,156,382
215.3032989501953,106.00308227539062,164.50583,372.62372
213.9730224609375,103.49691772460938,165.13293,376.3814
214.24686431884766,104.33966064453125,164.40251,377.21558
212.8320083618164,103.54364013671875,163.184,378.47424
212.59793853759766,105.61318969726562,162.5656,376.70197
214.3272247314453,102.77566528320312,161.41513,379.0954
211.1688461303711,104.1075439453125,161.24507,376.21265
212.9979705810547,103.29815673828125,158.68326,376.10413
212.92708587646484,104.49739074707031,156.90279,376.9858
212.3348388671875,101.02836608886719,157.28406,377.902
212.12063598632812,102.67840576171875,157.10089,377.9021
210.16780853271484,102.19941711425781,159.71114,375.80844
209.88481903076172,101.33445739746094,160.7848,379.11917
211.1642074584961,102.65040588378906,160.75288,376.38388
208.55599212646484,103.15328979492188,162.34529,374.01984
209.19025421142578,102.63861083984375,161.73558,377.53503
207.96688842773438,103.4466552734375,164.6308,375.43848
208.84198760986328,105.24481201171875,163.07262,372.91553
209.8415298461914,103.77577209472656,161.9522,373.75778
207.4229278564453,103.59956359863281,161.40805,375.48703
207.1194839477539,104.86077880859375,161.16362,373.61255
205.75022888183594,103.95785522460938,159.77713,373.74176
208.3961410522461,103.05140686035156,154.70235,377.3419
207.2661895751953,101.86378479003906,156.16452,378.93698
207.83718872070312,103.38238525390625,151.88055,376.8507
207.27565002441406,101.50918579101562,151.48862,379.20343
206.0969467163086,100.91851806640625,149.47212,379.6117
207.66162872314453,103.8385009765625,148.86327,375.21094
205.83973693847656,101.13996887207031,151.0986,379.70114
204.28009033203125,102.97038269042969,150.82751,376.8301
206.64820861816406,102.48863220214844,145.27219,376.36563
207.0499267578125,101.04959106445312,148.41394,379.40216
204.8626937866211,102.62736511230469,146.45296,375.03458
207.96533203125,101.81289672851562,144.98132,377.8553
205.7874984741211,101.56158447265625,147.34993,379.92773
206.38905334472656,102.15718078613281,146.64182,376.65585
204.6474838256836,102.85197448730469,150.2082,379.0391
204.0377655029297,103.63264465332031,147.95901,377.50278
205.4690704345703,100.9600830078125,147.52658,378.25342
204.6124725341797,101.34422302246094,149.16824,379.37796
206.16261291503906,100.67280578613281,147.35373,378.566
206.2413558959961,101.75558471679688,148.47285,380.6557
206.3972396850586,100.420654296875,148.21992,379.38574
205.09130096435547,101.83682250976562,150.73598,378.30194
205.00038146972656,101.89739990234375,149.08481,376.3275
206.33959197998047,102.71430969238281,145.45033,379.39694
207.73018646240234,102.08168029785156,146.57271,377.62558
207.5174560546875,100.94430541992188,147.96106,379.53436
210.58963012695312,102.70350646972656,146.9881,375.85532
207.3815689086914,101.13203430175781,149.79045,380.7092
209.83480834960938,102.28282165527344,149.67535,377.6216
210.3789825439453,102.61553955078125,150.17953,375.3291
213.23306274414062,102.25698852539062,148.93793,379.27155
212.0751495361328,102.21617126464844,150.8281,376.76675
212.84030151367188,103.1278076171875,150.73578,373.27844
213.33782196044922,101.30400085449219,153.59291,379.69962
215.81124877929688,104.24360656738281,152.14606,376.50217
215.85489654541016,102.49832153320312,152.11821,377.05573
217.50634765625,100.96884155273438,152.89929,378.25165
218.43368530273438,103.27505493164062,152.7486,375.27582
220.15164184570312,102.65531921386719,153.47992,376.23746
222.3172836303711,102.39601135253906,154.52608,376.35654
223.21400451660156,104.43934631347656,153.2977,374.582
226.1668243408203,106.05839538574219,153.1727,372.25443
226.70286560058594,107.69493103027344,153.07535,371.4716
230.31819915771484,102.40350341796875,152.1263,376.00146
231.83783721923828,111.44277954101562,153.9774,364.6773
234.11907196044922,117.22868347167969,150.21266,360.39407
236.7671661376953,110.69865417480469,146.03561,367.70285
239.92694091796875,116.48648071289062,143.51587,365.15674
242.3786392211914,114.94425964355469,138.93822,363.95047
243.11024475097656,112.56892395019531,141.60965,367.15463
248.4018325805664,118.71430969238281,135.09435,360.2626
250.05557250976562,119.91049194335938,135.97034,358.08972
251.63478088378906,117.49800109863281,128.74936,361.50864
251.818115234375,116.21141052246094,134.89459,361.95236
256.55810165405273,113.73402404785156,125.64002,364.25247
254.88264083862305,114.68499755859375,125.95866,363.81268
254.6723861694336,115.32058715820312,128.30763,361.45172
255.00282669067383,115.26272583007812,125.46865,364.17944
262.66679763793945,114.58296203613281,122.11532,362.49948
263.4544143676758,114.89739990234375,125.25102,360.92792
265.01365661621094,112.03932189941406,127.18527,363.84512
267.60591888427734,112.14616394042969,128.1711,363.81473
267.26947021484375,111.86151123046875,128.98785,364.39813
270.78087997436523,110.80274963378906,127.84669,366.1016
273.2581214904785,109.37261962890625,127.915886,368.16705
273.7529602050781,110.32672119140625,129.83112,369.05524
275.1620178222656,108.50617980957031,129.74976,368.95847
275.7669219970703,109.70072937011719,130.4708,366.31168
278.19925689697266,112.14370727539062,128.55858,365.8416
282.5581169128418,110.49101257324219,124.69163,367.0297
285.5484161376953,113.12228393554688,122.78812,364.5943
288.915714263916,116.907958984375,120.37017,360.70117
288.87934494018555,119.58193969726562,122.45933,356.8745
288.2754364013672,120.30691528320312,128.03836,355.54803
289.106689453125,121.08885192871094,137.23798,356.87198
288.18860626220703,122.81108093261719,144.66515,355.6171
287.7397232055664,125.91635131835938,151.9807,351.2256
291.21177673339844,126.87445068359375,157.65854,351.49036
288.83189392089844,125.88197326660156,170.25497,350.83084
293.03558349609375,126.33621215820312,174.07208,348.37463
295.3723831176758,121.71824645996094,177.00383,353.97043
296.3294143676758,119.73274230957031,181.45793,356.54337
299.04000091552734,116.95246887207031,182.2665,359.79593
299.44384765625,114.29621887207031,184.69562,360.76517
301.70997619628906,111.04704284667969,184.1293,366.02768
298.5374069213867,110.41354370117188,185.99348,366.14526
298.6357727050781,108.19595336914062,183.54993,368.2544
293.171630859375,107.68833923339844,183.8891,367.42734
291.9928436279297,111.71485900878906,183.59067,363.064
289.6915054321289,108.14205932617188,181.38756,365.81665
287.8224639892578,114.92271423339844,178.4678,360.8873
285.21451568603516,116.69429016113281,177.34203,357.47537
286.03038024902344,116.90596008300781,174.51962,356.6326
287.50999450683594,118.6510009765625,170.4874,357.2968
288.70668029785156,119.00205993652344,168.59927,357.54453
290.8976745605469,121.03900146484375,164.99915,356.10797
291.4006118774414,122.85943603515625,166.95555,355.18964
290.4445114135742,124.41606140136719,168.25667,350.30283
291.94451904296875,124.31816101074219,168.90375,353.10043
289.69203186035156,123.93743896484375,172.60172,351.50385
287.8289566040039,122.25198364257812,175.46703,351.47852
287.5597381591797,119.76643371582031,175.37204,355.18826
285.23462677001953,118.79185485839844,177.3853,355.87082
285.29681396484375,118.16537475585938,178.50165,356.58618
283.5351867675781,116.78814697265625,179.60327,357.16473
285.51952362060547,114.73611450195312,178.13106,359.92957
284.8770294189453,112.60931396484375,178.17642,362.56342
288.7651901245117,112.95687866210938,174.54597,363.3849
289.1159439086914,113.19207763671875,172.48924,361.096
291.66819763183594,112.28388977050781,172.87509,363.3068
293.89087677001953,113.94322204589844,169.5219,364.45273
296.17079162597656,113.11375427246094,166.60818,360.37717
297.4177932739258,116.2830810546875,165.83232,361.0633
298.5494079589844,118.49052429199219,166.81592,359.99338
299.5158004760742,122.05455017089844,163.59798,353.19455
300.28773498535156,124.05233764648438,163.95755,352.73608
298.6867904663086,126.05738830566406,160.88039,351.94547
300.0735855102539,127.94219970703125,162.90709,350.80634
298.2295837402344,130.82041931152344,160.55872,344.27805
297.6939239501953,132.46665954589844,164.2131,342.9827
298.2734909057617,134.5774688720703,160.28719,342.8754
295.82120513916016,136.53448486328125,165.77238,340.43872
296.9139175415039,136.6205596923828,160.09813,339.3298
302.0500946044922,138.98526000976562,156.70071,337.78906
299.6996307373047,136.7263641357422,162.16592,339.05753
302.2272186279297,140.0472412109375,157.43338,337.3811
305.29893493652344,137.7379608154297,158.00809,340.90848
304.5569305419922,139.38446044921875,157.10391,336.6729
307.69895935058594,138.26657104492188,155.75052,339.86707
309.10535430908203,137.6443328857422,154.67027,342.46884
313.33390045166016,138.5823974609375,151.22832,338.12408
313.3990936279297,133.204345703125,149.65268,342.472
312.9687271118164,136.1170196533203,146.69102,341.55014
313.0628433227539,137.63636779785156,149.43993,340.66702
304.16925048828125,139.18911743164062,156.98767,335.80432
305.5804748535156,138.38201904296875,153.44934,337.00848
306.1576232910156,140.91636657714844,151.91156,335.59818
299.3345413208008,142.7086639404297,156.59581,331.1968
304.26038360595703,145.0959014892578,149.23064,329.2955
306.0067596435547,148.84048461914062,148.04294,327.7467
306.20310974121094,151.39776611328125,150.12167,323.9619
307.15992736816406,155.91761779785156,147.27744,318.93063
308.70003509521484,159.845947265625,147.00105,318.83246
308.46632385253906,160.6807861328125,145.85062,315.2273
308.4014892578125,161.1195068359375,147.49017,315.94757
307.8629913330078,163.53762817382812,149.76218,315.13763
311.38407135009766,164.09593200683594,146.08287,312.87454
301.39823150634766,163.93869018554688,157.24736,313.18262
309.9780807495117,165.49679565429688,147.73213,313.3786
314.3218231201172,164.42515563964844,145.04092,313.598
312.8959426879883,161.7425079345703,147.03581,316.64944
312.7158508300781,164.14720153808594,144.79474,312.35764
309.6551513671875,163.89520263671875,146.34808,315.4184
309.95182037353516,167.2689971923828,142.19566,310.51822
307.7274475097656,160.7794647216797,142.15845,319.05936
305.2333984375,164.43817138671875,142.92712,314.58038
303.8130569458008,159.45343017578125,143.70866,318.82056
302.60182189941406,167.17799377441406,144.70242,311.7377
305.74149322509766,161.625,143.86382,316.72925
309.3767852783203,169.77108764648438,137.30771,309.92444
307.7935791015625,171.5299835205078,139.83698,308.62387
310.8094482421875,173.82740783691406,136.64917,303.72806
312.82420349121094,170.627685546875,134.7402,307.55945
309.1609649658203,177.59701538085938,139.3439,300.00256
313.4010925292969,178.9407501220703,137.12738,301.32864
312.5044708251953,181.98411560058594,137.28207,294.8904
308.76888275146484,177.03192138671875,142.88557,301.89032
313.11656188964844,181.257568359375,136.93369,295.63135
312.0162048339844,174.94552612304688,140.76495,303.0598
314.7561264038086,179.35244750976562,136.23598,299.74805
317.31005859375,172.32275390625,136.89008,308.24207
316.9831771850586,177.85333251953125,137.23042,301.95996
316.8494415283203,168.76217651367188,139.28311,308.93628
310.45252227783203,170.19992065429688,146.68669,308.37787
310.76588439941406,170.5201416015625,145.02133,307.86536
308.8537139892578,166.3355255126953,149.30844,311.9852
308.88748931884766,167.05484008789062,147.14519,310.7293
308.4556121826172,168.02545166015625,148.4924,310.22717
310.24407958984375,166.352783203125,146.20825,311.09937
312.2743453979492,168.52536010742188,143.79378,310.3595
304.0836868286133,163.1479949951172,151.49779,312.39774
308.4762725830078,166.4102783203125,146.43906,311.58344
310.19530487060547,164.97409057617188,145.17525,311.6939
312.6108169555664,165.6442108154297,141.40941,312.21097
315.7458267211914,166.88565063476562,139.05418,311.75006
318.90470123291016,167.11082458496094,134.14299,313.0187
320.61417388916016,166.62075805664062,133.32805,312.76282
323.02741622924805,166.20675659179688,127.4744,310.85962
323.78193283081055,169.17770385742188,125.77018,312.82812
324.3141441345215,168.68792724609375,124.16285,310.23364
324.3567543029785,169.18788146972656,124.82006,311.9999
323.07096099853516,169.82275390625,124.079636,311.01306
324.39294815063477,169.3385772705078,122.75854,311.47476
325.5989875793457,169.03890991210938,121.89736,310.891
320.2685203552246,170.7624053955078,126.09455,311.0449
320.0300102233887,170.1282958984375,127.10526,309.05902
318.6820526123047,170.1061248779297,130.75912,308.57285
317.1802673339844,172.0517578125,131.63562,306.47473
318.563232421875,170.53372192382812,131.5224,307.60254
313.4028091430664,171.62022399902344,136.32463,307.66782
314.31398010253906,171.7798309326172,135.30899,307.03763
314.9380798339844,176.70037841796875,134.8092,301.6676
316.83345794677734,174.23658752441406,134.12294,305.65414
315.60413360595703,178.0176544189453,134.28624,303.17752
313.13968658447266,177.16180419921875,135.86241,302.56268
308.52799224853516,179.62625122070312,140.72575,301.30164
313.82810974121094,180.18637084960938,132.57907,300.031
313.1043930053711,177.46205139160156,132.3307,300.75247
316.93697357177734,180.6854248046875,128.58827,295.51044
320.28223419189453,178.77520751953125,123.60936,299.885
321.6043243408203,179.7613983154297,121.14426,300.13474
320.62325286865234,180.48822021484375,122.945694,299.78027
323.16655349731445,182.68016052246094,122.66244,300.50748
323.9139709472656,182.65585327148438,122.460815,298.93317
325.76554107666016,181.77459716796875,123.53386,297.05585
328.47330474853516,183.89041137695312,120.58348,297.78967
326.58548736572266,184.78317260742188,122.75389,295.5014
329.606689453125,187.75965881347656,121.11438,290.8157
333.76904296875,190.34295654296875,116.38751,290.46094
333.0737419128418,191.2302703857422,118.7136,289.7623
331.65999603271484,194.73538208007812,118.52486,285.92932
329.9984931945801,194.98098754882812,120.336754,282.98737
331.60235595703125,197.09432983398438,118.479614,283.70807
332.2072639465332,198.3578338623047,118.2709,281.57645
335.0007858276367,198.70840454101562,117.826004,281.713
338.729923248291,200.4563446044922,115.00329,279.63803
342.1975402832031,203.6516571044922,113.2984,277.10092
344.34423065185547,203.32398986816406,112.9081,279.31516
346.3091697692871,202.26492309570312,111.73939,277.76355
349.1480026245117,201.859130859375,110.531876,281.1991
349.77606201171875,200.57557678222656,109.50903,283.88394
349.4944953918457,199.75250244140625,109.901085,281.19647
348.8600883483887,198.60772705078125,110.017494,283.72113
348.2678680419922,198.3017120361328,109.94815,284.00565
346.87498474121094,195.33168029785156,111.86215,284.8887
345.6086235046387,194.50973510742188,112.047646,283.3086
343.9044189453125,194.39039611816406,114.91266,285.84982
345.7326850891113,194.6095733642578,113.60641,285.50058
345.98523330688477,194.99493408203125,112.97729,283.5968
345.50061798095703,195.43130493164062,113.80626,287.6621
344.43122482299805,198.7543182373047,112.95652,281.6133
344.2670135498047,199.60647583007812,112.905975,281.45148
342.9576301574707,203.85653686523438,113.329,278.1338
342.3341064453125,205.02125549316406,114.618286,273.6298
344.08205795288086,205.6844940185547,113.03846,274.9263
342.20247650146484,206.25001525878906,115.112015,273.22592
343.13585662841797,211.41668701171875,114.13594,269.18604
344.7218360900879,208.7284698486328,114.09118,272.27182
344.68974685668945,208.07359313964844,114.19973,272.1771
344.2584800720215,207.98260498046875,114.60273,272.57507
345.0172348022461,207.69268798828125,114.3387,272.34332
345.83831787109375,206.93946838378906,115.00488,274.082
347.19347763061523,205.2933807373047,116.2895,275.10513
348.21702575683594,204.7847900390625,116.3522,274.06042
349.306827545166,207.32583618164062,115.78936,274.7066
349.2644271850586,206.365966796875,116.24959,275.09833
349.4591293334961,209.42755126953125,116.68593,271.3507
352.1253356933594,208.175048828125,113.3017,273.6834
351.88531494140625,207.76556396484375,114.292725,273.61694
352.49353790283203,212.85394287109375,112.68028,268.27173
355.2554054260254,212.9480438232422,112.93194,268.6002
355.55914306640625,213.6031951904297,108.5119,269.6218
356.50610733032227,213.57394409179688,108.803825,268.78778
356.39177322387695,213.7052001953125,106.92861,267.60962
356.70830154418945,213.49942016601562,106.15316,268.54108
356.388916015625,213.36932373046875,105.72656,269.1009
357.33093643188477,212.17251586914062,105.583244,271.33795
357.4756622314453,212.686279296875,105.65695,267.3683
357.6969566345215,211.50469970703125,108.340034,268.3499
358.56814193725586,210.9705047607422,106.37757,270.61832
359.31029891967773,209.8520965576172,107.52631,272.0737
360.3307991027832,209.01551818847656,107.07656,274.1973
361.45739364624023,208.50596618652344,107.62574,271.68375
361.7019844055176,208.3211669921875,106.90786,273.45093
362.1554832458496,207.78118896484375,107.623116,274.35254
363.3435592651367,207.8578643798828,106.54341,274.35684
363.5139045715332,206.72021484375,107.04769,274.04413
364.1875877380371,207.58599853515625,106.2096,273.1128
365.204288482666,207.02549743652344,107.526726,273.27286
365.5533790588379,205.75221252441406,108.31481,275.49814
366.02902603149414,207.01043701171875,106.851006,275.62653
367.98095703125,206.40834045410156,107.06128,276.27103
368.16443634033203,205.9059295654297,105.85515,277.09457
366.59946060180664,206.39578247070312,107.122246,276.43298
366.73902130126953,206.44390869140625,109.59337,275.64166
365.85089111328125,207.91592407226562,108.29889,273.68604
366.20350646972656,209.37216186523438,110.06772,272.14215
367.06603240966797,209.20062255859375,110.96681,273.03723
366.4757080078125,209.39720153808594,110.068054,272.27005
365.3863182067871,207.90603637695312,112.31245,272.1349
370.0114326477051,206.83929443359375,108.40536,274.7163
370.4108772277832,206.17288208007812,106.295494,274.9958
372.75523376464844,205.7007598876953,104.08566,273.92026
377.20739364624023,206.3045654296875,99.61787,274.32904
375.02445220947266,207.61988830566406,99.39195,273.49332
373.7590560913086,206.88914489746094,99.96413,272.8439
375.22251892089844,206.66305541992188,99.57126,272.77197
375.4262161254883,206.59075927734375,97.338974,270.33875
376.33123779296875,206.97633361816406,99.38782,270.51315
374.8283233642578,206.83067321777344,98.6257,270.92856
374.6825523376465,206.89047241210938,98.267525,270.42346
372.548038482666,207.24400329589844,99.67211,270.23904
371.8211441040039,207.2872772216797,102.425644,269.55734
371.48298263549805,206.9708709716797,98.10038,269.6135
369.8273048400879,206.54718017578125,101.46099,267.72565
371.2283515930176,205.97665405273438,98.958336,267.83374
366.9031791687012,205.6825408935547,100.620094,267.36526
365.6551055908203,203.98468017578125,104.267975,267.1637
364.3095588684082,201.99676513671875,104.8821,269.21545
362.71076583862305,203.07777404785156,106.3881,267.2086
362.6240921020508,201.77706909179688,106.86827,269.28937
361.6045227050781,200.97079467773438,107.19806,268.25836
362.79212951660156,200.81590270996094,107.87991,264.5142
364.16743087768555,199.18356323242188,105.19999,261.2771
364.0823554992676,198.2553253173828,106.28121,259.51193
364.80186462402344,195.45091247558594,105.34213,258.21915
365.27322006225586,193.79600524902344,104.83216,258.8862
368.25329971313477,193.16163635253906,102.34045,257.14865
373.171573638916,192.05712890625,97.2503,256.8947
371.5705146789551,192.0667266845703,99.580894,258.04196
374.31995391845703,192.1766815185547,98.02971,256.1625
376.10184478759766,191.9853973388672,98.609665,256.4415
378.66098403930664,194.4508056640625,95.79589,254.92157
377.1857261657715,194.43258666992188,97.387886,256.35962
378.3831977844238,196.20413208007812,99.748314,258.9856
378.5589790344238,198.6740264892578,96.24154,259.66153
381.4464569091797,200.81222534179688,97.714935,258.88074
382.22868728637695,203.9864501953125,94.88387,258.97833
383.12037658691406,207.23828125,95.134186,257.33575
382.974796295166,209.02391052246094,96.747795,257.17923
386.69763946533203,212.03579711914062,94.15239,256.12085
389.43797302246094,212.76192474365234,94.88907,255.69716
391.3794288635254,214.35912322998047,91.49639,254.2812
388.9335021972656,214.75469207763672,97.06433,254.11873
389.0247497558594,214.05419158935547,96.7655,253.60371
389.2713203430176,213.44772338867188,97.463036,252.15424
389.2083435058594,212.1939697265625,96.81769,250.4455
387.7961311340332,212.75972747802734,97.18032,249.64565
386.1889419555664,213.04051208496094,101.7343,247.11911
386.66128158569336,213.4530487060547,101.805244,246.30637
387.54058837890625,212.53001403808594,100.615234,246.68985
386.9383010864258,212.82793426513672,101.42186,244.8589
386.93814849853516,214.89032745361328,102.088425,243.1392
386.4608154296875,216.09612274169922,102.355225,243.58669
388.1904640197754,217.48989868164062,100.480644,243.19751
388.4620552062988,217.74713897705078,98.385155,244.58452
390.14345932006836,220.9975128173828,93.461555,242.238
391.99079513549805,221.05574798583984,92.146034,242.43196
391.71275329589844,224.1970977783203,89.546844,241.04697
392.38031005859375,224.68720245361328,91.0022,240.0861
392.87084579467773,225.6963653564453,89.06281,240.34787
394.53282928466797,225.40128326416016,89.274185,239.57195
394.7805824279785,226.30635833740234,89.74792,238.17397
394.9767761230469,224.27196502685547,90.644226,238.56941
397.1750183105469,222.70443725585938,88.749084,237.44965
396.16265869140625,220.7927017211914,87.66925,236.40135
395.6525573730469,218.6031723022461,87.73529,235.92195
395.13700103759766,215.7405548095703,87.55766,235.40134
393.3211135864258,212.89009857177734,88.879684,235.79713
390.591064453125,210.47982788085938,90.67163,236.00244
388.15655517578125,206.23495483398438,92.17474,237.83398
385.41138458251953,204.8553924560547,92.57768,237.39487
383.6080513000488,204.07870483398438,94.925255,236.07397
382.0007667541504,204.06047821044922,95.01067,237.24751
379.3723258972168,204.20008850097656,96.21543,236.76773
379.3543472290039,205.15443420410156,98.6599,236.53775
379.2013702392578,209.7026138305664,94.34091,233.66826
379.60144805908203,212.83920288085938,97.10777,232.07855
379.06824493408203,215.4722900390625,96.82042,232.52386
378.0020446777344,219.64598083496094,96.16687,232.4271
376.7699508666992,223.15640258789062,98.671036,231.05951
380.1460494995117,225.2573699951172,95.61977,230.68515
381.75888442993164,228.41796112060547,94.74456,231.17622
382.9757614135742,230.0412826538086,92.458755,231.23903
382.89490509033203,233.36923217773438,90.04851,229.90314
381.7020492553711,233.31645965576172,93.45717,229.821
382.6081008911133,234.44441986083984,91.29344,228.81258
382.29845809936523,232.9354019165039,90.21131,229.38127
385.69467544555664,232.76941680908203,85.79711,228.31285
384.60313415527344,232.09662628173828,85.838165,229.59319
384.7196464538574,230.43061065673828,87.30021,227.42284
386.26304626464844,229.7220001220703,87.1066,229.48264
387.9430465698242,229.96062469482422,87.0049,229.63734
390.9057273864746,230.66400146484375,84.20588,228.42322
390.2925834655762,230.9966583251953,84.476234,227.61844
391.2672576904297,230.55722045898438,87.16696,227.83191
392.2518501281738,231.7837905883789,85.45278,229.15947
391.0534248352051,232.02588653564453,89.7828,227.98265
390.5209083557129,231.29987335205078,91.0006,228.70622
388.4133987426758,234.66376495361328,90.508224,228.7838
387.15612030029297,234.54562377929688,94.07796,229.20233
386.05318450927734,233.3051986694336,93.9897,230.86293
385.8643264770508,235.92684173583984,95.11723,228.53865
385.7663803100586,233.7517318725586,94.502396,230.02296
385.95936584472656,235.24816131591797,94.05002,228.61421
386.63484954833984,234.65502166748047,95.42561,225.59883
387.69152069091797,234.33899688720703,94.969986,224.24174
391.0579643249512,231.7662353515625,92.2111,223.35034
392.4984245300293,229.72994232177734,93.054726,224.00356
395.23304748535156,228.92462921142578,91.9025,223.66148
398.8302803039551,227.11993408203125,89.303,224.72693
401.1707305908203,225.04064178466797,89.11661,225.44405
403.2581901550293,225.04155731201172,86.395,223.93428
405.60428619384766,223.10930633544922,86.47362,223.73726
405.5721893310547,223.7508087158203,85.550995,225.65475
406.56529235839844,222.77734375,87.32913,223.73938
406.62231826782227,223.54054260253906,87.60351,224.99838
406.66857147216797,224.697509765625,86.78273,223.49744
406.68976974487305,226.01931762695312,88.06876,225.51929
406.5052299499512,227.1625213623047,87.73545,225.32211
407.61384201049805,227.78868865966797,86.93479,225.33534
408.1706237792969,228.04320526123047,85.80011,226.63234
407.91694259643555,229.44478607177734,86.327614,227.12141
411.18517684936523,230.10848999023438,83.5268,226.22552
413.0330696105957,229.27552032470703,80.89431,226.27519
414.98374938964844,231.1004409790039,78.65048,224.34825
415.8784942626953,229.32862854003906,75.43356,226.09348
418.1517677307129,229.72161102294922,72.156425,225.93373
418.44026947021484,227.3046417236328,69.653885,226.76773
418.8177680969238,226.60474395751953,67.3688,225.73967
418.8390312194824,226.09693908691406,64.3621,224.28781
420.5050220489502,225.08036041259766,59.959805,224.1685
422.5509338378906,225.68701171875,57.83203,224.65881
420.79871940612793,225.2068328857422,58.809788,224.84592
423.13560676574707,226.9478302001953,55.922634,224.60037
422.6274890899658,227.8332748413086,55.938076,225.00948
424.2351932525635,227.76251220703125,56.040295,225.30249
423.1464900970459,227.78057098388672,58.216785,227.57845
424.05372047424316,227.87372589111328,58.41447,227.53374
424.16649436950684,228.92269134521484,59.609394,228.11275
424.6374626159668,229.35630798339844,61.46946,227.7875
424.16768646240234,228.81396484375,63.671402,228.68744
421.5014228820801,229.1885986328125,67.3149,229.47784
422.80192947387695,228.84099578857422,66.55666,228.09047
420.16104888916016,228.87207794189453,70.298935,229.05449
420.8598098754883,228.13140869140625,69.58,227.90881
421.51941299438477,226.5040283203125,70.05157,229.31232
420.8836669921875,225.0920181274414,71.290405,230.39262
419.6876792907715,224.40182495117188,72.55329,229.11066
420.5984802246094,223.2348861694336,72.23877,227.50075
419.59994888305664,221.67731475830078,74.394585,230.43175
418.0978698730469,220.78048706054688,76.372986,229.09943
420.05259704589844,220.39913177490234,77.62509,231.23671
419.3476333618164,220.40794372558594,76.139145,228.33841
418.0162353515625,218.4610366821289,79.3053,230.95299
418.96239852905273,218.64850616455078,76.40699,230.19737
417.32060623168945,218.19534301757812,77.684654,232.89203
415.4229965209961,217.74813842773438,79.133804,232.3667
413.5642776489258,218.51996612548828,79.5764,233.58867
413.1426200866699,217.40863800048828,79.768776,235.08049
414.6043243408203,218.78026580810547,76.23172,234.34999
412.0422019958496,217.18218994140625,77.61677,235.30627
411.710018157959,216.20966339111328,76.69117,235.82628
410.15544509887695,215.72205352783203,76.199486,235.51537
411.6243591308594,215.95417022705078,73.674805,236.73656
404.4628028869629,211.99130249023438,79.47149,238.88135
403.38083267211914,211.98314666748047,78.19451,238.70186
402.66361236572266,210.99755859375,78.49126,239.17047
402.79236221313477,209.56570434570312,76.759575,239.3703
398.47143936157227,208.3350372314453,80.67785,240.83707
400.3577690124512,208.6572494506836,78.14152,240.1296
398.78941345214844,207.64348602294922,79.76663,242.17513
396.2252426147461,205.58431243896484,83.40718,243.90535
397.1584281921387,206.22628784179688,83.498085,245.10126
396.85316467285156,206.2561492919922,84.16861,244.6235
394.8611030578613,205.7560272216797,86.617516,246.59055
390.81903076171875,205.69384002685547,92.46735,246.29488
394.207763671875,206.3641586303711,92.615906,248.24068
392.5474433898926,206.7136688232422,92.66659,248.00027
392.2426300048828,206.59373474121094,97.95181,248.41946
392.5664291381836,206.0977783203125,98.82533,251.08618
391.7590141296387,206.54496002197266,102.61637,251.04375
392.5140686035156,205.70172882080078,100.377075,252.76976
392.83824920654297,205.61847686767578,101.99385,251.88585
395.61759185791016,203.14735412597656,101.49614,254.23257
398.2298240661621,203.81230926513672,98.74537,253.38222
397.1938667297363,204.09844970703125,99.055016,254.87341
396.5591278076172,205.09642028808594,97.283356,256.43576
395.50850677490234,207.5362091064453,97.86635,257.97586
394.1107292175293,209.89613342285156,99.09312,256.46396
394.20379638671875,211.97442626953125,97.77136,259.20642
392.6026725769043,214.13232421875,99.03721,259.5865
392.4221725463867,216.74159240722656,98.7679,259.83884
391.73802185058594,219.00860595703125,100.09201,258.84863
394.0421333312988,221.03631591796875,99.26034,257.37433
395.0752601623535,223.01405334472656,98.05663,255.68222
395.3721237182617,223.5205841064453,100.089554,256.77512
396.2983169555664,223.36192321777344,100.642624,257.62015
395.8446846008301,221.66468811035156,102.33346,257.4543
400.6034736633301,219.73292541503906,98.97555,259.40848
402.748836517334,217.57904052734375,98.3581,260.7431
401.9330635070801,215.3368682861328,99.72689,261.77188
400.51044845581055,211.34091186523438,99.71189,263.1961
399.22605895996094,208.18896484375,100.07596,263.3396
400.9926567077637,205.59080505371094,98.59165,261.82187
399.56957626342773,202.762939453125,99.94837,263.9563
401.2030715942383,202.70826721191406,98.617966,265.1475
400.0497932434082,201.59072875976562,99.40951,266.15558
397.6663627624512,201.1340789794922,101.639015,268.9169
399.32007598876953,201.4410858154297,102.00377,270.16818
400.3315620422363,203.27597045898438,101.06948,270.52527
401.6434783935547,204.0396270751953,100.40329,271.94583
401.1217155456543,204.89962768554688,102.8505,272.34363
401.5150909423828,206.61312866210938,101.980316,271.98816
401.0721969604492,208.3468017578125,104.55299,271.891
403.31050872802734,209.9224395751953,103.9919,271.41275
406.38972091674805,208.55877685546875,99.97404,271.80682
405.5927505493164,208.40757751464844,102.134445,271.94797
404.673828125,206.97158813476562,102.88953,274.42883
405.85934829711914,204.5790252685547,102.246086,275.42514
406.285587310791,204.15049743652344,102.23345,275.57846
406.88359451293945,202.1323699951172,102.01711,276.7108
405.78517150878906,201.8152313232422,103.926544,278.28696
405.20656967163086,199.84193420410156,106.27302,279.80728
406.3039016723633,198.7758026123047,107.01225,280.58804
407.41864013671875,198.33493041992188,105.97699,281.5241
408.31490325927734,199.62619018554688,104.51131,279.74103
406.9758834838867,199.0093231201172,105.47731,281.27365
405.92520904541016,197.86656188964844,105.60216,283.09488
404.5103645324707,201.5577392578125,106.34371,280.3327
403.2770576477051,200.71859741210938,109.10616,279.3462
403.91866302490234,201.8534393310547,106.080826,280.3572
407.5788345336914,201.65646362304688,104.699326,278.3111
403.7537841796875,203.9696502685547,106.30853,277.45737
402.56542205810547,202.681884765625,108.498856,277.00952
405.19269943237305,203.46755981445312,105.4376,278.10632
403.9655570983887,202.9163818359375,107.27531,276.43677
406.4624328613281,202.23709106445312,107.32721,278.72748
406.0045280456543,202.7530517578125,107.61399,276.56598
407.78897857666016,199.9763641357422,108.619675,281.0911
407.32433319091797,201.6599884033203,108.65364,278.81326
404.6784248352051,199.81939697265625,109.943016,280.15106
404.3842010498047,197.20469665527344,112.931915,284.381
406.212833404541,196.35089111328125,109.865105,284.59583
406.2334632873535,195.09390258789062,109.94195,284.08813
406.42606353759766,193.44903564453125,110.32042,287.96295
405.6464385986328,191.94459533691406,111.07065,287.47055
407.17499923706055,190.98805236816406,110.55674,290.4634
407.2083168029785,190.60147094726562,109.28472,290.4972
405.6467971801758,190.7649383544922,111.80937,290.68942
405.2575225830078,191.21519470214844,112.24661,288.9794
405.4363822937012,191.07565307617188,112.11387,290.32794
406.3925247192383,190.8869171142578,113.219955,288.90768
409.28722381591797,190.82321166992188,109.68208,289.0025
409.98033905029297,192.0684356689453,110.484695,289.301
408.6551971435547,191.37342834472656,112.09512,288.12222
410.2241973876953,191.66766357421875,111.095,290.58203
408.14257049560547,191.30056762695312,113.57741,289.11786
409.5686225891113,191.68540954589844,112.84548,288.1918
407.3482475280762,189.86656188964844,115.96311,291.37485
408.71067810058594,188.70333862304688,113.64011,292.47058
406.1251335144043,187.2957000732422,116.27189,292.19064
406.31760025024414,185.1005859375,117.32763,295.39734
409.28247451782227,184.3045654296875,113.82519,296.06512
408.51066970825195,183.2252655029297,115.78384,298.87302
410.69183349609375,181.09519958496094,115.07825,299.64218
407.91175842285156,179.29574584960938,118.15524,299.82513
408.87912368774414,178.31829833984375,119.16503,301.97504
410.7566375732422,179.56715393066406,116.27139,300.3774
411.55176544189453,180.04722595214844,116.45482,300.5142
409.6303482055664,182.02125549316406,118.74248,298.94724
411.59078216552734,185.15501403808594,117.15254,295.56107
410.4098815917969,186.60826110839844,119.8418,293.66568
411.0865669250488,190.9286346435547,118.53927,289.94833
411.0632972717285,190.4026336669922,120.41985,289.53317
413.38599014282227,189.2993927001953,117.66906,291.0911
414.28873443603516,189.90005493164062,117.56816,290.75903
415.2925605773926,191.84889221191406,117.425865,289.12997
414.38330078125,191.33677673339844,117.71289,289.31284
411.50553131103516,188.0486602783203,121.573715,292.01004
413.89970779418945,184.49549865722656,119.5541,295.54953
413.1014175415039,185.78819274902344,120.948654,293.88284
413.21939849853516,181.64146423339844,122.28166,298.13443
413.1712226867676,182.5036163330078,121.67098,297.72818
412.98659896850586,178.6273193359375,122.56135,301.78516
413.7897415161133,178.4088592529297,121.05998,301.84714
412.0360794067383,176.65109252929688,124.584946,302.52466
411.039306640625,176.48683166503906,124.44977,303.53763
411.6007080078125,173.22512817382812,124.2583,306.94684
410.81006622314453,173.95440673828125,126.027756,305.97638
412.5856475830078,173.1305694580078,124.65927,307.6179
413.8529930114746,173.5255889892578,124.095345,307.04886
413.35212326049805,171.47943115234375,126.203285,308.18665
415.6197814941406,169.78741455078125,124.33209,310.43494
416.44328689575195,171.81488037109375,124.97622,307.69464
413.3319778442383,171.677001953125,129.03734,307.7782
415.54590606689453,169.58233642578125,127.31065,311.24432
417.7687530517578,168.44635009765625,126.03287,312.41852
417.6873359680176,168.71095275878906,126.547874,311.24838
419.0327339172363,164.57261657714844,126.785545,315.29507
417.3109588623047,165.59564208984375,128.202,312.76672
416.87940979003906,165.01348876953125,128.48605,313.6941
417.8176040649414,164.04949951171875,128.81548,314.84906
418.0849914550781,163.18572998046875,130.25616,316.1892
420.36864471435547,162.89263916015625,130.10481,316.6408
422.23265838623047,162.49253845214844,127.97017,316.89914
422.60728454589844,161.59254455566406,130.93967,316.327
426.8108253479004,163.6240997314453,127.981926,314.53543
426.2850875854492,164.61029052734375,130.53682,313.3026
425.5073013305664,165.12681579589844,134.84142,313.1733
424.0706253051758,166.40621948242188,139.18547,313.35834
428.24646759033203,165.5928955078125,135.53471,313.06616
432.49454498291016,164.25503540039062,134.85869,314.1914
434.2448043823242,164.1319122314453,135.53658,314.41934
434.8445129394531,162.9189453125,134.94788,314.55322
435.94749450683594,162.54469299316406,136.8497,316.94565
435.3067932128906,160.40957641601562,138.62427,316.57788
437.11769104003906,157.62171936035156,139.86142,320.43582
439.0596923828125,157.90875244140625,138.66473,317.90887
441.6650390625,154.6968231201172,138.84521,322.79617
441.60841369628906,156.93377685546875,139.26859,321.92944
443.0620422363281,153.73507690429688,139.71863,324.65942
444.6046676635742,151.18777465820312,140.4681,327.4242
444.9577331542969,152.7571258544922,141.20709,327.2476
445.2039031982422,149.9239044189453,141.02573,327.81998
447.15928649902344,147.5415496826172,143.15549,331.5233
448.1847457885742,149.57733154296875,138.98982,328.02887
448.6079864501953,148.00779724121094,144.17746,329.4667
449.51414489746094,148.136962890625,139.42282,330.4566
448.5606384277344,146.62181091308594,143.13458,332.5115
445.7397994995117,147.55517578125,142.36653,329.82275
444.86610412597656,144.6849365234375,146.74759,334.2627
444.779052734375,145.97874450683594,142.06769,332.5002
441.18534088134766,144.8020477294922,147.2954,335.18076
441.4748229980469,143.67962646484375,142.83624,335.10864
439.32371520996094,142.29568481445312,144.18643,335.8786
439.18575286865234,141.88377380371094,140.9435,336.8679
433.4692840576172,141.82188415527344,145.89871,336.897
434.3947448730469,144.3363800048828,148.11035,333.7894
433.71703338623047,140.71112060546875,144.12495,337.17303
431.6884002685547,143.8528289794922,145.35995,335.6241
430.2740249633789,146.53268432617188,144.97466,331.57056
427.9670104980469,147.5704345703125,145.99957,330.66083
426.2544403076172,149.39956665039062,147.23935,328.52112
426.5707092285156,152.04443359375,143.67694,326.5299
422.61363220214844,152.29458618164062,145.5632,325.54047
424.05142974853516,151.65187072753906,144.57127,326.5259
420.3753662109375,149.83148193359375,142.53961,327.94122
416.14888763427734,152.38961791992188,143.56227,325.88586
409.4701614379883,150.98635864257812,145.53294,325.81244
406.53639221191406,152.53334045410156,144.34232,324.51663
398.83934783935547,150.2914581298828,147.25008,327.5212
393.29998779296875,151.5359344482422,146.64807,325.05783
387.59810638427734,149.3215789794922,147.4186,326.3821
379.69530487060547,153.3134002685547,146.11641,323.30673
372.98531341552734,152.00827026367188,146.94728,323.9394
366.6671905517578,152.44790649414062,148.11862,325.9287
364.7634963989258,153.02886962890625,143.88231,324.59576
357.43822479248047,152.4359130859375,145.83284,323.9843
357.6706237792969,155.06610107421875,144.83002,320.90277
359.79219818115234,153.6571044921875,141.78749,324.5373
357.54883575439453,149.96206665039062,141.5283,326.57495
357.59131622314453,150.96560668945312,141.90428,327.0235
349.62154388427734,147.7082977294922,145.78407,329.42343
349.4591064453125,148.6249542236328,141.16528,329.66544
345.8596878051758,146.32176208496094,143.7545,333.13632
347.5233612060547,145.8820037841797,139.93051,332.24997
343.40958404541016,140.69764709472656,144.22838,337.88028
339.6668243408203,141.16445922851562,143.49136,337.99518
337.8904342651367,139.91445922851562,145.81642,337.3437
337.4313201904297,139.09024047851562,145.03726,339.72516
334.3182144165039,136.69143676757812,145.39122,341.7744
331.94126892089844,135.53318786621094,145.94101,344.2463
329.51995849609375,134.75082397460938,150.54608,342.2539
328.3431091308594,130.96400451660156,150.59344,348.3245
329.6601028442383,136.7948760986328,148.65611,341.88333
328.38072967529297,130.2898712158203,151.17805,347.29446
330.5621337890625,132.03309631347656,149.6966,347.51578
328.2162551879883,131.0314178466797,152.01903,346.64316
329.4255142211914,133.4845733642578,151.77141,345.17978
326.5050964355469,131.5113067626953,152.7508,346.01974
329.2218017578125,131.72848510742188,149.51752,344.99982
330.1519012451172,133.34954833984375,147.11594,346.15265
327.76641845703125,134.28038024902344,147.25415,342.34714
328.4675750732422,136.42405700683594,145.43521,341.03348
327.21124267578125,134.03451538085938,145.16437,343.92786
327.6981887817383,133.95860290527344,144.29729,343.60226
327.08094024658203,130.480712890625,144.52483,346.01532
327.07059478759766,131.059814453125,144.14604,345.7337
326.8795623779297,130.66275024414062,147.87643,345.1538
327.89793395996094,129.82557678222656,149.06552,347.5803
326.9996566772461,126.44868469238281,152.7159,352.71066
326.51302337646484,128.44696044921875,154.80647,348.3238
328.34412384033203,126.96070861816406,156.53233,351.83585
324.73778533935547,123.96525573730469,160.93526,353.82175
322.89295196533203,122.5140380859375,164.38628,355.02417
321.8603744506836,123.09724426269531,166.11,356.2507
321.12705993652344,121.11088562011719,167.01913,354.90128
319.3709716796875,124.31307983398438,171.38263,352.60577
323.2744903564453,123.98930358886719,170.81046,352.82352
328.4371337890625,120.85038757324219,170.93805,355.63565
325.44063568115234,124.62905883789062,178.90749,350.03387
332.66273498535156,122.73497009277344,175.43704,354.9783
336.6184616088867,118.22581481933594,178.16206,359.36465
339.89183044433594,124.36625671386719,180.5068,354.67923
342.7425003051758,120.45896911621094,182.53569,357.63028
351.79663848876953,123.8701171875,179.34587,353.97583
353.8011245727539,118.13639831542969,182.7086,359.09402
359.5697250366211,117.27792358398438,181.89638,359.63385
365.0797882080078,115.2569580078125,182.54446,361.07153
369.03897857666016,114.97758483886719,181.63402,363.57474
373.3031921386719,112.74647521972656,182.87549,364.58347
377.3015594482422,110.33927917480469,182.86972,365.28885
380.7079391479492,112.77972412109375,184.1573,364.42236
382.8575134277344,112.65057373046875,185.58997,365.81738
388.6153259277344,109.55204772949219,184.29932,367.82376
393.74918365478516,109.66326904296875,184.03307,369.3363
397.43155670166016,109.6068115234375,183.27672,366.53625
398.5405960083008,108.36639404296875,187.62004,369.0514
403.52305603027344,105.59182739257812,185.49557,370.44147
405.5509567260742,105.08349609375,187.59077,372.57935
408.78308868408203,101.77757263183594,186.72173,374.5673
411.54400634765625,101.92716979980469,185.76703,375.0939
411.51245880126953,99.24269104003906,187.2935,377.2844
413.6051254272461,102.4764404296875,187.01967,374.12952
415.07120513916016,95.49029541015625,185.4381,381.98755
420.30941009521484,96.07928466796875,181.70314,380.7721
421.44776916503906,90.63716125488281,182.70267,385.31247
424.75394439697266,92.730224609375,181.01927,384.67432
427.9001922607422,88.56709289550781,178.83884,386.9504
428.4748229980469,86.87348937988281,179.7539,389.69846
429.15303802490234,81.48532104492188,182.44276,397.55682
430.1095199584961,79.80216979980469,181.81068,396.37064
429.6927261352539,76.40158081054688,184.96361,401.38788
432.54149627685547,71.24932861328125,184.09846,407.162
431.49291229248047,71.75785827636719,184.20369,406.8611
433.29234313964844,66.02601623535156,186.90158,413.88644
432.9634323120117,65.83944702148438,184.76265,409.0489
436.12999725341797,64.09268188476562,185.65742,416.42084
435.88775634765625,60.81333923339844,186.0362,420.02115
437.70560455322266,58.55841064453125,185.70787,419.26428
436.0088424682617,55.95051574707031,188.12508,422.5328
437.77101135253906,53.711090087890625,186.52725,426.7696
434.2894973754883,47.84600830078125,185.77385,431.93652
429.1576232910156,48.42842102050781,184.9873,430.38693
425.2562255859375,45.90342712402344,184.5091,432.2156
422.57022857666016,45.46232604980469,180.09349,433.77237
419.0774917602539,40.82118225097656,184.06187,439.7667
415.9707336425781,39.07037353515625,181.20752,438.41492
409.4101791381836,37.69305419921875,181.77846,440.661
405.6293640136719,34.85166931152344,181.60315,443.29007
401.0751190185547,32.46589660644531,181.71591,445.3613
398.0108337402344,27.535903930664062,183.30713,450.3458
395.3418655395508,28.05548095703125,182.2957,450.00964
392.93529510498047,27.966827392578125,184.42915,449.67218
391.04193115234375,29.359451293945312,185.39423,447.40793
386.60669708251953,28.448257446289062,192.16325,446.92416
384.8395309448242,29.735122680664062,194.49202,446.86508
383.2450256347656,32.719482421875,195.18945,446.22217
380.50328826904297,32.28263854980469,197.16475,443.7991
375.3461380004883,38.78144836425781,198.09843,435.0046
367.16607666015625,31.730636596679688,202.04535,445.9738
364.2324523925781,33.704132080078125,200.40076,442.85138
361.3818054199219,38.48333740234375,202.33069,435.88293
358.62001037597656,36.83613586425781,207.18765,437.78598
361.0758285522461,36.29618835449219,206.54994,440.40396
363.92932891845703,32.349365234375,206.60893,445.4137
365.90209197998047,29.923294067382812,205.96211,442.38766
362.9207077026367,33.65838623046875,205.28218,436.8911
357.88548278808594,21.108474731445312,205.58249,454.59995
355.03624725341797,18.221435546875,206.23042,454.89868
349.4047622680664,13.862289428710938,202.0526,463.21744
342.9772033691406,17.91363525390625,195.97913,459.04443
331.4925003051758,12.017807006835938,197.10295,464.98367
321.84667205810547,12.996383666992188,191.57832,464.55203
309.25569915771484,11.528945922851562,192.79591,465.9183
296.2723388671875,12.52783203125,192.95795,462.86182
285.7704544067383,12.5093994140625,192.93779,463.09827
276.28710174560547,10.192962646484375,196.50154,466.53717
267.3309097290039,9.705368041992188,198.65099,467.80093
262.0210952758789,7.739044189453125,196.45213,470.9743
256.3626251220703,7.019134521484375,197.19656,471.91278
254.2150650024414,7.928375244140625,193.90697,470.56952
253.38369750976562,8.841064453125,189.60156,467.51038
255.76458740234375,6.8062744140625,185.24286,472.12842
255.5651626586914,8.537628173828125,185.36949,470.51703
252.16690826416016,11.472747802734375,189.89464,461.78656
247.8231964111328,7.234619140625,191.79764,468.41223
244.2001495361328,8.158477783203125,193.58255,469.42365
238.92466735839844,8.40130615234375,198.70212,464.24866
231.79297637939453,7.8113555908203125,187.64983,468.60397
229.41795349121094,11.736114501953125,186.68784,467.31512
224.23699951171875,12.539138793945312,192.12518,462.17172
218.63319396972656,13.61669921875,188.41946,467.36304
215.62648010253906,13.319686889648438,187.61905,463.88846
215.91619873046875,13.02978515625,181.9898,461.7351
211.8169708251953,9.76959228515625,185.3461,467.0183
203.3521728515625,9.9241943359375,194.86395,467.59607
196.95431518554688,8.270233154296875,203.03394,467.80255
198.68939208984375,5.438323974609375,198.35492,472.48492
201.93279266357422,8.574295043945312,197.40572,471.62997
203.9416275024414,5.773773193359375,197.30309,470.62982
201.27080535888672,7.5454254150390625,197.10323,471.95187
202.44825744628906,6.005279541015625,198.50479,475.68365
197.66082763671875,10.357223510742188,197.38373,466.3174
200.30088806152344,10.915939331054688,193.10434,469.2255
197.0055694580078,7.81201171875,194.43204,472.84607
191.79432678222656,11.710723876953125,191.69449,465.4063
186.26817321777344,8.501296997070312,191.16843,467.58957
174.7342987060547,16.856536865234375,192.55026,465.32953
159.81011199951172,33.98907470703125,200.3907,442.0559
151.2574462890625,49.296661376953125,204.49066,425.00397
149.16458892822266,49.25517272949219,200.84361,427.595
146.24514770507812,57.86724853515625,199.57227,413.92627
144.05245208740234,62.60728454589844,196.8749,412.454
153.1602554321289,64.53697204589844,203.84264,412.45682
165.63704681396484,51.07421875,205.12282,424.85828
169.13880920410156,45.03327941894531,200.46622,427.67612
173.69954681396484,45.45668029785156,207.99184,428.8038
177.46314239501953,29.180587768554688,213.02165,444.47574
180.91368103027344,30.443038940429688,219.04819,446.87344
187.0174789428711,29.787933349609375,220.2643,444.2525
197.6283187866211,18.287994384765625,215.95595,454.2569
205.7505111694336,22.933563232421875,214.71693,451.9626
212.13227081298828,17.944351196289062,214.20854,456.96188
218.8455352783203,21.813095092773438,213.92264,452.84927
227.1014404296875,21.16162109375,214.79742,454.5431
237.55323791503906,19.838973999023438,214.62051,455.31326
248.01534271240234,31.924545288085938,213.30495,443.81766
256.12786865234375,28.168975830078125,215.9748,443.53717
266.7093963623047,45.199493408203125,217.64694,429.6291
283.4572982788086,36.178955078125,214.83473,437.12073
301.93688201904297,49.708984375,215.13228,424.26416
316.93614196777344,51.39112854003906,214.49265,421.97177
333.3740539550781,54.59855651855469,213.89502,418.3876
348.7742462158203,51.86012268066406,216.41837,420.74716
362.0584259033203,60.75250244140625,217.18167,413.06665
371.0981903076172,62.50065612792969,225.98935,411.6829
382.3314743041992,47.96733093261719,238.72542,427.81802
392.1885757446289,55.910064697265625,232.14098,418.50006
400.598388671875,50.167144775390625,227.30939,423.30743
407.0386047363281,48.00276184082031,225.25952,427.7031
414.58345794677734,52.504058837890625,221.27052,424.0489
421.7823486328125,35.14369201660156,216.1839,441.29184
426.0355987548828,48.1497802734375,214.3129,428.2649
438.4528121948242,45.07768249511719,202.46455,431.17776
443.43397521972656,46.486236572265625,197.09,428.65863
451.60423278808594,48.90293884277344,189.97238,427.71414
456.35814666748047,49.77809143066406,186.00838,424.14633
463.05059814453125,55.71197509765625,176.26251,420.92407
469.23978424072266,56.27435302734375,170.34605,422.27612
476.80836486816406,59.44892883300781,164.07571,418.64572
481.53350830078125,62.42539978027344,157.2641,418.4246
487.3817138671875,66.48985290527344,151.07916,416.5186
493.4834976196289,67.60340881347656,147.69127,415.05246
495.02762603759766,73.25531005859375,145.58153,406.93958
499.8102264404297,74.93678283691406,141.38339,406.19785
498.3136215209961,72.92097473144531,143.09401,406.69785
497.93233489990234,73.13197326660156,145.67494,407.04086
500.88441467285156,73.83624267578125,140.51273,406.78687
501.9362106323242,72.7418212890625,139.269,406.6593
503.7001495361328,72.04286193847656,138.08109,404.44492
502.31085205078125,71.53999328613281,140.21686,403.4963
501.81410217285156,70.94479370117188,140.67068,405.164
506.08621978759766,72.96376037597656,135.95238,404.60263
504.9727325439453,73.42578125,138.2681,402.1494
506.8585662841797,73.47369384765625,135.95273,403.15503
509.7018585205078,75.18096923828125,133.39615,400.5714
512.7542572021484,76.22187805175781,130.90121,400.10678
514.6190872192383,79.18000793457031,129.67998,397.46884
516.5651397705078,81.66302490234375,128.52359,395.13196
520.4189109802246,84.17463684082031,124.91309,392.96164
521.3560104370117,85.84616088867188,123.36665,391.00897
523.3917579650879,87.01675415039062,120.40734,389.64807
526.9547576904297,84.91993713378906,115.57974,392.83517
529.1928596496582,84.67207336425781,112.2322,394.56705
533.1542549133301,89.32695007324219,109.567345,392.26407
539.6106109619141,82.8662109375,104.44833,395.86438
548.7761421203613,84.08967590332031,95.89724,397.70114
555.346549987793,86.32666015625,90.18489,394.2229
560.9986457824707,87.14152526855469,82.345665,395.29306
564.3515434265137,78.55839538574219,78.03623,402.27054
567.3384208679199,91.14364624023438,74.35471,391.0595
566.8848266601562,82.90754699707031,74.12903,399.40244
567.6582641601562,80.5162353515625,74.02173,400.80304
567.4645462036133,87.62510681152344,75.428024,397.28226
567.2398490905762,83.95881652832031,75.7783,397.6802
567.8992347717285,82.14289855957031,75.36327,399.304
569.7475051879883,87.55514526367188,73.224045,394.7959
569.5374641418457,87.44540405273438,73.951744,393.34814
567.636043548584,88.87507629394531,72.73884,394.86313
565.1721115112305,86.77325439453125,76.9438,393.64246
563.80419921875,85.92778015136719,78.0166,394.0872
563.8963012695312,86.65245056152344,77.45697,394.40262
564.633373260498,88.35055541992188,76.21226,393.54773
563.7803916931152,89.31224060058594,77.57972,393.2255
564.2770843505859,90.61744689941406,77.01938,392.74216
564.4380264282227,95.15008544921875,77.4138,387.09784
564.7058067321777,98.22315979003906,79.432625,384.3289
564.6269226074219,104.08351135253906,78.393555,377.44193
563.3678588867188,99.229248046875,81.80853,383.208
565.6254806518555,100.57455444335938,77.63985,382.38092
566.8682975769043,106.11082458496094,76.17222,375.20963
566.8615875244141,119.59970092773438,76.033966,363.4793
568.236743927002,122.13592529296875,77.52981,360.0075
566.201171875,123.86552429199219,77.98755,358.236
566.6507415771484,123.23077392578125,76.40164,359.53778
568.092945098877,121.3089599609375,76.790184,361.1595
567.9889106750488,119.3709716796875,75.65859,363.80994
568.0985450744629,120.49324035644531,74.69012,362.03867
567.3761405944824,121.59896850585938,74.16831,359.16803
566.6769943237305,114.62623596191406,76.49837,366.30338
565.6560287475586,112.59367370605469,78.49196,369.76297
563.8109817504883,114.25538635253906,77.84178,366.93948
562.7932205200195,113.65380859375,80.20909,365.1864
561.7816314697266,111.59776306152344,81.93509,369.92642
559.2915077209473,115.50424194335938,85.00158,365.86542
556.7699966430664,120.57345581054688,86.74541,359.16962
555.5992431640625,121.65031433105469,89.43103,356.1428
553.8720359802246,123.01673889160156,91.96809,359.06863
552.277961730957,115.95611572265625,94.27287,360.8806
553.004264831543,120.6268310546875,93.93959,357.5899
549.8237152099609,125.15153503417969,96.595856,352.42722
545.5782012939453,129.725830078125,98.785736,349.4132
546.6748313903809,131.5068359375,96.20362,346.5108
542.8708610534668,129.93988037109375,99.187416,346.28937
545.3039436340332,132.20556640625,98.17245,345.0127
536.9907493591309,126.375244140625,106.20008,349.85992
538.2351570129395,124.97039794921875,104.73641,353.49487
539.9346084594727,123.97268676757812,103.4373,353.29675
534.4104347229004,125.58274841308594,109.620964,353.4448
535.3297805786133,119.65672302246094,106.85814,359.6008
534.388988494873,121.88455200195312,107.06345,355.65656
535.2180519104004,121.40345764160156,107.83379,356.64755
534.4800834655762,121.65745544433594,107.41575,355.18423
537.3704566955566,122.510498046875,107.11706,356.9527
538.6650276184082,118.80131530761719,104.77346,359.22238
539.315990447998,119.07731628417969,104.23209,359.9429
542.7408790588379,115.75483703613281,101.13299,360.83218
543.2466468811035,119.06806945800781,100.12939,360.52036
545.7263374328613,121.27505493164062,97.04934,358.18365
544.4797515869141,121.12069702148438,98.7269,357.38745
541.6657905578613,119.8201904296875,101.210655,358.5044
541.0540504455566,107.74160766601562,104.98962,370.01666
536.9891815185547,110.73017883300781,108.780975,367.17563
535.1102981567383,110.17547607421875,107.59996,367.62714
534.4033813476562,107.09071350097656,109.98682,371.6741
531.0473442077637,108.21730041503906,113.69804,369.84225
527.7108688354492,105.99331665039062,116.11366,372.77966
526.0113830566406,99.53155517578125,119.31702,379.74152
524.0040435791016,96.30902099609375,119.285675,380.1402
522.2970924377441,105.69216918945312,123.31249,371.3476
518.8022689819336,103.98138427734375,126.32155,372.0581
517.0419616699219,103.07028198242188,127.04932,372.92224
512.5330047607422,100.75430297851562,130.93509,375.2425
507.49271392822266,104.78224182128906,135.35759,372.8848
502.436279296875,97.70492553710938,142.48419,380.30957
501.10633850097656,108.67491149902344,139.26212,368.7867
497.6888198852539,103.83126831054688,144.84343,371.8246
486.7737045288086,108.30485534667969,152.56874,368.8193
485.6628723144531,111.20321655273438,151.3374,363.1388
478.7884063720703,111.12205505371094,156.50748,363.29208
476.5070343017578,111.1600341796875,159.21402,363.91534
465.96751403808594,112.8065185546875,169.69968,363.88885
470.5002746582031,113.68161010742188,158.58093,364.00366
461.04258728027344,109.06471252441406,176.47653,365.45718
450.48785400390625,113.898193359375,193.07672,362.8504
457.3805618286133,112.59977722167969,162.11882,361.12057
464.34368896484375,114.59300231933594,176.37714,363.28256
438.63409423828125,115.29022216796875,201.638,359.4057
402.39512634277344,112.96875,234.44797,362.14117
459.19510650634766,110.50042724609375,172.88866,364.0251
451.6187210083008,117.39886474609375,180.49919,356.5733
445.7864074707031,117.68527221679688,185.67664,357.47485
426.41243743896484,118.11886596679688,187.56093,359.03955
447.5865783691406,116.85563659667969,174.28162,357.82626
446.6569290161133,118.96339416503906,163.03691,353.52237
442.7632522583008,109.38169860839844,168.03838,364.93216
439.56746673583984,117.40391540527344,163.25038,358.4949
438.13504791259766,107.74308776855469,170.08434,366.26346
437.0198211669922,114.92500305175781,173.5986,358.12558
433.2092056274414,117.35885620117188,171.52684,357.77338
432.36207580566406,117.11016845703125,163.11172,361.7511
431.9553527832031,120.08934020996094,167.79907,361.02457
431.92037200927734,117.0908203125,165.92201,363.43762
430.11619567871094,122.47679138183594,154.40085,356.34207
430.2523498535156,115.33416748046875,150.5373,365.10748
427.1252975463867,116.712890625,149.22627,365.77838
424.7793884277344,116.64619445800781,147.30243,362.25613
420.3616714477539,121.79603576660156,151.89018,357.31363
416.9195098876953,119.27571105957031,144.23123,358.24112
414.57935333251953,121.86691284179688,139.11198,358.54175
407.8656768798828,118.90144348144531,138.64786,359.4482
403.2317123413086,117.3006591796875,138.98256,361.8589
400.11548614501953,118.56703186035156,138.0855,361.11496
395.84749603271484,115.15773010253906,179.02223,364.46054
389.6333770751953,122.2503662109375,158.95499,354.04822
385.97449493408203,116.91474914550781,156.38835,359.0753
395.5382385253906,113.27117919921875,158.4851,363.76117
391.4589385986328,120.66156005859375,166.82242,354.2282
405.0929641723633,124.68617248535156,156.21062,350.12125
404.6739044189453,116.74244689941406,150.8331,359.94943
402.17625427246094,116.46180725097656,166.62698,355.9548
402.6793975830078,123.78363037109375,162.14047,352.7411
400.80306243896484,114.32460021972656,162.02394,362.07944
398.2742462158203,117.04898071289062,163.08426,357.65472
393.35809326171875,116.87359619140625,165.03131,358.66943
389.7125549316406,114.0029296875,168.5044,359.79077
390.7400360107422,122.47789001464844,162.01376,352.15408
389.0107879638672,114.37008666992188,155.7258,363.109
392.1049041748047,124.81019592285156,148.44846,354.001
386.8863067626953,118.26338195800781,145.74423,359.53415
386.0981216430664,120.85116577148438,147.46056,357.6742
381.40655517578125,120.44461059570312,137.086,357.11737
380.6050033569336,125.180908203125,134.68178,351.28564
374.079833984375,126.217041015625,138.12848,353.43567
376.4832229614258,126.43515014648438,128.6439,350.7821
366.00628662109375,130.14488220214844,138.1261,345.79086
350.8009948730469,125.30242919921875,152.68842,348.99567
352.95115661621094,129.2578582763672,149.86948,344.62344
364.9752883911133,132.44784545898438,130.92467,340.46814
377.059024810791,130.5382843017578,114.880974,344.49704
371.69547271728516,134.23443603515625,119.22795,342.36554
373.2643814086914,134.35690307617188,118.17607,339.7859
367.3146438598633,136.84950256347656,120.47752,339.20187
365.85437774658203,136.24842834472656,130.04893,340.11105
364.5755157470703,138.5172882080078,120.9946,341.98367
361.2808151245117,140.95758056640625,121.71925,338.78076
358.57820892333984,142.8402099609375,128.46187,337.44476
349.49105072021484,142.50308227539062,134.62874,338.15393
345.3529357910156,138.57261657714844,132.65369,340.09842
342.9551467895508,136.257568359375,133.68144,345.07104
339.7294921875,138.5934295654297,135.05273,340.72287
331.86961364746094,137.23680114746094,141.28036,345.71457
326.68030548095703,134.42855834960938,147.9215,343.43445
322.92760467529297,142.2722625732422,148.49153,337.47238
316.2964553833008,135.770263671875,151.69566,342.86005
312.4757766723633,142.73231506347656,151.56902,335.0178
307.97523498535156,144.4310760498047,152.09976,332.8079
302.0265121459961,139.56068420410156,152.40431,337.52896
296.9368667602539,144.75050354003906,152.49046,331.53098
294.9084167480469,143.12327575683594,146.794,333.82065
291.54215240478516,145.89407348632812,146.60649,335.284
287.06941986083984,145.3290557861328,145.1656,333.35727
275.92635345458984,142.15748596191406,152.47597,334.38504
276.30838775634766,138.86819458007812,152.16197,337.93567
266.56724548339844,141.64956665039062,161.53018,334.2187
271.09434509277344,135.59254455566406,151.82285,341.44846
268.14820098876953,139.30540466308594,145.4254,334.95572
272.7817153930664,135.5315704345703,144.10484,339.53232
278.0485153198242,136.8584442138672,131.10982,343.0862
282.1736755371094,133.52777099609375,123.63751,348.2373
279.0700035095215,136.55154418945312,123.08619,343.63477
277.51794815063477,137.6053466796875,120.124504,343.06097
268.2949867248535,138.21112060546875,120.442375,341.46313
263.56475830078125,137.5550537109375,116.854675,341.40363
256.8945503234863,135.28570556640625,117.71865,340.2688
249.89786911010742,134.94488525390625,119.8599,342.04382
242.6414566040039,132.88259887695312,123.03679,347.30988
230.40607452392578,130.19247436523438,126.67552,350.99152
221.7619400024414,130.46279907226562,136.71544,348.87036
209.70304107666016,127.54055786132812,145.43394,354.64227
205.17779541015625,136.3372802734375,147.02148,341.18475
198.91958618164062,128.5006561279297,145.42053,352.6852
191.309814453125,130.6656951904297,145.0802,344.72684
181.419189453125,128.7451629638672,148.77386,353.3118
172.90745544433594,131.87850952148438,151.74832,346.36798
167.31619262695312,130.427001953125,146.4079,345.59686
160.92452239990234,135.68943786621094,142.27003,343.189
153.87254333496094,128.70736694335938,142.77164,349.6161
147.4396209716797,126.33717346191406,144.3599,351.5704
139.26370239257812,120.05137634277344,148.65887,357.85715
137.5244369506836,119.53916931152344,146.0486,359.2352
133.70289611816406,115.22508239746094,141.75797,364.76883
137.73194122314453,115.99400329589844,138.02348,363.95572
140.02472686767578,112.92056274414062,136.43858,368.99243
143.3484764099121,113.40357971191406,123.60694,370.14816
137.77998733520508,111.80303955078125,121.33285,369.07532
133.2403106689453,110.83509826660156,150.08304,369.3245
124.07048797607422,105.42604064941406,145.48146,376.908
116.8973159790039,101.10621643066406,153.02715,381.00235
108.83118438720703,98.6995849609375,160.1942,384.4317
103.76020812988281,94.87803649902344,160.28317,386.0676
93.19174194335938,92.25479125976562,161.42865,384.14282
86.12117004394531,92.75582885742188,175.37875,385.04736
75.77589416503906,95.37173461914062,189.31747,382.0935
63.76830291748047,99.10258483886719,201.32228,379.11215
52.84465026855469,95.85212707519531,187.52762,380.70743
49.55315399169922,95.91899108886719,195.39003,380.26328
42.89996337890625,96.03042602539062,177.36841,378.21057
44.88609313964844,96.20558166503906,177.89944,380.6675
56.642494201660156,95.35565185546875,173.09843,382.3282
61.96612548828125,96.32475280761719,162.3612,380.47763
66.41824340820312,91.73394775390625,164.15082,385.85028
71.45570373535156,90.80775451660156,158.39487,388.4883
72.16170501708984,87.5826416015625,159.5638,390.10138
70.18576049804688,84.69181823730469,170.83978,392.9597
77.36734771728516,86.34384155273438,173.40092,393.609
87.28805541992188,81.90060424804688,171.5318,398.88428
97.26766967773438,78.54470825195312,178.55609,401.71033
111.26779174804688,87.306884765625,173.84125,393.25922
107.3818359375,79.35078430175781,188.90991,399.15762
129.70580291748047,83.8936767578125,175.91261,393.72736
136.7672576904297,80.75978088378906,181.71756,395.99002
138.6686248779297,80.69657897949219,185.57462,396.63535
136.2177505493164,79.12443542480469,197.28874,393.70248
144.03952026367188,80.34367370605469,196.58502,398.5676
141.5010757446289,80.62092590332031,206.48442,395.17142
142.49645233154297,80.82899475097656,218.81947,395.51236
133.3957977294922,82.68415832519531,231.69766,392.98428
168.00501251220703,83.54573059082031,195.82957,392.4528
135.3906707763672,86.27299499511719,229.39786,388.97006
161.57854461669922,80.59428405761719,202.15688,393.73447
174.3191375732422,81.72080993652344,185.70401,396.66428
179.0206756591797,79.03643798828125,175.3505,398.18134
178.7925796508789,78.90350341796875,175.30241,398.0484
180.77288055419922,79.46438598632812,174.1393,400.16467
182.33636474609375,73.56680297851562,176.47974,404.16138
185.0442123413086,77.11875915527344,172.14388,401.6246
190.87510681152344,75.00178527832031,167.69107,405.6122
195.43031311035156,72.61886596679688,168.56528,404.8545
200.12049102783203,76.11885070800781,167.19432,405.41458
207.3666000366211,76.72802734375,161.45845,403.47235
218.48480987548828,81.14091491699219,164.64,400.85837
228.3528289794922,89.81626892089844,156.39859,391.86728
237.4797592163086,93.00457763671875,156.79964,391.76398
245.20425415039062,100.63058471679688,165.58295,382.01062
246.32919311523438,109.73089599609375,158.16815,365.84235
248.004638671875,111.48161315917969,159.88977,368.3392
252.93973541259766,118.17166137695312,159.54411,358.46204
255.16141510009766,114.28565979003906,158.35771,360.7327
253.5939712524414,119.74307250976562,163.80608,357.266
257.7946014404297,117.93244934082031,161.5297,359.44986
259.54175567626953,117.31053161621094,160.74571,360.47922
263.16324615478516,115.542236328125,161.6137,363.36017
267.0350799560547,112.61253356933594,163.887,367.1528
271.1151657104492,112.54473876953125,163.6902,364.0058
271.64329528808594,113.75202941894531,168.6315,361.82803
274.9180374145508,114.33232116699219,172.07042,363.2137
277.6387710571289,117.91860961914062,177.00871,357.26575
280.65989685058594,119.85627746582031,177.87625,355.3018
284.84288787841797,122.04083251953125,178.71669,353.09528
292.27828216552734,125.32765197753906,177.38203,350.5424
293.77272033691406,131.12620544433594,180.99338,344.87656
300.9517364501953,133.11048889160156,178.45236,342.40433
298.2408676147461,135.41241455078125,186.4051,340.82465
307.2770767211914,140.6295166015625,180.56194,336.05756
315.20023345947266,141.8349609375,177.93987,333.2818
320.872314453125,140.10952758789062,177.75867,333.96753
323.09400939941406,148.64703369140625,181.95737,328.0185
327.16383361816406,149.71456909179688,186.71982,323.56055
319.8533172607422,153.2015838623047,203.33218,323.63437
326.0513381958008,153.03843688964844,206.94908,320.48422
327.4967956542969,149.99185180664062,213.61688,324.55334
325.60294342041016,149.35787963867188,220.45659,326.50366
331.6225280761719,147.61257934570312,215.67523,325.69482
336.29557037353516,142.83363342285156,213.76408,332.5541
337.15260314941406,136.66384887695312,210.92892,338.6084
336.14935302734375,133.09751892089844,209.646,341.6771
341.9146423339844,131.67445373535156,202.41339,340.88028
350.9596939086914,131.94961547851562,191.15971,342.71545
349.00704193115234,134.0889434814453,191.29756,340.56522
356.1664733886719,132.76498413085938,181.27838,340.67603
358.45750427246094,133.36654663085938,176.51907,344.21924
359.9425735473633,138.1863250732422,172.29332,337.42734
357.8446807861328,137.43545532226562,172.54752,339.42163
358.25855255126953,137.96340942382812,168.94762,338.59955
353.80016326904297,141.6846160888672,170.727,336.11014
356.5640869140625,148.7021484375,166.88232,327.8567
346.41663360595703,151.0347900390625,174.88249,326.0504
345.11695861816406,156.23452758789062,172.65225,318.786
338.08072662353516,159.69168090820312,178.41502,316.52338
334.87989044189453,162.7104034423828,178.78032,312.51505
336.47544860839844,163.33035278320312,173.30453,311.84094
334.6604766845703,168.7265167236328,174.10538,308.16037
330.9148941040039,164.3751983642578,175.21037,309.96945
323.93519592285156,166.3372039794922,180.27878,309.9802
336.0966796875,163.08079528808594,163.64685,313.29086
320.46451568603516,158.09332275390625,176.44658,316.1538
319.4609909057617,154.50352478027344,169.32301,322.6343
323.99181365966797,151.71835327148438,157.4311,325.88434
308.68538665771484,151.65756225585938,166.36946,323.60046
316.3660659790039,149.3939208984375,153.97032,330.7282
308.8811569213867,150.16404724121094,156.15742,328.26425
310.1209945678711,151.56549072265625,152.35194,326.5078
305.2729034423828,143.4709014892578,153.05557,334.08896
301.4216613769531,156.52560424804688,152.65259,321.7953
297.63499450683594,151.67100524902344,153.9855,325.22348
290.01102447509766,164.1090087890625,155.79582,314.77197
291.8218460083008,159.63082885742188,153.74089,316.22614
292.50109100341797,162.14805603027344,148.51332,312.17093
288.1099548339844,166.2390594482422,150.34991,310.3339
275.8764343261719,160.93992614746094,159.31427,316.54153
276.7191696166992,164.3397979736328,152.95009,314.27194
262.68902587890625,167.26783752441406,163.93994,311.8201
257.50199127197266,167.8787841796875,162.98619,309.56915
252.92335510253906,173.68150329589844,163.8143,302.93503
252.1678924560547,174.328125,160.02884,302.94373
243.7569808959961,171.79434204101562,164.69624,305.85773
244.82970428466797,171.35118103027344,159.87807,302.40128
240.98275756835938,170.9866485595703,160.50922,305.45462
235.00668334960938,169.3290252685547,163.44739,306.22342
234.78378295898438,167.64862060546875,159.32916,307.6972
233.5856475830078,167.3677215576172,156.84909,310.68027
232.0208511352539,162.9502410888672,150.98991,312.73276
232.18689727783203,164.49075317382812,147.28935,313.37543
234.42593383789062,166.1399383544922,140.2276,310.36783
230.50505828857422,160.72108459472656,139.62068,316.4017
231.0235137939453,168.00294494628906,135.59036,311.62967
228.76080322265625,162.16908264160156,135.74579,315.24295
228.9403305053711,166.21127319335938,133.39632,312.82935
227.97126007080078,172.2825469970703,132.27892,307.4529
223.9967269897461,168.3831024169922,132.79195,310.57065
222.66221618652344,172.3377227783203,130.87112,305.4758
218.36226654052734,170.8428192138672,133.50142,309.05814
215.12135314941406,176.40789794921875,133.68661,301.43713
213.12930297851562,173.95361328125,133.97205,303.97443
208.48210906982422,176.25511169433594,136.64455,303.7726
206.73192596435547,176.96975708007812,136.67427,302.0412
201.1007843017578,175.60833740234375,140.59116,303.65668
199.94934844970703,173.29624938964844,142.87547,304.6091
193.4403305053711,175.3038787841797,145.96577,302.10648
194.89955139160156,171.94073486328125,145.92838,305.9746
187.78225708007812,171.3161163330078,151.33972,305.4315
188.43618774414062,172.3408966064453,149.34473,304.77817
181.9718246459961,172.39085388183594,154.11543,302.66446
182.81890869140625,169.1035614013672,150.62354,306.84
181.8020782470703,169.9211883544922,150.64755,305.7363
183.86331176757812,172.661376953125,145.20398,304.70642
188.81301879882812,171.9986572265625,139.5246,304.36847
187.72968292236328,167.74180603027344,136.44743,310.2098
187.67826080322266,171.8730010986328,135.05736,307.75174
187.6941680908203,173.5430145263672,129.90659,307.8217
186.60935974121094,175.69908142089844,129.20584,304.42014
186.59278869628906,173.09556579589844,128.00528,304.09238
189.58940887451172,174.9410400390625,126.034195,302.0484
191.49729919433594,179.04039001464844,125.86984,301.29764
192.03640365600586,180.44725036621094,121.44654,298.3267
192.68568801879883,182.29136657714844,123.25997,295.9471
193.02832412719727,180.9877166748047,123.2412,298.2678
191.35390090942383,184.45529174804688,124.72732,295.98822
189.6826400756836,183.57984924316406,128.60011,294.60696
189.1156234741211,182.09214782714844,129.18562,296.80466
186.8782730102539,182.86541748046875,133.30424,295.28662
184.79718017578125,181.108642578125,135.09808,300.0077
184.33419036865234,183.8437042236328,137.09804,296.99802
184.60216522216797,185.91737365722656,134.89174,295.55344
184.89682006835938,187.27857971191406,135.49646,294.72556
186.69891357421875,187.90768432617188,134.26746,293.29022
188.82479858398438,188.70481872558594,132.21674,291.75925
189.8563232421875,190.0342254638672,131.24359,288.83902
193.5062141418457,192.7869415283203,127.652794,288.7609
197.31560897827148,191.264892578125,126.06519,288.2478
200.29784774780273,194.1725311279297,122.01948,286.55112
204.43588638305664,192.7585906982422,119.56829,288.04642
209.9035415649414,191.06390380859375,115.44194,288.98352
213.826416015625,193.59146118164062,114.50336,288.03247
219.6534423828125,192.0185089111328,112.6496,287.42282
224.48237228393555,190.57089233398438,111.583534,292.2378
223.89461517333984,190.92562866210938,112.919754,290.96405
230.41887664794922,191.776123046875,110.842545,288.99683
235.45061111450195,192.77590942382812,109.93221,288.64313
237.4427375793457,192.37106323242188,112.33547,286.8399
243.14304733276367,192.30531311035156,110.20811,289.21506
246.6078109741211,191.96461486816406,111.722244,288.14987
250.6394386291504,193.4659423828125,113.002495,287.5984
252.9086151123047,193.7287139892578,116.004,286.36203
254.5177230834961,192.93096923828125,118.15425,287.67773
256.2901611328125,196.27894592285156,121.094604,284.55643
258.68767166137695,194.17298889160156,124.711815,285.92105
260.7283172607422,194.6533660888672,127.80124,285.54605
264.25341033935547,195.93548583984375,128.98586,285.1839
268.1069793701172,194.35150146484375,130.35208,284.72742
272.6521682739258,192.545166015625,131.41478,287.1947
276.94290924072266,192.1826629638672,130.69975,286.44315
282.93186950683594,192.24876403808594,130.60294,289.0757
288.4483184814453,188.7736358642578,129.49149,290.06662
294.53046798706055,189.2185516357422,127.93699,290.77872
307.0168228149414,186.52134704589844,120.629196,294.33347
308.8473320007324,186.71932983398438,124.91337,293.66437
316.0074005126953,185.7781982421875,120.93564,293.17267
321.8755302429199,184.79168701171875,118.4929,293.8249
327.6298408508301,185.6203155517578,114.36294,295.30545
330.63323974609375,185.84640502929688,110.82837,292.79315
333.2947082519531,187.7362518310547,110.46387,291.58475
335.9686050415039,187.16140747070312,109.05553,292.3637
339.1446189880371,188.9774627685547,108.30555,291.4421
342.9289360046387,191.43905639648438,109.62144,289.81885
345.4650230407715,192.25091552734375,106.795906,287.5197
343.46282958984375,194.90884399414062,106.47302,286.37347
343.3363151550293,196.86903381347656,107.25602,285.408
342.38794326782227,198.51077270507812,108.42925,281.5279
342.69676208496094,199.04714965820312,111.41745,283.8025
342.28780364990234,199.8404998779297,108.373795,282.4042
339.53640365600586,200.63018798828125,110.890205,280.8241
337.5182571411133,198.8745574951172,112.42314,283.21835
334.4133720397949,199.3014373779297,113.644325,284.4512
330.72468185424805,195.51353454589844,117.6027,286.92715
327.67322158813477,195.59439086914062,118.05401,286.52863
325.64512634277344,194.92691040039062,120.30069,287.22742
322.3305206298828,195.39120483398438,122.52493,286.4453
322.67041015625,194.70191955566406,122.33594,286.12308
322.6037254333496,195.62657165527344,119.931404,286.0051
321.77262115478516,196.56906127929688,118.918564,285.73138
321.24627685546875,200.0760955810547,117.93451,282.2429
323.01231384277344,200.0790252685547,115.2128,281.92923
322.89136505126953,201.8500518798828,112.88872,279.6887
325.4134521484375,201.75328063964844,112.2251,277.3901
325.9811096191406,204.23768615722656,110.70795,278.05136
327.1345672607422,203.58987426757812,108.25107,275.90906
326.5593566894531,202.59014892578125,109.68817,279.89905
328.420597076416,202.9229278564453,106.27697,278.12863
326.9478874206543,203.34915161132812,106.769936,279.78076
326.2022590637207,202.29058837890625,104.58047,279.85583
324.23439025878906,200.5601806640625,106.38895,280.35114
325.0192451477051,200.36036682128906,105.73061,280.93936
322.59276580810547,199.9073028564453,103.64241,281.9189
322.7606506347656,199.52813720703125,105.04187,283.42377
320.5649757385254,199.85984802246094,102.71984,282.28427
318.8858528137207,199.42779541015625,105.86245,282.6974
318.5315399169922,199.21029663085938,103.433136,281.31305
317.03449630737305,199.98448181152344,107.430824,281.551
315.730224609375,202.78338623046875,103.23035,278.93195
312.6314811706543,202.43667602539062,109.35099,279.16315
309.67145919799805,204.7906036376953,106.814064,278.15994
309.7028999328613,203.26808166503906,106.96487,278.9716
307.7568588256836,204.92431640625,107.340164,276.6856
304.0999221801758,204.96035766601562,109.43828,277.21863
303.1317024230957,203.76661682128906,108.330956,278.41678
300.18154525756836,203.4484405517578,109.917305,279.9257
298.64220809936523,203.06008911132812,107.41578,278.54913
292.4850654602051,200.98858642578125,113.746056,281.21765
291.9769287109375,202.02908325195312,110.39435,278.97833
290.23009872436523,200.8328857421875,112.259895,280.63306
288.26417541503906,200.05645751953125,113.210175,282.7635
287.57862854003906,199.5789794921875,113.54031,282.46808
285.78075408935547,200.39697265625,114.49214,281.90887
284.2858352661133,199.5220947265625,114.31389,282.0929
282.5720977783203,200.0341339111328,111.177704,280.63638
282.7948684692383,200.70272827148438,107.59337,280.85046
281.61581802368164,202.14178466796875,106.450615,279.01825
279.3128662109375,202.02069091796875,108.57251,278.94128
278.22854232788086,202.89651489257812,108.37495,279.39917
277.21665954589844,201.2511444091797,109.6293,280.36063
276.1519660949707,201.88497924804688,109.27987,280.2672
276.3263702392578,200.919677734375,108.38931,279.4865
274.70330810546875,199.62461853027344,109.67999,280.69278
274.77500915527344,199.346923828125,107.24936,281.05933
274.8860664367676,198.9307861328125,108.01583,282.7508
275.45899963378906,198.985107421875,103.193146,281.16425
273.8033256530762,198.9669952392578,102.76151,281.47263
271.5039520263672,197.77639770507812,105.78134,282.76886
273.7967720031738,198.65078735351562,101.88674,282.95233
271.7822685241699,198.0969696044922,100.41514,283.16458
275.70496368408203,197.35435485839844,98.381454,282.35092
270.8482666015625,196.62374877929688,98.491516,284.97797
272.3122749328613,196.27658081054688,96.576866,283.64008
274.5905570983887,198.62286376953125,91.67539,281.7259
276.49732971191406,201.5160675048828,89.492645,277.25485
279.0411911010742,199.25534057617188,85.17055,278.7414
282.48485565185547,201.29470825195312,80.062515,278.30072
283.0275650024414,200.392578125,79.80858,281.28772
286.4772186279297,202.24545288085938,75.95651,280.61987
287.2032661437988,201.5941619873047,75.30489,280.6472
288.38085556030273,200.37939453125,73.8888,280.1928
289.29227447509766,202.0589141845703,73.356125,279.2546
288.94074630737305,199.0207061767578,74.94804,282.67715
288.0525207519531,198.83126831054688,76.18939,283.2234
289.39173126220703,199.42922973632812,74.35832,280.9002
289.29616928100586,196.69219970703125,75.35902,284.27185
290.85750579833984,196.99948120117188,74.45802,284.22925
290.7122116088867,193.5037078857422,73.49477,287.23782
289.68579864501953,194.30746459960938,74.37816,285.34003
288.61480712890625,192.94773864746094,75.33856,289.56638
285.9704055786133,190.16212463378906,76.79869,292.3392
284.69237899780273,189.75576782226562,77.86146,292.17273
283.52184677124023,187.2211456298828,77.07789,294.26578
281.779239654541,185.3056182861328,77.43676,296.98178
278.8348503112793,182.26055908203125,79.23997,297.63318
273.0116882324219,179.4730987548828,83.84955,299.137
273.67711639404297,178.4137725830078,81.33797,299.1517
274.70491790771484,175.46287536621094,80.62575,302.42105
272.0688171386719,173.32362365722656,84.67047,302.40305
271.05741119384766,170.7075958251953,86.21294,303.44522
266.6424903869629,170.21897888183594,91.438225,304.054
265.8986701965332,168.2028045654297,92.974754,306.75357
267.2029495239258,169.14471435546875,92.70439,303.62756
265.3912239074707,169.2283477783203,93.9905,306.35995
263.0095024108887,169.07774353027344,97.16831,308.2322
261.9882011413574,171.98170471191406,98.599525,304.39944
262.94107818603516,174.26358032226562,98.03642,303.9568
259.0476493835449,174.86741638183594,101.75413,303.1241
254.94554901123047,179.94778442382812,105.58528,295.93195
253.9644546508789,181.55491638183594,106.37126,296.04227
252.42110443115234,186.04806518554688,107.01643,291.37738
260.95305252075195,186.71124267578125,99.52621,291.6953
254.68095016479492,190.54908752441406,104.75779,286.62973
256.84545135498047,193.34295654296875,100.9294,283.79718
258.1130027770996,195.03387451171875,101.85761,283.497
260.45395278930664,196.46302795410156,97.586784,282.1945
258.77019119262695,195.28610229492188,99.77822,282.9516
254.9276466369629,194.19422912597656,105.90679,283.5712
253.3187484741211,193.05242919921875,107.86232,286.4101
252.13019180297852,189.9468536376953,109.5783,288.9611
256.17208099365234,187.22213745117188,106.828384,290.7307
255.4293670654297,186.38938903808594,106.30112,291.68472
254.14479064941406,183.84954833984375,106.787445,293.9035
252.58367538452148,180.01687622070312,109.61976,297.01056
254.6987762451172,180.09634399414062,106.326385,297.2168
253.6752166748047,178.88658142089844,110.42093,299.28415
252.58075714111328,176.8520050048828,109.10527,302.13943
251.6028060913086,178.6817169189453,109.78975,300.31277
252.98727416992188,179.89315795898438,110.31293,298.73755
248.93607711791992,180.7081298828125,111.82609,299.32092
247.12236404418945,183.24105834960938,114.83712,295.716
246.24270248413086,184.8015594482422,113.74891,295.1038
248.48896026611328,188.03460693359375,114.12492,293.2002
247.69361877441406,187.90020751953125,112.3945,290.45697
247.52620697021484,188.4379119873047,113.161575,290.77756
246.97485733032227,188.8599853515625,113.61883,291.47937
247.62779998779297,188.8072967529297,111.61488,288.96945
244.96277236938477,188.26673889160156,113.86303,290.69766
242.59748458862305,187.1654510498047,113.725624,292.36642
241.75625228881836,186.5364227294922,113.818855,293.25705
239.64171981811523,181.5919647216797,116.41511,297.5236
240.28590393066406,181.7364959716797,113.943085,299.13724
240.01708984375,178.7107696533203,114.0462,301.10422
239.01676177978516,176.1151123046875,111.90605,302.45874
237.88980865478516,172.19517517089844,114.74852,305.76083
236.9300765991211,173.91802978515625,112.75368,304.87585
236.5295639038086,170.0137176513672,113.18123,308.1434
237.90508270263672,170.31185913085938,111.17067,308.91675
236.6847686767578,169.02403259277344,112.23526,310.9554
237.03986358642578,166.99549865722656,110.38371,310.90573
235.88536071777344,167.98756408691406,111.956635,309.75516
234.79954528808594,169.12258911132812,112.683624,308.88776
232.5908546447754,170.33079528808594,112.79882,309.3362
230.4830207824707,171.8424530029297,115.07107,308.57187
228.60900497436523,171.69613647460938,116.02277,308.16492
231.78557586669922,169.97877502441406,112.63179,309.1025
227.96835708618164,169.7961883544922,115.36651,311.03098
229.92287063598633,168.89332580566406,115.65707,311.60342
227.13604736328125,166.10533142089844,116.67938,314.14847
228.87770462036133,165.50430297851562,115.10696,315.18933
226.59267807006836,165.34600830078125,117.76081,314.9416
227.0679931640625,163.8662872314453,116.50006,316.26895
227.0343360900879,160.90133666992188,116.6162,318.38824
227.8725128173828,159.88671875,115.83121,319.52502
226.63027954101562,157.18800354003906,117.24359,321.92093
228.13700103759766,158.4580078125,117.03984,322.37988
225.14006805419922,154.72447204589844,120.36311,324.05954
227.67790985107422,157.85792541503906,116.76308,320.89383
225.39868927001953,157.15689086914062,118.59923,323.187
225.8163070678711,156.41883850097656,120.291336,322.11313
225.65095138549805,158.975341796875,118.074196,319.33875
225.14740753173828,160.4739227294922,120.90202,319.85056
225.9053955078125,163.0336456298828,118.90436,317.39914
225.48214721679688,162.47677612304688,122.02002,317.35913
225.83539199829102,160.6964569091797,118.94427,318.57278
225.8377571105957,160.55003356933594,120.889305,317.9517
226.08893203735352,159.634765625,122.04919,319.97516
223.7826042175293,161.3699493408203,122.38944,319.4614
223.7156867980957,157.62852478027344,123.473656,320.6345
222.69435119628906,156.40411376953125,125.17874,323.58813
222.52593612670898,156.60581970214844,125.72773,324.54422
221.83575439453125,155.03884887695312,126.333984,322.99835
222.0951271057129,151.0741424560547,125.18804,329.40488
220.28612899780273,155.6576385498047,127.097115,326.32272
219.53260803222656,152.00006103515625,128.00113,327.149
219.73679733276367,149.33091735839844,126.15037,331.19925
218.06607818603516,152.58401489257812,128.59196,328.80438
217.8809585571289,151.46934509277344,128.32866,326.7559
218.47186279296875,150.41127014160156,128.19196,330.35233
218.35028839111328,153.1986083984375,128.38487,325.27692
217.19659423828125,150.83367919921875,129.33466,331.04913
217.666015625,152.38877868652344,128.82788,326.8657
217.65563201904297,147.70013427734375,127.05513,332.70734
214.78602600097656,147.75526428222656,131.24954,332.31497
215.0160369873047,148.48065185546875,130.55917,329.53015
215.14144897460938,147.950927734375,131.97778,332.71246
216.15299224853516,141.97171020507812,131.5764,337.20483
217.40489196777344,146.0721893310547,131.31467,334.3997
216.39407348632812,135.6226348876953,132.33533,342.07004
216.6650619506836,134.46189880371094,131.04103,345.71823
217.90333557128906,138.37022399902344,133.15427,342.62338
218.13629150390625,130.94895935058594,134.39899,347.51517
219.5513458251953,130.9801025390625,134.37039,349.22278
221.15596771240234,131.98153686523438,137.88283,349.40533
222.92481994628906,130.41848754882812,138.2136,348.81122
226.69631958007812,130.26559448242188,138.31897,347.03888
229.56259155273438,128.4505157470703,137.86597,351.89743
233.55690002441406,124.83073425292969,136.90475,352.4656
234.85096740722656,128.54165649414062,138.15836,349.9944
236.75840759277344,129.37387084960938,138.17245,350.37854
238.13129425048828,129.0120086669922,137.57353,348.50522
239.07412719726562,131.81056213378906,139.5586,348.7241
241.5597686767578,128.38026428222656,138.45132,350.98984
242.8351593017578,132.844970703125,138.72885,348.08667
243.60543823242188,133.6509552001953,139.06128,345.68442
243.78025817871094,128.0098876953125,143.78903,349.17053
245.59608459472656,130.58148193359375,144.89828,345.45428
251.57787322998047,131.6002197265625,142.66121,345.78833
254.71128845214844,131.4588165283203,145.3475,345.51663
258.47601318359375,128.27174377441406,146.20197,349.192
263.60335540771484,131.8588104248047,145.9905,346.5695
269.49462890625,128.6901092529297,145.47144,348.83408
273.6166534423828,129.71617126464844,146.80417,345.84616
279.3512496948242,124.53643798828125,147.90578,350.26917
281.4590072631836,122.58381652832031,150.46724,357.73947
290.78272247314453,123.68580627441406,144.83311,352.01938
290.9546890258789,120.88436889648438,147.7202,358.9229
291.3603515625,121.0068359375,149.34424,357.22418
289.8123779296875,117.78955078125,152.50366,360.6366
293.8755645751953,121.33869934082031,150.64047,357.55637
295.87857818603516,119.70585632324219,153.00987,358.87338
301.8733215332031,118.4578857421875,154.66943,360.28107
307.7942428588867,118.06971740722656,153.3387,357.95438
306.4030227661133,117.76042175292969,155.296,360.51187
309.7891540527344,115.07136535644531,153.78741,362.3732
310.83443450927734,116.18888854980469,151.57674,362.5682
311.6390686035156,119.57156372070312,151.59283,360.46533
311.0189437866211,115.91023254394531,154.16615,361.13388
310.89947509765625,112.612548828125,153.7868,365.30536
307.6445083618164,108.77285766601562,154.99156,369.4873
307.27230072021484,109.83544921875,157.7029,370.7934
308.8995819091797,102.67109680175781,154.16342,374.9916
307.23023223876953,99.52609252929688,156.45122,378.78076
306.19446563720703,100.212158203125,160.93596,378.2614
306.0614776611328,94.00480651855469,158.08707,384.41733
303.22887420654297,96.77900695800781,164.59273,380.62003
305.8794479370117,95.96812438964844,161.91817,382.32565
304.1991500854492,92.13668823242188,165.04561,388.52258
307.3063278198242,87.0057373046875,164.35994,389.0042
305.6385955810547,89.45327758789062,165.1312,388.65637
306.9820861816406,86.96466064453125,165.18494,391.45844
304.8715362548828,86.64710998535156,169.29239,391.88565
304.3031539916992,85.96543884277344,168.01668,389.49606
306.70814514160156,86.80532836914062,166.13748,389.93396
305.52494049072266,85.13887023925781,167.42332,394.08548
306.8158264160156,86.44197082519531,162.55505,389.4855
307.1031494140625,84.5325927734375,164.68256,394.13983
307.72607421875,90.52714538574219,160.76227,388.16245
307.95409393310547,86.22872924804688,162.1689,391.12866
307.0534362792969,87.16534423828125,163.48035,388.40118
307.99254608154297,82.20974731445312,164.48604,394.58545
306.44166564941406,79.92515563964844,165.89102,396.7485
306.30272674560547,78.37933349609375,169.19124,396.3609
307.39661407470703,82.48724365234375,172.68364,391.60712
307.17124938964844,82.93902587890625,177.57724,392.88776
307.3704147338867,83.9912109375,182.14107,390.9544
308.2401580810547,81.86904907226562,184.00229,393.72717
301.89029693603516,87.3763427734375,193.54198,388.64288
309.1625289916992,87.16035461425781,187.49385,389.5956
300.5745162963867,87.10113525390625,200.81355,386.9709
300.6848907470703,87.67634582519531,200.53214,387.80423
294.20304107666016,86.74264526367188,208.32213,386.91882
289.1802673339844,85.25334167480469,218.63416,389.57944
284.61328887939453,85.52186584472656,227.1663,387.07486
278.7242126464844,84.80575561523438,238.4259,388.72644
279.6536407470703,81.66146850585938,246.74295,388.20605
276.55252838134766,79.09425354003906,255.18846,389.5668
274.8968200683594,76.54592895507812,265.5205,392.80823
275.7705383300781,82.66716003417969,271.12585,388.73154
278.9005889892578,75.75460815429688,269.26016,397.6847
280.15826416015625,74.82330322265625,267.9217,397.6087
280.46250915527344,72.09486389160156,263.73996,402.54385
285.02854919433594,69.32492065429688,258.1163,404.3181
286.0190124511719,69.11871337890625,256.36963,403.0412
289.4098358154297,63.42961120605469,251.46469,407.10397
291.71192169189453,65.70651245117188,249.02104,406.042
291.7489776611328,55.78511047363281,246.28018,415.27737
293.93907928466797,58.27754211425781,243.58492,412.48148
297.5059280395508,51.71739196777344,238.74663,418.63254
298.0113067626953,50.87738037109375,238.55997,423.3122
297.47510528564453,49.8309326171875,236.26604,422.16742
294.1541061401367,45.190704345703125,233.79256,430.02966
294.5525360107422,42.99470520019531,228.60568,432.282
291.923583984375,40.55218505859375,230.35077,433.64008
284.27960205078125,37.71099853515625,237.86407,434.8
283.29710388183594,36.36256408691406,238.43137,435.64444
277.8413391113281,33.75823974609375,243.24329,437.23737
279.8076171875,32.89527893066406,242.99945,439.282
279.50484466552734,27.792098999023438,239.88441,444.6074
279.4715881347656,24.236419677734375,240.33398,446.54224
276.3698425292969,26.367904663085938,244.61304,445.58163
279.31410217285156,19.671157836914062,242.06119,452.11636
283.42823028564453,18.5767822265625,240.8322,451.18524
279.5441207885742,13.61785888671875,246.78023,456.9041
286.48328399658203,17.355636596679688,240.8759,451.25912
282.80274963378906,12.89154052734375,246.65921,456.69012
283.7406768798828,17.380157470703125,246.49564,454.2743
282.3010025024414,12.56396484375,250.02965,458.0279
280.5912857055664,11.415863037109375,253.2274,458.48914
280.8451690673828,10.85528564453125,250.21597,460.0219
281.6427459716797,7.43414306640625,253.8558,462.26764
287.89962005615234,2.930633544921875,252.22194,467.69812
273.2897644042969,-1.30950927734375,269.24048,475.47858
279.57579040527344,-3.769134521484375,259.2131,476.90552
273.2580108642578,-5.5042266845703125,267.65884,478.55783
270.8871154785156,-3.522918701171875,269.15125,473.97742
274.6958770751953,-3.4090728759765625,264.8174,478.37436
266.77037048339844,-9.304290771484375,271.70505,480
281.16089630126953,-2.5927276611328125,255.2813,478.68845
266.4213104248047,-4.928924560546875,267.79135,480
282.18798828125,-4.694671630859375,249.67865,478.0923
275.64046478271484,-5.225830078125,254.09218,476.78424
277.3008575439453,-2.9326629638671875,254.24539,476.52518
282.24017333984375,-0.9479827880859375,245.8681,475.73514
284.1931610107422,1.2209320068359375,244.15683,472.73654
285.10899353027344,4.2979736328125,246.504,472.54193
283.19544982910156,3.8558197021484375,249.89127,471.421
287.2785186767578,5.138946533203125,249.24576,469.3103
286.9002227783203,12.100067138671875,251.2156,459.51648
291.44354248046875,15.820693969726562,247.81708,456.0967
285.86009979248047,26.666961669921875,253.48103,445.3369
288.14739990234375,22.59967041015625,248.1441,450.05487
287.2613525390625,30.402969360351562,247.67694,444.21024
279.2113265991211,25.558746337890625,254.1581,444.96558
285.379150390625,30.214248657226562,243.63422,444.98172
274.60587310791016,19.38238525390625,254.80443,452.83405
275.8177947998047,14.4447021484375,250.04514,460.7531
280.50289154052734,12.9989013671875,244.46584,461.46173
276.80198669433594,10.430908203125,249.45139,461.66327
278.1199188232422,8.5079345703125,248.26584,461.83026
282.01416015625,6.495849609375,247.61053,466.57306
274.8380126953125,5.0366973876953125,257.67255,467.64285
277.41175842285156,3.8930816650390625,253.99612,470.0939
277.62137603759766,3.244873046875,254.34056,471.4074
276.93407440185547,3.1133575439453125,255.97774,472.13443
280.17478942871094,2.0801849365234375,252.29367,473.7413
282.0243148803711,4.3580322265625,251.64699,472.69147
284.16529083251953,1.08575439453125,246.23796,472.789
274.8186340332031,5.7222137451171875,256.52917,465.96384
279.75953674316406,5.4246673583984375,248.85184,467.46298
280.7471237182617,4.1837921142578125,247.82759,466.48856
277.60362243652344,6.616241455078125,249.3248,465.4618
284.6794204711914,9.293106079101562,240.45421,461.53104
279.6393737792969,11.6129150390625,245.63538,458.42914
282.5646514892578,13.639312744140625,242.84818,456.7506
278.72432708740234,16.227325439453125,247.24281,455.16333
286.4590530395508,16.42510986328125,237.61577,454.6949
277.6047897338867,20.392135620117188,246.78682,450.18674
279.5460968017578,21.805572509765625,241.64114,449.45764
276.61312103271484,17.251907348632812,243.62294,452.60977
278.6042175292969,13.799148559570312,238.87207,459.02737
272.7814483642578,11.99884033203125,242.90933,460.23834
271.5552749633789,14.837799072265625,241.30357,457.2948
268.7433090209961,8.876937866210938,241.45558,462.90952
272.6382064819336,11.192703247070312,234.89027,461.45328
265.9737014770508,11.129180908203125,240.15471,460.07336
266.0648880004883,9.48675537109375,238.99748,463.58405
263.62281036376953,10.525787353515625,239.24174,462.8523
265.21690368652344,10.638381958007812,236.81137,462.81754
258.61827850341797,11.489990234375,242.9427,460.60492
264.28568267822266,11.548477172851562,233.99034,462.0546
262.3910827636719,12.626449584960938,233.93787,459.34323
260.3403015136719,14.200927734375,234.48291,456.18903
257.97606658935547,18.099380493164062,230.75691,450.78055
262.74949645996094,21.730133056640625,224.16928,451.5509
257.74263763427734,24.279632568359375,225.44313,445.20996
259.9780960083008,27.343475341796875,220.10759,444.8838
260.1104507446289,29.1480712890625,216.42662,444.97504
260.19947814941406,35.60621643066406,214.12686,435.0038
258.0703582763672,38.48797607421875,214.91196,433.49457
253.385986328125,37.31828308105469,221.13739,437.5034
262.2933883666992,37.0059814453125,211.54903,436.88422
