1
0.7470215
0.7324006
0.7333849
0.72593504
0.70994633
0.71976703
0.7318399
0.735819
0.7416205
0.735834
0.72053665
0.7283797
0.726502
0.73443323
0.73027426
0.73521274
0.73602843
0.73720807
0.7434326
0.7221393
0.722394
0.74077356
0.7162056
0.7438552
0.719037
0.7422413
0.7174653
0.7311751
0.73997444
0.73685
0.7339124
0.728233
0.7306708
0.7132994
0.7184001
0.7120892
0.7193948
0.71749896
0.7085103
0.7226554
0.69912666
0.72512996
0.7004033
0.6947646
0.70600533
0.7118586
0.6969792
0.7098491
0.6889133
0.7071242
0.68792295
0.67862314
0.68858665
0.68075675
0.68687016
0.7090725
0.6933736
0.7043866
0.7128217
0.7136529
0.703672
0.7032486
0.7099346
0.70704305
0.69748
0.70483065
0.702423
0.7046851
0.70372957
0.696103
0.6923086
0.6960998
0.6981982
0.685425
0.68165356
0.6858244
0.6942854
0.6909255
0.69341844
0.6913569
0.69932634
0.69682956
0.69536924
0.69306785
0.68413746
0.6852773
0.6798874
0.67555594
0.6749851
0.6739493
0.67687887
0.6683556
0.6703727
0.6751371
0.6763011
0.67852324
0.68433905
0.6703566
0.67481947
0.67576313
0.6577498
0.66480404
0.666143
0.6684715
0.66699916
0.66455364
0.6635092
0.6659702
0.66908747
0.66550976
0.65961266
0.63258123
0.638928
0.6330337
0.6310429
0.6113484
0.6118672
0.61434686
0.5815324
0.5826125
0.5777304
0.58156395
0.5463218
0.6101038
0.6184676
0.6643928
0.6590972
0.6606273
0.6767885
0.63528067
0.62258226
0.6285631
0.6328208
0.6696822
0.56899333
0.5967109
0.59145474
0.6069651
0.59204733
0.5927374
0.5819568
0.58517563
0.5676483
0.5506147
0.52251744
0.5245375
0.54118705
0.5574681
0.55676
0.569813
0.5834342
0.5699009
0.5624134
0.5401202
0.5426525
0.5368461
0.5336005
0.53950673
0.5301588
0.5252832
0.5350884
0.53871536
0.53555655
0.5441673
0.5472141
0.53664625
0.5278375
0.51108986
0.5020003
0.49645352
0.5094602
0.5110846
0.5116913
0.51701975
0.52364475
0.54143
0.5458334
0.5583897
0.56610656
0.5637469
0.5680864
0.57918274
0.5901415
0.5742354
0.5705369
0.5672483
0.57370156
0.5613135
0.53993595
0.5226701
0.54705614
0.5574384
0.56007373
0.547132
0.54694545
0.52495325
0.57210684
0.54334223
0.55244434
0.55802983
0.5925838
0.58041304
0.58770484
0.59526265
0.57133275
0.5417733
0.5794151
0.55300564
0.57714
0.6085861
0.6356477
0.5801785
0.57300705
0.59024465
0.5311138
0.50709856
0.5079626
0.5419359
0.5322431
0.5585076
0.5808075
0.5900311
0.6024091
0.62263167
0.63667035
0.63792664
0.64128566
0.59883034
0.62719303
0.63172174
0.63223857
0.6469106
0.6292129
0.61002994
0.614197
0.623717
0.6052776
0.6039321
0.61360496
0.65459675
0.63195807
0.6484286
0.66892165
0.65608245
0.64309573
0.63894165
0.62581336
0.60515153
0.5837124
0.5762978
0.5801864
0.59042525
0.6193147
0.6424789
0.6575048
0.6484226
0.63294685
0.65479475
0.65408206
0.64982206
0.6520038
0.65994847
0.6553789
0.62614053
0.62509316
0.60447305
0.61312073
0.6153645
0.61706895
0.6360082
0.64964885
0.65019184
0.644304
0.65436286
0.68251234
0.6773595
0.6779339
0.6634452
0.6706367
0.6722848
0.6581907
0.6568628
0.65237516
0.6385322
0.6246653
0.6031756
0.58417034
0.57904065
0.5684794
0.5700668
0.5993738
0.6086247
0.6209879
0.64273447
0.63019395
0.6099031
0.6156105
0.5877996
0.59763044
0.6290057
0.6190222
0.6493121
0.67255676
0.6673673
0.67883426
0.6802807
0.6684674
0.66698366
0.66731703
0.6587313
0.6607536
0.6666473
0.6542136
0.66305965
0.67508537
0.6779402
0.6931122
0.69387513
0.68657225
0.69082
0.7120095
0.7089665
0.6939609
0.7072308
0.70240414
0.6843721
0.67865497
0.66588265
0.6560786
0.65599906
0.6341019
0.6171357
0.6230607
0.6112085
0.61760604
0.6255845
0.6190071
0.6084923
0.60820585
0.6046565
0.595442
0.59134287
0.59907335
0.58231467
0.6094337
0.61326313
0.6133628
0.60479856
0.5924808
0.61004966
0.6123977
0.61527616
0.6055555
0.62365735
0.62104046
0.62051654
0.6138862
0.6101019
0.6065678
0.60750055
0.6029221
0.60738015
0.6233475
0.5899149
0.5835354
0.5843815
0.5850018
0.6034693
0.6208425
0.6120029
0.64273196
0.67921025
0.6985305
0.7051085
0.7023879
0.70871985
0.7129091
0.70340437
0.72224385
0.7139086
0.64825934
0.6510899
0.61762
0.6287739
0.5982133
0.588907
0.55676246
0.5524448
0.5619006
0.57149404
0.5537161
0.5832335
0.5694876
0.572815
0.57872206
0.56136674
0.57093704
0.57659745
0.5681513
0.5474905
0.5682257
0.5583521
0.5773983
0.61755085
0.62237734
0.645123
0.650977
0.6542179
0.69170094
0.7020875
0.70405906
0.71095914
0.72616917
0.7338243
0.7245207
0.6772294
0.6633439
0.6607321
0.6726139
0.6858958
0.70833224
0.7047421
0.69020766
0.6766702
0.6674022
0.6520573
0.6617928
0.6582349
0.64378655
0.6471535
0.6599562
0.6602958
0.6579836
0.66764635
0.6539943
0.6448226
0.64829427
0.6454963
0.63486326
0.64759684
0.6441184
0.65928274
0.6372782
0.65584487
0.6590096
0.6518103
0.67130476
0.685315
0.6846463
0.6861043
0.71774703
0.71956086
0.719146
0.70780295
0.7169528
0.721656
0.67095274
0.6482332
0.6303193
0.60611075
0.5841602
0.5718831
0.57596624
0.5716334
0.5578589
0.5589332
0.558306
0.5716392
0.5751136
0.5749132
0.5851616
0.5820876
0.58882153
0.5199557
0.52471095
0.4999922
0.50742245
0.48799917
0.48879796
0.46053612
0.45305046
0.46676424
0.5080151
0.52647203
0.54921293
0.5755054
0.5362738
0.5424346
0.49138772
0.5091026
0.4676653
0.46114895
0.4641284
0.47456992
0.4586933
0.51047415
0.4716687
0.5263712
0.5482208
0.55264515
0.57963955
0.57019174
0.5829843
0.58334625
0.6043087
0.5966563
0.6069617
0.6151969
0.6070028
0.6367433
0.62637913
0.62246996
0.6369818
0.61905354
0.6214381
0.6494883
0.6174801
0.6042422
0.61062664
0.6223112
0.6044864
0.58758044
0.5584666
0.5890743
0.60046333
0.6067321
0.588366
0.62863463
0.61234874
0.5783321
0.57430667
0.6042997
0.5954193
0.59199035
0.6262792
0.60753
0.6144573
0.6169377
0.5880258
0.5702583
0.58197176
0.5525222
0.56650704
0.5470419
0.52026683
0.5118523
0.49576536
0.48026687
0.4842143
0.52088374
0.51840174
0.5228021
0.53694797
0.53795093
0.55070066
0.54484254
0.55958223
0.5541183
0.5499411
0.5450604
0.5038376
0.52681893
0.5342139
0.5911074
0.62398314
0.60278076
0.6024667
0.62131774
0.64712876
0.65351117
0.6217596
0.62804735
0.6307673
0.5923595
0.5852474
0.58277285
0.542053
0.598854
0.59681684
0.5302531
0.5801846
0.5672001
0.5648297
0.5831794
0.5559128
0.5995628
0.56800926
0.5284733
0.6035482
0.5575242
0.5377075
0.63577443
0.6152155
0.57249415
0.67052704
0.6595015
0.6334856
0.63427246
0.64725935
0.6192816
0.6212371
0.6047038
0.6113477
0.65988266
0.5884357
0.6173051
0.57300687
0.5529511
0.56892294
0.5679556
0.5403402
0.552092
0.5748312
0.52541345
0.5729476
0.5860566
0.6285461
0.6418906
0.65177226
0.63955647
0.6237618
0.5884566
0.641339
0.61600137
0.6501131
0.6432364
0.64967936
0.6508687
0.6381191
0.6307118
0.6393427
0.61045283
0.6182445
0.636494
0.6547055
0.6242844
0.6342305
0.6388467
0.60868233
0.65657717
0.6527455
0.6420339
0.6311063
0.6233674
0.6399621
0.6475155
0.6407691
0.65072787
0.63770795
0.6378851
0.6653454
0.65920126
0.67285293
0.6928119
0.68296224
0.69690067
0.69125
0.74950445
0.68675494
0.6491982
0.62437195
0.62542355
0.6329523
0.6455551
0.6276122
0.65501773
0.6593031
0.62398416
0.6197553
0.6366328
0.6396473
0.6369664
0.63863766
0.6397831
0.6676284
0.68150854
0.690058
0.69851947
0.69644994
0.7135252
0.7232696
0.7014478
0.7079186
0.6740817
0.68319017
0.6885282
0.7111951
0.6905747
0.696482
0.7050833
0.69257945
0.6982012
0.6856947
0.6197676
0.62371063
0.6554775
0.5959038
0.58035797
0.61611116
0.6080021
0.6222643
0.6408542
0.6052749
0.58287895
0.55865806
0.5672488
0.5584511
0.5520229
0.5602174
0.5670623
0.5455013
0.5729969
0.5702975
0.54750586
0.55939966
0.5425181
0.54128647
0.58715695
0.5760595
0.5718543
0.5992162
0.5853403
0.57028586
0.6064575
0.60092753
0.59638876
0.6005819
0.56323636
0.5507138
0.5607134
0.5735233
0.5606943
0.5752356
0.54635453
0.5728926
0.55372
0.5654588
0.5644233
0.5593485
0.559613
0.547053
0.55080366
0.5535643
0.5758158
0.5830066
0.5990753
0.6106725
0.690548
0.67966795
0.6880259
0.6768661
0.69126594
0.71097755
0.68057066
0.6809526
0.6640543
0.66903716
0.654525
0.6721677
0.6909437
0.69788015
0.68558216
0.7055723
0.7147589
0.73561966
0.7370213
0.7473283
0.7566603
0.7625876
0.7603427
0.75400645
0.74797076
0.6808077
0.71978545
0.77508044
0.72988707
0.696081
0.7123304
0.69956034
0.5932843
0.6762241
0.6985549
0.6934008
0.7460214
0.7280393
0.74721575
0.75962466
0.6911646
0.7011644
0.7362021
0.63174534
0.70385367
0.71687126
0.7153371
0.73484045
0.69886947
0.6810503
0.64959586
0.6182289
0.6161104
0.6398953
0.6307409
0.5998545
0.6382368
0.6278655
0.591423
0.59387034
0.643162
0.62485826
0.58532596
0.5614896
0.5426931
0.551677
0.53912675
0.53788924
0.54953575
0.59427196
0.61637086
0.64005107
0.6350522
0.63338965
0.6506706
0.61491793
0.61676997
0.6373547
0.6223771
0.66124
0.65310484
0.6726895
0.67574054
0.6606685
0.6528834
0.6941679
0.7145994
0.69760484
0.72943056
0.61114526
0.64075464
0.66646415
0.6598928
0.6112709
0.61652267
0.57976615
0.58041894
0.51715493
0.52330554
0.5744669
0.6142084
0.68042976
0.68479466
0.678362
0.6660347
0.65715
0.662686
0.6492269
0.6518244
0.66518617
0.68585056
0.6500905
0.6337111
0.62482387
0.6208148
0.62096834
0.6516141
0.61363083
0.5983724
0.6267779
0.608192
0.5972517
0.57904184
0.58109057
0.6004787
0.60823935
0.6059947
0.6046538
0.5950768
0.5687348
0.5522751
0.54622096
0.5625477
0.5471604
0.5416034
0.56127757
0.5634497
0.5951739
0.58992857
0.57220924
0.5823446
0.6029185
0.60690385
0.59534085
0.5995874
0.6123024
0.57786095
0.58739525
0.5521525
0.52869034
0.5158022
0.5079839
0.49237958
0.50259787
0.4863342
0.49742928
0.46748918
0.42934555
0.42051932
0.42670047
0.4216924
0.44912335
0.41992807
0.44504923
0.43935513
0.4605916
0.4730781
0.44319695
0.42617112
0.4726968
0.44988424
0.43896708
0.46769243
0.46608517
0.46500826
0.5053469
0.505624
0.5595926
0.5468649
0.51390946
0.4792866
0.48640916
0.48791692
0.4869099
0.51601774
0.516574
0.49291632
0.51992834
0.44143593
0.40454897
0.4483802
0.41111618
0.51684505
0.39739716
0.41262314
0.39086503
0.41896865
0.42855895
0.4453747
0.44649464
0.42009243
0.43268687
0.44459403
0.34796676
0.2999126
0.2682378
0.285923
0.41136524
0.44413957
0.4862157
0.47425005
0.45970833
0.4756974
0.4927255
0.44629252
0.46791705
0.46878067
0.45554855
0.4765409
0.47195446
0.4824485
0.4291867
0.42116135
0.38459462
0.41252407
0.412906
0.40924814
0.35893732
0.37738284
0.37712303
0.45107025
0.44053155
0.43491194
0.43542928
0.42434072
0.45670855
0.46031466
0.46838245
0.46749547
0.5232677
0.50354475
0.53183913
0.51201797
0.5042294
0.48990923
0.49336892
0.47545722
0.5051482
0.51599216
0.49992445
0.49745214
0.5054014
0.5094068
0.48988703
0.50554895
0.46768
0.4716317
0.46236417
0.44212878
0.41762838
0.4304223
0.43267304
0.42515108
0.44954076
0.4111509
0.40238526
0.38529852
0.39756078
0.38155684
0.40825987
0.40638557
0.41101408
0.42756197
0.48109585
0.48545378
0.4811162
0.46109185
0.46458563
0.45950094
0.4202916
0.42699853
0.43323407
0.43736947
0.4980923
0.52320373
0.5195811
0.544172
0.5566595
0.5014869
0.5016368
0.48241505
0.5110592
0.55658287
0.5907978
0.58379936
0.6171747
0.6092936
0.5761301
0.5971683
0.6084148
0.5899593
0.6121447
0.6039704
0.57467103
0.5422009
0.5138968
0.50857997
0.48861873
0.47494367
0.47627136
0.46963748
0.48128033
0.49886334
0.52656525
0.49014565
0.47783405
0.50293094
0.53562754
0.5107899
0.530697
0.5275389
0.52693534
0.5307459
0.5444322
0.5553917
0.5807908
0.59371585
0.6235144
0.616979
0.64658976
0.67592716
0.6333201
0.68010926
0.665467
0.5658845
0.5305447
0.53426385
0.5467753
0.51002717
0.5108465
0.50865906
0.50451523
0.515676
0.5147898
0.500623
0.51769257
0.49780992
0.52203274
0.53721124
0.53410286
0.5343584
0.55142856
0.5470416
0.53886735
0.56297386
0.57258475
0.5907329
0.58468735
0.599921
0.57286006
0.51537985
0.561676
0.5854155
0.59014773
0.5974388
0.5571618
0.5527707
0.5683507
0.5345449
0.5218824
0.5566433
0.5339434
0.52016795
0.53027177
0.5787108
0.6075766
0.59342486
0.6157075
0.5967658
0.57438534
0.61675984
0.6431306
0.6460032
0.6320839
0.59421927
0.5771996
0.58646446
0.57321423
0.54810447
0.5436714
0.5376985
0.524376
0.521357
0.4933178
0.48758876
0.4952549
0.50672966
0.5481196
0.5804629
0.6039403
0.66121686
0.66502905
0.6662957
0.6307492
0.62238955
0.6021312
0.6029251
0.60377187
0.6051091
0.5801008
0.5491423
0.52442706
0.559736
0.5308319
0.5443099
0.5172857
0.5300108
0.5102544
0.5038253
0.5106743
0.48917803
0.490938
0.49009427
0.48567128
0.48682612
0.48945794
0.50309086
0.4769651
0.5036105
0.4960117
0.497869
0.52526426
0.5069894
0.52481616
0.5401026
0.5346864
0.54867256
0.558557
0.5640867
0.59491503
0.6079224
0.61119187
0.63160115
0.6108246
0.53815395
0.4725641
0.5026613
0.46272534
0.42257488
0.47923154
0.49427402
0.50093675
0.4165181
0.35595664
0.3693005
0.35466197
0.385784
0.3704474
0.39090955
0.3906299
0.38302013
0.3584227
0.34726512
0.32546458
0.34540272
0.34098202
0.32710034
0.33042577
0.3325903
0.31947836
0.36523208
0.3561677
0.35591578
0.42413005
0.42996088
0.48501307
0.52260584
0.54288423
0.5740042
0.5807275
0.5530932
0.5665911
0.585669
0.59777904
0.58856326
0.60704243
0.5980436
0.6044952
0.61433387
0.60764027
0.5975672
0.61265683
0.5976866
0.60913426
0.6113888
0.5871173
0.6161188
0.60181737
0.6231021
0.5899724
0.5672651
0.57847226
0.5739133
0.5908336
0.59110695
0.53213567
0.5229402
0.53930527
0.5504217
0.57903546
0.58047795
0.60569805
0.583897
0.5958691
0.6164049
0.6057345
0.62158144
0.6115157
0.6109689
0.6092213
0.62949383
0.63819814
0.6345501
0.64710945
0.6499083
0.6557875
0.6634033
0.6503448
0.65352994
0.661982
0.63770854
0.63609725
0.63781404
0.615269
0.62780887
0.63551706
0.621001
0.61857235
0.6291418
0.625376
0.62215257
0.6225473
0.6162596
0.6141883
0.612513
0.616817
0.6165385
0.62696975
0.6176803
0.62022376
0.6164595
0.6059778
0.60553855
0.5999394
0.5969506
0.5949515
0.59761906
0.60889035
0.58656603
0.6119013
0.5875929
0.60445786
0.59887844
0.58955616
0.590094
0.5797152
0.5688888
0.5714372
0.5629161
0.5789228
0.5845388
0.5846376
0.59755516
0.61624044
0.6041885
0.61369395
0.6239865
0.61539364
0.6229009
0.6062207
0.59947115
0.58638215
0.5787992
0.5714551
0.5699496
0.58131903
0.5935055
0.59030366
0.58321583
0.5646928
0.60439837
0.58300066
0.55996203
0.5659028
0.5604731
0.5682448
0.5692033
0.5963819
0.6294487
0.6251601
0.5999049
0.57615006
0.5622299
0.5787196
0.582873
0.5975151
0.61791164
0.65206885
0.6579153
0.6927247
0.6707935
0.67255807
0.6808829
0.66308796
0.6561935
0.6692529
0.6497345
0.6368863
0.6519734
0.6295898
0.62084526
0.61683804
0.6095955
0.5998764
0.60105664
0.57243955
0.5774396
0.56738055
0.553616
0.56588274
0.57683504
0.6021918
0.62237316
0.6159742
0.5941659
0.6101024
0.61360866
0.5978471
0.6186843
0.61682975
0.61436385
0.62042725
0.6135161
0.6369575
0.6319428
0.6327228
0.62370825
0.62280107
0.6387742
0.6328974
0.6403521
0.6485373
0.618989
0.6343177
0.6162015
0.6200383
0.6399045
0.6323362
0.6467022
0.61008817
0.5968648
0.5910512
0.61375016
0.5972241
0.6233559
0.554431
0.5807341
0.5680554
0.5620082
0.5862971
0.5978502
0.58711004
0.5433376
0.535866
0.5426747
0.5447683
0.5439532
0.5436029
0.55510384
0.5655277
0.5902111
0.61687803
0.5932314
0.6265759
0.5326085
0.5582519
0.55373603
0.5529255
0.55826294
0.5600221
0.5953778
0.61907136
0.6166857
0.58207697
0.59085435
0.6282158
0.6165094
0.62411237
0.59279054
0.62872124
0.6638925
0.646893
0.59843034
0.6031701
0.5985076
0.63351816
0.576851
0.5689671
0.5860152
0.59604263
0.5883151
0.61553746
0.6159977
0.5833837
0.59536475
0.5883083
0.5535742
0.57750595
0.5897191
0.59473807
0.63067794
0.64492667
0.62688446
0.64959115
0.63938725
0.6456355
0.6467639
0.66612226
0.6483424
0.65520394
0.6474276
0.64847416
0.6322191
0.5998561
0.622714
0.6625458
0.6684371
0.67147714
0.66758686
0.6920267
0.658742
0.67968583
0.65318185
0.62293446
0.64594626
0.6306468
0.6452245
0.70140934
0.66735154
0.68326813
0.67187786
0.6676092
0.67951196
0.65941876
0.6433746
0.6445178
0.6472265
0.6312681
0.60219616
0.6251707
0.60283667
0.6324223
0.6118208
0.6077049
0.5805326
0.6091115
0.58037335
0.60819286
0.57681936
0.58708364
0.59157246
0.57966506
0.5880439
0.5815163
0.5547109
0.59703964
0.57396585
0.5826066
0.5742454
0.5826373
0.5897471
0.58819777
0.6009194
0.57592535
0.57938427
0.5770301
0.5737783
0.5867987
0.53589994
0.5411952
0.5244486
0.5405709
0.50696576
0.50453156
0.50170636
0.50208837
0.5030196
0.5396892
0.55534947
0.5973437
0.6636904
0.65682197
0.6073422
0.69513476
0.7107367
0.6295608
0.6480502
0.6622082
0.6742309
0.6120982
0.5921831
0.6060186
0.60394466
0.6156834
0.6118984
0.61992806
0.57669777
0.58757675
0.5675761
0.5436659
0.54632807
0.5170776
0.52382916
0.5324053
0.53726107
0.53170335
0.5353005
0.5450275
0.54917216
0.56560093
0.5724023
0.57852423
0.57052994
0.5540143
0.5548353
0.5512536
0.565244
0.5653964
0.5656744
0.5729268
0.57953364
0.5817702
0.58833134
0.58161855
0.5918164
0.5838301
0.5929468
0.584073
0.5888743
0.5782918
0.5805706
0.57875943
0.5792077
0.5885899
0.5914366
0.5933939
0.59075445
0.6020541
0.59076715
0.5978662
0.6165465
0.6059223
0.6169171
0.6027539
0.59994143
0.6099285
0.6222131
0.60382205
0.5877269
0.6106209
0.5843748
0.6128425
0.6066517
0.609491
0.6242638
0.61291605
0.6154854
0.6177088
0.6336383
