1
0.82138103
0.81798005
0.81624925
0.8149417
0.80703247
0.803242
0.80347174
0.79936266
0.7983578
0.8014973
0.7973589
0.80929244
0.81138706
0.8139589
0.8142949
0.8187493
0.8115191
0.8139582
0.815278
0.81944823
0.810157
0.810119
0.7951974
0.7864138
0.80094206
0.7909576
0.7879399
0.7861601
0.7914043
0.7794388
0.77652866
0.7699181
0.7601239
0.7588727
0.7820983
0.7778158
0.7683373
0.7682409
0.7555667
0.76379955
0.7613466
0.75774515
0.75739634
0.76687056
0.7614219
0.76533484
0.7612959
0.7754701
0.7600825
0.7278906
0.744426
0.7280593
0.7119032
0.67769355
0.6601699
0.66586894
0.66978633
0.6697473
0.6838949
0.69542414
0.6619467
0.6707538
0.6663519
0.67369765
0.67100173
0.65813214
0.6768001
0.6771706
0.6677406
0.7090211
0.7100213
0.72945064
0.7556938
0.75443286
0.7815879
0.7872375
0.7804893
0.78672796
0.7791155
0.79688627
0.7942602
0.8067492
0.8011863
0.8142493
0.82271075
0.8153706
0.8366865
0.8249091
0.83458143
0.83354115
0.84538144
0.83563924
0.8358356
0.835782
0.81991774
0.8248762
0.79639494
0.80550015
0.8205598
0.81759214
0.8187462
0.8161144
0.8221909
0.81697524
0.81134975
0.7929827
0.79277617
0.7831881
0.7847578
0.7794688
0.8033994
0.76189923
0.7688021
0.7702264
0.7808857
0.7706289
0.76763994
0.77285254
0.7498781
0.74794376
0.7567536
0.7244086
0.7277902
0.74729675
0.7494726
0.75164795
0.74871
0.7673152
0.7555812
0.7594429
0.7617562
0.7579796
0.75740707
0.75954354
0.76769054
0.7595242
0.77288496
0.7518599
0.760872
0.7587175
0.7567215
0.7677721
0.77911055
0.76530427
0.7849547
0.77271223
0.77459484
0.762168
0.7815677
0.7562399
0.7843552
0.7788003
0.7746759
0.79285204
0.7916689
0.7743765
0.78761727
0.78069574
0.7812957
0.7866067
0.7853288
0.78668827
0.7971981
0.7830343
0.7987766
0.80728334
0.8022467
0.8173119
0.81034935
0.8090264
0.81099874
0.8110747
0.81650215
0.81400543
0.8211435
0.818259
0.80430144
0.8096918
0.7998665
0.8084437
0.7940375
0.8239824
0.8016086
0.8059117
0.8065482
0.8208695
0.8223093
0.82785034
0.8147011
0.8076771
0.8021913
0.80884755
0.79323137
0.79181397
0.8062155
0.79233027
0.7763978
0.79370415
0.77650404
0.7841305
0.77360827
0.79116774
0.7793171
0.80147976
0.7826828
0.788042
0.78183424
0.7877572
0.7881229
0.79682237
0.77244776
0.7856876
0.77827555
0.77273005
0.77203375
0.78251106
0.77056986
0.78593856
0.78119725
0.7843901
0.7884317
0.78210634
0.79771715
0.7906731
0.7966198
0.7946476
0.7957504
0.8016389
0.79974186
0.80096656
0.79476994
0.79664224
0.7955932
0.7793453
0.7831467
0.78605884
0.7803114
0.7768849
0.7856033
0.78026366
0.7784012
0.7727178
0.76479155
0.7481157
0.76170117
0.76070267
0.75395435
0.74788654
0.74431276
0.72654146
0.7293363
0.73586154
0.7349218
0.73056614
0.72541916
0.7407237
0.7317408
0.7438121
0.7488272
0.7491239
0.7511073
0.7604782
0.7611544
0.76407826
0.74985003
0.75906557
0.763114
0.75572723
0.7542828
0.7677658
0.76958907
0.7707685
0.772639
0.7742337
0.7752507
0.7597099
0.7545866
0.7747792
0.7521466
0.72481203
0.65743095
0.60734075
0.5623041
0.578985
0.57105386
0.56427705
0.55561095
0.5795557
0.5495486
0.5512569
0.54455847
0.5464524
0.5561216
0.5339606
0.54469043
0.5682962
0.54600304
0.57947505
0.572525
0.59138453
0.57483923
0.5868997
0.56503296
0.61702055
0.59392023
0.5962097
0.57681715
0.576244
0.6027148
0.5856278
0.58599347
0.59538513
0.5881622
0.5912422
0.5937239
0.6069444
0.5988724
0.6043388
0.5969017
0.59816
0.58485335
0.587136
0.59420043
0.5853012
0.55749106
0.5692717
0.5708627
0.56671184
0.602347
0.58965194
0.5826753
0.59215885
0.6277528
0.61424756
0.64047736
0.6114922
0.60225
0.61468565
0.602594
0.58702016
0.58583856
0.5817362
0.583392
0.582284
0.5794395
0.5718715
0.5725339
0.5933773
0.5864329
0.6113912
0.59842443
0.62798005
0.59726936
0.58039016
0.58716077
0.6065092
0.5636287
0.58984977
0.5754747
0.579816
0.61087024
0.60415334
0.59662
0.6218195
0.63223726
0.63398457
0.6461808
0.6449871
0.6540325
0.65754586
0.6787652
0.6784518
0.67929846
0.674808
0.66245914
0.6715762
0.668263
0.6514553
0.65346044
0.6358084
0.6298762
0.62777543
0.6230578
0.62250406
0.64472204
0.6326583
0.65440214
0.6675505
0.65892416
0.6734641
0.66806614
0.6687858
0.65911007
0.66346484
0.6463632
0.6523471
0.6308654
0.6620535
0.64175475
0.62002635
0.6241768
0.6195827
0.6326014
0.6520893
0.6525067
0.6434173
0.6573226
0.65684175
0.6547363
0.6847956
0.69109285
0.7028608
0.7204379
0.7285683
0.7266677
0.72013885
0.72313637
0.709558
0.7238134
0.72679126
0.71744555
0.7197687
0.72862667
0.71294135
0.72930616
0.73500514
0.74389815
0.7524411
0.7511106
0.72911286
0.72938484
0.72907174
0.7419338
0.74970454
0.7313625
0.7398213
0.73328084
0.7528884
0.7458396
0.72600883
0.72171783
0.7436676
0.72582763
0.7228889
0.7138411
0.74847096
0.7318339
0.7371842
0.73542607
0.75488275
0.7564938
0.75916713
0.70884824
0.7158818
0.7212909
0.7223136
0.7066742
0.7090171
0.7079452
0.6877852
0.69771373
0.7028438
0.6945777
0.6796297
0.68311685
0.6734845
0.7024569
0.70830727
0.6897922
0.67741823
0.68043214
0.67997754
0.6697204
0.65636337
0.6526411
0.6319834
0.625679
0.62940526
0.6231783
0.6363181
0.6444808
0.65109414
0.6460537
0.6562812
0.6632653
0.6731297
0.66236025
0.6600474
0.66857696
0.66615003
0.6704155
0.6674957
0.66830033
0.6666245
0.663988
0.6531784
0.64903325
0.6544947
0.6471806
0.640139
0.64832854
0.64705414
0.6188173
0.6113312
0.6038134
0.57953185
0.59478426
0.6025137
0.60768104
0.6108279
0.6356183
0.63856876
0.64924955
0.640897
0.6326022
0.6299059
0.651572
0.643502
0.64712286
0.65051204
0.6451531
0.639617
0.63138896
0.6425816
0.6419226
0.6348169
0.6086815
0.59644985
0.58684963
0.57360744
0.590291
0.581145
0.6244425
0.6024057
0.6309717
0.61994714
0.5868388
0.5816109
0.56388307
0.5665056
0.5644614
0.5865817
0.5705657
0.56266403
0.57163155
0.55865264
0.56157786
0.5580116
0.5521412
0.54693806
0.54277426
0.54713404
0.5546432
0.5789139
0.5660635
0.6099009
0.57098943
0.58508474
0.59133047
0.55997235
0.55418575
0.55033004
0.56039065
0.5584674
0.55407494
0.543018
0.5636728
0.58069444
0.5804481
0.5918275
0.5684714
0.56878185
0.5765521
0.5689238
0.54411316
0.53625506
0.5549691
0.5296272
0.543028
0.54778916
0.59142286
0.5941208
0.57171637
0.59528685
0.57009745
0.5849386
0.58553654
0.5843789
0.5726779
0.5629103
0.57813144
0.58093214
0.5615753
0.58792263
0.5614478
0.5435797
0.5421544
0.51425976
0.52286035
0.5316398
0.5250952
0.5458721
0.5345839
0.54528123
0.59265846
0.5946161
0.5760697
0.5739944
0.5833374
0.5836406
0.57492757
0.5877074
0.5726262
0.5609386
0.5560654
0.53146064
0.5359746
0.5341226
0.5326229
0.5485911
0.5569627
0.53437746
0.51984626
0.563431
0.5695949
0.5599242
0.5580376
0.55224675
0.6102744
0.6189449
0.6162709
0.6491307
0.67338455
0.68977106
0.6921529
0.6491742
0.6350448
0.6492403
0.6343411
0.6342964
0.637313
0.62630427
0.62639284
0.63718516
0.6390046
0.6302093
0.64909786
0.62976426
0.6384301
0.6417737
0.6229686
0.62407285
0.6232822
0.60794055
0.60008764
0.60094315
0.6010014
0.5925965
0.57352823
0.57154113
0.5672979
0.5782209
0.5650097
0.5643994
0.574263
0.63506705
0.6648419
0.5894079
0.57759994
0.5498954
0.54827845
0.53391993
0.5388398
0.5250911
0.49872193
0.50278115
0.5155984
0.5202663
0.5317731
0.538206
0.5574719
0.5703723
0.58310133
0.5978697
0.60871017
0.61162394
0.5691406
0.5656861
0.57276326
0.600491
0.59651256
0.6529124
0.6308956
0.62679535
0.6157358
0.6219289
0.6297806
0.639191
0.6276737
0.64427465
0.66158694
0.6529634
0.6508796
0.657941
0.65757805
0.6164137
0.61305726
0.608677
0.619513
0.6072574
0.6363986
0.61424935
0.6239422
0.6186875
0.61308074
0.61259234
0.6056867
0.61791176
0.59142154
0.5692669
0.57944465
0.5695053
0.56161433
0.5582608
0.5976375
0.6249205
0.6233243
0.65667045
0.6760495
0.6774252
0.67252886
0.6733752
0.6893767
0.6914904
0.671668
0.67662394
0.6539577
0.6363227
0.6200416
0.6234281
0.59576
0.6042646
0.583609
0.5634281
0.5771391
0.58429635
0.5867166
0.58871806
0.6093755
0.6123968
0.69118327
0.8166137
0.7759616
0.7902186
0.79345834
0.8182463
0.8081158
0.7950601
0.8015023
0.7989746
0.7988408
0.7899292
0.7873049
0.7766095
0.7555723
0.7354858
0.7134365
0.7145699
0.70201415
0.6839121
0.7012011
0.6954024
0.72262084
0.69250625
0.7323767
0.7374556
0.77703166
0.81011957
0.81011385
0.77555233
0.7591346
0.74223775
0.704114
0.71302336
0.70905733
0.6974919
0.71518004
0.7171952
0.66240895
0.60929114
0.64290154
0.6483011
0.53013706
0.5341332
0.5493965
0.57219464
0.59200996
0.64374745
0.635644
0.62962663
0.6420679
0.66779625
0.6662244
0.64319354
0.66118306
0.65281475
0.6579656
0.6675449
0.6585048
0.6546804
0.6451823
0.63948923
0.63496155
0.6553459
0.65727556
0.66073436
0.65078676
0.65857565
0.6763185
0.6801893
0.6871007
0.71745694
0.72038436
0.7386965
0.7327459
0.7308628
0.7369007
0.73203486
0.6863363
0.68126035
0.6961627
0.6691179
0.67237765
0.6807801
0.6709303
0.7053791
0.6926324
0.6811073
0.6784299
0.6789394
0.68710345
0.6868184
0.7197125
0.6602575
0.65014744
0.6200073
0.6023565
0.5880879
0.6013424
0.60630304
0.6320585
0.6362362
0.65122914
0.66963065
0.6889823
0.6986965
0.7053634
0.67673147
0.6848713
0.67955834
0.6621234
0.64647067
0.63769794
0.62424004
0.6296483
0.62921363
0.64613974
0.6445471
0.6395507
0.6464824
0.6630019
0.6700779
0.6639072
0.660782
0.6749124
0.6834556
0.67205346
0.6724944
0.6633604
0.66007406
0.6545266
0.67853105
0.65806973
0.6698235
0.6646087
0.64350253
0.6181464
0.6300158
0.6095176
0.5964496
0.58731896
0.57058185
0.5532896
0.56781465
0.58547354
0.57840747
0.5806724
0.58599895
0.59461224
0.58657104
0.6007419
0.59447527
0.5976728
0.60296327
0.6002232
0.6070593
0.6005727
0.60456616
0.6013364
0.60464144
0.6065771
0.6025489
0.5872883
0.58030194
0.5900279
0.6035611
0.62891775
0.6379235
0.6518319
0.6655562
0.66134566
0.6471061
0.66071945
0.66656816
0.66064787
0.6565272
0.64926565
0.6395808
0.6423257
0.63134646
0.6247257
0.61459225
0.61360544
0.5919785
0.58737105
0.5738066
0.575971
0.5857837
0.5850686
0.58547765
0.5510473
0.535902
0.52880377
0.5518065
0.54798025
0.5504314
0.5437864
0.5581917
0.5823404
0.58430415
0.5736367
0.59268373
0.624062
0.5982587
0.60653985
0.6386396
0.6308184
0.616331
0.61427134
0.61824745
0.60071445
0.608061
0.60330224
0.6400851
0.63638425
0.63503927
0.6373169
0.6446042
0.64502925
0.64287287
0.67409647
0.66281676
0.6925532
0.6893796
0.6918642
0.7053827
0.6996645
0.68941396
0.6937407
0.68938816
0.68107444
0.6717635
0.66250235
0.6860795
0.67871016
0.69129664
0.69529825
0.6881578
0.6752183
0.6830177
0.6921572
0.6847256
0.694731
0.67964774
0.6998527
0.6975481
0.6952813
0.682231
0.68608063
0.6966937
0.6836992
0.66243225
0.67045236
0.6571149
0.6657233
0.67616665
0.66657937
0.66876
0.66552585
0.69030607
0.6742446
0.6819559
0.6769949
0.6935806
0.6765124
0.69848275
0.6888689
0.6811971
0.68519866
0.6785645
0.6825391
0.68462694
0.6840352
0.6895445
0.6748793
0.6867405
0.6875597
0.6842525
0.6884632
0.66320854
0.67187285
0.6835399
0.6834116
0.6765147
0.6742321
0.6881111
0.69215584
0.69770205
0.70364726
0.688468
0.70726025
0.7042125
0.6904992
0.7006546
0.6668753
0.6543512
0.65861744
0.656294
0.65387076
0.662878
0.6585372
0.6617933
0.6665708
0.64072895
0.65229195
0.6697383
0.67300737
0.6783813
0.67578053
0.6757743
0.68929297
0.67907256
0.67281073
0.6826532
0.6810304
0.67525256
0.68190414
0.6698876
0.6699957
0.6754618
0.6981946
0.6630742
0.68269575
0.6700184
0.6577702
0.6649976
0.64752793
0.6532003
0.65624493
0.67306626
0.6784155
0.6889531
0.694823
0.69221425
0.68418854
0.6870363
0.68875915
0.6877267
0.6830109
0.679146
0.67801565
0.6545344
0.63778174
0.64120823
0.61354107
0.6130962
0.60971564
0.59906703
0.6149996
0.5929821
0.55662
0.5290298
0.52489084
0.5349288
0.5441338
0.6138434
0.6111999
0.5660923
0.5720133
0.5648119
0.5963454
0.6071672
0.6156947
0.60735
0.6260728
0.6134987
0.60718775
0.62327313
0.62187004
0.6206388
0.6350835
0.6191993
0.62301964
0.6315608
0.61156124
0.5939497
0.587854
0.58922213
0.57641804
0.58273727
0.591012
0.59888196
0.606537
0.5908861
0.57838863
0.5911511
0.5885726
0.58997923
0.58763874
0.6083875
0.5812809
0.592933
0.5830389
0.56715375
0.565482
0.59825355
0.5950037
0.6063861
0.62416786
0.61927646
0.61842626
0.58646554
0.5785692
0.6031555
0.5946407
0.59058845
0.6008935
0.5977875
0.5718018
0.55346406
0.5678193
0.57141834
0.557387
0.5841416
0.5884214
0.57447463
0.5721645
0.5666535
0.5525577
0.5465717
0.5510751
0.54185706
0.53412014
0.549917
0.53607506
0.5640633
0.58678484
0.60114247
0.60161525
0.5971486
0.61832505
0.6467649
0.640549
0.6324365
0.6435705
0.6289207
0.6422207
0.63519347
0.6302032
0.62259895
0.6207194
0.618515
0.64406145
0.6295162
0.6335638
0.6139302
0.5907045
0.6019445
0.5920406
0.58763945
0.5627033
0.589406
0.57276165
0.583721
0.5761733
0.5537936
0.582393
0.56314224
0.60621715
0.60914105
0.6026112
0.6024581
0.60602605
0.6091254
0.58968127
0.6125116
0.60679877
0.5886518
0.5761602
0.575164
0.52892023
0.5489034
0.55988884
0.49896687
0.5408578
0.5112043
0.4926874
0.6013313
0.6132899
0.61063194
0.64426446
0.6482925
0.6559503
0.6612385
0.64646316
0.6643915
0.66558933
0.6628733
0.6567413
0.64655656
0.6249995
0.6271731
0.59139466
0.6053117
0.60557884
0.6111036
0.60932386
0.58984923
0.5718711
0.5560906
0.5047262
0.5348992
0.516411
0.52774733
0.5118704
0.4954618
0.48797977
0.48726737
0.5141805
0.50069463
0.52744496
0.5113918
0.50018406
0.5049839
0.5382116
0.5280617
0.48983312
0.5238215
0.51223415
0.51223373
0.48650187
0.51659805
0.49596456
0.4956381
0.49198937
0.5183824
0.50060916
0.51256526
0.54545707
0.5242473
0.5388873
0.506618
0.52728593
0.5130571
0.55861104
0.5104402
0.5327476
0.5291059
0.5653694
0.51038957
0.5310601
0.5286646
0.54872376
0.6093738
0.5892206
0.6027624
0.59353775
0.59763217
0.5870278
0.5903736
0.59603816
0.5816663
0.5724128
0.56384295
0.5675134
0.5642738
0.55792326
0.56190073
0.5585725
0.5683599
0.57607377
0.5568532
0.554462
0.56693065
0.5575774
0.55876213
0.58019215
0.56808203
0.572452
0.5819876
0.57256675
0.5845105
0.58613765
0.5857618
0.5697496
0.5611985
0.56135625
0.5479166
0.56865174
0.54582405
0.5652699
0.57347786
0.5480234
0.54776967
0.56749725
0.5550965
0.5584983
0.56110233
0.5552403
0.5537794
0.562455
0.54096705
0.5516646
0.5520589
0.54492664
0.5498405
0.5373952
0.5388586
0.52914065
0.5359814
0.53309953
0.5217913
0.51797956
0.54183155
0.53440607
0.52015835
0.5320454
0.51481724
0.5542747
0.5717446
0.57555217
0.5761894
0.5856843
0.589047
0.59106624
0.6177834
0.6490484
0.65068907
0.6573849
0.6668399
0.59965837
0.5209103
0.54238725
0.47027206
0.5131539
0.56697017
0.58087736
0.5921104
0.607657
0.6464281
0.64808196
0.62929803
0.600333
0.61759776
0.65134174
0.6710723
0.6844889
0.6917549
0.66036725
0.6782453
0.6629185
0.68287855
0.68923885
0.70453596
0.6778317
0.64831656
0.66545117
0.6617167
0.64577687
0.6759274
0.66973174
0.6584958
0.66975284
0.6610587
0.6550569
0.670647
0.6669141
0.6488046
0.6670582
0.63000363
0.63593113
0.62730277
0.63084537
0.6354408
0.63235724
0.65020543
0.63849056
0.65581137
0.65900457
0.6791776
0.6758175
0.6822967
0.6770961
0.67069846
0.6688684
0.6597383
0.65595925
0.6517969
0.6538497
0.6478961
0.65491515
0.65623206
0.64687955
0.65806603
0.64890623
0.65101045
0.66422814
0.6560744
0.6557994
0.67330486
0.6560771
0.64430857
0.6572045
0.650067
0.6430041
0.6579006
0.6372719
0.63267684
0.64676654
0.6269915
0.6348895
0.6348839
0.6176021
0.6228575
0.6385576
0.6301098
0.63098806
0.65881926
0.6384848
0.6484314
0.6500734
0.64185715
0.6664424
0.6374643
0.6251317
0.6138804
0.61331415
0.606991
0.60543805
0.6157729
0.61596745
0.6104357
0.61967057
0.58887434
0.58673704
0.56943494
0.5893867
0.57987994
0.57497644
0.58861905
0.5967968
0.6023991
0.60982996
0.6210726
0.6180328
0.6248111
0.6396361
0.6216409
0.62161744
0.6379486
0.61772215
0.6139041
0.60206634
0.60826015
0.602719
0.59199536
0.5798861
0.58203506
0.5976958
0.59556806
0.5882467
0.5931287
0.6046741
0.6006991
0.6105741
0.6129123
