1
0.6760205
0.67175144
0.6715874
0.67042553
0.66905403
0.6665648
0.66149855
0.66224796
0.6617557
0.66097385
0.65500903
0.6527534
0.66641635
0.65300447
0.64739925
0.6395551
0.65148747
0.6388658
0.6345233
0.64689016
0.64149886
0.64989454
0.65257555
0.64957184
0.64620095
0.64884144
0.6504037
0.6595449
0.65881497
0.64894795
0.6446076
0.64433175
0.64688534
0.6474019
0.6421956
0.64723444
0.64459586
0.64339274
0.6283866
0.6253143
0.6281283
0.6082366
0.64441246
0.63547754
0.6524363
0.6513559
0.6567867
0.65838164
0.65988344
0.6589682
0.6612499
0.6480568
0.65263814
0.6506069
0.65474015
0.64205676
0.6386998
0.63004225
0.6315765
0.6434449
0.64615756
0.6488695
0.65403515
0.65666497
0.65700644
0.6520961
0.65682745
0.66041654
0.66237646
0.65656054
0.66473013
0.6811359
0.67457527
0.6803879
0.6717653
0.6652041
0.6654109
0.668462
0.6645467
0.66599023
0.6608744
0.6342214
0.6093183
0.5874597
0.6238705
0.58527625
0.54871714
0.55585915
0.57323
0.60791725
0.6081525
0.5989145
0.6326421
0.6538579
0.6748618
0.687846
0.67972547
0.6710577
0.6512318
0.64406204
0.63183403
0.62775666
0.6220602
0.6151133
0.6091759
0.6387692
0.59374875
0.5864146
0.6223124
0.6526412
0.62311256
0.65780026
0.66383564
0.63424754
0.63001555
0.6152963
0.6191205
0.62711704
0.60742205
0.60586506
0.5844993
0.57460195
0.60448664
0.6093726
0.63197213
0.672298
0.63422537
0.6432633
0.6438421
0.6524342
0.6477827
0.6536524
0.6561046
0.66511077
0.649581
0.6406472
0.63281775
0.63552845
0.6390853
0.61332893
0.62609273
0.6232915
0.60975957
0.60841066
0.60784024
0.60851234
0.60932934
0.62973607
0.6314451
0.6523816
0.65447056
0.6752064
0.66683424
0.6817051
0.67627394
0.6817794
0.6797547
0.6793297
0.6775082
0.66945934
0.67170054
0.66020346
0.6555568
0.65713024
0.6437463
0.6381337
0.6200749
0.6196687
0.6247231
0.64566606
0.6484693
0.6425806
0.6334051
0.63128936
0.62517923
0.587019
0.60146844
0.5749937
0.552476
0.5632407
0.5289026
0.5410732
0.51898146
0.5050711
0.5186017
0.49956232
0.48393658
0.4964356
0.4938918
0.46242446
0.47976848
0.45902565
0.4534661
0.47258157
0.46587238
0.45738146
0.47662976
0.47938862
0.4704158
0.47665617
0.4747405
0.4986837
0.5091908
0.53263503
0.51967674
0.5054051
0.5234439
0.53030103
0.5253429
0.53852886
0.5661859
0.54851687
0.56896037
0.5482958
0.57601565
0.55627865
0.58486927
0.5681243
0.57226294
0.5738855
0.5979519
0.6182334
0.61772877
0.6347107
0.65466344
0.62730455
0.6593068
0.6515046
0.67544043
0.68753624
0.69655675
0.6768205
0.7083295
0.6945198
0.69707245
0.7016182
0.6948138
0.68694717
0.6805676
0.6855087
0.6796644
0.6710503
0.6609954
0.651671
0.65338457
0.6517692
0.6497311
0.6423632
0.6432464
0.640107
0.65250605
0.65595394
0.6662216
0.6561022
0.6478411
0.645963
0.61892086
0.59866714
0.5966658
0.5765677
0.55198896
0.5436121
0.524216
0.5310548
0.54139966
0.5562081
0.5256497
0.546508
0.5277516
0.5188983
0.45382008
0.41753447
0.45147592
0.47053802
0.4955325
0.4687585
0.46662223
0.44721946
0.4750656
0.4911441
0.49891835
0.5274807
0.5858084
0.57118607
0.5883839
0.6292129
0.60565275
0.58227235
0.568364
0.57714385
0.59180653
0.56565917
0.55844694
0.5871037
0.57598895
0.58158976
0.60290486
0.5796038
0.5713105
0.59020776
0.6002628
0.60404813
0.59545493
0.5679159
0.57739276
0.5770933
0.5718594
0.578941
0.5653126
0.58115155
0.5892642
0.5720352
0.5671074
0.5734477
0.57254994
0.5846898
0.561762
0.57444704
0.55272686
0.5598266
0.5620749
0.54488754
0.539734
0.5428199
0.5332965
0.53976893
0.5416133
0.52868706
0.5412058
0.53455555
0.53414935
0.5444579
0.5552193
0.56302565
0.5607027
0.5525434
0.540699
0.5542775
0.5463101
0.5352462
0.5455819
0.5664007
0.58297724
0.5770245
0.5819817
0.5708131
0.58722454
0.5858393
0.5964787
0.5887774
0.6063325
0.620521
0.60875577
0.60354125
0.5752886
0.53960127
0.50540274
0.503079
0.5015504
0.4623826
0.4939528
0.5409996
0.5042087
0.49721557
0.51364183
0.5144757
0.5450315
0.5382782
0.53937966
0.5367852
0.62678015
0.55749285
0.5744988
0.5649779
0.63354784
0.6463514
0.58944905
0.58238643
0.5703168
0.5669712
0.52688915
0.52464676
0.5467398
0.5709215
0.58280134
0.5908989
0.5151643
0.46964517
0.4834187
0.47561592
0.49586433
0.5147365
0.51312274
0.5379897
0.5165306
0.5391519
0.5410797
0.5919791
0.6038621
0.6421265
0.5645332
0.54997087
0.533478
0.56323487
0.51501477
0.5134692
0.5157052
0.5370367
0.5119594
0.5121548
0.5186508
0.49827453
0.51668066
0.50976723
0.5176898
0.5189179
0.51756364
0.5374536
0.5293097
0.51290214
0.5184055
0.5511721
0.56495243
0.5724368
0.5552132
0.5546313
0.5666176
0.56124496
0.5874926
0.6060581
0.6223236
0.6051136
0.62052256
0.6036049
0.6046761
0.5724023
0.5340984
0.5433469
0.5518766
0.5773042
0.6070121
0.61862737
0.63481283
0.65791565
0.60815734
0.6051406
0.5921686
0.5910604
0.56355983
0.5526676
0.4983964
0.48879603
0.48716077
0.47789586
0.49156603
0.48323202
0.4729677
0.5010591
0.47379947
0.4633383
0.40518278
0.41868043
0.42332277
0.4385823
0.47195905
0.47218677
0.45688406
0.48190576
0.50727296
0.49497658
0.46852154
0.48365334
0.4815798
0.49418688
0.49568906
0.4749135
0.4764537
0.4944435
0.48928633
0.4868885
0.5039475
0.5194458
0.54972166
0.5260963
0.49281836
0.47539905
0.47790018
0.45028347
0.4714107
0.44279817
0.47960854
0.48605847
0.4447478
0.47141165
0.42513567
0.417977
0.42403087
0.47056702
0.51613384
0.51347655
0.4870837
0.5238071
0.4899819
0.5193728
0.47564885
0.47835216
0.44341326
0.41989055
0.4976982
0.40850383
0.4089245
0.38892558
0.47673705
0.5143506
0.4855947
0.5590513
0.6069436
0.63992083
0.6554184
0.6318063
0.57796127
0.5396121
0.55363905
0.56776464
0.59233415
0.61150086
0.604333
0.62162787
0.6106817
0.5957033
0.56682223
0.5664345
0.54899997
0.5549377
0.54677474
0.5353588
0.55713135
0.55222476
0.56610984
0.5841041
0.5598565
0.5608593
0.5810387
0.5904556
0.58061266
0.5887195
0.56957555
0.586935
0.60439354
0.58005947
0.57480705
0.60464877
0.60502136
0.6056033
0.61444813
0.6163423
0.62349546
0.6182176
0.6107017
0.6265216
0.6162232
0.614613
0.612587
0.61373764
0.6022492
0.6110186
0.6123759
0.63043314
0.6221378
0.6158275
0.60986936
0.610977
0.6054837
0.59349453
0.59595495
0.5974886
0.6150293
0.59288025
0.606544
0.6026865
0.6107045
0.5966498
0.60687286
0.5855003
0.6015718
0.60062927
0.6069436
0.5941627
0.62033397
0.5921893
0.5951661
0.6077802
0.60012764
0.58098376
0.5925187
0.57821935
0.562008
0.5736605
0.5691264
0.56950307
0.5738676
0.5813381
0.5827537
0.5958772
0.6061704
0.63060105
0.6293448
0.6436628
0.6271342
0.61784005
0.60620904
0.5937206
0.5520399
0.57871443
0.5759717
0.568082
0.5708168
0.5743363
0.5917989
0.57517755
0.5737309
0.5542687
0.549908
0.5292296
0.56603223
0.616175
0.63617516
0.62415147
0.5950377
0.5681087
0.55218273
0.54582125
0.54011196
0.5474296
0.5372739
0.56226003
0.55713373
0.55836374
0.55450916
0.55403763
0.5491583
0.55113673
0.51594347
0.5157194
0.52241737
0.5191334
0.47513106
0.4729168
0.48407358
0.5095934
0.51987195
0.50645596
0.5045856
0.49597755
0.5039034
0.51808465
0.52934915
0.54720145
0.58631086
0.6417211
0.6572643
0.6613508
0.65944743
0.6675488
0.6767484
0.6665477
0.6620564
0.62408143
0.6207831
0.61643285
0.6280446
0.6560034
0.657333
0.6426791
0.6451692
0.6273077
0.6195824
0.5977164
0.60108954
0.5978386
0.6105042
0.5979567
0.60004675
0.61863315
0.6316334
0.6173288
0.6076684
0.6147356
0.6116543
0.60882026
0.60662097
0.6133124
0.6117311
0.6174041
0.62916267
0.63342017
0.63160837
0.6281061
0.61090547
0.5922859
0.5890089
0.5807742
0.57693315
0.5608966
0.5586189
0.53667694
0.53597283
0.5176645
0.5249224
0.5055207
0.51979864
0.5175904
0.5010504
0.49957207
0.5166641
0.5143011
0.51518744
0.5354918
0.5295293
0.5451623
0.5291172
0.5387936
0.53390723
0.55232066
0.5683095
0.5755813
0.5779739
0.55698836
0.58787537
0.5798937
0.5877911
0.5590771
0.52464366
0.511332
0.52275383
0.5156483
0.510564
0.53204775
0.5462917
0.53654563
0.56983685
0.57455444
0.5666555
0.5615072
0.56969565
0.57273424
0.61352724
0.62309223
0.6114027
0.59293646
0.5597316
0.53889644
0.54515195
0.5329779
0.50659776
0.5092709
0.4911832
0.47514394
0.46497017
0.46321782
0.45849106
0.43711445
0.45379403
0.43124214
0.42577523
0.4418445
0.4621397
0.49395186
0.5261204
0.57168007
0.58660233
0.56637114
0.5873302
0.61877066
0.59664106
0.5837099
0.5735734
0.58049184
0.5811397
0.5366127
0.51099515
0.45328215
0.48386747
0.5002251
0.51173526
0.55156755
0.5376855
0.5296002
0.55529153
0.58162624
0.54560274
0.5671676
0.5230425
0.42824712
0.42450222
0.42645696
0.4373721
0.45172223
0.47007647
0.46724603
0.47423258
0.45792046
0.44069278
0.43331695
0.46811926
0.4111047
0.48714218
0.5385951
0.586385
0.6146825
0.60206795
0.5938956
0.632216
0.622701
0.6305758
0.58941025
0.6117186
0.60847884
0.55596226
0.53011733
0.5337701
0.5781084
0.616006
0.6529764
0.58320457
0.60669756
0.59414816
0.5868331
0.5849701
0.5749123
0.57986784
0.5750106
0.5773875
0.6011539
0.58233535
0.58533174
0.6744162
0.6847093
0.6706222
0.70393157
0.7137905
0.6865403
0.6532883
0.63473415
0.6122495
0.6462048
0.6570368
0.6390085
0.6288157
0.6287358
0.62233216
0.6101234
0.59825134
0.60997474
0.6082747
0.6125104
0.6230959
0.6106999
0.61041236
0.6372078
0.62577766
0.6205981
0.59863913
0.5975189
0.6072755
0.62286174
0.58965695
0.57523197
0.572252
0.56107485
0.5781745
0.61882275
0.6231906
0.6120572
0.5661115
0.5433879
0.54255515
0.5440591
0.56396693
0.5638313
0.5921942
0.6019927
0.61465925
0.6246732
0.61024255
0.58766824
0.5511042
0.54050523
0.5390314
0.56170344
0.5757375
0.57454383
0.5653441
0.5693531
0.61276823
0.626808
0.60292214
0.5798443
0.5701157
0.5908246
0.59245247
0.61629575
0.62367815
0.5918991
0.6130522
0.6094746
0.63304913
0.6085144
0.60231024
0.56850284
0.550039
0.57447696
0.5604554
0.4843221
0.49463934
0.49960187
0.5353145
0.52063996
0.56152886
0.53978497
0.539154
0.50843275
0.49106842
0.5054275
0.43837872
0.43325308
0.45644024
0.4700612
0.42904648
0.4557542
0.48776504
0.48773694
0.4793463
0.49843112
0.5115809
0.54580677
0.47802603
0.44937477
0.48192662
0.5396268
0.6374742
0.6335436
0.61622256
0.5147706
0.5494979
0.58954483
0.59848344
0.56268144
0.58808774
0.5314745
0.5490852
0.54109275
0.50944966
0.51048934
0.55440396
0.56214327
0.5538568
0.5426079
0.5440144
0.5683237
0.5249565
0.51815885
0.52998835
0.5428076
0.53046924
0.5404334
0.54334205
0.562377
0.53651154
0.5375167
0.5756772
0.5637474
0.57893384
0.5441621
0.57846224
0.563162
0.596934
0.5470235
0.54414934
0.5454555
0.534447
0.5291213
0.5614862
0.5789496
0.5476747
0.563575
0.5561173
0.5642423
0.55970603
0.5949015
0.5679874
0.5973547
0.6118555
0.6040791
0.6054924
0.59556645
0.58962435
0.5649148
0.5900424
0.5951651
0.5933918
0.62176824
0.6071531
0.58848566
0.6128867
0.5664692
0.57133675
0.6060267
0.57996976
0.52997494
0.5450088
0.55777925
0.52454835
0.509368
0.5233754
0.47958666
0.49092913
0.46481556
0.5133774
0.5319648
0.55163044
0.542756
0.5124347
0.5251107
0.5151799
0.5050934
0.4950429
0.489939
0.47599214
0.4797672
0.5090618
0.5018322
0.50506455
0.4806255
0.4604891
0.54285425
0.51801646
0.5043917
0.47525048
0.5597305
0.6030336
0.55263036
0.4917929
0.5189679
0.4934365
0.4999341
0.47943336
0.5105666
0.55974597
0.5222127
0.5473417
0.53539735
0.47700968
0.47552887
0.50113696
0.5876192
0.5432565
0.57573456
0.5405609
0.48708996
0.5151949
0.5277742
0.6071284
0.5426952
0.6064143
0.517844
0.50516325
0.4851022
0.48035866
0.49610445
0.4844941
0.5210995
0.5390156
0.5617354
0.56876945
0.5896831
0.5891953
0.60235924
0.59002846
0.597847
0.5927166
0.6085912
0.53925294
0.582782
0.60873467
0.6117466
0.57598275
0.5907974
0.57404387
0.57088846
0.5737125
0.5500944
0.5381069
0.52468973
0.5489047
0.5495072
0.51265925
0.52413404
0.49719492
0.5018216
0.49411437
0.5095074
0.5121416
0.49784964
0.501271
0.50222814
0.49520937
0.5135814
0.5175433
0.5302565
0.53963166
0.58085257
0.63727224
0.6078843
0.64106935
0.65988594
0.637692
0.64405483
0.6574223
0.6338353
0.6223778
0.558255
0.5335033
0.58006674
0.6523226
0.6912724
0.6907983
0.6438943
0.653221
0.61650205
0.58387554
0.63741225
0.6510134
0.6586089
0.6432991
0.6538209
0.64967245
0.6313319
0.6381337
0.6465942
0.6469657
0.645851
0.6643766
0.6524119
0.65162176
0.65793663
0.6477661
0.65693283
0.66702485
0.6691682
0.6617296
0.6626697
0.64260143
0.62952924
0.5943238
0.59999585
0.5885136
0.5804221
0.5737868
0.5667915
0.6041776
0.6061354
0.6164289
0.64758754
0.65551007
0.64397097
0.65816283
0.67530394
0.6318642
0.6611985
0.6541409
0.6422143
0.62943536
0.62624484
0.61039007
0.6158287
0.5949302
0.6152025
0.5979865
0.6071763
0.5792486
0.6114801
0.5878538
0.60377353
0.6124975
0.6084621
0.6386517
0.6200896
0.627446
0.61958694
0.6163901
0.6223374
0.61291134
0.60737544
0.6315623
0.6055134
0.5743124
0.52780616
0.56501764
0.5855214
0.5576732
0.620171
0.5985511
0.5992275
0.5976307
0.6139573
0.6408833
0.6540214
0.6210925
0.58635575
0.5739197
0.5885012
0.5899405
0.5761728
0.56349945
0.5943385
0.5957483
0.59786415
0.59541327
0.6055104
0.59630203
0.5858416
0.57390165
0.5763116
0.5648705
0.5745083
0.5837584
0.5896374
0.58103746
0.5423137
0.5474309
0.53312063
0.53196764
0.519024
0.53296435
0.5274855
0.5257228
0.5303426
0.5293029
0.5261317
0.53725225
0.5596925
0.57970434
0.59868824
0.5805432
0.57987285
0.5476543
0.5325149
0.5620551
0.5852513
0.53680944
0.5463544
0.5407045
0.5797484
0.55129
0.5321923
0.5521507
0.55516136
0.56394905
0.5250575
0.52112746
0.51211625
0.46048352
0.42651233
0.40862578
0.46047962
0.5284443
0.5285646
0.51494986
0.526086
0.53748554
0.5633209
0.6144502
0.60724396
0.6519796
0.6300391
0.60370964
0.5631857
0.5612574
0.6114606
0.6658792
0.60448897
0.6044723
0.5875211
0.6454721
0.63928336
0.6026458
0.6438072
0.6372156
0.64174455
0.6327827
0.45332068
0.5388066
0.50318927
0.4826334
0.5531342
0.59297264
0.5720232
0.5887256
0.5583998
0.5736445
0.5539756
0.54615337
0.585338
0.60643464
0.6081949
0.6080127
0.5905692
0.6056733
0.60066265
0.5670882
0.5454003
0.5472188
0.5486881
0.49039018
0.48840865
0.41631284
0.40956438
0.45090103
0.3964733
0.38506937
0.4489804
0.48529783
0.50870645
0.50156456
0.47981206
0.47389314
0.49472895
0.50579906
0.52604026
0.54046446
0.5481274
0.54967517
0.48800844
0.48592487
0.55820477
0.6042545
0.5929973
0.56139684
0.5544636
0.59380364
0.6183054
0.6169867
0.64058256
0.6308877
0.6159907
0.5983492
0.5971939
0.58057743
0.46541274
0.4595558
0.46422243
0.46716288
0.4967118
0.5911655
0.5493769
0.6738873
0.57460994
0.5545205
0.5680993
0.5542703
0.5734225
0.5644667
0.55038476
0.51220596
0.47566274
0.4643873
0.4895018
0.48877367
0.48301098
0.4745228
0.5270091
0.49621412
0.4202612
0.4211651
0.41413462
0.4386738
0.46581444
0.4764212
0.47033727
0.48575342
0.53292555
0.5193733
0.53383076
0.49641213
0.5280842
0.58032995
0.577887
0.58496284
0.6023566
0.60488343
0.57571286
0.5839355
0.6185785
0.61130863
0.59963447
0.5849344
0.56778044
0.566098
0.5383886
0.5277493
0.5069336
0.54095566
0.55193543
0.47682008
0.4996856
0.5234522
0.4871175
0.47217607
0.46922556
0.55758214
0.60197914
0.5677016
0.5832675
0.5775111
0.62041724
0.6290843
0.6256304
0.63696814
0.6085032
0.5789675
0.5728965
0.59091246
0.5716479
0.56654435
0.58032095
0.563597
0.556754
0.5276241
0.5385818
0.5323185
0.5153647
0.5103191
0.5249668
0.5337512
0.5204082
0.53286594
0.5536709
0.5730273
0.580356
0.59734094
0.5871028
0.58535504
0.5974008
0.6196952
0.6134485
0.6172442
0.6055084
0.60986775
0.6064799
0.57793134
0.5842931
0.5564884
0.53870493
0.5223436
0.5681796
0.567275
0.5679806
0.51881635
0.4933505
0.5398341
0.57391125
0.5372936
0.48967996
0.45626235
0.50208324
0.55652374
0.4738196
0.43908462
0.520563
0.46039012
0.50899583
0.582068
0.54528415
0.47427708
0.45223436
0.5080131
0.5770953
0.53162855
0.57281923
0.55121017
0.5125594
0.4727813
0.5208751
0.50313026
0.47870594
0.5470793
0.546911
0.58864486
0.52298725
0.550196
0.5863233
0.6124383
0.6013917
0.5785062
0.6240357
0.586619
0.54484767
0.5452302
0.5253533
0.52563536
0.49824482
0.50428027
0.52854216
0.5132668
0.47084865
0.47059688
0.4956247
0.5092573
0.45211357
0.4781512
0.44969302
0.4528362
0.424233
0.45327258
0.45050502
0.43060654
0.4427514
0.48625785
0.46455544
0.46113992
0.5091467
0.57384825
0.6623637
0.6224429
0.53064173
0.5085203
0.5219516
0.5166904
0.5351328
0.48167983
0.5662461
0.5909894
0.571189
0.5779728
0.6034379
0.6341446
0.57941175
0.54243577
0.5195219
0.46618408
0.4759499
0.53656507
0.54475415
0.5830477
0.5482278
0.60621005
0.58106923
0.5377547
0.5939295
0.5470694
0.5431049
0.56839687
0.56205267
0.5195444
0.52987456
0.49992055
0.5325061
0.48533267
0.50480026
0.5170235
0.5097543
0.53525454
0.50690633
