1
0.79575396
0.7911621
0.796961
0.7897374
0.7947052
0.78849566
0.7949301
0.7899608
0.7877671
0.7841055
0.7857567
0.78313
0.782092
0.78423417
0.7846824
0.7867371
0.7872279
0.7935021
0.79664093
0.7968798
0.7961807
0.7985475
0.8029762
0.8023316
0.8056821
0.8025606
0.8042987
0.8020658
0.800313
0.79872626
0.7976657
0.79617673
0.7913274
0.791608
0.79089653
0.787048
0.7848245
0.7866274
0.78561115
0.7782495
0.77611697
0.76991224
0.74546707
0.73559606
0.76156497
0.7318312
0.7381636
0.72994995
0.74516064
0.73606205
0.7303958
0.72923964
0.7128362
0.6964037
0.6886802
0.7042332
0.71084994
0.72852314
0.7787077
0.7992773
0.75594497
0.7407521
0.73636115
0.7382315
0.7263427
0.7349038
0.73318243
0.7426901
0.74386925
0.7325376
0.74863064
0.7444014
0.7378871
0.73609626
0.7282724
0.7331425
0.7303914
0.69664556
0.6997093
0.7055011
0.7179648
0.7363223
0.7571646
0.7618802
0.7322887
0.72706556
0.71217346
0.7285277
0.7016792
0.737705
0.7551915
0.77111965
0.7945015
0.7798712
0.7634032
0.7469441
0.72087854
0.718618
0.6988698
0.70848227
0.7033431
0.7007274
0.6962141
0.71602684
0.7271305
0.7515569
0.7805529
0.7778591
0.74010634
0.7083555
0.69247633
0.67542607
0.6850149
0.6998839
0.70385265
0.6980702
0.71751475
0.7182274
0.7317446
0.71331507
0.7183169
0.74597454
0.7179345
0.71796644
0.7299991
0.7163618
0.71185935
0.71375406
0.7256212
0.72399354
0.70957804
0.70695156
0.69994706
0.6852393
0.70701396
0.7242542
0.7298471
0.73649347
0.7317462
0.7446276
0.7369646
0.72750014
0.7125816
0.73050743
0.7408345
0.73999983
0.75128156
0.7368017
0.73852897
0.74343693
0.7361855
0.72989404
0.75637853
0.74155235
0.74718064
0.7392086
0.7443545
0.7204819
0.70939434
0.70753086
0.685486
0.6733987
0.65561
0.66767156
0.6885214
0.6769908
0.6829107
0.70688325
0.6948552
0.7109802
0.7363998
0.7160553
0.7009388
0.7066477
0.70712453
0.6832591
0.6670858
0.6753588
0.7083901
0.71373093
0.6943864
0.7052786
0.6905956
0.70815986
0.72243166
0.69922286
0.70372725
0.723993
0.7147452
0.7035495
0.67202044
0.71565825
0.6316867
0.66720694
0.6619867
0.67573094
0.7348962
0.7332398
0.7377342
0.74394214
0.7416293
0.7183656
0.76083326
0.75800174
0.76494503
0.7661374
0.7397342
0.6530442
0.5953533
0.620659
0.72848386
0.73474294
0.7505108
0.7687421
0.7447016
0.73898953
0.7601648
0.7737247
0.77782845
0.7503128
0.74608415
0.75017965
0.71174324
0.7157167
0.71523076
0.69312215
0.72316015
0.7431613
0.71861804
0.6484323
0.6180316
0.6784322
0.6043721
0.6325285
0.64653695
0.620906
0.61171496
0.65206075
0.60583055
0.67890537
0.66025376
0.7595624
0.7658115
0.7652614
0.76508856
0.76940036
0.7630846
0.7645752
0.7538735
0.74379134
0.7546993
0.76055557
0.77583224
0.77541333
0.7788425
0.7704932
0.74853474
0.7787076
0.76652765
0.7483612
0.73263854
0.72827286
0.72206956
0.69155675
0.6955908
0.678749
0.67765677
0.6490788
0.6069905
0.62126374
0.60963106
0.5943887
0.6216094
0.6160197
0.63325053
0.66153294
0.691424
0.70369244
0.69668823
0.69182074
0.6728649
0.68402904
0.6643782
0.62507397
0.6154901
0.64980996
0.6098795
0.59886837
0.5358264
0.55555433
0.5717312
0.6266686
0.6585401
0.67063415
0.684583
0.7000353
0.71954507
0.7228292
0.8117975
0.7922109
0.80617285
0.78250265
0.7839177
0.790032
0.78974724
0.74460304
0.7230551
0.7099346
0.6987566
0.6887792
0.7155106
0.73582834
0.7865874
0.82101625
0.80904186
0.81793296
0.80755657
0.7949607
0.7582945
0.7432602
0.671214
0.6498621
0.6759442
0.6698753
0.6440246
0.6321296
0.62262243
0.5861476
0.5618174
0.53277415
0.5338066
0.5794062
0.626112
0.63559276
0.62778246
0.6597476
0.6972349
0.7154387
0.70334226
0.68942773
0.63657975
0.61250883
0.6594872
0.6990241
0.7166833
0.74628943
0.7261557
0.72686905
0.7126043
0.71082926
0.71952164
0.7077364
0.690983
0.6912437
0.675355
0.67238444
0.69161516
0.68483925
0.7291399
0.74590594
0.75266325
0.7703169
0.770897
0.79610974
0.80578685
0.8159254
0.8019078
0.7868363
0.7735372
0.7710594
0.77671874
0.7639102
0.7642789
0.75208783
0.7607606
0.7613327
0.77422863
0.7677379
0.7270194
0.7213193
0.753401
0.73964703
0.7454085
0.7287741
0.74534005
0.74710625
0.7501057
0.7394535
0.7369734
0.71826905
0.71087635
0.7079511
0.7238802
0.7211555
0.71522546
0.7164608
0.6988839
0.69405705
0.6922246
0.69310915
0.67647386
0.66450816
0.6713991
0.68199116
0.67813116
0.68001163
0.6658809
0.65364695
0.6577298
0.6511063
0.644988
0.62316054
0.5957247
0.59595764
0.6052023
0.62710434
0.6328851
0.6346516
0.6244396
0.6581351
0.6338581
0.6369775
0.6503481
0.6591451
0.68005383
0.6835076
0.6740549
0.6970005
0.6963724
0.697336
0.6962973
0.68698055
0.6958989
0.6927602
0.69133025
0.6815224
0.6796161
0.6613083
0.66033566
0.64881533
0.6497255
0.6360455
0.6667033
0.68609333
0.6361141
0.67769253
0.64533377
0.6160296
0.6107474
0.598595
0.56492674
0.65252304
0.63873285
0.62438256
0.62899876
0.61916023
0.55424917
0.53933066
0.5779206
0.5879823
0.600739
0.6166866
0.59972966
0.6190533
0.6325273
0.6815042
0.62219346
0.56616724
0.6018625
0.60448587
0.60506177
0.6027605
0.6052818
0.61359197
0.60567
0.6153319
0.61883277
0.6317847
0.6268074
0.6172612
0.63711786
0.6707233
0.68117416
0.6713154
0.66628313
0.68729055
0.69367796
0.660788
0.6124377
0.6057723
0.6054716
0.60247576
0.6502817
0.65427685
0.64437115
0.6221783
0.58880264
0.5853807
0.5852245
0.5816376
0.5896032
0.57302725
0.5698688
0.57520854
0.57609504
0.5745371
0.56731695
0.5609173
0.55205745
0.5359228
0.5474214
0.5563682
0.58842564
0.6325726
0.6533935
0.6613941
0.6707678
0.67961836
0.6592415
0.6799442
0.66936064
0.6626992
0.65905744
0.6683636
0.6592285
0.65635455
0.6343737
0.6431061
0.6413262
0.64948696
0.66722214
0.69229126
0.70380837
0.7129081
0.72525287
0.7036072
0.6854631
0.71396226
0.69243675
0.6800511
0.661016
0.67178017
0.6647254
0.693739
0.7012001
0.6904655
0.7052772
0.73322845
0.7217252
0.74102354
0.7648996
0.8069639
0.82208854
0.8343199
0.8281013
0.8224776
0.8170983
0.8253841
0.8145374
0.819966
0.82508844
0.81582433
0.8055375
0.81622165
0.7975847
0.7940794
0.7939139
0.79213154
0.7644637
0.77536464
0.7491573
0.755706
0.75305074
0.742405
0.7204496
0.70761365
0.7191551
0.7301322
0.74102026
0.733054
0.7176891
0.7050742
0.7004153
0.7160417
0.71741647
0.70905507
0.70517224
0.7037364
0.712503
0.71663654
0.71161306
0.6821745
0.66473097
0.6651339
0.6640391
0.6602303
0.62676346
0.58402276
0.58203334
0.6135217
0.618004
0.63135225
0.6299603
0.6423351
0.6361
0.63619846
0.6257995
0.6517452
0.65452796
0.6538347
0.66234875
0.6722198
0.6846983
0.69017625
0.6726479
0.67615616
0.66817456
0.6592501
0.6478009
0.6261871
0.60978615
0.5916576
0.595744
0.58492947
0.6207529
0.625203
0.6189784
0.6631794
0.6738134
0.65666056
0.6411625
0.6331004
0.6400476
0.6323841
0.6311415
0.6171091
0.59909976
0.6163514
0.6102765
0.6123221
0.6279893
0.62576103
0.6151825
0.60966915
0.6120477
0.63050026
0.6470116
0.67827
0.69396174
0.6849353
0.69829696
0.70888865
0.704582
0.70025533
0.69900763
0.6868355
0.6892194
0.68814105
0.67944914
0.65833277
0.5999649
0.60628515
0.5923158
0.59742063
0.6039327
0.60464925
0.6142005
0.6181047
0.6278618
0.635367
0.62976
0.5979185
0.5972638
0.54725224
0.5152017
0.53148544
0.5397604
0.5407142
0.56085366
0.5434826
0.5472884
0.57510597
0.55676574
0.56229
0.5836821
0.5759458
0.60600036
0.5997531
0.60510343
0.6062748
0.59915906
0.6124384
0.62880796
0.63395566
0.6282972
0.63573337
0.64046156
0.6183679
0.6174953
0.62606364
0.6134622
0.6115485
0.6257286
0.62499136
0.65459955
0.6104066
0.6420696
0.66272783
0.6800755
0.694282
0.6920873
0.7017714
0.71209437
0.718283
0.7183504
0.7205479
0.7167017
0.7235853
0.7246331
0.7297905
0.74151725
0.7473485
0.74763775
0.7620627
0.7651357
0.76316965
0.7545801
0.7406365
0.73193604
0.7084156
0.71974975
0.7258309
0.735691
0.7413222
0.74378014
0.72464234
0.6973021
0.6744213
0.68892545
0.6860681
0.71516824
0.70709914
0.6955987
0.6820705
0.68234044
0.6936996
0.685621
0.7095409
0.7152487
0.713608
0.675369
0.63738817
0.65233994
0.5870369
0.60058796
0.6252719
0.61550254
0.62775064
0.6539529
0.6709119
0.69195545
0.7202815
0.729756
0.75759673
0.74085283
0.77062696
0.7420438
0.740496
0.7480894
0.76548505
0.75520974
0.75320876
0.72674567
0.7135277
0.69830376
0.69446486
0.6517414
0.66977155
0.6939534
0.7062508
0.6728422
0.66923946
0.68167573
0.6798819
0.6732612
0.68651354
0.69133204
0.66103095
0.633203
0.6579628
0.6376012
0.6477701
0.6477888
0.6414013
0.6532023
0.6931451
0.68937
0.7011007
0.68517995
0.6807062
0.6527309
0.6404728
0.6686088
0.6795673
0.6688631
0.68171966
0.68162
0.68781
0.67720973
0.68888575
0.68266165
0.696072
0.69789404
0.7204795
0.7116811
0.7330723
0.7280673
0.7391086
0.72802246
0.7356896
0.76071477
0.77704805
0.736879
0.76035255
0.7488004
0.7372852
0.72298026
0.72982407
0.7317541
0.7062265
0.697497
0.688574
0.69296664
0.70095533
0.67474383
0.66564524
0.6497025
0.6546389
0.6629133
0.6680717
0.66080236
0.68966854
0.7094594
0.70953196
0.7245554
0.7263391
0.7474722
0.75295544
0.75255173
0.7578937
0.75195503
0.73632747
0.75528705
0.74916357
0.7471691
0.7404388
0.7438627
0.7518429
0.7632435
0.79334205
0.8158252
0.8160038
0.81557775
0.8115025
0.7890411
0.76447344
0.7530318
0.74182767
0.738756
0.71001023
0.6916739
0.6581951
0.6704124
0.6942278
0.7041664
0.692631
0.6920348
0.67583954
0.6696017
0.66319
0.6697839
0.6676561
0.67227
0.6846631
0.6838982
0.6686662
0.6579528
0.66557044
0.683023
0.66891575
0.64186054
0.6385048
0.62578267
0.6408837
0.6356376
0.6461341
0.6456556
0.61448497
0.5941734
0.61065054
0.608103
0.62380403
0.58985096
0.5787682
0.5820226
0.5935256
0.58951974
0.61417747
0.6086216
0.6438223
0.65598375
0.6640112
0.659932
0.6539789
0.6651149
0.6714772
0.66903365
0.65760285
0.60904753
0.5980889
0.5931678
0.59249216
0.5823819
0.5814188
0.6029599
0.61373526
0.6382452
0.6606139
0.6573748
0.6505706
0.6665877
0.6693363
0.6600749
0.6660134
0.6461238
0.64236295
0.6276816
0.5969988
0.606778
0.5935571
0.5939471
0.58615905
0.60515404
0.61578786
0.62539035
0.69301337
0.7211581
0.7303813
0.72701126
0.72072285
0.72585136
0.7087199
0.7216374
0.71706456
0.72422254
0.7423497
0.746433
0.72665626
0.7151195
0.70404977
0.6982269
0.69657385
0.69314915
0.6975758
0.69185144
0.6869973
0.6886082
0.6796896
0.68299866
0.6858647
0.68825847
0.69535536
0.67981607
0.699017
0.68706
0.6962889
0.70748156
0.708486
0.70351946
0.6950894
0.6988896
0.687972
0.6763997
0.67229784
0.6714633
0.6653526
0.66569126
0.665571
0.67731214
0.6939921
0.6985819
0.7283457
0.7256793
0.8025947
0.7850268
0.7815994
0.77378
0.7633271
0.76040787
0.7573803
0.73608655
0.7111638
0.70872414
0.71879977
0.73447263
0.7506409
0.7300426
0.69141585
0.6688368
0.69247144
0.70896524
0.7089946
0.72158587
0.7187311
0.72349703
0.73043597
0.7345516
0.7228782
0.71882206
0.7212293
0.6995763
0.6931299
0.6902536
0.68327
0.6976823
0.68596494
0.6805391
0.64403474
0.63308704
0.6139539
0.65074754
0.65164053
0.6551585
0.69571
0.68860453
0.64205474
0.6575775
0.66744906
0.65208215
0.62360394
0.582099
0.56970936
0.5505795
0.58751065
0.6343154
0.7258373
0.6810155
0.63882923
0.6305403
0.71577966
0.70532805
0.7241083
0.68965626
0.6715054
0.6633004
0.6684883
0.65927976
0.6622678
0.6723685
0.66495335
0.66632456
0.6747918
0.6601515
0.6479033
0.66257155
0.6322619
0.62106013
0.6034631
0.6235311
0.6269801
0.6206019
0.60780126
0.59219885
0.5984708
0.5925776
0.60115397
0.59690756
0.57902586
0.6019089
0.5887892
0.6009716
0.6483075
0.6349729
0.63013726
0.6615926
0.637037
0.65145856
0.6256233
0.653761
0.64713246
0.6769077
0.6919877
0.67983365
0.6809975
0.6980345
0.706465
0.7232494
0.7245521
0.73733836
0.7342447
0.7537369
0.731638
0.7460957
0.64202726
0.6753096
0.64980805
0.61895746
0.6454763
0.65534955
0.6589032
0.66891503
0.67788136
0.71192676
0.7125479
0.7415257
0.75456184
0.7397281
0.7266004
0.7188292
0.6825743
0.6823322
0.6844793
0.6486154
0.64821965
0.6708614
0.67873305
0.6762443
0.6902631
0.6781763
0.6674658
0.67399126
0.6953605
0.6967414
0.6877151
0.7042768
0.6799946
0.66319036
0.64949983
0.66714704
0.66560286
0.6611563
0.6251403
0.6474429
0.69029176
0.6636546
0.68015
0.6616493
0.6547835
0.64771765
0.6601011
0.69295555
0.66345304
0.67939216
0.6855366
0.68986666
0.65576583
0.6356287
0.6353649
0.6139099
0.61787593
0.60429376
0.58015585
0.59665984
0.59157854
0.5867755
0.5903057
0.579888
0.5535692
0.52064
0.5339853
0.56351507
0.6221841
0.70890784
0.7079729
0.71176654
0.7289753
0.7257586
0.7179175
0.7168914
0.7114902
0.68703175
0.6756678
0.652106
0.63749146
0.61768246
0.6121064
0.61644876
0.6087592
0.58686703
0.6107033
0.60708284
0.61488044
0.6225476
0.5949191
0.60827583
0.62013996
0.60660857
0.6207373
0.64657235
0.6557095
0.6668652
0.687667
0.68118817
0.6969183
0.7016714
0.6906087
0.6978603
0.6991934
0.7006847
0.662896
0.6459102
0.6513263
0.6486466
0.6518925
0.6592728
0.63500595
0.62588364
0.61713874
0.58107877
0.5822831
0.5949354
0.5836245
0.60732126
0.6325482
0.6362949
0.656525
0.6940028
0.6895838
0.69741577
0.6865948
0.67467976
0.67474526
0.673217
0.6530626
0.6037431
0.62532526
0.64089
0.6704046
0.79202706
0.6789326
0.7022288
0.6919545
0.70158184
0.68997073
0.6908816
0.65358806
0.64050657
0.6877453
0.68348944
0.694567
0.69461924
0.6998631
0.7035509
0.69247866
0.6397929
0.6300235
0.6540161
0.6603479
0.63218474
0.6594845
0.6427816
0.647627
0.6589675
0.6289727
0.6287386
0.6567691
0.65013623
0.67031205
0.6841436
0.7012935
0.73187625
0.7024043
0.6658182
0.631097
0.6384898
0.65207076
0.6714571
0.6574514
0.6649162
0.6756231
0.6242001
0.61909795
0.6377072
0.5983265
0.58888674
0.57956433
0.56583315
0.57757145
0.5137021
0.5101703
0.5364231
0.5461621
0.6034986
0.6245283
0.60249704
0.637185
0.58491904
0.5781534
0.60258526
0.5643056
0.56877637
0.5830394
0.579939
0.56106627
0.5833683
0.5952503
0.5784273
0.5963688
0.5927676
0.6050425
0.6021389
0.5964896
0.53062195
0.53879
0.5380794
0.59700197
0.6120351
0.6757227
0.6624038
0.63150716
0.60382265
0.6002263
0.58630365
0.55180657
0.56371796
0.59748334
0.631935
0.5947256
0.55144656
0.5285742
0.4896744
0.517177
0.4814541
0.51493055
0.52660006
0.5470703
0.56051916
0.59810275
0.6472638
0.61889327
0.5999062
0.5464395
0.5374468
0.5378903
0.5561746
0.5911851
0.61325544
0.6167681
0.6165542
0.6279752
0.626837
0.6379667
0.6419422
0.6425692
0.64800715
0.6440877
0.64949334
0.6486741
0.6426051
0.6434595
0.64178956
0.6396855
0.642525
0.63578135
0.6409855
0.63110536
0.63136965
0.63157904
0.6292714
0.6319895
0.62761676
0.6217905
0.62966543
0.62216914
0.6272375
0.6266345
0.625776
0.6295683
0.63325804
0.6135552
0.6264348
0.62533617
0.6225125
0.62095577
0.6471092
0.63125366
0.66600984
0.6452561
0.6557242
0.65348756
0.66639715
0.6521638
0.67448485
0.67112434
0.66747296
0.69280773
0.6765916
0.6790255
0.6778417
0.68019724
0.6889039
0.69504416
0.63466644
0.6433168
0.6461926
0.6464528
0.64840716
0.669
0.6832176
0.6867584
0.6801792
0.67748
0.6819703
0.6778577
0.67916185
0.67353517
0.67820626
0.674253
0.67625755
0.65273947
0.6768306
0.66658294
0.6757368
0.6656345
0.6729665
0.6580748
0.6699254
0.66233605
