1
0.73516744
0.71386576
0.7159313
0.71970916
0.72031367
0.70907086
0.7133542
0.7160672
0.70794916
0.71065986
0.7102045
0.711
0.70455366
0.72269547
0.7026493
0.71501267
0.69545746
0.6978791
0.691497
0.68669575
0.6803883
0.6909135
0.6684315
0.66167676
0.65666604
0.64868426
0.6568684
0.65883875
0.6405674
0.674762
0.67443204
0.6440945
0.67853916
0.6681923
0.68348306
0.6813625
0.70721126
0.7009123
0.7095883
0.7142036
0.72605556
0.71746916
0.7272104
0.74178827
0.72736514
0.7534969
0.7397721
0.7583567
0.7637088
0.7367197
0.7281936
0.71542835
0.7058909
0.69007087
0.6931913
0.7025224
0.7053613
0.6897068
0.6821496
0.6532098
0.64103776
0.65618044
0.6782187
0.68081677
0.642984
0.62303925
0.66147935
0.65737903
0.66348535
0.67460525
0.72834224
0.72232735
0.692552
0.7117059
0.684231
0.71924627
0.7105705
0.6889484
0.6767525
0.7092838
0.7055684
0.7191166
0.6939012
0.6882223
0.6756394
0.6452769
0.6554931
0.67672485
0.6620228
0.67552173
0.70226693
0.6576827
0.6551623
0.6606372
0.6321662
0.6228308
0.61296475
0.627367
0.6418065
0.6266356
0.6100035
0.5706117
0.57893103
0.5799776
0.60631806
0.6491366
0.65501297
0.6925864
0.72922504
0.7343437
0.76466393
0.7789676
0.76078594
0.74475825
0.7553423
0.7455589
0.7358067
0.714892
0.6826473
0.6749058
0.7456436
0.57488227
0.59135395
0.5976331
0.6327105
0.6353593
0.6337913
0.7025807
0.6868298
0.636549
0.6048887
0.65496355
0.6661507
0.6877639
0.6482868
0.6620087
0.6352302
0.6815678
0.7236554
0.6551071
0.6429004
0.66548425
0.6769475
0.66794044
0.6472441
0.6873421
0.6964614
0.66548085
0.6983565
0.6881028
0.6879477
0.67764825
0.7053483
0.6768516
0.69020325
0.69680613
0.71594155
0.7169256
0.66394365
0.6734042
0.67632616
0.68018955
0.68177295
0.7047677
0.66617775
0.6811114
0.65512645
0.67018765
0.6657213
0.66890836
0.66578263
0.65909725
0.6720746
0.689493
0.70311606
0.6844454
0.6722061
0.64496136
0.62315106
0.59708
0.59840393
0.5954226
0.60574126
0.60497284
0.6119814
0.6575372
0.63534045
0.5902589
0.56659853
0.57929564
0.5501216
0.53184867
0.61273855
0.62376314
0.66614515
0.6563617
0.62882656
0.653487
0.6475429
0.6717779
0.6550125
0.6265211
0.6371701
0.582321
0.5066844
0.5252204
0.5282599
0.5679128
0.60337055
0.61338246
0.6179729
0.63366574
0.63308
0.66738266
0.6575767
0.66260976
0.6303496
0.66176254
0.628439
0.68142277
0.6552506
0.61007065
0.61651736
0.59871584
0.5995395
0.60686415
0.5752242
0.5933808
0.58068734
0.5883391
0.565897
0.5336363
0.55362827
0.5336662
0.571715
0.54795206
0.5863995
0.56823283
0.5746089
0.6131944
0.6294569
0.6344138
0.6371311
0.6268282
0.60816854
0.6150218
0.6174784
0.56542355
0.56882304
0.5951134
0.5756127
0.5655515
0.5787548
0.60528785
0.63034004
0.59992117
0.6310075
0.64318776
0.6587584
0.6783183
0.684723
0.65228623
0.67883456
0.6520976
0.6821455
0.6632252
0.6713081
0.681442
0.65393823
0.68918407
0.69624835
0.68414336
0.69251037
0.7129778
0.6649275
0.6727669
0.6696054
0.6292651
0.6639157
0.6006701
0.60897356
0.54949665
0.54801947
0.55610704
0.6285417
0.6883695
0.69009846
0.642606
0.6724059
0.6938751
0.65961784
0.640735
0.64419097
0.7099271
0.64537597
0.6315456
0.5983656
0.5582747
0.5433743
0.57162863
0.6030774
0.5930158
0.56783825
0.5300581
0.5254426
0.5531342
0.593042
0.5532321
0.610594
0.64288086
0.6668581
0.65313363
0.589305
0.65318906
0.65859383
0.56494725
0.5427984
0.5996368
0.6219579
0.6535728
0.6575841
0.55833066
0.5104325
0.5158353
0.4902612
0.4889098
0.4825903
0.502361
0.5270827
0.50867987
0.49468067
0.5053513
0.48857978
0.47695222
0.4735445
0.46811858
0.4575179
0.4517718
0.47861648
0.49319398
0.4969522
0.51465976
0.5234704
0.5437819
0.55266
0.53347635
0.5371065
0.5382092
0.53219336
0.5510135
0.54886883
0.52461904
0.54351175
0.56337637
0.57005006
0.54826874
0.53925073
0.5292898
0.5188972
0.5127489
0.48913017
0.48548782
0.48320583
0.48896664
0.5085097
0.5096296
0.52456635
0.5179225
0.5257801
0.53272164
0.524364
0.5486319
0.54641396
0.5488094
0.538792
0.5485573
0.52170366
0.51558614
0.5243704
0.52121395
0.53263086
0.5214648
0.5161315
0.50040865
0.5422727
0.46948123
0.5430324
0.5316817
0.5334913
0.5209928
0.53111225
0.5998662
0.6589326
0.7203009
0.65881795
0.6030836
0.57122594
0.4631908
0.51717746
0.597092
0.5572893
0.5597861
0.5615891
0.5958872
0.57218766
0.579421
0.5768525
0.53563404
0.53225535
0.49507755
0.46931565
0.49705642
0.51427305
0.538071
0.56016624
0.579181
0.5976791
0.58006495
0.55836165
0.49436826
0.59939975
0.6262235
0.5148815
0.5203218
0.47779262
0.5281111
0.5275118
0.5428496
0.58537734
0.6000179
0.6050515
0.58295476
0.5795078
0.59250623
0.59768814
0.545528
0.47480115
0.54478925
0.55907494
0.608954
0.6162529
0.6275858
0.603015
0.6036699
0.60436195
0.6708992
0.63475806
0.5603753
0.48499388
0.48905095
0.42116934
0.4593516
0.44642133
0.46787384
0.50330824
0.46905357
0.37610415
0.38773584
0.40384224
0.43376186
0.44298792
0.44764268
0.44552025
0.4440965
0.45110193
0.44929564
0.4437657
0.456419
0.46033958
0.45830864
0.449138
0.45642516
0.44337362
0.43606526
0.43274662
0.43350244
0.44223925
0.44358817
0.44201148
0.4542098
0.4569892
0.44316265
0.44369063
0.4500289
0.4367519
0.42053148
0.40867725
0.4036571
0.41188484
0.4096929
0.42191327
0.42218268
0.4396637
0.43868572
0.4129644
0.46860644
0.48580566
0.5399865
0.70341384
0.65694976
0.69651544
0.73648435
0.7762795
0.816479
0.5037382
0.48399267
0.43353963
0.45533398
0.39824617
0.4248912
0.4660825
0.49191067
0.5512273
0.61681175
0.6713763
0.6638869
0.6650495
0.63472795
0.64526486
0.65147513
0.61947685
0.5982223
0.637028
0.59629804
0.60817
0.5972629
0.54642475
0.5210427
0.60695535
0.6496543
0.6684603
0.6120032
0.6286035
0.6191271
0.6331315
0.61318237
0.58042806
0.5577566
0.5444221
0.49879232
0.4712343
0.43770006
0.41608495
0.4065214
0.40148675
0.4449402
0.54007566
0.5647128
0.5095928
0.52450144
0.4670634
0.44074613
0.41170135
0.46375772
0.5081964
0.5960058
0.6231573
0.64518416
0.6533373
0.64084303
0.6332178
0.5698099
0.59260076
0.61301714
0.6291722
0.62250155
0.6033948
0.6099044
0.6238554
0.61837333
0.64475644
0.6410078
0.63004625
0.6257051
0.60626984
0.5995085
0.581043
0.5767799
0.5703971
0.56600165
0.5566231
0.54503286
0.5799174
0.6425764
0.61658114
0.6015472
0.5834707
0.57994896
0.58324087
0.6127838
0.609261
0.61602557
0.6207652
0.5582633
0.5519677
0.54682404
0.5233665
0.54359895
0.5758773
0.5661414
0.5407651
0.6068323
0.64094806
0.6722428
0.5798914
0.61574554
0.59972197
0.5529592
0.5937162
0.5833939
0.60573125
0.59847045
0.70902026
0.8638895
0.90493417
0.90268326
0.86983794
0.8442383
0.86486304
0.89162207
0.93751836
0.8622721
0.83111554
0.7681896
0.7045487
0.82389694
0.8274027
0.8481927
0.84311086
0.78082424
0.7873563
0.7465825
0.7260068
0.7543851
0.7864937
0.7666022
0.76594716
0.77010226
0.7850394
0.7778478
0.75694275
0.85700923
0.8567106
0.717631
0.714588
0.73418707
0.6943913
0.6918351
0.7116251
0.68881273
0.653809
0.7304211
0.6998138
0.7045941
0.6892779
0.70503914
0.71784073
0.7286235
0.71245044
0.7490045
0.81228495
0.72752917
0.73079485
0.7439962
0.7978383
0.76116407
0.78790873
0.7818786
0.7530119
0.80339587
0.87121934
0.89300084
0.93368423
1.0354184
1.0340486
0.9244677
0.77282673
0.6944508
0.59850055
0.5991325
0.7161907
0.719673
0.5966283
0.5808902
0.5862539
0.60414326
0.5774861
0.56219584
0.6087372
0.56086653
0.586995
0.5956294
0.6193706
0.5643641
0.5393612
0.49154013
0.46021888
0.4301478
0.4846138
0.4684915
0.3974833
0.47518653
0.4174025
0.463187
0.47305754
0.4837794
0.47757003
0.44729793
0.41295308
0.45957372
0.57383865
0.6292641
0.6450376
0.5516425
0.54646873
0.5980665
0.5492933
0.6341739
0.7286973
0.60340554
0.6177971
0.6316912
0.5842129
0.5884103
0.57566255
0.6058812
0.5888075
0.62667567
0.669974
0.64268875
0.69998884
0.61793566
0.62515205
0.6331559
0.6242423
0.6005931
0.5743709
0.58868986
0.5943221
0.62343407
0.62385076
0.6435707
0.6678401
0.6247273
0.647596
0.63472855
0.6279795
0.6201875
0.6173173
0.62988365
0.61784333
0.6202354
0.6040881
0.59287554
0.6139576
0.62203234
0.6132874
0.61772233
0.61113995
0.6003634
0.6345676
0.6505769
0.6297228
0.6382395
0.62110806
0.62969923
0.67598087
0.672282
0.64141273
0.6840942
0.6849944
0.6885444
0.6937106
0.67688555
0.660521
0.66318816
0.68367225
0.64731157
0.69556016
0.7077318
0.65991503
0.6535435
0.6688985
0.6322017
0.68158954
0.65001625
0.64424205
0.6654627
0.68135893
0.67634976
0.7362392
0.6908978
0.6307822
0.63698095
0.6089247
0.5847637
0.56165034
0.61811054
0.6117287
0.6503124
0.65257496
0.6676298
0.64610505
0.628652
0.5874045
0.5851972
0.56784594
0.57081187
0.57015795
0.5558538
0.5486718
0.5649994
0.5613046
0.5931814
0.6165314
0.63888997
0.64752376
0.64124876
0.6479718
0.6596741
0.6565444
0.637192
0.6558123
0.6086342
0.58687305
0.5677966
0.6022852
0.62441087
0.53102714
0.52045286
0.6047183
0.5543414
0.6518754
0.65655965
0.6490788
0.64907646
0.6673115
0.6269155
0.6412272
0.65202326
0.6698943
0.66455626
0.6577351
0.6483918
0.6254032
0.63857126
0.6448269
0.67455024
0.6724553
0.6734558
0.6459633
0.6532325
0.67436415
0.690609
0.6129194
0.6813479
0.8195427
0.80107087
0.8926299
0.7474682
0.8508382
0.7350384
0.8733345
0.7922417
0.7480141
0.60531664
0.50347865
0.5048377
0.28053814
0.28192317
0.27813268
0.2877541
0.2785647
0.27940872
0.28693077
0.28028727
0.2881161
0.28160074
0.27485186
0.28586978
0.28882456
0.29723343
0.29542825
0.29551142
0.3120233
0.34034675
0.33634397
0.30504948
0.2828059
0.29013437
0.2913618
0.28673324
0.29449037
0.29028374
0.29941916
0.29208463
0.29806262
0.31020877
0.4066743
0.3393199
0.27871248
0.28184798
0.3923336
0.4379069
0.31360444
0.22058628
0.31867358
0.37586156
0.6058981
0.6106556
0.5126965
0.47903243
0.5375903
0.5111314
0.47920245
0.4477898
0.4426371
0.5184033
0.4916995
0.5129537
0.53488594
0.58034974
0.5281629
0.55151457
0.51049787
0.53048354
0.54797184
0.49793023
0.51376903
0.59844875
0.57769597
0.67077696
0.81888235
0.8398722
0.7958864
0.7900611
0.82819575
0.8244144
0.8679284
0.8600354
0.8503537
0.79385525
0.8464945
0.740848
0.73853344
0.729556
0.70225245
0.6867656
0.6751821
0.60691994
0.5775168
0.5960481
0.61924857
0.6630405
0.6100137
0.58092624
0.6651334
0.6179641
0.61978656
0.6406454
0.6480604
0.7264775
0.83643925
0.9298135
1.0012808
1.0276259
0.78088444
0.7306668
0.83369863
0.9437911
0.8590505
0.8424202
0.7339669
0.71877927
0.6749235
0.52491087
0.7781279
0.6713608
0.66855335
0.66517603
0.6460353
0.6091438
0.83261216
0.677636
0.6191766
0.60754204
0.6314227
0.7203153
0.6848916
0.7117016
0.748855
0.75532055
0.80517405
0.7241374
0.75764376
0.7861729
0.75468856
0.7933749
0.8038466
0.77639025
0.74450284
0.7791704
0.78242004
0.79002976
0.79857945
0.79908705
0.770852
0.8060713
0.76873267
0.77901876
0.7869289
0.82088023
0.75315964
0.8134736
0.91585
0.7855233
0.7355448
0.71943355
0.79700774
0.7959568
0.7972609
0.9185142
0.9264357
0.90588856
0.87307656
0.8628963
0.851923
0.7863793
0.7727427
0.7807051
0.7137694
0.742213
0.7254964
0.72522694
0.72838694
0.7460585
0.7567828
0.783706
0.79148793
0.771128
0.73174745
0.7539682
0.7432446
0.72089124
0.7650711
0.7281329
0.75406647
0.74053836
0.7400294
0.7390237
0.70054936
0.696533
0.7057394
0.7021993
0.7632484
0.7833044
0.8092703
0.8220001
0.79372877
0.82133675
0.8234766
0.8002507
0.82514995
0.80582166
0.8362582
0.82087606
0.81975156
0.7975854
0.8127734
0.781874
0.82062054
0.79697317
0.7842254
0.76185894
0.7524864
0.80650026
0.85487324
0.86776745
0.8149164
0.77654773
0.7908669
0.7782086
0.78268313
0.76131195
0.788742
0.7628811
0.7589573
0.71968174
0.7073352
0.74421626
0.7381057
0.7746805
0.78425366
0.7375505
0.6711953
0.6266309
0.68136203
0.64325887
0.6560717
0.63361096
0.66467035
0.77656156
0.85664064
0.80388767
0.71560925
0.74707764
0.6663298
0.63039535
0.64789236
0.6443557
0.6435323
0.6294964
0.6628976
0.7579987
0.73321635
0.7421951
0.7127862
0.70341426
0.6792085
0.6117601
0.53110904
0.526667
0.5476702
0.55363595
0.48755684
0.56846106
0.7357488
0.7812387
0.82560855
0.7583684
0.7397733
0.834547
0.6875403
0.625118
0.640138
0.66207427
0.73866504
0.74824697
0.55794555
0.715601
0.73064464
0.6394499
0.6433232
0.8245054
0.769044
0.76412714
0.7010182
0.7094586
0.73763597
0.7579396
0.6546559
0.7014251
0.68629974
0.71460295
0.7162535
0.6951773
0.7068866
0.718286
0.74812955
0.7395075
0.71013415
0.70654994
0.6863831
0.6990335
0.7123033
0.7190081
0.69129586
0.65179443
0.64219993
0.63673615
0.65841687
0.6961476
0.6798556
0.64011323
0.6427315
0.64268345
0.66472703
0.6523129
0.6647856
0.6862686
0.6743099
0.69154394
0.76447564
0.77694833
0.72739464
0.7874312
0.786193
0.8384354
0.911323
0.7329776
0.650068
0.6482527
0.66558725
0.689783
0.66047895
0.6852443
0.6390952
0.65820557
0.7818663
0.73882025
0.7187955
0.68846947
0.6780015
0.5502812
0.5323406
0.53186715
0.53104365
0.5443673
0.5967033
0.574157
0.61137563
0.57551914
0.54996324
0.53335947
0.5151004
0.50631654
0.46796697
0.49556464
0.5285509
0.5062899
0.52577084
0.5100507
0.52401984
0.48236167
0.4954795
0.49754784
0.48376524
0.45490953
0.5103354
0.5488297
0.60237086
0.6008952
0.5108425
0.47842887
0.5836475
0.6652492
0.7314359
0.67657447
0.5100378
0.51423377
0.5605775
0.58415115
0.5733249
0.59793746
0.5891829
0.62159795
0.62230396
0.5976445
0.616876
0.61819255
0.60651046
0.6157135
0.61194867
0.6287905
0.6414639
0.6292386
0.60160846
0.59723455
0.5964087
0.55719286
0.54622644
0.54374254
0.56362027
0.54611766
0.551377
0.54064447
0.5610173
0.577914
0.57483125
0.5681058
0.5780036
0.6138401
0.61268747
0.62752944
0.61532205
0.59546894
0.5849158
0.60000765
0.6133736
0.6355832
0.63317114
0.64199704
0.6817319
0.6929432
0.68371224
0.68425864
0.6365716
0.61350596
0.60612375
0.643533
0.678952
0.66360706
0.70183873
0.6944318
0.6962101
0.70205486
0.70250577
0.64961857
0.6521775
0.63055444
0.6142315
0.5991001
0.5886864
0.5793529
0.5658963
0.5459936
0.5153858
0.48777515
0.48310864
0.48166597
0.48594603
0.5011753
0.5423805
0.5353548
0.57701594
0.5810411
0.5772743
0.57756174
0.5953643
0.61842096
0.63118106
0.626468
0.647573
0.6676334
0.68182945
0.69042504
0.6815506
0.64891297
0.6762906
0.68376434
0.629016
0.6232325
0.5987844
0.58341223
0.58110934
0.58432347
0.5730525
0.5621889
0.56995285
0.5579582
0.5742355
0.563996
0.5710279
0.57830244
0.59446895
0.56994116
0.57873267
0.5728614
0.6086586
0.61973953
0.6441645
0.6568569
0.65454155
0.64930564
0.6311995
0.6526312
0.6739353
0.6948629
0.6869143
0.663786
0.63866895
0.67874134
0.66217107
0.6512253
0.6769656
0.66645724
0.6663707
0.6673199
0.6458309
0.6509849
0.6415425
0.6487088
0.6280774
0.65636736
0.64125043
0.64629185
0.6314448
0.6404794
0.6963584
0.7155094
0.69991
0.70071083
0.69659436
0.6998801
0.706883
0.7144133
0.6990348
0.6975041
0.69920444
0.70759237
0.71430755
0.6654432
0.6548688
0.59743786
0.5350638
0.6583616
0.6372288
0.58682543
0.6451926
0.6334109
0.6694097
0.7290161
0.7190533
0.7062832
0.72149813
0.7621221
0.7049386
0.6885902
0.6166644
0.59752226
0.66730577
0.67246586
0.551343
0.5082606
0.5729879
0.6549469
0.6466424
0.592258
0.60911924
0.6369464
0.65521175
0.6126877
0.5481546
0.52181405
0.52360696
0.5183828
0.468796
0.5565071
0.56083405
0.5380835
0.5274823
0.54620993
0.5418062
0.53601694
0.47039932
0.53042036
0.53711355
0.5505058
0.5710862
0.5582585
0.6029501
0.58922344
0.5425553
0.53287023
0.58278453
0.5524717
0.5224051
0.5313983
0.58134604
0.5563727
0.58578545
0.57396483
0.57718927
0.59922576
0.5951114
0.5873461
0.56825113
0.5501897
0.56639206
0.5994703
0.6127105
0.60098845
0.61551756
0.6083354
0.52920985
0.608993
0.61623174
0.64763904
0.6813839
0.58767825
0.6148237
0.74260134
0.7612643
0.6108515
0.697204
0.7548273
0.8476408
0.90452534
0.8324447
0.8122404
0.71314025
0.7788558
0.6935276
0.68001497
0.53079855
0.6534381
0.6240606
0.5238163
0.66073483
0.5684994
0.52658474
0.61167765
0.5941899
0.6405504
0.5364511
0.5958459
0.660431
0.86245
0.73461443
0.86436766
0.8605425
0.9578982
0.9297572
0.86929816
0.9054325
0.8759656
0.86267376
0.87545407
0.8076841
0.70270103
0.9003754
0.8933711
0.8856911
0.8543162
0.8373774
0.8725184
0.94089055
0.9694378
0.86386424
0.7299629
0.73357916
0.6324476
0.61221915
0.6156151
0.5734534
0.5951411
0.5746072
0.5276821
0.52221704
0.48647872
0.5330983
0.69647574
0.68567383
0.6951317
0.68497354
0.697941
0.66066444
0.6651516
0.6800999
0.65073746
0.69366056
0.68218845
0.70699674
0.70754504
0.71798927
0.692085
0.6529785
0.7189517
0.6853494
0.7242609
0.65824777
0.6874987
0.6789018
0.7743572
0.7126502
0.67811644
0.70639944
0.7040302
0.70217955
0.6856241
0.73507184
0.6956847
0.7085214
0.6896378
0.71071166
0.68700933
0.76980424
0.7133061
0.7158399
0.7405389
0.7206297
0.72819865
0.72989386
0.748204
0.73913246
0.7951457
0.7368491
0.7661454
0.72517955
0.75593156
0.70025176
0.76615983
0.7316343
0.7487102
0.67954123
0.63495886
0.65842783
0.7044287
0.6987672
0.70354533
0.6815675
0.68639696
0.6421431
0.7159952
0.65615
0.6540719
0.63890594
0.6443509
0.75616175
0.7470571
0.7089617
0.72906667
0.69630307
0.7938273
0.74095476
0.7486569
0.72610193
0.7504572
0.7060288
0.70342183
0.690244
0.69784915
0.68906134
0.7277916
0.72260046
0.70840305
0.711524
0.6953929
0.71518993
0.6424771
0.6438017
0.65762514
0.6610031
0.6313792
0.6493274
0.6683861
0.7149105
0.7293578
0.6803336
0.6668102
0.7073226
0.71597636
0.69562066
0.71322906
0.674557
0.6391107
0.615981
0.64737713
0.61131465
0.6588258
0.6526948
0.64908296
0.84380996
0.6314841
0.70114005
0.64579165
0.7228589
0.71048564
0.7120529
0.6991455
0.6816977
0.69879526
0.67256194
0.6243131
0.64225334
0.65960133
0.6750815
0.7033423
0.6857285
0.71017617
0.64756906
