1
0.7440608
0.7513152
0.74409294
0.7517151
0.74683356
0.7386062
0.7414655
0.7305986
0.7326141
0.7234788
0.7297896
0.7320869
0.7338423
0.7403687
0.7380635
0.73719215
0.7444158
0.74061334
0.74562395
0.7402024
0.74091274
0.7373877
0.7426275
0.728769
0.73704284
0.7399528
0.7393302
0.73784286
0.7320709
0.7377927
0.73030496
0.7270062
0.7303846
0.7274149
0.7269622
0.72533697
0.73453784
0.7280064
0.7296908
0.7395531
0.7270425
0.7368922
0.7332029
0.7441434
0.73803693
0.7386797
0.74786174
0.7153185
0.70134026
0.69100124
0.6836269
0.6960935
0.70221865
0.69742453
0.69673383
0.6964062
0.7019948
0.69840354
0.681269
0.69078475
0.70095485
0.71125954
0.7255676
0.71492124
0.7334698
0.72570586
0.729922
0.71922827
0.71517915
0.7122134
0.7024034
0.7071273
0.7078355
0.7048279
0.6995772
0.69085515
0.68982464
0.700595
0.69551235
0.6868645
0.68630415
0.68404573
0.6813394
0.6814259
0.6829409
0.68619305
0.6964117
0.6910402
0.68851674
0.6853454
0.67817193
0.6829696
0.68620014
0.6860777
0.6928309
0.69534063
0.69439536
0.7032738
0.6821559
0.6835183
0.6636243
0.65855694
0.6761886
0.7029776
0.6930214
0.6828542
0.68784624
0.66941714
0.664532
0.7081807
0.6880006
0.6943311
0.6899521
0.6859825
0.6877929
0.6936374
0.74342394
0.7561902
0.750518
0.7489092
0.74645245
0.75163406
0.76742655
0.735264
0.7290769
0.73933774
0.72135454
0.72398716
0.7123762
0.70742345
0.70694125
0.71057665
0.69765276
0.7056539
0.724321
0.7250637
0.73399514
0.7221347
0.72897744
0.72609276
0.70987195
0.7003611
0.7181819
0.65220803
0.6787209
0.6724241
0.6712052
0.6632583
0.657232
0.66541004
0.66046673
0.659312
0.65218365
0.658743
0.65543544
0.64569134
0.6443976
0.65013593
0.6351974
0.6492459
0.65076905
0.64463115
0.6527793
0.641806
0.63568795
0.6259129
0.61003
0.631019
0.6322892
0.6320828
0.630045
0.63222015
0.6318191
0.64277285
0.6396897
0.6335128
0.64491725
0.6413953
0.645223
0.6352217
0.6315552
0.6354619
0.6427688
0.65191156
0.64884675
0.6441886
0.657389
0.6657973
0.6777041
0.68894976
0.68895453
0.6934551
0.6877577
0.6797407
0.6822071
0.68816197
0.68540025
0.6908972
0.6868379
0.6845738
0.67615616
0.6751981
0.67792153
0.66451025
0.6754231
0.65399504
0.6511299
0.6375171
0.6487165
0.6510714
0.65036154
0.6424976
0.6489711
0.63349855
0.64021814
0.62123346
0.6318299
0.62345797
0.61526763
0.6285973
0.6134179
0.58794785
0.59745127
0.59602475
0.5972616
0.5833833
0.57528085
0.57703125
0.5817356
0.5793639
0.5742519
0.5749934
0.5964933
0.59008104
0.59350926
0.5977816
0.593597
0.5934892
0.58908314
0.5825883
0.5990407
0.5881468
0.5681017
0.57888895
0.57332116
0.5839177
0.5739934
0.55329365
0.56735295
0.5534716
0.56180173
0.5874705
0.6077539
0.6262268
0.61883354
0.6121757
0.61149687
0.5859221
0.580865
0.5732501
0.5648504
0.5586015
0.55257833
0.54277235
0.54834473
0.53982764
0.528344
0.5540069
0.54731935
0.5336881
0.5329345
0.55848795
0.5304018
0.5093003
0.53798896
0.5570901
0.56661725
0.5594344
0.56594247
0.5777991
0.58270955
0.5762488
0.5601919
0.56235594
0.53619164
0.52467746
0.5339131
0.5306334
0.51183844
0.52727234
0.53330386
0.56195676
0.59912497
0.58163416
0.56762993
0.5722554
0.5683511
0.61835104
0.5358387
0.5617316
0.54474145
0.5480558
0.55546993
0.5616469
0.5707154
0.55398774
0.53293973
0.55271566
0.57245183
0.5766204
0.56802726
0.539415
0.5246963
0.52197003
0.5072341
0.52450967
0.5257417
0.5312583
0.5197793
0.5335592
0.51824397
0.53634536
0.52760416
0.53487736
0.5279959
0.5374171
0.5199426
0.53448987
0.52544314
0.5308162
0.522566
0.5272372
0.52785903
0.5134549
0.506787
0.5127138
0.50558335
0.5175389
0.50127363
0.52188617
0.5148609
0.5174188
0.5225985
0.5206671
0.52480465
0.5283851
0.5246036
0.53134406
0.5288647
0.53042585
0.5320166
0.53366065
0.5385132
0.523894
0.5322139
0.5264849
0.5419012
0.5356181
0.5473506
0.5423139
0.53896093
0.5545146
0.53540486
0.52840996
0.5329006
0.53569305
0.52133524
0.50776404
0.5051551
0.5036249
0.5063437
0.51781154
0.5448029
0.5578397
0.54314727
0.5723173
0.56489587
0.56817394
0.57026047
0.5681592
0.5582428
0.57821244
0.57681125
0.577556
0.5832316
0.5759267
0.5763678
0.58125633
0.5766504
0.57505023
0.5684768
0.5704437
0.5781122
0.5714995
0.56448686
0.5546782
0.57606035
0.5744223
0.6054319
0.6179306
0.6325146
0.6309765
0.64993936
0.6399538
0.64692557
0.60000503
0.60269684
0.5908492
0.6136093
0.5789575
0.5610799
0.56020653
0.5668603
0.57265633
0.58880466
0.58834124
0.5859976
0.58166605
0.5961647
0.5772167
0.6027434
0.5946609
0.59265184
0.58025944
0.5755751
0.57909524
0.5645029
0.5737702
0.5738117
0.5782042
0.5713843
0.57273936
0.57107806
0.5612913
0.5656752
0.5641704
0.56096476
0.56018883
0.55549026
0.54550016
0.54465306
0.54739565
0.5445538
0.54349905
0.55184036
0.5486686
0.54133135
0.5385421
0.5377792
0.54642063
0.52696127
0.5351941
0.52016467
0.51617
0.52274364
0.5142148
0.5036355
0.50889486
0.5087398
0.5075048
0.50501645
0.51120037
0.51874787
0.5139115
0.53251386
0.5377736
0.5405388
0.54975265
0.5574165
0.5454545
0.55037516
0.54155326
0.5416059
0.53685445
0.5364046
0.53453255
0.5401894
0.54092157
0.54510057
0.545736
0.5440433
0.54343086
0.554009
0.5559149
0.56144625
0.5650799
0.56745094
0.5870853
0.5742523
0.5735145
0.56564546
0.5616258
0.5633546
0.5699253
0.57393044
0.56588566
0.56510663
0.56225175
0.55758286
0.54994184
0.5483757
0.52567875
0.510756
0.51348686
0.47186226
0.46454412
0.46173313
0.44709307
0.49293485
0.48484913
0.49000797
0.50357777
0.5139562
0.5167581
0.5121127
0.51842076
0.5238016
0.52081406
0.52892935
0.5421681
0.53997976
0.53738767
0.55675876
0.53946537
0.54540116
0.53673595
0.5408477
0.53480035
0.543257
0.54357266
0.54123706
0.53290987
0.5376023
0.54584676
0.56285435
0.5480186
0.574475
0.5597184
0.5478193
0.56156033
0.55009687
0.5534595
0.54871696
0.5426199
0.5542581
0.54672056
0.5511332
0.5548874
0.5507846
0.5526069
0.55113274
0.54406744
0.54592466
0.5502507
0.5409973
0.53703696
0.5262294
0.53494185
0.50409925
0.5135745
0.5022931
0.5123291
0.5463816
0.5238798
0.5451143
0.53240126
0.5502971
0.52457875
0.52673376
0.542996
0.5353094
0.54076844
0.5613119
0.5516847
0.5466853
0.5406175
0.51993555
0.51248044
0.5117287
0.5141415
0.52292794
0.528358
0.53082883
0.53242016
0.53563064
0.5226528
0.54007906
0.5385957
0.53497875
0.5465629
0.5512702
0.546932
0.5617404
0.5585156
0.5603273
0.5637934
0.5639673
0.56030625
0.56993854
0.56199265
0.5597077
0.54372317
0.5421512
0.5353858
0.52955586
0.5400122
0.5349502
0.5283603
0.5268197
0.517358
0.5094381
0.4869531
0.48255563
0.4992683
0.5265683
0.5565603
0.5707939
0.56678694
0.5669295
0.5732442
0.56455487
0.57058316
0.5684853
0.56269026
0.56513065
0.55472434
0.51785
0.5547397
0.5022196
0.50444734
0.47374037
0.49689433
0.49994794
0.49280912
0.53297603
0.52568567
0.56048644
0.53490514
0.55816495
0.562304
0.5574306
0.5628026
0.5903693
0.5857885
0.586234
0.597176
0.57056934
0.54370284
0.5526156
0.525775
0.53289247
0.5225779
0.51613784
0.53013
0.5334671
0.5223105
0.5197834
0.5244564
0.49831083
0.49691778
0.49683735
0.5026577
0.508317
0.53526
0.5321256
0.5367988
0.5519545
0.5629614
0.54883736
0.5571457
0.54497296
0.5399813
0.54305166
0.54309624
0.5437842
0.5585377
0.56078047
0.5555632
0.5614619
0.56063503
0.5696798
0.5520879
0.5236169
0.50991464
0.5168026
0.49454534
0.5119259
0.515702
0.51200205
0.519303
0.5168898
0.5211655
0.5249165
0.51042646
0.5222919
0.50253755
0.500379
0.49789476
0.5036987
0.50598776
0.48969558
0.47707605
0.4847727
0.45784894
0.49999583
0.5006367
0.5067987
0.50403655
0.5202157
0.5131782
0.50514096
0.48210964
0.478339
0.48408195
0.48395225
0.50193536
0.51448184
0.52705735
0.52078384
0.50237334
0.50182927
0.5073587
0.53324485
0.5369779
0.5417319
0.5009195
0.52044415
0.5399055
0.5500905
0.5498813
0.539223
0.56333834
0.5446244
0.5551922
0.5579713
0.54986954
0.5312672
0.52691793
0.53519565
0.56156373
0.5572483
0.54259604
0.523221
0.5033405
0.5273547
0.5255433
0.49949893
0.49442714
0.48729283
0.46602044
0.45874402
0.44026017
0.49848396
0.51800287
0.58220977
0.581944
0.5591494
0.5154227
0.53873813
0.522759
0.5119659
0.51538634
0.5091273
0.49461856
0.48164767
0.49762484
0.52706236
0.54498196
0.5961332
0.61119366
0.6411419
0.6607259
0.6355765
0.65068173
0.66302794
0.55750144
0.55486786
0.56058985
0.5792089
0.5696524
0.5820707
0.5718676
0.5727311
0.56430125
0.5709079
0.55856997
0.55695426
0.56447214
0.56913936
0.5780519
0.5760575
0.5833616
0.57535166
0.5819563
0.6023954
0.60450906
0.58622587
0.59579915
0.58967197
0.5827048
0.58197045
0.59515
0.5768989
0.5944838
0.57484543
0.58076096
0.5731245
0.57648677
0.5655311
0.56617117
0.5597959
0.55118823
0.5478026
0.54106987
0.5468689
0.5451287
0.5367634
0.53796023
0.5379115
0.5433443
0.5409532
0.5493186
0.5250632
0.5196614
0.5007777
0.5204733
0.50931394
0.51607275
0.49993178
0.54980034
0.53273517
0.5623493
0.5565476
0.5612673
0.5691026
0.57353157
0.57720065
0.58616567
0.5750796
0.58175164
0.58412325
0.5957689
0.59045243
0.5818565
0.58928657
0.5881618
0.59096813
0.58795255
0.58003634
0.57281864
0.572119
0.57770133
0.57034045
0.57510513
0.5539454
0.5572512
0.53989
0.54147273
0.55640095
0.55132985
0.54972845
0.5664413
0.5635619
0.5779908
0.5846281
0.5926184
0.59159386
0.5992539
0.61012137
0.6077444
0.6114067
0.6371217
0.6241766
0.6435294
0.6089228
0.58619136
0.573812
0.603841
0.58547705
0.5877186
0.5797354
0.5787563
0.56652373
0.5488744
0.5438657
0.5523857
0.5476243
0.53263265
0.53054535
0.49624056
0.4938423
0.5234666
0.5332788
0.5196286
0.52726203
0.5333692
0.5389677
0.5325377
0.5370064
0.5357653
0.5184894
0.5020654
0.52187866
0.49222034
0.53920704
0.5672375
0.6226474
0.60394007
0.62317425
0.6409779
0.63640946
0.656132
0.65199906
0.61570865
0.65334797
0.66042036
0.61319554
0.606725
0.6284952
0.59427214
0.63175076
0.6342633
0.6260565
0.6179126
0.60819066
0.60013664
0.5982829
0.6085695
0.59416586
0.5905852
0.5829856
0.5556665
0.543354
0.5334546
0.5060938
0.5168703
0.48437372
0.49426588
0.48659596
0.513598
0.54828143
0.54025465
0.57974744
0.59404504
0.5692987
0.5724356
0.5909928
0.58649427
0.59498465
0.6062323
0.59416574
0.57959116
0.5835893
0.5805313
0.5641102
0.58239645
0.5953858
0.59237206
0.63352644
0.6352297
0.6175094
0.63200337
0.5992178
0.5968462
0.58767337
0.5942995
0.60851675
0.6217821
0.6417094
0.6255314
0.6348188
0.657421
0.65425134
0.659557
0.67631805
0.6443632
0.63559407
0.6502828
0.6750724
0.66499203
0.6591027
0.6268922
0.61324096
0.62257427
0.63004744
0.6483448
0.6483824
0.6352415
0.63753474
0.63505566
0.6424673
0.64079654
0.6421261
0.6548306
0.6588303
0.6151164
0.6403656
0.6149503
0.6117055
0.61938417
0.6075402
0.60769796
0.59350234
0.56842655
0.5656198
0.5760491
0.55332774
0.5426967
0.56304705
0.6024226
0.6195323
0.62162906
0.64553916
0.65758836
0.6956542
0.6987742
0.68826354
0.6465315
0.5918631
0.5372614
0.49194285
0.49711096
0.5232825
0.5546833
0.5432292
0.5243616
0.5234184
0.51604193
0.5322659
0.53252953
0.5700117
0.56376976
0.55546707
0.5419877
0.53727317
0.56685334
0.5680323
0.534345
0.54324436
0.5347751
0.52887654
0.5349127
0.5621233
0.5590458
0.5776981
0.5692363
0.5716606
0.570956
0.5527078
0.5425393
0.52200246
0.5390166
0.5513533
0.5283077
0.4944172
0.514681
0.53337944
0.5346596
0.5123701
0.47881708
0.4890712
0.50726825
0.5058508
0.5192863
0.5252482
0.55528766
0.5689106
0.5838641
0.5817975
0.5923717
0.60054195
0.6058098
0.60690826
0.61505294
0.6216587
0.6026855
0.6292776
0.6011898
0.60454386
0.6122758
0.6040376
0.59037155
0.6060134
0.6038727
0.60626376
0.60724854
0.59514356
0.5971421
0.6094175
0.5995663
0.582675
0.5917115
0.56076616
0.5611004
0.5413098
0.53831226
0.5370072
0.5508922
0.52145785
0.51734555
0.5485684
0.5731295
0.5799824
0.562989
0.5568372
0.5651794
0.5621986
0.53063565
0.51869386
0.50304615
0.52616924
0.5338359
0.54358345
0.5247051
0.5128865
0.5007976
0.5218673
0.54381174
0.51982903
0.5130052
0.52755433
0.5392277
0.5529836
0.5269551
0.55283237
0.5590999
0.5597457
0.56903094
0.5588939
0.54172754
0.5368857
0.5461944
0.5317183
0.53013873
0.5635599
0.5533152
0.5560353
0.5503272
0.5575064
0.5532616
0.5626498
0.5805241
0.578203
0.5472787
0.53290987
0.53520596
0.5450362
0.54980785
0.5510024
0.5663375
0.5756238
0.57612985
0.57817096
0.5768498
0.5931851
0.59727204
0.59501135
0.60056984
0.60561836
0.5785771
0.57681674
0.5969388
0.59263784
0.6175204
0.6225591
0.6289847
0.62129635
0.6275234
0.6235279
0.61077815
0.59898716
0.5942432
0.5940092
0.58044887
0.56114525
0.54718655
0.5477434
0.56052685
0.5480921
0.5407806
0.57373565
0.57591903
0.5734523
0.5787841
0.58130544
0.57747
0.5871438
0.5849732
0.60230726
0.5778557
0.57445306
0.5645283
0.56231385
0.58250165
0.5797525
0.58319783
0.5861394
0.58249897
0.5865449
0.6021958
0.61243886
0.6329968
0.63600785
0.6204523
0.61831677
0.6125394
0.60843104
0.5963004
0.59224796
0.59560186
0.59390986
0.58503145
0.5700087
0.56366956
0.53741086
0.49903035
0.5139055
0.5022806
0.5264442
0.5254516
0.5427178
0.547859
0.5698242
0.57398325
0.5736225
0.57902116
0.5864158
0.6131875
0.6274389
0.6200636
0.5946739
0.5569568
0.54720765
0.5495266
0.5317948
0.5355897
0.53887075
0.5434507
0.55587524
0.56673896
0.58080465
0.5441992
0.5434671
0.5414991
0.5654078
0.594132
0.59112406
0.5878858
0.5952263
0.5839753
0.5559354
0.5583
0.5598722
0.5604297
0.55946773
0.5858727
0.5985329
0.6043462
0.5807638
0.59404415
0.59884083
0.5891742
0.5902658
0.5962903
0.5831477
0.55569977
0.56191915
0.54717463
0.54338574
0.55674696
0.55464303
0.5699695
0.5634808
0.5648374
0.5734161
0.5712666
0.57491344
0.5924761
0.5983755
0.60408765
0.56502616
0.54271215
0.549751
0.5399681
0.5522966
0.5359208
0.54755473
0.5362497
0.55255556
0.52917314
0.5488563
0.5347388
0.5600444
0.54719836
0.54828614
0.53358066
0.5350599
0.54158384
0.5370521
0.53037876
0.5564295
0.5511818
0.55316556
0.5471246
0.5430352
0.5482426
0.55271435
0.5354698
0.54150254
0.54794306
0.54170346
0.5402931
0.53840214
0.5365758
0.52600074
0.51177436
0.49129584
0.4907849
0.4852758
0.48327968
0.5010204
0.5114933
0.5250453
0.5335184
0.5320778
0.53101826
0.5208738
0.5290845
0.53468025
0.53751445
0.5461204
0.53213745
0.5539827
0.50370944
0.55168873
0.507257
0.53414124
0.5159445
0.5595113
0.5611657
0.5626523
0.56753075
0.55045044
0.5529318
0.56491226
0.54483145
0.5555026
0.5466442
0.5613676
0.57602715
0.6113449
0.59233254
0.5661226
0.55264634
0.53865
0.5655386
0.54866076
0.54256535
0.54231113
0.5273452
0.5216945
0.511186
0.50835115
0.5153978
0.5137445
0.5141005
0.5590219
0.5330294
0.5395703
0.5496729
0.5451651
0.53814197
0.546731
0.5719696
0.5684155
0.58352274
0.5695874
0.5506832
0.5404671
0.5303014
0.51006365
0.52252585
0.5351299
0.5237719
0.54433435
0.5519377
0.54171383
0.55010056
0.544247
0.53530943
0.5343235
0.5548417
0.5615349
0.5776725
0.5936921
0.57713145
0.49601176
0.46376827
0.49289083
0.47046012
0.454431
0.45076102
0.44638243
0.44480693
0.45542893
0.4800503
0.48009744
0.50339955
0.50853235
0.5301253
0.5471393
0.53546906
0.5253664
0.5778632
0.58875895
0.5809602
0.5689099
0.57196295
0.54951626
0.55219716
0.57400906
0.5708529
0.5805202
0.577246
0.56848687
0.5419239
0.54260826
0.55202997
0.560821
0.54334265
0.54341936
0.5322083
0.509117
0.4933481
0.47355673
0.49542865
0.50004923
0.47928286
0.5089812
0.5076383
0.54656196
0.5323154
0.5109097
0.5061458
0.50857365
0.48283416
0.4566881
0.48024085
0.47065496
0.49830276
0.51671994
0.5148165
0.53334045
0.52401674
0.51623195
0.49601993
0.4648539
0.4895787
0.49627647
0.52604586
0.5269846
0.5311456
0.5265976
0.5189953
0.49517742
0.46769276
0.46687323
0.477918
0.53244305
0.55933553
0.5862041
0.5590972
0.56440264
0.56340736
0.56309545
0.5663742
0.5464527
0.53271437
0.51456684
0.5164324
0.53982395
0.5425048
0.5376715
0.5525638
0.54926795
0.5562476
0.57500017
0.5703315
0.56053436
0.5512185
0.5432993
0.546601
0.55343044
0.54850733
0.5347921
0.5350478
0.5200841
0.5607599
0.57574886
0.5742406
0.59960127
0.5850788
0.6169511
0.5820115
0.5884218
0.57187575
0.59397614
0.6038835
0.59225434
0.5894835
0.6050183
0.6226845
0.6296812
0.61061025
0.6119305
0.6225488
0.6129281
0.6122665
0.6086893
0.59620434
0.5782567
0.58814985
0.607041
0.6076262
0.6040714
0.604906
0.5889532
0.62216705
0.6197783
0.6189233
0.6561231
0.64175624
0.67626315
0.6645809
0.6508869
0.6260441
0.58174384
0.6035321
0.5408292
0.570912
0.56849176
0.56878483
0.55862373
0.54034096
0.5388041
0.5400134
0.51875377
0.48335376
0.458163
0.47289172
0.50749373
0.49658197
0.5260708
0.53631693
0.59383935
0.60310316
0.6292297
0.65078986
0.62582403
0.58735865
0.57110554
0.55662024
0.56254756
0.57231516
0.5761468
0.5607435
0.54044604
0.52944654
0.5393153
0.5303573
0.5150703
0.4927872
0.48915914
0.49127617
0.49714702
0.5378425
0.57252705
0.5930343
0.59192026
0.63166684
0.6160008
0.59096813
0.58422285
0.57881933
0.5797083
0.5774621
0.57464963
0.545753
0.51743686
0.520874
0.51013327
0.5046902
0.49588302
0.51521254
0.52019167
0.51772815
0.52215123
0.53967005
0.55248165
0.5401413
0.54174846
0.5484098
0.5470186
0.5543483
0.54062456
0.54416394
0.5465776
0.54862666
0.53951186
0.5337141
0.54209244
0.55644363
0.57968134
0.57386196
0.58655155
0.5955541
0.5920966
0.57619035
0.59246415
0.5744407
0.5737512
0.56763816
0.5671627
0.55342245
0.5379665
0.5265683
0.5266649
0.56129277
0.5328547
0.51608676
0.52411026
0.5153857
0.51751184
0.53740543
0.5488136
0.59162927
0.5921841
0.5865134
0.6012833
0.5712002
0.588663
