1
0.7335133
0.7338172
0.7395635
0.73966634
0.73719954
0.7419361
0.7455028
0.74078894
0.7394269
0.74614316
0.7473426
0.7449535
0.7371343
0.756284
0.7559675
0.75144064
0.7522092
0.7491895
0.7336586
0.7340527
0.73654824
0.7499893
0.7514775
0.7597403
0.75729984
0.75170493
0.7545984
0.7534732
0.76538163
0.76534444
0.76252437
0.75997216
0.7617072
0.7641067
0.76006997
0.76642734
0.75959015
0.7562865
0.7762206
0.77214634
0.7715581
0.76118517
0.76990116
0.73469025
0.74605167
0.70485866
0.7134548
0.6780539
0.6638353
0.66257524
0.6736534
0.6899381
0.69751644
0.67512137
0.6833757
0.6742825
0.6672729
0.67459565
0.68242043
0.6795832
0.69604754
0.68227166
0.6799614
0.7077717
0.6819268
0.6796638
0.7253735
0.6910716
0.6899912
0.7288924
0.72205764
0.6988382
0.68905324
0.6912168
0.67300606
0.67714196
0.6705588
0.66624165
0.66140264
0.67305845
0.6729677
0.6809277
0.6767893
0.6960225
0.6783727
0.68032414
0.676292
0.6834359
0.6919037
0.6893332
0.68371075
0.6854938
0.6874511
0.68848556
0.68335116
0.68984014
0.67785364
0.6817691
0.6860145
0.69408226
0.7101917
0.7018084
0.7128817
0.71568817
0.7247019
0.7272392
0.72230685
0.7230544
0.72660446
0.6942467
0.70677024
0.69186395
0.6932023
0.69974965
0.6930216
0.7031328
0.7023781
0.71106654
0.70735747
0.7204701
0.72298974
0.7193018
0.7019008
0.6980213
0.64786303
0.68520236
0.6579722
0.6622283
0.6852856
0.7032533
0.72920424
0.73168844
0.7488615
0.759765
0.74035
0.71352005
0.7170863
0.7137679
0.7123256
0.70451754
0.6762783
0.6616847
0.6411894
0.6178822
0.60672677
0.59264845
0.60301524
0.62185997
0.6351338
0.6548421
0.6313592
0.62092847
0.601107
0.5794931
0.57255954
0.5481823
0.57076436
0.5530963
0.5415726
0.5686791
0.5220263
0.51671267
0.550938
0.571301
0.5622675
0.61572146
0.6135465
0.6264898
0.6255872
0.5916688
0.5340823
0.5684085
0.51518023
0.5285282
0.59080297
0.5903874
0.6165581
0.6086492
0.60248744
0.6375779
0.54223317
0.59905374
0.5725654
0.5839949
0.5926742
0.58821756
0.52950954
0.5969393
0.60087776
0.585963
0.6122864
0.6274284
0.649503
0.67173624
0.6872906
0.693081
0.73856497
0.7374277
0.7145689
0.67322516
0.6804777
0.68501556
0.6854193
0.6739669
0.65736663
0.6450559
0.65891826
0.68184084
0.69721156
0.66042966
0.7182719
0.72674567
0.7092597
0.7308934
0.7057476
0.71141434
0.71631587
0.7174103
0.7318587
0.72161674
0.7208659
0.6895215
0.6628131
0.6633462
0.6872545
0.65907204
0.6579983
0.6628069
0.66617095
0.71412104
0.70955825
0.70311147
0.69438785
0.6836189
0.6981682
0.72994804
0.7076427
0.6834781
0.6995089
0.7098125
0.7141189
0.719538
0.7468567
0.75827163
0.7488496
0.73744726
0.72122943
0.6788756
0.65417486
0.64492947
0.6108786
0.62261105
0.6475538
0.6019547
0.58841306
0.58143073
0.5637916
0.56367546
0.5677832
0.5647003
0.5810882
0.56151575
0.55942273
0.52424467
0.5547914
0.54480046
0.54554224
0.54776114
0.53127056
0.5002795
0.4973484
0.48865932
0.5342564
0.62171257
0.6181902
0.6448294
0.65243256
0.65957123
0.6356242
0.55117357
0.56192553
0.5982019
0.5715315
0.5767397
0.6129321
0.6214874
0.6366254
0.60692614
0.61290956
0.591363
0.5937125
0.61463535
0.6102414
0.5510133
0.58784765
0.59779733
0.5899875
0.64356935
0.6771165
0.650164
0.6594717
0.6563032
0.65573984
0.6289205
0.6324858
0.62494653
0.6376716
0.63914376
0.6173387
0.58860433
0.57119095
0.58179677
0.55634546
0.5414867
0.53919005
0.5422959
0.5432103
0.6007373
0.65241873
0.6735267
0.6664099
0.6380968
0.5914334
0.6193713
0.5724644
0.6008558
0.61522377
0.61807865
0.62059695
0.62456715
0.6417587
0.6205237
0.61399007
0.60986096
0.6350813
0.69583786
0.7281644
0.71263933
0.7147796
0.7060793
0.65623343
0.5835303
0.56721646
0.6123802
0.63675445
0.66902524
0.6792305
0.6511815
0.65224785
0.67329746
0.6922782
0.68738943
0.67467177
0.67478484
0.6589762
0.6704442
0.6791049
0.6826885
0.71823895
0.66279787
0.6515645
0.72793823
0.6838464
0.6977252
0.6765362
0.6644692
0.6337856
0.6188254
0.6012269
0.6231623
0.6055207
0.5692116
0.5153259
0.5917051
0.59786856
0.5476656
0.5549656
0.5574533
0.55451405
0.6089276
0.5989786
0.5875105
0.57665074
0.6288169
0.66014105
0.68706423
0.6831503
0.64012015
0.6540521
0.5995929
0.6543198
0.62312394
0.5791726
0.53050566
0.50843245
0.56537974
0.6028921
0.6381475
0.6369406
0.634858
0.617438
0.58223015
0.654841
0.678626
0.64137226
0.6591351
0.66531366
0.6357134
0.60611147
0.62225175
0.5949836
0.60264313
0.59948874
0.5878679
0.6167905
0.64417636
0.6478088
0.64203006
0.6558669
0.623176
0.6795043
0.6863694
0.66736555
0.65337455
0.6961916
0.693928
0.6713007
0.6689136
0.6198017
0.6169486
0.6443656
0.59259003
0.6314119
0.6231023
0.61572313
0.63554794
0.6148788
0.5994657
0.5778286
0.58027333
0.53643525
0.565664
0.55725145
0.5502063
0.54557914
0.5592812
0.51894706
0.50865656
0.500155
0.522089
0.53033805
0.512716
0.5313105
0.51739454
0.5547154
0.5718265
0.5655446
0.568604
0.56782395
0.56548494
0.5766946
0.57376045
0.55350196
0.5689205
0.5499242
0.58586746
0.6506472
0.68182105
0.6575353
0.6326541
0.6419502
0.6392668
0.6335419
0.5864008
0.5910665
0.5860608
0.5792998
0.50273496
0.45590356
0.49830407
0.5170176
0.52030736
0.5228265
0.5204301
0.51416945
0.5291353
0.4784138
0.45122957
0.4421019
0.47911665
0.49712777
0.5143735
0.5195659
0.51500493
0.56780577
0.5475036
0.54265726
0.57628167
0.59536356
0.5960249
0.6157153
0.6247354
0.624595
0.59527963
0.5994039
0.6107859
0.6154681
0.60751706
0.58399767
0.60716546
0.62200993
0.64370644
0.6412771
0.65298986
0.64337665
0.64585716
0.6368783
0.6397463
0.65062183
0.6375078
0.6606929
0.6541278
0.6647071
0.6725155
0.667999
0.6504219
0.64899904
0.6313425
0.6355258
0.6426705
0.64737016
0.68214357
0.66215324
0.6688249
0.62800044
0.5926982
0.5592321
0.53232735
0.52719104
0.5366583
0.5267692
0.54319376
0.53291005
0.55641484
0.5877545
0.5830331
0.58025515
0.5888073
0.61453617
0.5983377
0.6320913
0.6521039
0.6207002
0.6835876
0.7400014
0.74791896
0.69729716
0.6968463
0.67715037
0.69456226
0.67276996
0.6386347
0.617337
0.65485764
0.6112007
0.59512496
0.60707
0.5994606
0.60477465
0.573463
0.56749314
0.5649092
0.5695362
0.56333405
0.6164852
0.6226869
0.59128374
0.6211054
0.5599383
0.5903904
0.60261685
0.630081
0.6048409
0.6193185
0.6429702
0.66416585
0.65413845
0.66636896
0.64403534
0.66314876
0.65457386
0.69983065
0.70535016
0.70754266
0.8127558
0.691571
0.64882797
0.6601214
0.66022277
0.6428679
0.654849
0.66141874
0.6578498
0.66166085
0.6698259
0.6826386
0.65203017
0.6422461
0.6187101
0.6037124
0.60068464
0.6033468
0.5917143
0.58970577
0.5680965
0.57501334
0.6392146
0.674032
0.67446816
0.6680289
0.6581659
0.6626959
0.6433168
0.65860057
0.6180183
0.6335585
0.60129285
0.63087064
0.6447968
0.66905516
0.63437384
0.6369212
0.63283366
0.6103184
0.6131237
0.6123167
0.614609
0.62397814
0.6770873
0.68912894
0.67379266
0.5929682
0.5700101
0.57379526
0.57603663
0.5706673
0.5837396
0.5787163
0.566391
0.5604855
0.55377865
0.56301564
0.5686408
0.56025636
0.58450264
0.6016933
0.61353815
0.58074033
0.57784337
0.58394265
0.6195112
0.71198356
0.70331913
0.70290405
0.63797086
0.66457343
0.6476258
0.64765793
0.64667803
0.618108
0.6759181
0.6740384
0.69578373
0.6966185
0.69975954
0.7017454
0.7329882
0.6972717
0.6899763
0.615471
0.5854602
0.5825514
0.6162839
0.6249303
0.63799214
0.6170212
0.58264244
0.5977292
0.5401889
0.52454907
0.49617755
0.46366993
0.46999407
0.4705267
0.46770227
0.4738971
0.4769203
0.53821975
0.5497933
0.54855764
0.5672962
0.6294751
0.8432611
0.76746273
0.73438185
0.74669766
0.72693133
0.67045605
0.77203065
0.5912563
0.5967129
0.5854131
0.5891383
0.56413376
0.5691766
0.5893337
0.55949825
0.55698276
0.5662118
0.57441556
0.59569144
0.5619889
0.5547134
0.5658199
0.55548686
0.5547411
0.55724436
0.5646267
0.55183536
0.5731937
0.5644765
0.565979
0.59700686
0.57874507
0.5748558
0.57362
0.5912131
0.55265045
0.5682655
0.5676194
0.55555683
0.5687308
0.5736014
0.57618564
0.58030957
0.5987093
0.60464466
0.6404182
0.62577236
0.6484072
0.6303723
0.6208469
0.61248875
0.6103742
0.634036
0.6142033
0.6034411
0.62373596
0.62262577
0.617626
0.6503609
0.6253778
0.6558758
0.6447549
0.6740496
0.6674092
0.6245131
0.65325403
0.67103225
0.6659712
0.60287845
0.5561889
0.4808781
0.4851904
0.51678103
0.5562518
0.52057314
0.486567
0.4666835
0.5028742
0.48051506
0.468055
0.47398585
0.48630062
0.52458084
0.5856003
0.56954056
0.5675176
0.5823372
0.5306587
0.5558474
0.54984695
0.5468655
0.5446427
0.5323711
0.5446007
0.56137884
0.55557775
0.54992425
0.592097
0.6099706
0.59492487
0.619339
0.61349773
0.62151235
0.60557055
0.60003483
0.584925
0.5959995
0.5854597
0.58424157
0.5633768
0.58129203
0.5443553
0.55612206
0.5410534
0.5678701
0.5625849
0.5740219
0.5883497
0.56591946
0.5698581
0.5896884
0.57144296
0.588284
0.5888745
0.5846068
0.59112114
0.5920449
0.6101971
0.628897
0.62999535
0.63014954
0.6330772
0.6448971
0.63578266
0.6394458
0.61129576
0.59956586
0.57141113
0.5451456
0.5319781
0.54221964
0.53231066
0.5345964
0.5240738
0.5497268
0.56549805
0.57683706
0.5750793
0.55742216
0.56987625
0.5649762
0.57245445
0.59705555
0.5954916
0.598589
0.6076361
0.59956247
0.6192845
0.6090004
0.6154962
0.6183369
0.6253661
0.6246119
0.6345887
0.6421392
0.6427946
0.64211774
0.64673984
0.651054
0.6420939
0.66078454
0.6879692
0.64887565
0.60841316
0.601792
0.59994024
0.5889177
0.5820254
0.57750696
0.56979275
0.5830207
0.5744071
0.60643685
0.6074787
0.64606345
0.6152372
0.67425674
0.6688949
0.68951535
0.70185924
0.70238453
0.7125713
0.7206038
0.6783881
0.67682964
0.6805304
0.68948305
0.65592945
0.62940055
0.6394512
0.64397615
0.6412558
0.61491853
0.61201245
0.59111506
0.5092773
0.48318434
0.478598
0.5638274
0.6076838
0.59032685
0.569022
0.5745066
0.5550687
0.53804797
0.56100583
0.55600274
0.54445887
0.5446907
0.52232844
0.6030131
0.5838753
0.6235112
0.61594045
0.6232361
0.624556
0.6364425
0.64634913
0.6755473
0.67661214
0.68679905
0.6589731
0.63279396
0.6158318
0.62974733
0.6249285
0.6212792
0.62840366
0.62985975
0.6178584
0.5893937
0.5517203
0.53622675
0.5501103
0.5464417
0.5611163
0.55352366
0.5619284
0.54100806
0.5279835
0.5423396
0.52940786
0.5327333
0.5570801
0.58497465
0.6331448
0.64755535
0.64718413
0.6547257
0.64916855
0.6532306
0.64534384
0.58607006
0.5936372
0.614986
0.59446156
0.61386186
0.6341633
0.6476303
0.65159094
0.6384527
0.6271334
0.60741997
0.623087
0.6216013
0.60761786
0.61044556
0.5852864
0.6069592
0.62463945
0.6399272
0.6591347
0.64315665
0.60291576
0.6179672
0.655094
0.66776013
0.67995346
0.6616725
0.66911113
0.67541873
0.67527825
0.664599
0.6510722
0.625978
0.63567644
0.63743794
0.6329229
0.63576597
0.64650816
0.64644486
0.64276326
0.6284926
0.6337115
0.6284725
0.59330773
0.5975407
0.58277243
0.6028828
0.60555154
0.6073733
0.63352126
0.6236415
0.63149136
0.59963727
0.60129434
0.6092869
0.6203109
0.6228929
0.6155932
0.63332117
0.62983465
0.63194776
0.62428033
0.62865174
0.6131481
0.6180501
0.6198445
0.5982968
0.5983446
0.5954525
0.595294
0.5704807
0.5947343
0.57932895
0.5806889
0.57679904
0.5837964
0.59317356
0.6132813
0.6011872
0.6176495
0.6083909
0.6059157
0.6070028
0.61790437
0.60703504
0.6111011
0.60196924
0.6199042
0.61137354
0.62194896
0.62670356
0.6249747
0.62755185
0.62813604
0.6265079
0.62658304
0.61792576
0.6228764
0.6296164
0.62743753
0.62418383
0.6310458
0.62411743
0.6183602
0.6096333
0.6173259
0.6054612
0.60053957
0.59673667
0.5967071
0.6004699
0.5954815
0.6021617
0.612071
0.62937695
0.6292859
0.64293826
0.65102386
0.6667934
0.6600652
0.6681047
0.6629978
0.6514554
0.6589199
0.65867424
0.65251833
0.6537248
0.64640045
0.6400355
0.63527673
0.62241334
0.61505294
0.6024476
0.60104465
0.58855987
0.5840095
0.58713466
0.57592136
0.5791612
0.5772917
0.5716069
0.5762472
0.5793555
0.57817906
0.5672614
0.57774174
0.56687367
0.5789995
0.57410973
0.5709925
0.57483417
0.5766346
0.5723796
0.5824889
0.5707646
0.59127885
0.5837924
0.5901893
0.589666
0.5999206
0.59050024
0.6129854
0.5958644
0.61291784
0.60303193
0.6044898
0.5689401
0.56018156
0.5893244
0.61606765
0.6187501
0.6162276
0.6161118
0.6220657
0.6289888
0.61981094
0.62716895
0.6223166
0.64875495
0.67437655
0.6825009
0.67781526
0.6861431
0.65507084
0.6500315
0.6300847
0.6468114
0.6834277
0.6243903
0.6177686
0.6708561
0.69332725
0.69183415
0.6440323
0.5730287
0.55186504
0.4617826
0.45546967
0.44417083
0.48619655
0.623869
0.6093463
0.66504234
0.6901012
0.7390837
0.589273
0.56307685
0.558945
0.5400059
0.5678425
0.5461387
0.57278025
0.5703562
0.5939893
0.58512896
0.6369417
0.74256706
0.5635289
0.5712954
0.5465522
0.5495884
0.546727
0.57542944
0.5665651
0.5737763
0.5637482
0.57526505
0.5765268
0.57793087
0.56930363
0.56576973
0.5406574
0.556314
0.56198716
0.5673087
0.58295214
0.574522
0.58235306
0.60316163
0.57201105
0.51780397
0.5277716
0.5816495
0.57613826
0.5775941
0.5793373
0.6432597
0.6699975
0.6893919
0.68906325
0.6758792
0.6662359
0.65847427
0.6212875
0.6060245
0.59149724
0.5667351
0.54471976
0.55241376
0.5252672
0.52161103
0.511716
0.5262033
0.54437315
0.5680701
0.6179065
0.63412744
0.6739172
0.6731087
0.700914
0.67752033
0.6737252
0.6743678
0.66977614
0.6611861
0.65423065
0.66344565
0.6488611
0.6497036
0.6105962
0.5945517
0.55748504
0.5893421
0.56661016
0.58387196
0.63550997
0.63176346
0.65564024
0.6418436
0.6467289
0.63553226
0.6367127
0.61563027
0.60778975
0.6253434
0.6083986
0.5847246
0.6102225
0.7286815
0.7358381
0.73842645
0.7238078
0.7411274
0.68889785
0.6566152
0.6221785
0.59069866
0.60325366
0.610039
0.6180905
0.63873464
0.6304324
0.6329545
0.63938314
0.6295225
0.6278337
0.64289546
0.64789647
0.6468027
0.6522847
0.6492446
0.6549502
0.65223765
0.65798503
0.6618364
0.6573682
0.65795
0.6522861
0.6538991
0.6514711
0.6655513
0.67939043
0.68017596
0.7006228
0.6951979
0.7123611
0.68779117
0.67405164
0.7057297
0.6746264
0.67965466
0.6624872
0.6548782
0.6550103
0.65030116
0.6391453
0.63565564
0.624851
0.6255213
0.6318002
0.632815
0.6335599
0.61918116
0.62259465
0.6255969
0.64049727
0.6345506
0.6101965
0.60269123
0.6125871
0.6218439
0.61922944
0.62734234
0.69427925
0.6914013
0.64825994
0.60358
0.5973919
0.62379104
0.63367677
0.6289933
0.6385668
0.64885026
0.5952026
0.6132369
0.6166045
0.5913189
0.56598186
0.59180254
0.5646596
0.55184984
0.6066124
0.6123091
0.6977421
0.6551
0.68919915
0.6637825
0.57871825
0.56137395
0.5316591
0.54792887
0.52398586
0.52913886
0.5905374
0.6337527
0.62897706
0.6601996
0.66263366
0.65760076
0.64757365
0.6462274
0.6480897
0.6489899
0.6566161
0.6535362
0.66555154
0.6801558
0.6876439
0.69552803
0.69113225
0.6714186
0.67130005
0.6468321
0.6435387
0.6463959
0.6621744
0.6523362
0.64762485
0.66987205
0.66677487
0.66228217
0.6326621
0.6490306
0.6661934
0.6525796
0.6305238
0.63971734
0.64071727
0.65535504
0.6762432
0.6892712
0.6767651
0.6862329
0.7066493
0.6888804
0.7057045
0.6932967
0.67064023
0.6681533
0.6685363
0.66735804
0.6677328
0.67460614
0.6790107
0.6935693
0.7227256
0.7342225
0.76303685
0.78199846
0.7878007
0.7964428
0.80319715
0.7766677
0.8005209
0.775185
0.74048287
0.73137856
0.68341
0.6589864
0.6123043
0.5233286
0.5247979
0.56293094
0.5193718
0.52249753
0.45517525
0.471424
0.5551487
0.6335111
0.6423046
0.63171506
0.64285874
0.6774551
0.6290529
0.6470777
0.6625078
0.65554214
0.6235269
0.61150897
0.6437743
0.61623114
0.60279065
0.56986946
0.5498524
0.5649807
0.54789186
0.54867697
0.59012765
0.55703294
0.5385112
0.5281097
0.5391424
0.48504376
0.5410049
0.5571767
0.5454255
0.530775
0.54480964
0.5402015
0.5483108
0.539294
0.5311192
0.5173506
0.51482576
0.5016984
0.5220454
0.49867603
0.505089
0.50313056
0.49937406
0.5010125
0.5008741
0.5049487
0.51356584
0.505781
0.524668
0.51004773
0.5444364
