1
0.78310186
0.7734157
0.7670594
0.769554
0.7657753
0.76244414
0.7677877
0.76473707
0.7591108
0.7620787
0.75442433
0.7653569
0.7548225
0.75755614
0.75977045
0.74954325
0.7283196
0.7458224
0.7248646
0.722013
0.72026795
0.72641796
0.71096027
0.7128806
0.7033427
0.7073616
0.7055179
0.7055286
0.7074399
0.7056911
0.7036609
0.72131985
0.7123378
0.72793174
0.7183901
0.7235556
0.7136962
0.71467257
0.70895046
0.71238583
0.7070647
0.7223448
0.70852864
0.71261287
0.71260244
0.72015834
0.72124934
0.710531
0.71350354
0.7052848
0.7006429
0.706327
0.7097209
0.710688
0.7244119
0.7114686
0.7126809
0.7146273
0.723023
0.7261163
0.7273261
0.72072095
0.72478354
0.71909136
0.7238304
0.71160185
0.72610515
0.71434563
0.7146682
0.72570264
0.7243518
0.72990036
0.71421677
0.7191151
0.70980996
0.71341544
0.72005105
0.7189365
0.71093357
0.7255351
0.7313399
0.7303745
0.7250499
0.7227706
0.7188956
0.725702
0.7179808
0.7277555
0.72140193
0.721113
0.71245867
0.72959286
0.7283214
0.7287644
0.7275517
0.72529614
0.7246766
0.7172326
0.7064962
0.72690725
0.71463317
0.7230957
0.7117522
0.706275
0.7090049
0.7080601
0.7111504
0.7204451
0.70655316
0.7077962
0.7122386
0.71366644
0.70608306
0.71442264
0.68962264
0.69584316
0.69212866
0.6850941
0.7013576
0.69805473
0.696525
0.6929229
0.68914235
0.69314826
0.6998096
0.7048737
0.69234157
0.7019906
0.6922976
0.70438063
0.70665234
0.7055678
0.7104576
0.723704
0.71803707
0.72798616
0.7309941
0.73244876
0.7297195
0.73825586
0.726102
0.7444931
0.74418557
0.7474017
0.74294454
0.7435419
0.7460169
0.74499357
0.746444
0.73350775
0.73106116
0.7378273
0.7301545
0.7308301
0.72575414
0.727968
0.7193351
0.7198154
0.7178548
0.70927185
0.69789726
0.7077758
0.70622814
0.6975325
0.7026754
0.7108739
0.70093775
0.6880992
0.7021839
0.68654156
0.6559744
0.6670389
0.64837044
0.6561471
0.65365684
0.65497047
0.66873705
0.67140365
0.6600131
0.65374684
0.6561051
0.6542917
0.65179425
0.6437507
0.64921993
0.6447872
0.64833295
0.64358234
0.654098
0.6518178
0.65966666
0.6646493
0.67065084
0.6789979
0.69281954
0.69118005
0.6898292
0.68645316
0.6795508
0.68923074
0.69601065
0.6928517
0.6995102
0.70639604
0.69911695
0.7019968
0.7017606
0.6887741
0.6883154
0.68969214
0.6800371
0.69071174
0.7004872
0.6958687
0.69029117
0.68893254
0.69611377
0.6941828
0.6922913
0.6945761
0.6858373
0.6785221
0.6839124
0.68362576
0.66746694
0.6825759
0.653416
0.6684195
0.6575136
0.67769223
0.6870599
0.68782103
0.6859055
0.6792045
0.67750144
0.6867732
0.69197696
0.70312315
0.7329245
0.71497506
0.7003299
0.70554435
0.7036197
0.7075445
0.72293884
0.7197106
0.72351927
0.69882494
0.7111853
0.70745987
0.6952812
0.6798106
0.6544832
0.6589174
0.65101486
0.6603738
0.66633457
0.6782043
0.68574107
0.68997306
0.69080776
0.69684815
0.7056102
0.70405865
0.69963646
0.69315374
0.6941588
0.6845772
0.6819789
0.6667342
0.6632727
0.66152626
0.6754391
0.6558439
0.66639423
0.6483154
0.65979296
0.6423572
0.6361421
0.6344124
0.6335845
0.6308767
0.6483152
0.6261295
0.6418868
0.6393317
0.6298572
0.6332102
0.64950687
0.6382601
0.62381613
0.63616484
0.63642526
0.6291336
0.63484454
0.6316491
0.62698764
0.6343897
0.64358056
0.6560358
0.6994897
0.70295143
0.73878765
0.70822597
0.73297584
0.7428337
0.7519895
0.71041936
0.68970233
0.6953522
0.6841802
0.7067601
0.72387755
0.7495765
0.7340242
0.7293618
0.73379207
0.69891363
0.70890826
0.7088344
0.70266783
0.7067411
0.6988943
0.7043406
0.744101
0.7141408
0.69141203
0.6891169
0.6791718
0.7212682
0.70056975
0.7098537
0.71058875
0.7033455
0.69847345
0.68750554
0.6734922
0.6828164
0.6696989
0.67849255
0.6858847
0.70419115
0.69501233
0.66666776
0.6691657
0.6685489
0.6726519
0.69182086
0.67888874
0.69496316
0.6832376
0.6818654
0.67638266
0.6559159
0.6529392
0.6710822
0.6618737
0.65046644
0.65455776
0.644945
0.64647794
0.6443586
0.6384558
0.6403486
0.62973636
0.6407312
0.64255095
0.6430866
0.63531077
0.63339067
0.63526654
0.66176295
0.65094423
0.643625
0.6534663
0.6234851
0.65487623
0.6291651
0.63482594
0.63844556
0.62193954
0.61308944
0.65454733
0.620485
0.65605223
0.6507927
0.6579862
0.6695169
0.65160894
0.65186924
0.6398359
0.6103437
0.60978407
0.62408876
0.6156127
0.64049304
0.6292432
0.6536078
0.6696866
0.65176874
0.6414127
0.6656604
0.693218
0.70248324
0.7005363
0.69636685
0.685091
0.71523595
0.7233341
0.6836837
0.66947097
0.6714218
0.700443
0.68136054
0.69645244
0.65512186
0.68187857
0.6368447
0.6357363
0.64433616
0.64574194
0.667701
0.6272144
0.6805957
0.64929086
0.64048225
0.64788765
0.66264
0.62461156
0.6568744
0.6944455
0.6901396
0.70877004
0.7036917
0.6986673
0.707512
0.7019622
0.7045817
0.6945414
0.6950317
0.6705529
0.67284405
0.6481769
0.67193794
0.6753886
0.6696513
0.6745106
0.6665805
0.6576566
0.6556643
0.657322
0.6278538
0.614207
0.58411837
0.593986
0.5576736
0.5761054
0.5670997
0.5808138
0.5768257
0.583495
0.5968074
0.56599617
0.57646376
0.5951734
0.60876244
0.61016774
0.62581915
0.62687564
0.6322263
0.64036846
0.646229
0.6660267
0.6834754
0.690881
0.69480646
0.686508
0.6722514
0.67021143
0.6669304
0.6521785
0.6446872
0.6219777
0.6355645
0.6511756
0.64998156
0.62105757
0.6162321
0.6851902
0.6707317
0.68093663
0.6691864
0.66550964
0.6906651
0.6941329
0.6864783
0.6989064
0.6899317
0.69664
0.7035315
0.7063116
0.7030587
0.7168614
0.68858176
0.6974443
0.7121281
0.70580316
0.71738935
0.7370529
0.72525024
0.7028435
0.7102662
0.693135
0.68674153
0.6810358
0.6695387
0.6867379
0.70808333
0.6959511
0.734676
0.7157027
0.72971827
0.70172656
0.6946656
0.6932916
0.6885861
0.7072407
0.7335986
0.72926486
0.76289696
0.75192404
0.7418888
0.73355734
0.73094565
0.758603
0.73756516
0.7346601
0.73308206
0.7288152
0.7203801
0.7112121
0.7172253
0.7169739
0.72769094
0.7289905
0.728019
0.7250057
0.72622305
0.73066884
0.7291474
0.73081875
0.7280467
0.72880036
0.7258436
0.72532463
0.7436867
0.7255496
0.7334695
0.7278956
0.7217209
0.7257307
0.7274657
0.7311184
0.7274399
0.7163007
0.7106147
0.70110196
0.69668216
0.6950132
0.69075006
0.6882426
0.6752221
0.67291886
0.67012477
0.66905063
0.6724713
0.6679002
0.66044635
0.66063935
0.6540093
0.63751334
0.63458437
0.62720865
0.6273302
0.6139607
0.6065528
0.6052689
0.6068645
0.59753305
0.58633024
0.57892936
0.58049536
0.5589973
0.56300384
0.56203216
0.56811357
0.57387394
0.57612866
0.57208174
0.57426053
0.5739751
0.5799794
0.5803504
0.5755661
0.5739089
0.5792638
0.58160585
0.58190125
0.60966134
0.60502195
0.6115233
0.5966378
0.6112342
0.59341675
0.5805024
0.5745868
0.57042366
0.5507549
0.5481198
0.54518515
0.55413955
0.55089587
0.530289
0.5403059
0.5305707
0.54340214
0.5306811
0.5443211
0.54043835
0.5384217
0.56025326
0.60487485
0.6218816
0.6482833
0.5947782
0.6175378
0.5927815
0.5517737
0.56851
0.57286346
0.56785154
0.58069736
0.5747334
0.5816992
0.5947231
0.59169745
0.59105545
0.58157647
0.56821746
0.58042365
0.58699214
0.57660264
0.56996864
0.5238056
0.50535446
0.5451613
0.5238168
0.504296
0.4861468
0.4939596
0.4977762
0.51400816
0.5360974
0.5148801
0.5535947
0.55116177
0.5673277
0.55841786
0.5557221
0.5683608
0.57591814
0.5770663
0.5977007
0.57229894
0.59975076
0.5892302
0.58747333
0.60829824
0.612781
0.61427104
0.6212565
0.629227
0.6433418
0.6463822
0.65222466
0.65165126
0.66171026
0.6521846
0.6662643
0.6543084
0.663072
0.66520613
0.6690523
0.66882706
0.66610205
0.64701116
0.6553993
0.6470117
0.64863986
0.65211684
0.6384703
0.6547848
0.6540393
0.6790787
0.6882089
0.6642391
0.6653819
0.65917444
0.6604528
0.6563814
0.67925787
0.66124344
0.67428124
0.65097094
0.6769153
0.6737015
0.6693898
0.66627055
0.67417514
0.6631706
0.6543886
0.6687855
0.6626243
0.6578469
0.6784772
0.6811448
0.68933827
0.6920924
0.68356484
0.6835183
0.6589205
0.6583015
0.62652534
0.61437523
0.6293932
0.6200348
0.6370875
0.6001443
0.57153213
0.56349057
0.5611978
0.62144655
0.6009587
0.6214992
0.6254421
0.6463993
0.6508032
0.6601419
0.65837663
0.6480386
0.64110136
0.644732
0.6784332
0.67436486
0.68081707
0.6856487
0.6856294
0.6830168
0.6978845
0.708575
0.70274925
0.7008323
0.69480324
0.68391365
0.67040086
0.6786728
0.6663056
0.6840092
0.67929435
0.66913366
0.67052674
0.6781668
0.70064956
0.6962601
0.67913014
0.677319
0.67011684
0.66587615
0.6414277
0.64897585
0.6618814
0.6495
0.63303274
0.6565014
0.6351623
0.63872164
0.64964104
0.63910514
0.64400166
0.6710883
0.66017854
0.67107356
0.639611
0.6170499
0.6038386
0.61022526
0.623899
0.6052931
0.6124242
0.5912663
0.5924472
0.59066147
0.6132558
0.6177353
0.63440984
0.64543897
0.63650596
0.63181585
0.62486315
0.6187235
0.58629405
0.5605413
0.5572217
0.56159586
0.5711444
0.55988854
0.55239904
0.5705157
0.57996094
0.61201894
0.6017038
0.58690315
0.5724699
0.5894476
0.58007616
0.60675424
0.61045957
0.58328456
0.59258634
0.59686023
0.5816871
0.61504143
0.6046793
0.5960102
0.5925469
0.5828181
0.5486653
0.56127816
0.5839543
0.5814929
0.5812136
0.56078666
0.5680958
0.5769168
0.5562276
0.52772003
0.52400064
0.5232077
0.5061834
0.49070275
0.51801264
0.55226433
0.5522259
0.5657562
0.60227203
0.5800797
0.57505083
0.6471715
0.62033355
0.62230825
0.62480366
0.65205944
0.6335736
0.6452116
0.6395055
0.6267588
0.6536635
0.64360845
0.6380469
0.62557
0.6411098
0.65602756
0.67002344
0.6623418
0.6717449
0.64940846
0.6225105
0.62321436
0.6381779
0.62810224
0.630376
0.60169697
0.60029197
0.59762317
0.58863765
0.5894037
0.58460355
0.59020394
0.5897432
0.59265155
0.59608364
0.577859
0.587417
0.612739
0.59008163
0.5870699
0.5556385
0.5522136
0.54879314
0.53937757
0.53486913
0.5494836
0.55513334
0.5563121
0.5804932
0.59317446
0.60125613
0.6035151
0.63649017
0.6224895
0.60416937
0.6111014
0.6217141
0.6155777
0.6027649
0.59260625
0.5965321
0.5831766
0.60170597
0.6159238
0.5600132
0.6160266
0.6161116
0.5890245
0.60978806
0.6132242
0.62417865
0.62405574
0.6547205
0.6520065
0.68387747
0.6667648
0.6620803
0.66103536
0.65485984
0.6525168
0.621955
0.64179814
0.6524973
0.6580919
0.6453206
0.66190636
0.6727455
0.6464947
0.6339363
0.69068986
0.66873604
0.6701162
0.6713552
0.6898902
0.68120444
0.6579931
0.6763333
0.66425234
0.63915634
0.6510815
0.644432
0.62359244
0.6123883
0.59239686
0.5787558
0.6166203
0.5139388
0.5567401
0.5894116
0.62018234
0.63846284
0.5960939
0.6321114
0.72807956
0.6898577
0.69604397
0.6088616
0.573014
0.5768314
0.55094784
0.5606865
0.547951
0.55621386
0.5334585
0.5163195
0.5016434
0.5653503
0.5981005
0.5795425
0.56347823
0.55742896
0.55215085
0.5782503
0.5838051
0.57286
0.5940265
0.60563785
0.61838865
0.6415479
0.66909754
0.623631
0.63768744
0.6383669
0.6517654
0.67316896
0.6537302
0.6231711
0.60325927
0.6326145
0.62781847
0.62408894
0.6336419
0.66038287
0.6706843
0.67644465
0.66603607
0.66186833
0.642829
0.6581096
0.67075795
0.6613702
0.6617077
0.65752196
0.63951844
0.6930625
0.70090544
0.6901743
0.69384253
0.6987671
0.7051233
0.69966954
0.7104746
0.7051014
0.6836806
0.6760892
0.6418825
0.65194625
0.6449061
0.62243533
0.6178621
0.6315941
0.6254442
0.6067521
0.62706864
0.65176845
0.6546815
0.69707155
0.67985356
0.69462335
0.69830406
0.6927212
0.6926799
0.6993306
0.70850486
0.7159143
0.6955361
0.69551957
0.6875396
0.6609086
0.6809929
0.660029
0.6788961
0.701532
0.671561
0.6965063
0.6487237
0.6588169
0.6680925
0.64515465
0.6441252
0.64127433
0.609973
0.6451012
0.62202
0.6136411
0.6317669
0.6189499
0.62218875
0.62046456
0.6494535
0.6460117
0.66487116
0.6797821
0.66523564
0.6635643
0.6735276
0.65365916
0.6529379
0.66247964
0.68533736
0.6767171
0.71427345
0.70658046
0.73765236
0.749666
0.7130682
0.7325893
0.6928919
0.7130887
0.68610036
0.6646219
0.62395275
0.6253238
0.6179385
0.6055688
0.6003835
0.6055458
0.6284511
0.6188609
0.61760485
0.61411476
0.6151769
0.6280732
0.6200237
0.6561163
0.6675841
0.64287883
0.63961476
0.65158087
0.63777447
0.6733676
0.71573436
0.7437414
0.7325054
0.7291213
0.7250746
0.7255481
0.6870114
0.7239899
0.73057884
0.71914554
0.74507314
0.72432196
0.69387615
0.67439663
0.669831
0.65409327
0.6503199
0.6066641
0.597732
0.54974
0.55422556
0.5469114
0.5507454
0.5996323
0.60187453
0.5947576
0.56642604
0.59399843
0.59042
0.6093568
0.5855465
0.6009148
0.5777505
0.5819976
0.59454936
0.57728356
0.6039385
0.6340026
0.6227484
0.58057874
0.5587427
0.5545286
0.5536172
0.5611024
0.56834394
0.61622214
0.6787536
0.67731917
0.66379064
0.65100616
0.6666392
0.6780967
0.69780976
0.71265954
0.72378784
0.7213576
0.7119542
0.7208642
0.6789032
0.6836842
0.6742704
0.6853298
0.6760192
0.66869795
0.67419857
0.66589415
0.6629269
0.6669836
0.66631126
0.6947583
0.6772091
0.66282153
0.67967695
0.6681148
0.6505939
0.62647706
0.6379638
0.6383523
0.5928311
0.6035562
0.6266984
0.6212088
0.6408165
0.6808273
0.7077589
0.72134686
0.6912329
0.66421396
0.6505847
0.6163556
0.6300491
0.62106913
0.6425105
0.6595358
0.655892
0.6678217
0.65047896
0.65531415
0.6645644
0.6620693
0.6604032
0.6797955
0.6718175
0.6824599
0.65056944
0.6452475
0.6375463
0.6070832
0.6026219
0.64367586
0.68161017
0.62443227
0.6259064
0.70891786
0.6841384
0.6987953
0.6862248
0.7065335
0.67908543
0.6616193
0.6407681
0.6454108
0.620657
0.61173975
0.63560617
0.66078717
0.6776115
0.67526484
0.6906239
0.6458678
0.67785794
0.6892066
0.6661208
0.69465655
0.6971175
0.66513276
0.65364885
0.6619529
0.685943
0.7149628
0.6936195
0.67660314
0.6638521
0.628843
0.59711784
0.6142217
0.615127
0.6202092
0.61822087
0.6245648
0.60673183
0.60332525
0.62183756
0.6100747
0.5965478
0.5771461
0.5972191
0.5715832
0.56811434
0.5753546
0.57958525
0.5658946
0.6301501
0.6059647
0.6089303
0.6052375
0.61719483
0.6045366
0.6474763
0.6256985
0.6256262
0.5852916
0.5952367
0.56549925
0.54348004
0.559585
0.5501564
0.568062
0.58336854
0.6176399
0.6127759
0.62110364
0.6655618
0.5874219
0.6121334
0.5917917
0.58568096
0.6079125
0.6294048
0.6361144
0.64239544
0.6494578
0.64924514
0.6549707
0.6712003
0.64253104
0.6324378
0.59678084
0.6099069
0.62267923
0.6194844
0.63905424
0.63953984
0.6238694
0.65152466
0.6323424
0.6624286
0.6611301
0.65339446
0.67364556
0.6927383
0.7009383
0.71592915
0.7075607
0.72898877
0.69535506
0.6726399
0.66507417
0.6382946
0.6184033
0.60548943
0.6178336
0.6050011
0.60919565
0.5945775
0.5693717
0.5697666
0.5715461
0.58179027
0.5750058
0.5950605
0.58529764
0.594841
0.6058413
0.61718243
0.62511575
0.6459123
0.65118647
0.6697542
0.67264277
0.6605096
0.6540396
0.644652
0.6127335
0.6199413
0.614142
0.59703416
0.6269308
0.5666506
0.5522485
0.59331954
0.6109331
0.5867634
0.60566777
0.5982242
0.60913086
0.6359628
0.64061236
0.67486596
0.6917083
0.6820179
0.67772233
0.71692765
0.7334784
0.70784444
0.7027718
0.6983646
0.6988267
0.6913173
0.6879711
0.6894241
0.68389404
0.67774963
0.6724951
0.67596984
0.6735539
0.62420964
0.6153931
0.5755757
0.6266492
0.6078606
0.5948626
0.6129818
0.59728134
0.6071751
0.5844385
0.6001048
0.6023617
0.5994302
0.58954597
0.6073838
0.572164
0.6179881
0.6019132
0.5971728
0.5999279
0.625948
0.61737937
0.61376435
0.61448765
0.6392786
0.6673176
0.7206158
0.7298135
0.6972802
0.693237
0.69380933
0.6508071
0.65015084
0.6750471
0.6719919
0.67867786
0.6703136
0.63097245
0.63469183
0.67267084
0.68859667
0.6195581
0.6037817
0.6185204
0.62173444
0.588954
0.57972795
0.61899996
0.57769114
0.6087911
0.7275869
0.6472096
0.7443904
0.71091247
0.7083013
0.7075475
0.70348865
0.70088637
0.6894648
0.66744447
0.6648546
0.64674944
0.63844645
0.6640279
0.67272896
0.65056336
0.65712214
0.66591287
0.6768891
0.6606927
0.68653435
0.6913604
0.68503875
0.66041446
0.63689524
0.645992
0.66089046
0.65378594
0.66278625
0.66589546
0.6535598
0.62841207
0.6087362
0.5856229
0.64916843
0.6463334
0.6803545
0.6905225
0.6993047
0.7040778
0.6780654
0.65388876
0.6206364
0.5946846
0.6176569
0.62769604
0.63745105
0.63307476
0.63037133
0.6506834
0.6732676
0.67066807
0.642708
0.6791662
0.68264806
0.66274786
0.6722835
0.622948
0.60592324
0.58357865
0.57506776
0.59639704
0.6872444
0.73320657
0.7089608
0.70310456
0.7116743
0.6691357
0.6134104
0.68324566
0.70352095
0.7146911
0.7255433
0.71757215
0.712356
0.7196089
0.72253686
0.74541193
0.74195665
0.7513917
0.7275661
0.7218763
0.7141526
0.7067155
0.6819635
0.66494787
0.6392122
0.6677616
0.6864447
0.7135222
0.7102994
0.71349186
0.70047486
0.7049672
0.6854267
0.68720746
0.68977803
0.67156595
0.6522048
0.5998959
0.57742745
0.5456266
0.54635894
0.5373566
0.50315285
0.55746716
0.5711625
0.5834122
0.58689576
0.6134156
0.57451546
0.5751131
0.5993136
0.58851916
0.5986475
0.6216514
0.5999741
0.6029446
0.6038763
0.5936261
0.6067918
0.60062593
0.6031521
0.6288902
0.60659873
0.59771395
0.5981698
0.6160224
0.6166582
0.6334395
0.6252333
0.6080427
0.5523174
0.55689627
0.5633861
0.5320058
0.5689974
0.5946954
0.6153989
0.6370459
0.6227036
0.6317466
0.6324095
0.6522168
0.6520729
0.70138067
0.6940446
0.6600644
0.64304316
0.62922084
0.65888494
0.6542984
0.66946435
0.6845676
0.5215115
0.52080643
0.522312
0.50868344
0.5470535
0.57249975
0.5727788
0.5836246
0.58713084
0.58447057
0.56748545
0.51840854
0.556959
0.6052745
0.61138725
0.6304246
0.7408558
0.6779642
0.65877813
0.63913023
0.6733335
0.69147235
0.6905446
0.6827328
0.6529385
0.6735727
0.66595286
0.6549959
0.6428334
0.6722765
0.5908792
0.6010161
0.5849482
0.5482722
0.56253046
0.5396653
0.5730279
0.59739107
0.5788586
0.5755707
0.55640024
0.56147707
0.53779554
0.54908216
0.56441754
0.5764196
0.6347664
0.6510967
0.6479242
0.630875
0.6020221
0.56586754
0.5879102
0.580926
0.57226497
0.5798071
0.5485911
0.58466476
0.58763826
0.5916213
0.6000404
0.5835718
0.6811475
0.6942269
0.6458842
0.66407394
0.63039595
0.6390621
0.61261666
0.6245903
0.61003846
0.6515089
0.6200397
0.6446022
0.64208597
0.6048624
0.6212699
0.6114343
0.6215414
0.62587833
0.6241215
0.64712864
0.6724215
0.6598178
0.66275835
0.65595037
0.67459875
0.6919788
0.6916002
0.66842777
0.6942194
0.6919819
0.69727975
0.73059565
0.7291041
0.73790836
0.72476035
0.7243505
0.71366435
0.7224226
0.7397203
0.7397217
0.7431435
0.75855345
0.6979772
0.72236425
0.72926664
0.7271647
0.71360755
0.7359895
0.7469126
0.74221104
0.75575304
0.7125747
0.7511553
0.75283384
0.7406535
0.7148387
0.7512905
0.7406358
0.75148994
0.7648032
0.74450535
0.74812657
0.73697966
0.73806465
0.7242518
0.74117225
