1
0.73975706
0.73584276
0.7292501
0.72734696
0.7347468
0.73264104
0.73167676
0.72846425
0.7224316
0.72011536
0.7145819
0.7181268
0.737097
0.72033906
0.71761
0.7177005
0.7044246
0.69695014
0.69654787
0.6982187
0.6945061
0.6969584
0.68648237
0.68854934
0.6647978
0.6692648
0.6635649
0.6660109
0.67986256
0.66260916
0.6703237
0.66922593
0.67854166
0.6868315
0.7110406
0.6948162
0.70607495
0.71493185
0.725977
0.72066003
0.71098244
0.7220583
0.71751153
0.715653
0.70853585
0.7092527
0.72721285
0.70614254
0.7024268
0.69021624
0.6762599
0.6790273
0.68323934
0.67237324
0.6683633
0.6776497
0.63852906
0.6563492
0.6465878
0.67240465
0.6702416
0.68100524
0.682645
0.6877396
0.69533443
0.6966038
0.70715845
0.70637506
0.709246
0.7118223
0.69577444
0.69365424
0.7019463
0.6961382
0.6892235
0.6818078
0.6558446
0.64622545
0.63214743
0.5892078
0.5916808
0.57754236
0.59376395
0.59331816
0.60844934
0.62343806
0.64048636
0.66161424
0.66307503
0.65015095
0.66579443
0.655717
0.6374795
0.6468672
0.6291819
0.6286522
0.61922264
0.63936687
0.6447632
0.6536358
0.6473379
0.6661798
0.6810092
0.67677635
0.6796791
0.6609446
0.6564069
0.64509755
0.6436943
0.63350725
0.6196845
0.6199788
0.62435395
0.6248893
0.6369716
0.64226556
0.6515501
0.66948885
0.676747
0.6667375
0.6724625
0.65161073
0.65715355
0.6536497
0.64684194
0.655074
0.64062524
0.64595854
0.6599344
0.6571966
0.6652704
0.6549554
0.6430466
0.6525151
0.65729535
0.6892902
0.72003776
0.6818485
0.7174223
0.71459645
0.67977035
0.69215417
0.6782288
0.67463845
0.6795119
0.66304225
0.6675701
0.6743892
0.67267764
0.68445873
0.68650496
0.6474372
0.65262985
0.63391143
0.6212904
0.6289086
0.6057281
0.62231606
0.6398323
0.652821
0.67695254
0.68923515
0.69286734
0.6964568
0.68719745
0.6724946
0.67812437
0.67751074
0.666068
0.652906
0.6936296
0.6649265
0.64684165
0.6606705
0.6497629
0.6457023
0.65733016
0.66393805
0.66650474
0.6639216
0.64666045
0.62739545
0.6225757
0.60991275
0.57742095
0.58736205
0.56308806
0.55142254
0.57641685
0.5729352
0.5624797
0.5771658
0.53148794
0.56286675
0.5325506
0.5528635
0.5442448
0.556814
0.5868876
0.57186955
0.5973988
0.56015813
0.5430013
0.5478152
0.58622015
0.57118815
0.54278576
0.5304659
0.52896893
0.59382623
0.6304515
0.669956
0.64736146
0.6098279
0.60113645
0.61784244
0.6110211
0.63908917
0.6241658
0.6402722
0.6452067
0.6447489
0.6572174
0.674695
0.6525718
0.64396024
0.63469875
0.64813846
0.63543355
0.63498694
0.61731076
0.60702527
0.61046433
0.5945345
0.5930076
0.6249295
0.64316595
0.6399896
0.6465518
0.66637915
0.67490786
0.66974014
0.67562264
0.6792012
0.6823717
0.6862753
0.6802906
0.6803721
0.6718446
0.67687696
0.68134975
0.66466105
0.66968644
0.6693988
0.6760561
0.67504376
0.67969203
0.6739848
0.67493296
0.67363113
0.67188054
0.6725933
0.6697675
0.6784238
0.66912633
0.6801791
0.6700624
0.6647841
0.6706328
0.6623875
0.662487
0.6561534
0.64725286
0.64373404
0.63672197
0.6400811
0.62146795
0.5792041
0.54536295
0.55224043
0.56078434
0.52646327
0.5259205
0.54382735
0.5609525
0.57517165
0.5681642
0.5740726
0.5684485
0.5755557
0.6135502
0.5923082
0.6299758
0.6428407
0.6418528
0.6236384
0.6305335
0.6563075
0.6519567
0.64855003
0.66327477
0.65256375
0.65511334
0.6484928
0.6317963
0.5998158
0.58884895
0.59683746
0.5944643
0.6039856
0.6086402
0.6199297
0.6152588
0.62957853
0.6079248
0.5737338
0.5855064
0.58281565
0.57706577
0.5643043
0.5297032
0.5592598
0.55431086
0.5782219
0.5683545
0.5866108
0.60204107
0.625511
0.66200125
0.65287054
0.6633945
0.66811186
0.67589897
0.651557
0.6686318
0.6500575
0.6640651
0.65085596
0.62730885
0.6072445
0.6272743
0.6239956
0.6899122
0.70864564
0.7391779
0.74579
0.73352903
0.74205667
0.73270017
0.7312464
0.72699296
0.7463586
0.72654
0.71769524
0.73311245
0.74608487
0.7351478
0.7332305
0.72741073
0.7218302
0.73510814
0.7314151
0.72183853
0.7396659
0.7435587
0.73782283
0.73344046
0.7333556
0.729534
0.7086607
0.6997521
0.6665063
0.6599498
0.6451169
0.6379074
0.62695795
0.611492
0.62495124
0.61678576
0.56976646
0.58258754
0.5830414
0.60757536
0.59554297
0.589915
0.57496214
0.5692597
0.54990566
0.53280437
0.5509599
0.5651887
0.5621628
0.5549376
0.5677854
0.57895106
0.59712285
0.6009021
0.59600216
0.5961538
0.5834105
0.57945794
0.5754448
0.5676836
0.5558192
0.5620127
0.57197326
0.5839108
0.57315284
0.5846923
0.58543193
0.5697264
0.5669285
0.5673649
0.5356293
0.5188511
0.53062624
0.5155994
0.50818837
0.48777393
0.48459175
0.50428534
0.51325345
0.54064524
0.53904843
0.5601508
0.54504925
0.5589114
0.55269814
0.5611421
0.58858997
0.60130936
0.6019264
0.6184525
0.62294793
0.6264928
0.62132025
0.62655574
0.6190556
0.6102938
0.5986743
0.59153366
0.58218306
0.59648496
0.6136367
0.6254218
0.6383145
0.648116
0.6457821
0.6292307
0.6006454
0.57426447
0.57918453
0.5847522
0.57144654
0.57529277
0.5617666
0.5420007
0.5537596
0.514425
0.5482191
0.59451246
0.57077926
0.56906223
0.57127714
0.5946166
0.6121514
0.6261499
0.65126985
0.7020908
0.71175945
0.6945384
0.66533905
0.67974305
0.6971873
0.64776975
0.6421657
0.626605
0.61920094
0.63480926
0.60809636
0.58483714
0.5673911
0.54444
0.52315867
0.49650234
0.5523395
0.5857418
0.618057
0.58934337
0.55149853
0.6019126
0.60064113
0.5985819
0.61013293
0.60282636
0.5666168
0.57399815
0.5485513
0.5251
0.5468833
0.5427381
0.5204128
0.5185603
0.553374
0.51761067
0.55343604
0.5368909
0.5131705
0.51225024
0.51884127
0.4690322
0.46057728
0.45350677
0.4756507
0.48072633
0.47425735
0.46364477
0.467382
0.47684136
0.500027
0.49162355
0.50681823
0.49383092
0.46589208
0.4593064
0.44287238
0.42040637
0.4756971
0.48752224
0.50814784
0.5220712
0.50254536
0.5092795
0.51689863
0.49656302
0.48642737
0.4737417
0.46375272
0.45968094
0.43428674
0.42069748
0.45391557
0.4731194
0.4523273
0.4369614
0.45442954
0.4475565
0.42467192
0.45261693
0.46831486
0.51365983
0.46508282
0.5314649
0.5293444
0.5591398
0.5538444
0.53648037
0.51261944
0.507732
0.52235585
0.55113393
0.53883284
0.56189513
0.54997426
0.5866189
0.62371916
0.6487139
0.65210587
0.6464621
0.660937
0.63494605
0.6334092
0.63078916
0.63223994
0.61783737
0.6244367
0.62898636
0.63415813
0.60413253
0.59781873
0.6078413
0.6088578
0.5897019
0.5993516
0.5862698
0.5877951
0.6074859
0.5722874
0.5793262
0.56190157
0.5657166
0.5718068
0.5737018
0.5519542
0.5581039
0.54496604
0.54079014
0.54486036
0.53753686
0.54367375
0.5486713
0.5455244
0.5473707
0.5352057
0.5348162
0.541025
0.53555363
0.5391218
0.54113215
0.52819926
0.5073863
0.4908019
0.48972517
0.4863803
0.4809001
0.48132902
0.5072069
0.5003249
0.5202344
0.5372697
0.5262303
0.5163836
0.5175257
0.5335734
0.5286209
0.53880227
0.5510255
0.5488317
0.5473582
0.542371
0.5439749
0.5430638
0.5480526
0.53691363
0.54944396
0.53293747
0.5560557
0.5375036
0.5470418
0.5461864
0.5687354
0.5402714
0.5667601
0.5572012
0.55708486
0.5565594
0.56685853
0.5551307
0.5687069
0.5768148
0.58703405
0.5630431
0.5798602
0.5738962
0.5622
0.5683304
0.5643053
0.56494766
0.5533609
0.5593253
0.5534118
0.5445055
0.54530054
0.52357745
0.5482339
0.5487724
0.5588116
0.509565
0.47620153
0.46924675
0.47240224
0.46403778
0.44489667
0.41950563
0.44627014
0.44357613
0.4494283
0.46093053
0.4456321
0.4245939
0.43466407
0.42952362
0.44438216
0.4423545
0.45944092
0.465723
0.48243153
0.48749286
0.46635377
0.47695094
0.51724
0.5235932
0.56031245
0.56827843
0.5987757
0.65568274
0.6576382
0.62929535
0.61773455
0.621904
0.6238999
0.60542583
0.6270013
0.6032976
0.5868158
0.5760147
0.6041762
0.6149994
0.6268691
0.61275977
0.59945196
0.60111237
0.59996855
0.5716561
0.59233826
0.57347727
0.595787
0.620325
0.63243246
0.6358286
0.649751
0.6517503
0.6660966
0.63130087
0.6200763
0.6394799
0.65463173
0.6379165
0.6461236
0.615848
0.57508093
0.59865534
0.60162216
0.59488827
0.62721384
0.6274277
0.6474194
0.6373835
0.6343503
0.6241602
0.56150717
0.5495879
0.5431869
0.5346807
0.6196232
0.62123
0.63624436
0.643781
0.6898285
0.6768271
0.5920785
0.583305
0.60498434
0.6078935
0.5942228
0.5950941
0.5692994
0.58264387
0.6300429
0.6515311
0.65143603
0.6271055
0.617276
0.5951224
0.62814724
0.6445088
0.6371455
0.6289195
0.6215615
0.62282467
0.6138464
0.61925745
0.6426555
0.6808976
0.6821865
0.6898889
0.67212486
0.67294097
0.67580605
0.6871769
0.67938364
0.6777653
0.6814996
0.66546947
0.6707175
0.69329315
0.6859847
0.68339264
0.68042403
0.6847968
0.6670856
0.6479383
0.64761806
0.6312931
0.64037067
0.6535553
0.64881
0.6462033
0.6577635
0.6505212
0.66698325
0.6444967
0.6397462
0.63102025
0.63568413
0.62763524
0.6403966
0.61901724
0.63226193
0.6111757
0.6191126
0.59517103
0.60351133
0.6070015
0.60808253
0.60431886
0.59782445
0.5977595
0.6034714
0.6110827
0.5990502
0.54902333
0.46207547
0.50545406
0.48043022
0.46043274
0.46563005
0.46962407
0.43558192
0.43690476
0.4090254
0.42020634
0.42116973
0.41210198
0.40478486
0.4066574
0.41656455
0.42495045
0.44587514
0.41217127
0.38116312
0.39079088
0.41931722
0.40897036
0.42186913
0.4038128
0.40875667
0.39202824
0.4211084
0.4177095
0.44157976
0.42386723
0.38923088
0.38409296
0.41298798
0.41628426
0.4281805
0.49375808
0.55646807
0.57688844
0.5765128
0.5378302
0.43809164
0.44253564
0.45054647
0.42959633
0.42600328
0.45611382
0.44157875
0.47803214
0.46784362
0.48458353
0.5057163
0.5677354
0.57351035
0.58398676
0.5687253
0.5749293
0.5726888
0.5471796
0.5222307
0.51221097
0.47346833
0.4633415
0.4756267
0.47002935
0.46584597
0.45513704
0.4910665
0.525353
0.5346693
0.55372566
0.57116944
0.55917627
0.58392924
0.6077099
0.5913488
0.6125716
0.6128654
0.5238371
0.5369992
0.5267568
0.49173617
0.5077188
0.54420614
0.5205488
0.51820856
0.49670085
0.47077337
0.46002796
0.48127046
0.5048633
0.5407931
0.5579377
0.552851
0.5767231
0.55407774
0.55426925
0.57817763
0.5885076
0.5852956
0.57957554
0.588867
0.58067805
0.5778262
0.5698862
0.5700541
0.54596233
0.5777142
0.57460517
0.5826222
0.5431588
0.54647684
0.55169326
0.54998666
0.5618552
0.573916
0.5809364
0.5791148
0.577526
0.5923348
0.5639961
0.5748463
0.54874086
0.550974
0.5573119
0.53490317
0.5484044
0.5423348
0.55123365
0.55532384
0.5621804
0.57495654
0.59572524
0.59136236
0.59115624
0.5898717
0.59110326
0.5734619
0.5969751
0.5772391
0.5629677
0.5666082
0.56204784
0.55606717
0.5556906
0.54739666
0.5284953
0.511862
0.53843194
0.5803011
0.5965968
0.61229265
0.6170243
0.57762504
0.55736285
0.5494914
0.5133625
0.5352071
0.5585316
0.566665
0.5390965
0.5372096
0.52418816
0.49354127
0.49477348
0.5318486
0.53369063
0.53291804
0.49459982
0.4882473
0.4878602
0.49661157
0.47789153
0.39576426
0.34869894
0.33993924
0.30603015
0.28506827
0.2738571
0.28450626
0.30228582
0.31400907
0.28948927
0.32052827
0.3092261
0.32964656
0.3278782
0.29760364
0.26506963
0.2600707
0.23508294
0.1788648
0.17092724
0.17713228
0.2505254
0.30754375
0.3081876
0.29962012
0.315977
0.26942497
0.31282103
0.2650512
0.26018336
0.24930453
0.30843613
0.19607317
0.22206579
0.3397073
0.21377748
0.18929629
0.22065502
0.22430873
0.24774542
0.27727214
0.24396732
0.29356152
0.22480148
0.28042534
0.24342792
0.2763803
0.25804928
0.25024804
0.26272848
0.25684002
0.23950168
0.26982287
0.23756178
0.23408626
0.22350799
0.2316765
0.23608853
0.21255642
0.2505266
0.23736577
0.2362766
0.22352451
0.21157278
0.22649904
0.25295278
0.2187041
0.22748283
0.22791275
0.27450025
0.2587093
0.20536697
0.22673915
0.21383877
0.23422031
0.25247136
0.22663651
0.2438195
0.24469371
0.28315756
0.281482
0.30093935
0.28339502
0.28003365
0.2668858
0.2421987
0.24119833
0.25516266
0.24038641
0.25774166
0.27637807
0.2899061
0.29086497
0.31298998
0.32187906
0.28614122
0.3172785
0.32131967
0.30457607
0.34123123
0.3499527
0.33414733
0.33063293
0.33000976
0.29138422
0.3014438
0.27421558
0.2788859
0.25526452
0.28281432
0.29090998
0.30928162
0.2933262
0.31851387
0.34220713
0.35388884
0.38356444
0.37587667
0.33520618
0.34872457
0.3041527
0.27690327
0.2742685
0.30370525
0.28392026
0.24464792
0.30778244
0.27585438
0.26930466
0.24152151
0.2754675
0.26067725
0.2849493
0.25487942
0.23214902
0.33932716
0.31932804
0.242699
0.3053015
0.2927581
0.3370916
0.38676432
0.4455886
0.3460699
0.37094998
0.38229537
0.29557785
0.30138355
0.27115127
0.29993302
0.30739054
0.32758626
0.31415942
0.28965753
0.29769617
0.2975676
0.3425642
0.37350202
0.3826988
0.38804504
0.41894284
0.41623583
0.39386553
0.43312258
0.40645027
0.40036696
0.43610197
0.46166903
0.5020527
0.47537616
0.45153308
0.49908236
0.47920924
0.49881968
0.46618468
0.48153055
0.5044431
0.50270873
0.49482796
0.5265991
0.5006413
0.5089277
0.5200198
0.47358134
0.534489
0.47890842
0.44752428
0.43483493
0.4156784
0.4226849
0.41457915
0.46427384
0.45979774
0.48292762
0.46875432
0.45947462
0.47423202
0.49866334
0.49250305
0.48729303
0.46298707
0.45328468
0.4393775
0.5142038
0.46944565
0.41783443
0.4172521
0.40018964
0.41539586
0.45430276
0.43617132
0.4056571
0.41329598
0.41311985
0.43290454
0.42480907
0.38791668
0.40640005
0.40810668
0.39067268
0.43324152
0.415248
0.44291672
0.44896835
0.41403744
0.4363185
0.44377124
0.44700813
0.42423192
0.42037377
0.41608027
0.38191703
0.3911446
0.41488948
0.4805966
0.45306987
0.4053629
0.4326241
0.45771986
0.48811352
0.43957034
0.4277549
0.43796673
0.45849672
0.45920637
0.41480145
0.4809284
0.43105334
0.45427263
0.4746369
0.45704374
0.48049882
0.4739424
0.4705218
0.47353303
0.45033553
0.42373657
0.44064468
0.40189654
0.42930487
0.4166355
0.40841305
0.43074152
0.4209723
0.4360181
0.4043901
0.43946144
0.43430898
0.38769794
0.39297625
0.4158288
0.44234714
0.4568062
0.44361034
0.4452206
0.45112675
0.44793564
0.44519052
0.45987684
0.44520923
0.46226376
0.45117083
0.4640127
0.44642076
0.44495052
0.46269783
0.43437567
0.43977362
0.46075347
0.4716723
0.47932893
0.49914956
0.46193993
0.47522396
0.4761222
0.46826434
0.4610169
0.46403125
0.46807227
0.46353915
0.4237089
0.4557961
0.4629636
0.4446998
0.4153118
0.4671282
0.4660539
0.4428965
0.42912638
0.46025336
0.43889135
0.5068415
0.45356998
0.4605538
0.44253197
0.4386183
0.45991307
0.4856963
0.46916768
0.48138326
0.41325882
0.52910125
0.42938215
0.47273287
0.4727805
0.6065695
0.50255775
0.53211755
0.61195093
0.5008944
0.6497821
0.65903807
0.5803407
0.48657328
0.5928483
0.562659
0.60138565
0.4701032
0.5868334
0.71885884
0.740197
0.58293545
0.5667251
0.5090074
0.48815754
0.47073144
0.45872116
0.47147173
0.46266884
0.48288393
0.45790794
0.44003624
0.53847456
0.5140274
0.4580764
0.45101988
0.4687812
0.50962836
0.4843241
0.49507135
0.50326467
0.47036386
0.47842196
0.6282611
0.87964094
0.79320586
0.83895063
0.7075247
0.7738092
0.66609126
0.6594356
0.66708195
0.5955948
0.5763272
0.5129
0.64244395
0.5914905
0.46865267
0.5780644
0.63269323
0.51595765
0.58393276
0.5688157
0.54462904
0.56805253
0.5906788
0.5598464
0.61418974
0.5440105
0.5447618
0.5528725
0.51397175
0.56177586
0.50839
0.46246746
0.51143926
0.5496283
0.5191853
0.5227497
0.6013752
0.50265145
0.47304574
0.5139998
0.5077529
0.5527055
0.5731564
0.57500565
0.6423634
0.5561982
0.5914765
0.52853924
0.61666125
0.5966287
0.6293141
0.5788263
0.57698023
0.58497214
0.6135479
0.6340406
0.60002464
0.56003904
0.60460913
0.69421047
0.5626092
0.6067446
0.67774653
0.7142217
0.6574531
0.63535184
0.6402177
0.77764016
0.5740003
0.79685855
0.6525465
0.6079472
0.58761036
0.6221085
0.5313591
0.60701096
0.58312064
0.5293345
0.5492714
0.58415115
0.54379475
0.50680417
0.5449042
0.55750334
0.51284796
0.4768998
0.5059925
0.48352146
0.5220227
0.5013469
0.46340883
0.48738146
0.4517713
0.46376342
0.47519296
0.46992168
0.45823696
0.4424998
0.43530515
0.4351988
0.43770263
0.4320841
0.43689665
0.44705927
0.44247752
0.46238825
0.44066828
0.4435509
0.4756908
0.48631546
0.47557333
0.4826398
0.49363768
0.4823511
0.5040739
0.50385547
0.4610764
0.47566506
0.44893974
0.48726514
0.4779444
0.4551525
0.48277497
0.4765785
0.45156392
0.42425227
0.44532388
0.4827081
0.4745473
0.47799584
0.44300082
0.4570808
0.48648262
0.45376906
0.46455553
0.4332584
0.43772742
0.48816088
0.4439188
0.45206836
0.42010608
0.40919605
0.41758844
0.4287393
0.42153215
0.43863958
0.43913403
0.46625754
0.4890903
0.49905333
0.48129824
0.46158955
0.465678
0.4418645
0.47056016
0.4279176
0.42796683
0.46752033
0.43311527
0.46874416
0.41395697
0.4311068
0.47319195
0.45184135
0.42785707
0.44204965
0.44114527
0.45541167
0.42697197
0.4279061
0.43110743
0.40895385
0.39884332
0.44893512
0.47153327
0.45744213
0.44554788
0.43359333
0.43399835
0.46030834
0.43236613
0.46000966
0.43469614
0.4122288
0.39899412
0.43811426
0.41293663
0.40293232
0.41045275
0.4046072
0.43214253
0.3857727
0.4163922
0.41133338
0.38572836
0.38228917
0.41936538
0.3983117
0.4221996
0.45780066
0.40291446
0.42659014
0.44158757
0.41000083
0.42199624
0.40900818
0.43776274
0.42126027
0.43366536
0.3982719
0.42724574
0.37881923
0.42810822
0.38987526
0.39224088
0.36201826
0.44416723
0.41011143
0.45264715
0.42769197
0.47287637
0.53026
0.5160224
0.4805555
0.53630716
0.54700136
0.4994956
0.55191743
0.5094758
0.5428626
0.53266186
0.60230446
0.56587404
0.59540164
0.5271937
0.44120812
0.48266485
0.43865138
0.4267529
0.415422
0.35426247
0.28708255
0.28442666
0.30782887
0.33857453
0.3302878
0.3244329
0.31828883
0.3043171
0.29827708
0.33112448
0.35039672
0.3778401
0.3957794
0.4413427
0.39792493
0.3765993
0.35554656
0.3745661
0.32862434
0.32159293
0.37503034
0.33753392
0.32084092
0.2991008
0.30609223
0.36128175
0.2914982
0.31328005
0.36187297
0.38699934
0.406707
0.4174039
0.40833724
0.38653645
0.42146775
0.4244214
0.4319285
0.45709857
0.47466686
0.48396394
0.49657813
0.5139136
0.48880148
0.45642427
0.4718545
0.48190325
0.5239571
0.5322128
0.51864725
0.51890415
0.53544796
0.54276115
0.5158385
0.5165417
0.5322804
0.47326982
0.43339762
0.4131577
0.40363196
0.4002462
0.40809044
0.37282094
0.37205255
0.3750611
0.37263727
0.37057883
0.38081783
0.38865066
0.4357633
0.4091369
0.43193206
0.44996357
0.47005084
0.5036627
0.47345263
0.48826978
0.4752207
0.48044127
0.47712556
0.49466062
0.4630932
0.466095
0.48859158
0.4899482
0.45919737
0.46741828
0.451877
0.46077514
0.43648216
0.41742846
0.42290622
0.44354612
0.40368432
0.43938214
0.41855618
0.423928
0.45268428
0.48984754
0.48766264
0.4816996
0.4951796
0.49100506
0.48474896
0.5058575
0.51110566
0.5010447
0.5024003
0.49981174
0.4868984
0.51732796
0.4926769
0.53423303
0.5255008
0.5325198
0.5361506
0.54033273
0.520956
0.49360558
0.4789113
0.47452727
0.4553031
0.46355164
0.44991904
0.44530576
0.44217288
0.43722734
0.44958434
0.46277687
0.48051473
0.50121444
0.46623698
0.4507167
0.4640443
0.45653692
0.45770717
0.43200317
0.42583668
0.42298463
0.44355083
0.49292406
0.48772287
0.48889273
0.46344897
0.48260316
0.5219538
0.51484364
0.545173
0.5644751
0.5586604
0.6006651
0.6130432
0.62007064
0.60318285
0.6224925
0.6111702
0.585099
0.5509892
0.5402142
0.5698544
0.56108814
0.5895649
0.5647019
0.56975067
0.5773382
0.59786314
0.60425156
0.5806347
0.60397106
0.59741265
0.58207947
0.5831738
0.5904534
0.5775583
0.5842137
0.5760545
0.5865188
0.57647777
0.56641275
0.5605073
0.5257322
0.5211142
0.53165823
0.5455034
0.54171026
0.5442936
0.5718277
0.5632156
0.56691813
0.5590939
0.5597461
0.5538423
0.5714956
0.5560294
0.5382652
0.5335832
0.5392937
0.5571943
0.5507337
0.5494589
0.5419848
0.4947771
0.5488037
0.6104622
0.58588207
0.5652353
0.57407254
0.5459962
0.53221536
0.4668019
0.47918043
0.5236205
0.49050432
0.42568314
0.36298263
0.39789158
0.49791858
0.50655526
0.52148235
0.54796934
0.5508073
0.5705964
0.5629929
0.5533524
0.5351891
0.52566093
0.53073084
0.5190054
0.5013688
0.47557086
0.4525684
0.4327974
0.42098102
0.43159077
0.44501713
0.4629955
0.4944365
0.48652992
0.50103885
0.4914552
0.4738149
0.4831073
0.48930964
0.49494
0.5166655
0.5129451
0.5326795
0.51235425
0.53077
0.51399696
0.49721438
0.5005595
0.5130525
0.49565044
0.53883624
0.52675426
0.5329891
0.5353777
0.52590805
0.5287638
0.5150504
0.5264349
0.521513
0.52876437
0.540554
0.5356152
0.5710154
0.56717485
0.58197117
0.6126568
0.607914
0.61093277
0.59625363
0.58969873
0.5965726
0.6054387
0.6003964
0.55585593
0.56975186
0.5878437
0.56752783
0.5826455
0.5858247
0.5774264
0.5759286
0.56224084
0.5428871
0.5200746
0.5233086
0.52526474
0.5253412
0.546315
0.5160794
0.5254281
0.49460185
0.5049844
0.49423608
0.49774894
0.4960727
0.50456166
0.5117621
0.5060449
0.513453
0.52285206
0.5292836
0.51633877
0.5170176
0.5212908
0.5167125
0.51432395
0.51793754
0.5346085
0.54675585
0.5575984
0.5762692
0.5521839
0.5566165
0.54948545
0.5872287
0.56875104
0.55382603
0.5712804
0.5919074
0.5752381
0.59503615
0.60127217
0.5981932
0.60229933
0.6002526
0.6028443
0.5810574
0.57092357
0.58482254
0.5789826
0.57965827
0.59727645
0.58326226
0.57921
0.58406407
0.5857669
0.5934056
0.6059861
0.5967052
0.57733953
0.589177
0.57711786
0.5748247
0.53875655
0.537233
0.5407283
0.5363564
0.51719004
0.5217831
0.5206222
0.502488
0.44275087
0.4415603
0.4051853
0.41717932
0.40572587
0.43154973
0.42149162
0.44079936
0.44264433
0.44232544
0.45257977
0.47223327
0.45656422
0.4573453
0.47102517
0.45194283
0.46912813
0.47816405
0.46133006
0.46517676
0.46205553
0.46210125
0.47220105
0.47100675
0.4827253
0.512481
0.4914234
0.48962396
0.48360118
0.51139957
0.52727544
0.5373776
0.5243382
0.54201365
0.5326446
0.5361684
0.5219538
0.53354305
0.5298654
0.54986906
0.54359174
0.5542711
0.54633856
0.54158705
0.56032795
0.5528508
0.557806
0.5600184
0.54740083
0.5428205
0.5443728
0.54578567
0.5346014
0.5326525
0.5026101
0.4971273
0.49859247
0.52416325
0.53520703
0.5426168
0.55219483
0.5556217
0.5560061
0.56657946
0.5793949
0.5628906
0.56255174
0.5677736
0.55919695
0.54853547
0.530553
0.55199045
0.55487084
0.5526321
0.5647404
0.5656992
0.567125
0.54932785
0.540109
0.55024517
0.5353572
0.53288853
0.51976067
0.5371421
0.5179707
0.5032634
0.48217165
0.49711475
0.50658894
0.48589212
0.5118348
0.5194091
0.5299033
0.55612075
0.5672492
0.569765
0.5620193
0.56333995
0.55700886
0.5735389
0.574901
0.5605454
0.5316186
0.46597663
0.4622195
0.47101596
0.5142117
0.5292994
0.52139086
0.54910237
0.5370812
0.52632934
0.54410386
0.5716762
0.6010469
0.55231714
0.53286076
0.5169567
0.5329044
0.5512203
0.54603136
0.5079137
0.4931599
0.5095818
0.51499796
0.50426954
0.50245774
0.49625036
0.49157047
0.49870834
0.49401236
0.5150954
0.50934595
0.52220255
0.5086502
0.48389882
0.45911688
0.4606267
0.47268003
0.46749932
0.4829726
0.4655407
0.46708333
0.45982277
0.4417537
0.5087516
0.47815773
0.43383917
0.48325902
0.5016394
0.5319127
0.5219971
0.53379935
0.5404962
0.5411198
0.53480864
0.5543695
0.57048285
0.5818963
0.5887667
0.58354074
0.5660706
0.5456966
0.60069346
0.5853836
0.62146544
0.6280411
0.6050811
0.6547654
0.5558456
0.5625871
0.56703633
0.55445653
0.5673231
0.5633263
0.5638084
0.5645191
0.5565231
0.55954385
0.5635124
0.5846413
0.57151955
0.51021796
0.50796884
0.4929536
0.40077233
0.45866135
0.4347026
0.44152346
0.4499771
0.47221342
0.4425346
0.42828894
0.455118
0.44626302
0.4217442
0.40122592
0.42318928
0.4152569
0.42972547
0.4614301
0.48361382
0.46203274
0.46595803
0.49956018
0.48503584
0.5042649
0.53419757
0.55414724
0.53801864
0.49419886
0.51278836
0.5153396
0.537199
0.540828
0.5206946
0.53233105
0.5184202
0.49283984
0.4938701
0.5221305
0.5192238
0.5365114
0.5407758
0.5124197
0.5219688
0.5151242
0.5236696
0.51118666
0.4968772
0.4992021
0.50889665
0.5136142
0.49153307
0.47908512
0.4866519
0.50927126
0.49981964
0.49424642
0.5324315
0.56471896
0.5503934
0.56763136
0.59432167
0.5952542
0.5821906
0.56575966
0.5910052
0.56948924
0.56743324
0.5444154
0.5239984
0.60882497
0.64024025
0.6488755
0.63982075
0.62642545
0.6336018
0.6449025
0.6408825
0.66310203
0.6088365
0.6007796
0.5841465
0.5908158
0.5765074
0.575019
0.59823585
0.58741796
0.57481265
0.60064685
0.5944636
0.6080217
0.6471633
0.61793065
0.62372774
0.6271035
0.6400185
0.6488439
0.6476793
0.65180504
0.6466394
0.62160754
0.62769437
0.62369585
0.5785948
0.5777158
0.58057934
0.60377055
0.60240227
0.5950618
0.5943297
0.58470595
0.5699884
0.56786686
0.5584549
0.58298206
0.57142824
0.57989496
0.56005687
0.5419036
0.5492072
0.53703713
0.5472976
0.5535778
0.5499096
0.50647116
0.4926339
0.52152413
0.52371883
0.53004134
0.52681416
0.544054
0.603163
0.5918339
0.53012747
0.5099921
0.5129324
0.563506
0.5591111
0.5563036
0.58099645
0.57643443
0.57033354
0.5760031
0.5622023
0.56341594
0.5557869
0.5525067
0.58294284
0.6065334
0.5965297
0.5845685
0.58309466
0.59838974
0.5979247
0.58741623
0.5786244
0.5901183
0.59771216
0.5903251
0.5768858
0.55465513
0.53038156
0.5293974
0.5189471
0.50735056
0.51287633
0.51378953
0.5040559
0.50463927
0.5118473
0.5121315
0.49951544
0.49441257
0.49376228
0.49659696
0.50488
0.5470189
0.5847574
0.5673003
0.5488208
0.5506019
0.54582876
0.5507473
0.54519933
0.54434454
0.5532463
0.5566738
0.56507295
0.5526921
0.56278664
0.55853283
0.5489038
0.57602113
0.5738035
0.5909628
0.60126185
0.5934938
0.58722
0.5649215
0.56106436
0.56224656
0.5855066
0.5771259
0.5887389
0.58804893
0.59506327
0.5728322
0.5522484
0.5476686
0.53132915
0.54756886
0.54624397
0.551283
0.555861
0.5538105
0.51064426
0.5442386
0.53971404
0.590267
0.5796557
0.57009614
0.5623416
0.5734261
0.57921183
0.5492919
0.51816374
0.511408
0.49738938
0.44870564
0.43246895
0.40651277
0.37425894
0.35907918
0.42667252
0.4359857
0.43599793
0.43398845
0.44787526
0.48636195
0.52071714
0.54595023
0.51776075
0.4924556
0.4832066
0.50922245
0.45763803
0.47064003
0.48878318
0.54321766
0.5630847
0.56895596
0.54989684
0.5507236
0.55538696
0.55220926
0.5439037
0.5637828
0.571142
0.57058936
0.55941004
0.56994635
0.5843108
0.53777516
0.52722883
0.50361854
0.49314985
0.52810496
0.540193
0.5680974
0.56398153
0.5489266
0.5802129
0.5692737
0.57411975
0.58388114
0.5883492
0.5920235
0.59378785
0.596553
0.5816987
0.58862877
0.5738219
0.56323135
0.5547189
0.5842693
0.6069831
0.6159018
0.6123991
0.5998118
0.6045164
0.5995417
0.5943839
0.5752126
0.5501523
0.54451126
0.54005015
0.5385244
0.53218114
0.5375479
0.5523291
0.54268885
0.5599592
0.57018095
0.54342544
0.5402094
0.5300646
0.53822064
0.53325665
0.55016905
0.5671002
0.57083106
0.57442653
0.5893455
0.57810116
0.5761145
0.5782822
0.5433222
0.57797825
0.55673105
0.5431716
0.5384944
0.5270396
0.5333007
0.5290528
0.52686715
0.52645636
0.5248794
0.5296984
0.5303031
0.5222104
0.52059805
0.52412677
0.540337
0.54581344
0.5698276
0.5703243
0.56035644
0.58110934
0.5806693
0.58646905
0.56318265
0.602147
0.61224097
0.5831195
0.5630666
0.5552855
0.5532141
0.5475502
0.5480332
0.5390088
0.5479786
0.5725733
0.58583343
0.6046309
0.59323335
0.59791577
0.58011806
0.5797986
0.58895123
0.57787347
0.5907281
0.5935837
0.5736119
0.5749019
0.5708361
0.56334686
0.54626036
0.53978014
0.53100234
0.52754265
0.5289362
0.48526755
0.47618416
0.5024411
0.51708984
0.4905868
0.48314056
0.4513769
0.46522543
0.47881907
0.50035346
0.5155286
0.5226662
0.54824907
0.54011947
0.5331066
0.5349569
0.54046714
0.5289604
0.5502178
0.5344633
0.51907086
0.48286054
0.502209
0.51344097
0.5062312
0.52617896
0.52882236
0.52262896
0.5057899
0.49882355
0.5065466
0.5336773
0.5074184
0.5219111
0.530147
0.51893955
0.54943603
0.5448322
0.5747981
0.56663424
0.55537224
0.57746905
0.58007234
0.5595259
0.5444291
0.53422254
0.540175
0.5304392
0.53681844
0.53788155
0.5354095
0.5486234
0.53452414
0.586717
0.6155566
0.65138996
0.65285194
0.65668106
0.64032304
0.6235082
0.63386905
0.67141306
0.6945932
0.67916644
0.68312746
0.6682962
0.6542836
0.59561867
0.58246064
0.5621037
0.58029014
0.554836
0.55029
0.5229327
0.5277991
0.5364469
0.55058134
0.54979664
0.5773717
0.56609225
0.571868
0.5628814
0.54067403
0.5412451
0.54842615
0.5577349
0.5714735
0.5755328
0.5702999
0.5750735
0.58026296
0.5805109
0.58317494
0.5824
0.579349
0.5713024
0.5829635
0.5592848
0.49890012
0.45355225
