1
0.7910419
0.79583377
0.7964471
0.79101753
0.785934
0.7836745
0.78153074
0.7902023
0.78904355
0.7913875
0.7916626
0.7942066
0.7940693
0.77810496
0.7541019
0.7419652
0.70474917
0.6953311
0.68437886
0.6708374
0.6659443
0.6696036
0.6675179
0.65742284
0.6571622
0.64674824
0.6295015
0.6279337
0.6327182
0.6357911
0.6233942
0.6246381
0.6203403
0.6237502
0.61391056
0.6269238
0.6379331
0.6506639
0.6581174
0.68463236
0.6689869
0.70173836
0.7002868
0.69692284
0.6956666
0.7197668
0.707439
0.72584623
0.74854743
0.7542297
0.76009595
0.7487817
0.7766201
0.7702648
0.7520549
0.7607729
0.7608199
0.76561755
0.7365657
0.7211562
0.73086685
0.725209
0.6780437
0.64265686
0.6328822
0.6328336
0.6223084
0.64935946
0.64559835
0.6534982
0.6441255
0.62894183
0.601551
0.5971768
0.5752895
0.5636975
0.56942314
0.5841866
0.5847131
0.591327
0.5875589
0.5771765
0.589193
0.58104914
0.62196916
0.61133784
0.6366309
0.6444529
0.64487374
0.63662165
0.6463647
0.67074025
0.6732016
0.69778067
0.66780937
0.6531984
0.6447015
0.68606776
0.68052995
0.6708796
0.6657971
0.64301693
0.6502896
0.65477157
0.6606852
0.6672734
0.66390467
0.66467077
0.64891976
0.6739291
0.66376793
0.64574474
0.59144366
0.58617985
0.62926733
0.6245426
0.6096119
0.59395814
0.62199646
0.5897008
0.597095
0.644359
0.6343266
0.65048176
0.6788783
0.69267297
0.67721933
0.68193567
0.63745487
0.62483084
0.64470655
0.63113487
0.5913906
0.6161392
0.6016481
0.6169465
0.6293724
0.6376915
0.64357513
0.6723194
0.68036914
0.6728032
0.6781759
0.68138206
0.6798282
0.6713438
0.65524536
0.66494745
0.6623322
0.65887445
0.6450967
0.6363818
0.63114977
0.66985875
0.6858096
0.67817634
0.6793423
0.69126666
0.69434506
0.68790716
0.68619245
0.6861197
0.6861394
0.69576776
0.70570594
0.6888468
0.6741949
0.6837165
0.6847555
0.6992557
0.67776483
0.6592262
0.64065015
0.6358419
0.617837
0.5936425
0.5889085
0.62420803
0.64108443
0.62634903
0.61874163
0.5799395
0.58961904
0.5564598
0.57707876
0.5790773
0.5564234
0.5555432
0.5693149
0.5901288
0.6049868
0.6169399
0.6194314
0.6258601
0.6324193
0.6227542
0.59377074
0.5931563
0.56645036
0.5409867
0.53521246
0.5280607
0.5397908
0.54794025
0.5946032
0.60995793
0.5824491
0.58191097
0.59403247
0.59690326
0.58770263
0.5948488
0.6079848
0.59349966
0.5990106
0.6067703
0.6104097
0.5937199
0.6129191
0.62247896
0.6303202
0.63172513
0.63989264
0.63703346
0.63316464
0.63024074
0.6054588
0.5885672
0.59650046
0.60809785
0.60464597
0.57764757
0.6000978
0.6038856
0.6147399
0.60473
0.61352825
0.6248205
0.63621676
0.6248842
0.6510905
0.65608436
0.6670882
0.6485323
0.6601266
0.6514391
0.65089643
0.6452444
0.62678224
0.6285309
0.65298367
0.6583377
0.6533257
0.6574044
0.65285593
0.6513878
0.65104645
0.63565683
0.603621
0.6038012
0.6070268
0.6157645
0.62002486
0.6322754
0.6624001
0.692715
0.7057222
0.70542836
0.69262254
0.6701665
0.68048954
0.69334966
0.68081766
0.68844146
0.7005344
0.679981
0.69572955
0.69565547
0.69823617
0.69658804
0.6886175
0.6836166
0.68349993
0.6838349
0.68238693
0.6887674
0.70798874
0.72103846
0.7127417
0.7053772
0.7015305
0.6961112
0.6930042
0.68523586
0.67053896
0.68880326
0.69474
0.7109678
0.7058592
0.7075645
0.6996461
0.69119394
0.695143
0.6946371
0.68162876
0.67621785
0.69534254
0.6850018
0.6829338
0.65874416
0.647689
0.64072454
0.65804756
0.6673328
0.66860354
0.6573211
0.66639197
0.6772561
0.66707754
0.6564999
0.66620684
0.66539556
0.6537698
0.6594714
0.68487096
0.6878801
0.6671376
0.66309845
0.6787108
0.684696
0.675805
0.6885541
0.6878746
0.68833184
0.66309226
0.668286
0.6385377
0.6332467
0.62617195
0.61954206
0.6170617
0.61822546
0.60075545
0.62776244
0.6193428
0.6277709
0.6228479
0.616801
0.605835
0.5960335
0.60479426
0.62481004
0.61122274
0.59721446
0.611889
0.60185057
0.6076302
0.6163878
0.6343719
0.620602
0.6251793
0.64458054
0.66700226
0.64944667
0.65278643
0.65490484
0.6659575
0.6289377
0.6384495
0.64229965
0.63627476
0.6270036
0.61526847
0.58385956
0.58425885
0.61636454
0.58309996
0.58506095
0.5857646
0.6163269
0.6408195
0.63611656
0.6371128
0.6377818
0.62605435
0.62044096
0.6434981
0.63827854
0.6396855
0.6503757
0.65779066
0.674759
0.67465425
0.6697547
0.65014434
0.6532604
0.6520982
0.6632243
0.6726357
0.6797223
0.6677299
0.6758616
0.67283964
0.6598316
0.6647882
0.6644339
0.66152036
0.65136224
0.65152806
0.6558979
0.66203386
0.6689762
0.6684695
0.692135
0.6840717
0.68686485
0.68076426
0.6812554
0.68182594
0.68512666
0.6774594
0.6844656
0.6457711
0.6433758
0.626924
0.6180443
0.63365436
0.6306622
0.6662433
0.655736
0.66480756
0.7039187
0.6940413
0.6676221
0.6433622
0.66849643
0.67216086
0.6730771
0.6680284
0.6920174
0.68169063
0.68051773
0.681678
0.68573076
0.670666
0.68465215
0.6592309
0.67612404
0.67962366
0.68944484
0.6622728
0.6847102
0.6809781
0.712211
0.6972501
0.6879888
0.67938864
0.6658173
0.64701456
0.62658465
0.61972994
0.609608
0.62723005
0.63954896
0.6481333
0.6279172
0.61391544
0.61658627
0.6062527
0.57324713
0.5849637
0.6074976
0.6097483
0.60692996
0.5853087
0.593297
0.60414904
0.58717114
0.6236211
0.62387484
0.6360058
0.6252262
0.60463774
0.6161892
0.61882
0.6139357
0.61293596
0.60100424
0.6058876
0.6067097
0.6004064
0.6216928
0.6198921
0.63277745
0.61463696
0.6276408
0.6242732
0.6150592
0.6132518
0.6049234
0.6166478
0.6406867
0.6364763
0.65164137
0.64083076
0.6472107
0.6375096
0.61884135
0.6090671
0.6147738
0.62760425
0.6132237
0.6245735
0.61090547
0.6262397
0.65859884
0.6439574
0.64174825
0.62889147
0.63584155
0.65695685
0.6738133
0.640859
0.6380447
0.6607104
0.65730345
0.65370595
0.63878685
0.6526364
0.6454952
0.6702411
0.664733
0.67920744
0.66779166
0.61605346
0.6273626
0.63068664
0.66373456
0.6447135
0.6417431
0.63485664
0.6539584
0.6182048
0.6156136
0.62596947
0.61262876
0.6135827
0.6133786
0.6091239
0.61701775
0.619155
0.62011683
0.61660165
0.62933767
0.6213269
0.61833787
0.64016116
0.64566654
0.6417435
0.5825649
0.58323455
0.5849263
0.5910052
0.6198883
0.59087586
0.60245395
0.6324245
0.6050566
0.60185033
0.6165682
0.62321126
0.62284464
0.6251316
0.6442579
0.6295791
0.631418
0.62631583
0.6127252
0.61982787
0.5860902
0.58657736
0.56514376
0.5574727
0.56153977
0.5636145
0.571849
0.5784914
0.5877605
0.60188967
0.61186004
0.6195557
0.6302046
0.63259315
0.6299355
0.65821445
0.65282315
0.65380704
0.666656
0.6662296
0.658414
0.64609164
0.64494306
0.6292652
0.63537306
0.62307984
0.6302075
0.63498825
0.6330137
0.63753533
0.6112764
0.6415127
0.6098681
0.5894261
0.6106606
0.6179777
0.60594344
0.624784
0.6506109
0.66560256
0.66769886
0.65021074
0.64322215
0.6289953
0.6115293
0.5867254
0.56684935
0.57410496
0.571763
0.5653076
0.57432383
0.5820542
0.52760124
0.51436263
0.5719835
0.57405335
0.57335836
0.58135504
0.5524289
0.5615835
0.5729594
0.5415189
0.5377097
0.49044067
0.52599597
0.5324217
0.57827544
0.59497136
0.6226983
0.6490818
0.66285753
0.6108754
0.588288
0.55521804
0.52931815
0.5107312
0.5046388
0.52508706
0.5029207
0.5163259
0.49367562
0.5419104
0.5218894
0.51058406
0.5120529
0.5243425
0.53091043
0.575432
0.5372796
0.54423237
0.5907845
0.5363762
0.5310184
0.5489731
0.5172506
0.5099898
0.47064447
0.46512595
0.44805083
0.48563704
0.48477063
0.4919508
0.51413614
0.5189351
0.5030231
0.4927606
0.46406353
0.45752886
0.48382187
0.48192737
0.4671903
0.48137462
0.47115904
0.5057113
0.5022795
0.5209542
0.5580092
0.55869216
0.56327367
0.58848614
0.59759396
0.5889471
0.61587846
0.60677797
0.5912481
0.56452084
0.5765836
0.5630337
0.55862474
0.57556653
0.5667376
0.5546647
0.5202128
0.5411707
0.5104047
0.49043804
0.47971168
0.49882007
0.53893363
0.51898783
0.5260546
0.549963
0.56607985
0.58824146
0.59406793
0.6320051
0.6530557
0.6409561
0.5979462
0.59348714
0.5847408
0.566897
0.5519331
0.54567236
0.5727498
0.5776422
0.57814443
0.5972355
0.6211577
0.62318015
0.6369178
0.6162385
0.61359155
0.609929
0.6003231
0.6071317
0.5820913
0.5916216
0.5669139
0.5923674
0.6040049
0.59413904
0.5922722
0.5917929
0.588273
0.5799133
0.5563966
0.55022347
0.52860147
0.5163519
0.52950907
0.521377
0.5411336
0.50284946
0.510644
0.50407195
0.54265344
0.54454577
0.5675538
0.60625523
0.60022914
0.6006479
0.6415967
0.6525344
0.6268743
0.6311285
0.62951326
0.607654
0.6032615
0.6022459
0.57509756
0.59850127
0.5751769
0.59727657
0.64786065
0.6036502
0.62815624
0.57897705
0.5532018
0.55681914
0.55210793
0.54725707
0.5635912
0.60204035
0.5713719
0.598193
0.58780354
0.58098954
0.57238215
0.58594376
0.5993961
0.58286697
0.55937576
0.566153
0.56798047
0.5807845
0.5924556
0.60860306
0.61480385
0.58107024
0.6092096
0.59720206
0.61415046
0.63057905
0.64225316
0.64445895
0.64209753
0.6519329
0.64399093
0.6454039
0.63866144
0.6307544
0.6010212
0.5895731
0.58913034
0.5895694
0.57832015
0.5634113
0.5745983
0.5913027
0.5945127
0.59035724
0.6175147
0.6027411
0.59783113
0.5583327
0.5769767
0.5130887
0.5341877
0.55134463
0.51958275
0.5155521
0.52063805
0.49143472
0.5294418
0.5088068
0.4983243
0.48757866
0.5024919
0.5211055
0.49050102
0.49248785
0.4858432
0.53176373
0.51536757
0.4969978
0.49871638
0.4814145
0.5001012
0.48652878
0.50338835
0.49414265
0.45891666
0.48791212
0.51547605
0.57428545
0.6129667
0.72422236
0.7349502
0.7582201
0.7547516
0.75249875
0.7490926
0.74882394
0.74058825
0.7443191
0.7491771
0.74563766
0.7171295
0.70475703
0.68403876
0.6954701
0.70802575
0.7148932
0.7154301
0.70624334
0.68045366
0.7022596
0.701364
0.704961
0.67814356
0.6814442
0.67952925
0.6847334
0.6986668
0.69241434
0.69687366
0.69840854
0.6796312
0.65679944
0.6687835
0.67676115
0.6673733
0.6667276
0.6704401
0.66958195
0.6858569
0.6694484
0.6631502
0.6621615
0.6663166
0.67745644
0.6890565
0.6825216
0.71234363
0.7259948
0.73781466
0.71600616
0.71967965
0.7213026
0.7184783
0.7320151
0.7347271
0.7447989
0.73964596
0.7418701
0.7454261
0.7321564
0.7379342
0.7383084
0.7592978
0.7481469
0.74316305
0.75099605
0.7386269
0.74712825
0.7412728
0.74093634
0.72686917
0.73503125
0.7517506
0.7715297
0.7671334
0.7686281
0.76645374
0.75033534
0.7259341
0.7170276
0.70732623
0.6983187
0.6955775
0.6949413
0.6947768
0.6854656
0.6921855
0.67629915
0.67048156
0.64971787
0.63178086
0.6360587
0.63830745
0.63255316
0.63607484
0.6222015
0.60528463
0.6153036
0.6212351
0.62735885
0.62641937
0.6317929
0.6248503
0.62441224
0.6432548
0.63105786
0.62519056
0.6220267
0.63740164
0.6448404
0.64846253
0.63504857
0.648879
0.64794034
0.64922076
0.6450453
0.6500665
0.6239972
0.6450439
0.6381668
0.63560516
0.6533365
0.6600628
0.6693732
0.67026675
0.6686379
0.6780812
0.6878441
0.66703475
0.69029635
0.6707581
0.6728427
0.67399544
0.6725318
0.6541127
0.6570413
0.6419995
0.65524805
0.6635053
0.6559467
0.63013446
0.636936
0.6366648
0.639346
0.64184684
0.64503896
0.6493412
0.6600957
0.6490987
0.6461679
0.6312184
0.6360904
0.6307656
0.6138203
0.6023464
0.59431505
0.5994421
0.6150036
0.6337045
0.615336
0.6108543
0.616847
0.63802207
0.6519039
0.6508358
0.65100336
0.6165441
0.6193368
0.6311194
0.6225479
0.61882454
0.61756337
0.6050631
0.59238136
0.56482786
0.5654555
0.57614404
0.60030115
0.60913557
0.6244062
0.6082577
0.6049845
0.6082011
0.62199473
0.5675555
0.5800803
0.5676234
0.5856877
0.59320384
0.5985501
0.6006338
0.59989434
0.5912786
0.6064896
0.5991718
0.58038414
0.55687326
0.54413605
0.5397194
0.54764724
0.5610294
0.5668594
0.5532673
0.5558854
0.56253165
0.5472704
0.5498453
0.54138273
0.5732676
0.5729029
0.56740123
0.5904876
0.58499163
0.5961204
0.6038496
0.5972924
0.6186975
0.58995074
0.5975251
0.6060303
0.578229
0.5759387
0.5700315
0.5917601
0.59852165
0.5957079
0.61354864
0.6331718
0.62400466
0.6109483
0.6284138
0.61788267
0.5867043
0.5981346
0.59543383
0.5711857
0.5557711
0.56704044
0.5605189
0.56924313
0.5719819
0.5628888
0.5539508
0.56230986
0.59945333
0.59507567
0.59465265
0.60976386
0.56969017
0.56421083
0.5967015
0.600642
0.58576804
0.58720714
0.5896592
0.57629865
0.57757556
0.5776666
0.5779441
0.5741505
0.56229526
0.5593812
0.5626567
0.5497674
0.54664123
0.5102923
0.5219325
0.53164077
0.5007173
0.5125174
0.52798396
0.51894784
0.5210045
0.53124076
0.5069847
0.5151971
0.50729495
0.51006013
0.47980607
0.4885134
0.53170204
0.53389245
0.50281435
0.5058895
0.48333243
0.46888554
0.46715003
0.49399582
0.46621928
0.4099932
0.43399987
0.4178688
0.45607916
0.47266895
0.5137409
0.55539817
0.56872773
0.5807518
0.61050874
0.62091756
0.6297503
0.6698664
0.66781056
0.6452419
0.5807036
0.599588
0.62292284
0.66072816
0.6662381
0.6685924
0.6512025
0.60649204
0.6186952
0.62196773
0.61561894
0.61810046
0.61902505
0.59712434
0.6161366
0.5943169
0.6320103
0.59748244
0.5975713
0.6180752
0.5801235
0.59374803
0.57618886
0.5894326
0.5769554
0.574215
0.5759906
0.5677976
0.57961
0.5738848
0.56156486
0.5900799
0.57995456
0.5875107
0.55686796
0.5712848
0.56465596
0.5720825
0.56710213
0.5740053
0.57807577
0.57048774
0.55275214
0.5402968
0.5560784
0.5316132
0.5343994
0.5325511
0.52933735
0.5694948
0.53496027
0.54251033
0.5504323
0.5657108
0.5561961
0.5561118
0.5715033
0.5654287
0.56331474
0.57173073
0.55821997
0.5942795
0.5865329
0.5700181
0.56844646
0.58166856
0.55414516
0.5461605
0.54392654
0.5708059
0.5729107
0.56910527
0.5379471
0.5506933
0.5292827
0.53872573
0.5469183
0.5562535
0.56019986
0.55646896
0.570634
0.5746354
0.561416
0.52313834
0.5182807
0.5488852
0.5096514
0.54260015
0.5578487
0.5483641
0.56622356
0.55075115
0.54527515
0.57340735
0.54369134
0.5840904
0.59776735
0.607669
0.6300779
0.5832478
0.5797503
0.50408447
0.5214825
0.51764584
0.4995104
0.51362556
0.51548505
0.5253783
0.530507
0.50633687
0.5032921
0.52465
0.49950707
0.5035942
0.49675605
0.45103297
0.5144071
0.54256266
0.56657165
0.5475542
0.55622816
0.5622564
0.58128667
0.5634141
0.56912094
0.56727237
0.56835157
0.559199
0.58344394
0.577239
0.57349056
0.56447226
0.63578194
0.63745016
0.63206
0.6579922
0.6230781
0.6165201
0.6280526
0.62604576
0.61558723
0.6036218
0.6121429
0.61458665
0.6134855
0.61372507
0.6348125
0.5828125
0.58151156
0.58007026
0.58409274
0.56428456
0.53959423
0.5462925
0.53543305
0.5482608
0.5655516
0.55670553
0.56430167
0.5284896
0.57884187
0.5591602
0.55347276
0.5132667
0.5282672
0.5714962
0.5794577
0.57282877
0.574329
0.59416634
0.56913525
0.5437907
0.56492424
0.54987866
0.5604346
0.54106987
0.53770125
0.5569009
0.57826525
0.51888645
0.5312337
0.538592
0.5300242
0.52995646
0.55806094
0.5682777
0.5823205
0.5795704
0.5572741
0.6003383
0.592256
0.5343747
0.50954986
0.52445364
0.54064214
0.5437127
0.4906899
0.485112
0.46360585
0.47789475
0.48682246
0.49396864
0.5218706
0.4998818
0.51587886
0.5483884
0.55610263
0.5609306
0.55484354
0.53756434
0.54379874
0.54000795
0.5722934
0.55987304
0.56581485
0.5423041
0.55930257
0.5619394
0.5999235
0.5967874
0.5921367
0.59346914
0.6367475
0.63013875
0.620146
0.6498227
0.6389558
0.61593926
0.6172317
0.62366897
0.617552
0.6127567
0.63581216
0.6329863
0.64169014
0.63806456
0.6546705
0.646158
0.6521837
0.6539018
0.6469311
0.62332594
0.5976316
0.5546687
0.5559696
0.5952092
0.577341
0.5712965
0.49822327
0.5060188
0.5045728
0.52240396
0.5056342
0.5214447
0.49446902
0.5124779
0.47558072
0.4786105
0.4905675
0.49021932
0.49648035
0.4777505
0.4675801
0.47257173
0.4707688
0.4774579
