1
0.6421858
0.6297442
0.62707233
0.6198745
0.60855776
0.6090549
0.604409
0.6131813
0.61626714
0.6111066
0.6122267
0.62068987
0.60661376
0.6077659
0.61932325
0.6150985
0.6177934
0.62891614
0.6198083
0.62990886
0.64011306
0.6266333
0.6350911
0.64505386
0.6170978
0.62844414
0.61977696
0.6245179
0.6102311
0.63168955
0.6012089
0.6160555
0.61569494
0.6120713
0.59490496
0.6113758
0.6076355
0.59539634
0.5963715
0.5918142
0.5922315
0.56168044
0.5649609
0.564587
0.547672
0.51871467
0.50155485
0.5130017
0.5088278
0.5168286
0.5457017
0.5344672
0.5369019
0.5165031
0.52516747
0.5421599
0.5115842
0.5143593
0.49444512
0.5082288
0.50482976
0.49712178
0.5271901
0.5220584
0.5492501
0.56019235
0.56981015
0.5794993
0.5750658
0.59563524
0.59962237
0.6072665
0.6172705
0.63943195
0.64416987
0.62341046
0.6248204
0.6269071
0.6013186
0.60428435
0.60599273
0.5921896
0.5986129
0.6056882
0.609146
0.6218896
0.64377147
0.64419466
0.6561098
0.65363234
0.641167
0.6491309
0.6525996
0.64067507
0.64922714
0.6438727
0.64706886
0.6475527
0.65249664
0.6460066
0.6514957
0.6603525
0.6459075
0.670947
0.6675346
0.6566064
0.6572001
0.6495735
0.6366012
0.6571704
0.62582767
0.6468833
0.63737327
0.630017
0.6356888
0.6357333
0.6439526
0.61612964
0.62072194
0.60889405
0.6051211
0.62492406
0.58784115
0.60510284
0.63622725
0.63379794
0.6385374
0.6246656
0.6227433
0.6284117
0.6153735
0.6121091
0.6385013
0.6140906
0.60109305
0.62732846
0.62395614
0.61821663
0.6120976
0.63470626
0.6161103
0.6112518
0.6106322
0.6081879
0.5948054
0.622553
0.60979146
0.5954003
0.6084089
0.59772784
0.6082359
0.6266816
0.6050741
0.60225
0.6203048
0.6042819
0.6027617
0.6125634
0.61341804
0.6239428
0.5960832
0.6009178
0.60790366
0.60837704
0.5827191
0.60532224
0.6038398
0.5937458
0.5969956
0.5851405
0.5846265
0.5923512
0.5853708
0.58167887
0.58215404
0.5594834
0.52967745
0.5047904
0.5127502
0.5085061
0.5061887
0.521735
0.45516917
0.48537946
0.5101155
0.47535458
0.4643251
0.46658283
0.45886737
0.46069843
0.46114194
0.45971173
0.49244332
0.48244354
0.47306857
0.51139694
0.5268945
0.56767845
0.518227
0.5828733
0.5787054
0.5518516
0.54639584
0.54797894
0.5282691
0.5626327
0.5267521
0.49144876
0.49342936
0.5026111
0.46692607
0.5107293
0.4774301
0.48747146
0.50706357
0.47485963
0.47581223
0.5062322
0.4897165
0.51693946
0.4928354
0.4856792
0.50044787
0.5286388
0.5249127
0.5204308
0.5255424
0.54242855
0.51749337
0.54660124
0.5537046
0.49119353
0.5172206
0.49064326
0.5312686
0.51562965
0.54135907
0.5480548
0.54527014
0.55503726
0.5746676
0.5593889
0.5439849
0.5962227
0.5731104
0.56494474
0.54309857
0.5524529
0.51715004
0.51976454
0.5453545
0.5153745
0.53859526
0.53035724
0.5213791
0.5595173
0.5466687
0.57955164
0.5950806
0.59383005
0.5878356
0.5931394
0.5831851
0.570379
0.58664477
0.5920963
0.55038697
0.54988575
0.53654385
0.52088654
0.50326836
0.48544198
0.45936933
0.4679338
0.46740294
0.4750567
0.46574396
0.49215525
0.4771892
0.4910388
0.48781642
0.45228323
0.49809837
0.4942661
0.5026987
0.52064043
0.5214002
0.51177394
0.55478734
0.59716576
0.5652009
0.57071614
0.5940721
0.60497534
0.5925777
0.5952366
0.5807372
0.5933328
0.5702594
0.583435
0.596371
0.58482945
0.5776437
0.60245574
0.5859313
0.58116776
0.5391561
0.5262863
0.57807416
0.5603977
0.5631256
0.5772069
0.58093935
0.5891207
0.59153146
0.5910821
0.61037546
0.60353327
0.6194809
0.6294181
0.6202509
0.62233937
0.60226667
0.5943306
0.5968909
0.59793067
0.58568877
0.582625
0.59224916
0.60054773
0.6103874
0.606936
0.610064
0.6200986
0.5965849
0.6153185
0.59577006
0.5924632
0.5855396
0.60169965
0.5797741
0.5825403
0.5943285
0.5806843
0.59009594
0.5742733
0.5766366
0.579957
0.5632567
0.5502567
0.57598096
0.5488462
0.56058216
0.5829399
0.5793877
0.5633076
0.5618107
0.5589482
0.5681085
0.58157533
0.5619207
0.5488549
0.53881913
0.5284522
0.5172536
0.5017192
0.5274056
0.5066468
0.5233666
0.5364573
0.5379086
0.53114897
0.51910675
0.34577408
0.38701716
0.36523217
0.34648165
0.3565754
0.36377966
0.38895932
0.3546456
0.36509386
0.3715916
0.36822492
0.36763266
0.36995086
0.3738669
0.36196375
0.36503315
0.36231497
0.35728467
0.3521784
0.370945
0.37381577
0.3772564
0.37126318
0.35825613
0.37034187
0.39825696
0.42586902
0.44259986
0.4392226
0.4487374
0.44345695
0.4475062
0.45406464
0.48069686
0.44350636
0.45497602
0.44282576
0.4544358
0.43985692
0.45775428
0.4947433
0.41299358
0.49204418
0.40452296
0.38228256
0.37888828
0.37333587
0.4017965
0.44338754
0.4606954
0.4153127
0.40697685
0.42574704
0.42153373
0.4041462
0.33412075
0.33774003
0.3622508
0.3964597
0.4110596
0.42012128
0.4348369
0.47400904
0.5123666
0.517779
0.49754235
0.5039195
0.5438708
0.54373074
0.54956895
0.54156286
0.55810845
0.55822206
0.5662074
0.58162326
0.53474003
0.5470982
0.62417066
0.6263367
0.6684412
0.66482687
0.62245256
0.66670585
0.6402271
0.63862395
0.65098417
0.65505594
0.63353735
0.6551132
0.68787974
0.6934242
0.67416596
0.71371406
0.6677361
0.63711125
0.6326445
0.6361082
0.6390291
0.6616386
0.6177357
0.6556042
0.62708694
0.63914496
0.6350795
0.6323351
0.6558291
0.65194964
0.64750874
0.66199434
0.6359695
0.6411197
0.5847891
0.64460266
0.5710157
0.580369
0.61202914
0.5657492
0.55993557
0.5787144
0.5845978
0.6006162
0.62425935
0.5807916
0.5450461
0.5346665
0.54836375
0.50030446
0.51764375
0.49692082
0.4809372
0.44867167
0.45553887
0.45317164
0.45462593
0.4636327
0.4507592
0.45965466
0.4655751
0.46739712
0.4730283
0.506209
0.49200326
0.48940697
0.48970586
0.47928512
0.47143978
0.49112242
0.48542362
0.48262137
0.48428687
0.46478418
0.4654985
0.464013
0.4989253
0.4726029
0.4967086
0.46797344
0.44026574
0.47189233
0.43024457
0.43994352
0.43431175
0.41129658
0.4079149
0.42218947
0.35747313
0.35713005
0.37527466
0.37489998
0.391436
0.40190881
0.39075086
0.38974524
0.40704307
0.39182544
0.4173619
0.4302501
0.44235814
0.47019684
0.46919563
0.4655402
0.4999719
0.50525445
0.49905896
0.5371142
0.5147946
0.5315476
0.53805375
0.5380989
0.53716916
0.55415857
0.5523851
0.5646315
0.60416675
0.6171801
0.62548757
0.60773456
0.60788643
0.60892886
0.62724197
0.6147363
0.594462
0.60608274
0.59361374
0.6120592
0.6060304
0.59019434
0.5953246
0.5984005
0.5738033
0.6093498
0.6079629
0.6091796
0.6288567
0.61362183
0.593404
0.60573053
0.5653446
0.58244324
0.5617717
0.5691814
0.57766354
0.56570727
0.56444675
0.5649035
0.53821075
0.52482617
0.5253201
0.53455704
0.48566315
0.49603367
0.485109
0.4492155
0.4262549
0.42294788
0.3812475
0.38299388
0.3727883
0.35788533
0.33753794
0.33616936
0.26396087
0.25131467
0.23172481
0.2293869
0.24177113
0.24137811
0.25128222
0.25602967
0.24462588
0.26196817
0.2851042
0.28287664
0.28963163
0.20920396
0.24985336
0.24434894
0.2647729
0.29055873
0.29948032
0.29704496
0.31677145
0.31120414
0.3039537
0.31322953
0.33274603
0.32420978
0.33148777
0.34283864
0.33629292
0.3368438
0.34109527
0.32715836
0.33438054
0.33952594
0.32474563
0.3289074
0.31452507
0.29421142
0.2942126
0.2951171
0.26078263
0.24711308
0.2576346
0.26610187
0.26666698
0.2565656
0.24623306
0.22982058
0.23420207
0.23866652
0.20714638
0.20643161
0.23932429
0.24113114
0.2504019
0.23603196
0.2746621
0.28259543
0.25011447
0.31825224
0.25178283
0.35681427
0.3301476
0.34254584
0.36458546
0.33968773
0.34378174
0.3628211
0.35738397
0.33817944
0.42392725
0.4111652
0.4253167
0.4284497
0.4130032
0.4357086
0.4336585
0.45951834
0.44788986
0.45878822
0.45576626
0.4502653
0.4889967
0.49741688
0.45061547
0.47813585
0.45336157
0.46199754
0.44716597
0.4125715
0.40845603
0.4085843
0.44693318
0.43665344
0.4255119
0.4267593
0.42130777
0.3887527
0.38487124
0.3851442
0.38767478
0.37126556
0.37719196
0.3895272
0.3756074
0.3683946
0.3408906
0.33747765
0.3459202
0.3279998
0.3341683
0.35174626
0.34214568
0.3459016
0.36003396
0.36052108
0.35986173
0.3526926
0.3465613
0.32345498
0.3375772
0.31102195
0.31497633
0.30167058
0.28641418
0.2934415
0.287684
0.30887517
0.29261893
0.30020145
0.2921812
0.2836647
0.33049357
0.37166166
0.36979434
0.41375154
0.42392334
0.4411772
0.453295
0.46674702
0.41085455
0.45061657
0.43468112
0.42496267
0.4249357
0.42260358
0.4418422
0.439549
0.44990686
0.443465
0.47559285
0.49423897
0.515264
0.58419865
0.6413437
0.6045859
0.59372574
0.5645421
0.610347
0.5957207
0.62296057
0.5759929
0.54042494
0.544033
0.5213657
0.51064336
0.49798948
0.5268776
0.5429879
0.5289629
0.5358062
0.5235002
0.5066008
0.5089746
0.47992632
0.43583184
0.4173071
0.39354247
0.3996813
0.4339677
0.42608774
0.47713786
0.4847794
0.48466817
0.48491618
0.48371354
0.49537277
0.49584505
0.48576164
0.49257505
0.49411297
0.4903847
0.48485816
0.46053195
0.4693742
0.45180002
0.45139027
0.4586928
0.47549182
0.4675797
0.5048589
0.5244798
0.50727373
0.5120645
0.5095705
0.5300881
0.5204046
0.51630706
0.53846496
0.546427
0.5844584
0.6202742
0.62258655
0.6167911
0.6013657
0.58843863
0.5597423
0.5539931
0.53041947
0.5384753
0.5484911
0.59676373
0.60490906
0.60010743
0.57803595
0.5768032
0.56789625
0.55946845
0.54133195
0.5360551
0.5422999
0.5549698
0.5583589
0.56697655
0.5543922
0.57936347
0.60104144
0.6077458
0.6014181
0.5957878
0.61133665
0.6145559
0.6106903
0.60089326
0.5820242
0.5873068
0.56918055
0.5658431
0.5657545
0.5551174
0.54377246
0.5277648
0.5169639
0.49912176
0.5016116
0.4885903
0.4905297
0.49499372
0.49542126
0.48887083
0.51625216
0.5192145
0.50105447
0.5105395
0.5110919
0.5226059
0.49407318
0.4753127
0.4334373
0.43770275
0.43748134
0.44335294
0.47575969
0.52374977
0.5481779
0.5849916
0.5924743
0.56347454
0.5511239
0.5334697
0.5072175
0.5077194
0.51141727
0.5396131
0.5338661
0.5549451
0.5258626
0.5114739
0.50157505
0.46901828
0.4875122
0.50920427
0.4982689
0.513264
0.50109303
0.47312802
0.48883742
0.48795506
0.45798513
0.46262366
0.45403284
0.47439146
0.5003283
0.5039689
0.52438366
0.54213107
0.5316245
0.5386914
0.5570559
0.5591999
0.57034534
0.59368753
0.6007121
0.5983453
0.5847742
0.580164
0.57227117
0.5698268
0.5567829
0.5598024
0.5657508
0.5583183
0.58043736
0.5834818
0.5856697
0.5819057
0.5619252
0.56165653
0.56554735
0.5719213
0.56665426
0.55535764
0.55085915
0.5562447
0.5562125
0.55240655
0.5617052
0.56665957
0.5602062
0.56595266
0.56862366
0.5857457
0.57615244
0.6000832
0.58909
0.58779067
0.57891196
0.56296605
0.5569102
0.55769217
0.5473452
0.5319359
0.5279498
0.51543045
0.50227165
0.5111367
0.5080446
0.50421304
0.53582245
0.52798694
0.51872534
0.5234371
0.5380778
0.5458221
0.5280729
0.5198554
0.53362894
0.51480067
0.5165987
0.5311559
0.53418964
0.5476437
0.496974
0.47774157
0.44800138
0.430511
0.43312353
0.43598723
0.4689921
0.4634879
0.45536932
0.44214642
0.44428355
0.45937932
0.43462425
0.4312794
0.42497876
0.39869595
0.40548417
0.36873418
0.3637754
0.39275753
0.36046326
0.38490748
0.39245918
0.42964807
0.4548352
0.45618448
0.4568287
0.49558237
0.48074844
0.51184267
0.5396682
0.51830614
0.4952717
0.47689217
0.47762713
0.4745596
0.48554212
0.58367825
0.5786106
0.5887349
0.6131749
0.62694055
0.61329025
0.602366
0.5709452
0.5018223
0.45060417
0.41141874
0.39880702
0.40595394
0.39979237
0.3663763
0.38674262
0.38923243
0.3840803
0.3925365
0.41392568
0.44105437
0.44158664
0.45790526
0.5055265
0.481644
0.5080371
0.5145343
0.53338724
0.5558666
0.5710358
0.5767793
0.60567343
0.600397
0.6452696
0.6794723
0.7253555
0.6515282
0.6977621
0.71566963
0.69039077
0.79978615
0.6948591
0.6869029
0.8022016
0.7870046
0.7671893
0.7423841
0.65731585
0.64361817
0.61098003
0.76472497
0.80238056
0.81917053
0.7709
0.7740305
0.74944663
0.75660264
0.822362
0.8356675
0.8228648
0.7907394
0.81934917
0.75569046
0.76269215
0.78130406
0.7252903
0.7168994
0.72303057
0.66575557
0.6881346
0.7249453
0.69087493
0.7033431
0.7512666
0.69038457
0.66134053
0.6021292
0.5642884
0.5259003
0.49473348
0.54913205
0.5856146
0.54002464
0.5587321
0.55339116
0.5461189
0.5947361
0.5928031
0.6287295
0.58198947
0.5780809
0.5417437
0.52752197
0.49846822
0.47219858
0.45714447
0.46728334
0.4469019
0.46169567
0.44265217
0.47715026
0.48652497
0.47438273
0.47107092
0.4709538
0.48967943
0.47423032
0.49036238
0.4996731
0.4758179
0.4792085
0.48940143
0.50626796
0.4998155
0.54426235
0.43704876
0.41755837
0.5037933
0.52001923
0.5210202
0.5323861
0.48799175
0.558106
0.5349816
0.5468288
0.53139883
0.5764946
0.5813198
0.627948
0.642259
0.64631444
0.67410356
0.71052426
0.7020572
0.71896166
0.7018406
0.70367914
0.7235061
0.70577955
0.7089657
0.7492348
0.7193676
0.7306984
0.7499856
0.7596985
0.71129286
0.7501958
0.7310823
0.71425843
0.7472035
0.74505603
0.7235832
0.73994154
0.76705223
0.7084499
0.70275414
0.7042493
0.7457943
0.76370686
0.7654628
0.78600055
0.7747571
0.7339635
0.6467796
0.61052847
0.5921579
0.5427502
0.6402219
0.68582404
0.5149513
0.53667444
0.5939219
0.67748713
0.6853962
0.71253055
0.75279343
0.7053419
0.70623004
0.701553
0.6173349
0.64015806
0.61237866
0.7492713
0.6590438
0.75914335
0.71856236
0.7268812
0.7027206
0.7563025
0.74447054
0.70073724
0.74347967
0.7409389
0.7609146
0.61745965
0.61621255
0.5784189
0.6119514
0.58187544
0.62147427
0.6420038
0.61037165
0.6789628
0.67384374
0.6283438
0.60788417
0.5890443
0.57717997
0.6446103
0.6571336
0.61613685
0.615026
0.52508175
0.51928693
0.46463397
0.48717734
0.46689117
0.5028538
0.47386712
0.48509574
0.48522452
0.5058129
0.5801136
0.55966157
0.5586465
0.5494915
0.5405976
0.5550288
0.54303455
0.53604716
0.5337447
0.5502528
0.5677738
0.565967
0.561772
0.53685296
0.49184826
0.51342344
0.47942847
0.5147525
0.53930736
0.5547419
0.610925
0.6209748
0.64012706
0.6010143
0.6254776
0.6803104
0.5858789
0.633106
0.59156847
0.57679653
0.6145862
0.5429471
0.57341176
0.5723884
0.603607
0.58602387
0.5605803
0.5917296
0.6042131
0.6031695
0.66362643
0.6700365
0.6163249
0.6029205
0.63948435
0.71718395
0.6595234
0.73696303
0.68176
0.66843045
0.74087936
0.67838234
0.69177425
0.687355
0.6644905
0.7054042
0.67146635
0.7033385
0.69046885
0.7168286
0.74170655
0.759814
0.75401634
0.7697372
0.7840273
0.7635414
0.7125076
0.76286465
0.7383536
0.6503584
0.6405608
0.64934707
0.61928046
0.655153
0.59080476
0.61194986
0.5770099
0.5670207
0.5462025
0.52835816
0.492835
0.5304699
0.48739386
0.5076962
0.5107357
0.51080054
0.51977736
0.45754382
0.5283456
0.52778816
0.55122966
0.5618875
0.62612337
0.6054705
0.587075
0.55224836
0.5898541
0.56034917
0.5303011
0.4893682
0.49862662
0.46859604
0.48832348
0.46274388
0.44752815
0.44298506
0.44986248
0.40022847
0.41194275
0.3963289
0.38159728
0.37609503
0.41900143
0.44942224
0.50066566
0.55342126
0.62045455
0.61642087
0.63125205
0.623469
0.6315787
0.62084496
0.6005532
0.60392547
0.6369739
0.61672264
0.66962147
0.6627941
0.6707781
0.6500285
0.65942883
0.64275056
0.64393723
0.653668
0.66310024
0.6625139
0.6690887
0.6660061
0.660577
0.6611212
0.6599644
0.6702205
0.6835247
0.66048265
0.6611551
0.6494354
0.67347664
0.645059
0.650219
0.6254271
0.6684693
0.661325
