1
0.741767
0.71167374
0.7014941
0.68892217
0.67414117
0.67079854
0.6653626
0.64668804
0.6260634
0.63149995
0.6331697
0.6135371
0.6320801
0.6104262
0.6321971
0.6023205
0.58469206
0.5485314
0.5625079
0.56573194
0.5628377
0.60492146
0.57806396
0.5913557
0.58608717
0.59494454
0.6044324
0.5913722
0.5768524
0.5898736
0.60467327
0.60857505
0.6018413
0.62788105
0.6359038
0.64824355
0.6670215
0.6707505
0.6711087
0.65657187
0.64217514
0.6232603
0.61878633
0.586689
0.6015722
0.5934063
0.6112272
0.5883382
0.63409305
0.617316
0.62697744
0.6477931
0.6148032
0.6256296
0.5735833
0.5580621
0.5390055
0.52005124
0.50112164
0.47545686
0.4784516
0.4667891
0.46320072
0.4768516
0.49198914
0.5072439
0.57389534
0.627208
0.6361913
0.62925005
0.6056728
0.5997696
0.5684628
0.571325
0.57997125
0.57769674
0.59483033
0.62181807
0.63967806
0.69325674
0.68753314
0.68410766
0.6485305
0.6173389
0.63178414
0.6324955
0.6124822
0.6284201
0.6396061
0.6571784
0.68470573
0.6803773
0.67875046
0.6534545
0.68416333
0.66901755
0.66176236
0.6658072
0.6770365
0.64864606
0.63645536
0.6182275
0.6214539
0.599603
0.59819144
0.5459871
0.5437778
0.54412
0.5645102
0.5834954
0.5944087
0.61038715
0.620582
0.6459394
0.67169434
0.5996353
0.5616118
0.5871693
0.6221958
0.6224403
0.6220523
0.5772103
0.57866067
0.5632426
0.54719394
0.5376768
0.52064383
0.51258844
0.48659766
0.46433315
0.46302688
0.42872056
0.44028226
0.43344486
0.4337413
0.4388483
0.44469598
0.45185062
0.45861387
0.44336614
0.41025499
0.39276078
0.40236092
0.3980701
0.42934704
0.42855585
0.4585107
0.49346372
0.5022168
0.4836867
0.4679017
0.4151681
0.4100573
0.41629073
0.39558706
0.42662552
0.4639778
0.47533202
0.46690843
0.4557697
0.43477216
0.4436708
0.44161093
0.41200638
0.42611432
0.44393578
0.46709237
0.47828993
0.46927395
0.4548696
0.44865248
0.41904014
0.4158815
0.39616054
0.38369605
0.3817325
0.38765687
0.38244832
0.39282015
0.40147406
0.4035866
0.427854
0.43121904
0.4804647
0.51366353
0.48573166
0.43529975
0.43242314
0.4210564
0.41769296
0.40134433
0.41645363
0.427146
0.4254944
0.4490115
0.44570777
0.443666
0.43620148
0.42615703
0.4585079
0.46000335
0.47051182
0.46861747
0.4883717
0.49827364
0.5160546
0.51598454
0.5218269
0.51902187
0.5383146
0.5404252
0.5173087
0.5028884
0.5078018
0.52492946
0.5010553
0.4799253
0.48628148
0.51049864
0.53083956
0.5276313
0.5536142
0.5667552
0.5380263
0.5221086
0.5463387
0.53231955
0.516771
0.50684017
0.49318025
0.4838145
0.43608394
0.42454466
0.39729956
0.4275553
0.437742
0.46735632
0.4696464
0.4731193
0.44990855
0.45156235
0.48240575
0.48415315
0.46638957
0.500613
0.5067438
0.51588446
0.5350362
0.50512487
0.5214916
0.5259471
0.53543186
0.51667106
0.53137213
0.4276172
0.5032618
0.5755624
0.6633463
0.69828796
0.5180419
0.7050165
0.6467376
0.65452194
0.62707746
0.616269
0.59373057
0.6364572
0.5853658
0.6833314
0.6136255
0.6122857
0.56325525
0.5611117
0.53044575
0.49237335
0.4992119
0.488045
0.4968485
0.5309363
0.5510981
0.54847187
0.53465074
0.5421945
0.5225444
0.56480837
0.5795126
0.58928084
0.6119855
0.5873433
0.5680401
0.5442326
0.5620141
0.5659369
0.60931164
0.58782506
0.6119444
0.599891
0.6363138
0.6442959
0.6408649
0.66271496
0.6448385
0.6486163
0.6235462
0.57097393
0.5402024
0.5356611
0.5502216
0.5646511
0.5331804
0.5278917
0.5450907
0.5415201
0.54957426
0.5766433
0.57556134
0.57091075
0.5574922
0.56405336
0.56825364
0.5983418
0.61584127
0.60732305
0.6178638
0.56350005
0.552556
0.5868827
0.5738705
0.57773465
0.5890754
0.5132204
0.5873866
0.5872833
0.58223045
0.57501435
0.57708913
0.5865586
0.60493404
0.63236666
0.6090699
0.591254
0.6160322
0.606384
0.59843373
0.5905911
0.5948749
0.61039186
0.59488773
0.5899147
0.58624405
0.59466624
0.59322035
0.59028196
0.59400034
0.56656975
0.54364777
0.49458635
0.46742436
0.4895615
0.47059244
0.47420964
0.47000024
0.5654988
0.59380865
0.56723183
0.5687246
0.56552213
0.52638423
0.58257204
0.54343194
0.5070023
0.52740645
0.51083386
0.53527546
0.54382205
0.5608372
0.5539242
0.5366878
0.5518791
0.5216209
0.5333668
0.5017167
0.46791074
0.44513825
0.4553298
0.5151353
0.5479284
0.560103
0.5160537
0.55568
0.5088149
0.5203931
0.53491765
0.5240028
0.52055657
0.54609597
0.5360878
0.5187868
0.509806
0.52109045
0.5149495
0.4732403
0.4866896
0.46165743
0.46464953
0.48381817
0.50184524
0.50606227
0.51778877
0.5382792
0.5393862
0.5649559
0.51510775
0.5344424
0.5045026
0.5026403
0.5022378
0.50982845
0.5176002
0.50803936
0.49060506
0.47124773
0.47643122
0.4396566
0.42384228
0.44617772
0.42992362
0.41211608
0.41336554
0.417354
0.42339528
0.41242486
0.42909276
0.4352753
0.4402246
0.44846198
0.43806645
0.44674015
0.42804828
0.44840407
0.41178796
0.43990597
0.4280555
0.43345845
0.43394428
0.43476072
0.4333212
0.4447582
0.4370364
0.45577365
0.4622584
0.50407404
0.52133846
0.6013367
0.57919925
0.6199429
0.6370439
0.6313378
0.653176
0.6535457
0.63038146
0.63216555
0.60948914
0.62255937
0.595854
0.6082203
0.6273925
0.64140314
0.63425016
0.59565437
0.57878673
0.60529447
0.59075564
0.5798663
0.56942904
0.5867315
0.5610063
0.5729973
0.5943987
0.6110455
0.5443168
0.54740655
0.53618556
0.5704536
0.58878577
0.5590469
0.5405859
0.5411247
0.530131
0.5344804
0.5502383
0.5436296
0.5175029
0.5178442
0.518922
0.49030295
0.53390986
0.5118034
0.51976705
0.45663148
0.46725172
0.4853891
0.4725137
0.46018857
0.4537588
0.45602775
0.45709917
0.46576688
0.5127611
0.49958253
0.54728097
0.49553016
0.5798115
0.60479
0.58583003
0.63469523
0.60335755
0.60949725
0.6073117
0.6281337
0.59732485
0.5736685
0.5812426
0.5677173
0.5313169
0.52711165
0.51217014
0.50060344
0.47030386
0.44677964
0.46258432
0.4735444
0.4731765
0.47923455
0.5040779
0.5052828
0.508226
0.54410225
0.546711
0.5374892
0.5800201
0.56617147
0.539009
0.55426186
0.52218956
0.55668783
0.5406081
0.5182531
0.54915214
0.5218475
0.52638733
0.5398841
0.5802524
0.51106477
0.5058614
0.49459606
0.5221209
0.49792317
0.48139593
0.46278796
0.4656881
0.43987966
0.45113388
0.4325652
0.46669495
0.45249924
0.4596062
0.4282234
0.4281719
0.5141991
0.5575532
0.56109726
0.5014623
0.4732415
0.46117437
0.50680244
0.524092
0.5398371
0.56305087
0.558927
0.551647
0.54256994
0.5495996
0.56883496
0.5329125
0.5535963
0.54958975
0.5685645
0.5857339
0.5755803
0.5998661
0.60319614
0.58479387
0.5772564
0.5790076
0.5395115
0.5253931
0.5096256
0.49921766
0.5049126
0.49274525
0.47766706
0.4935591
0.48920304
0.48855594
0.478404
0.49890774
0.46169826
0.44568166
0.43452364
0.44889098
0.4118501
0.4538784
0.4160549
0.40934226
0.3886811
0.34251136
0.3557338
0.3569295
0.39017272
0.3931557
0.43105826
0.43915424
0.45606962
0.48234326
0.5004148
0.47678515
0.45789358
0.43487677
0.4340415
0.41236314
0.3837225
0.39283097
0.43716604
0.390685
0.40928227
0.39539003
0.47544107
0.47693214
0.48076317
0.5038084
0.47134334
0.4514393
0.43589166
0.44577387
0.45792884
0.5080962
0.51749945
0.53797585
0.5314404
0.5272158
0.48840246
0.4951777
0.47039956
0.4918583
0.51107574
0.50364506
0.5221647
0.5097015
0.5299784
0.5792618
0.5519432
0.5099044
0.49281287
0.45192185
0.45151523
0.47380933
0.48571813
0.48672074
0.4439406
0.45373392
0.45914403
0.49809584
0.50903153
0.48604473
0.52019393
0.5402995
0.52514523
0.52523565
0.5132851
0.53147405
0.5080742
0.55302477
0.56747997
0.55408704
0.5206383
0.5033735
0.47642615
0.48841134
0.42610547
0.44354498
0.5583272
0.53655607
0.5579629
0.44643635
0.5308275
0.5741058
0.6092568
0.6253058
0.6191285
0.54984033
0.5170622
0.55682063
0.55751586
0.5096501
0.5278046
0.5613221
0.5740023
0.6046285
0.6302993
0.55272216
0.48993173
0.49861684
0.4506419
0.51677644
0.5729213
0.54965496
0.52315736
0.4289523
0.40766248
0.4281367
0.46841797
0.4551094
0.41705725
0.43027264
0.41335192
0.43134174
0.45950255
0.4554757
0.46709388
0.5134186
0.52971756
0.5241167
0.5426116
0.54647833
0.57872975
0.58118725
0.58780366
0.58236796
0.60904646
0.43819493
0.45207122
0.43558386
0.46305576
0.48512203
0.49571887
0.49600673
0.49384728
0.49893385
0.50193083
0.5091421
0.5186319
0.5478963
0.54332054
0.52908397
0.5550385
0.5266853
0.5293207
0.5013647
0.48554134
0.46605885
0.48079026
0.46015272
0.46925884
0.4482325
0.4510602
0.43976402
0.4568694
0.46263036
0.47156668
0.47516322
0.47669792
0.47315028
0.45293042
0.40516675
0.44313708
0.44780552
0.44625574
0.46305746
0.44518313
0.46411663
0.49282828
0.5030979
0.495212
0.4832419
0.5093634
0.4915462
0.5092402
0.5125414
0.49520305
0.47849235
0.4797911
0.49328235
0.5152811
0.53478014
0.50344723
0.5040477
0.501051
0.4828803
0.4994776
0.49020153
0.48433483
0.49224442
0.48813686
0.4616373
0.4742109
0.45161688
0.47428802
0.4750065
0.46801364
0.45876133
0.49284038
0.49430287
0.47838998
0.4987554
0.4947256
0.49849266
0.50448203
0.5200907
0.5175937
0.5409381
0.53370273
0.51804864
0.4982048
0.51124465
0.48036253
0.4728479
0.46426627
0.48721632
0.50700194
0.5297365
0.5240203
0.49740025
0.5054706
0.52812934
0.5319944
0.55714005
0.54874516
0.55579215
0.5365017
0.55526024
0.532867
0.54015714
0.52860355
0.5057275
0.5021081
0.51056314
0.5212278
0.5137216
0.50686955
0.47985536
0.45036346
0.47544065
0.4897532
0.52242744
0.4652685
0.45943597
0.4785328
0.4083723
0.46491873
0.4724793
0.47927868
0.51081765
0.51799077
0.5234818
0.5171919
0.49756345
0.45919842
0.44299284
0.4439819
0.432618
0.4566253
0.42544302
0.4920647
0.49508244
0.46415
0.4412501
0.41413078
0.39727736
0.4091443
0.40061602
0.3930638
0.41428068
0.42443523
0.4053812
0.3997177
0.39629912
0.3881875
0.43964726
0.45118275
0.44748917
0.46035632
0.46582308
0.43300882
0.51621574
0.55565
0.59631896
0.53809196
0.52189994
0.4385431
0.40547428
0.38837802
0.3818472
0.36700246
0.36420897
0.3830841
0.3905894
0.37713096
0.3802054
0.37972686
0.36997798
0.34875032
0.3793288
0.4053613
0.3959617
0.37098223
0.37229463
0.38631415
0.38742563
0.37433782
0.37361515
0.39247236
0.39973938
0.42479485
0.39508453
0.42544517
0.40282655
0.40981176
0.38809735
0.39786884
0.37987995
0.3882901
0.39493114
0.40568298
0.41042262
0.3958195
0.40035737
0.40041068
0.4413648
0.44961193
0.46479905
0.47929654
0.47055876
0.45559654
0.49990076
0.50137097
0.51050645
0.4717295
0.43491563
0.44515407
0.4323711
0.44094542
0.4476284
0.47362298
0.4638144
0.4436285
0.37840182
0.36709726
0.3426147
0.36536068
0.33282977
0.3462142
0.3386606
0.39842087
0.46505547
0.44513795
0.4885174
0.48889962
0.5030374
0.5064132
0.4881651
0.5114183
0.5088437
0.4920042
0.5062159
0.55780625
0.541721
0.5029906
0.4967866
0.50202173
0.47149763
0.47082958
0.4570166
0.4612771
0.45014966
0.43494865
0.41452613
0.45211273
0.5062912
0.5386115
0.55211854
0.57706004
0.6421233
0.6300487
0.6142353
0.601682
0.60166305
0.5771521
0.5840212
0.60398996
0.59524304
0.579167
0.58274055
0.5884542
0.5594833
0.5881332
0.5349061
0.5748288
0.5470455
0.49779344
0.55125666
0.56202275
0.5580209
0.521637
0.50710315
0.49408615
0.48815754
0.4734517
0.48975298
0.5243376
0.5496447
0.48556408
0.5277524
0.4863176
0.44187245
0.4474407
0.46225718
0.4904541
0.5559029
0.55573624
0.6141109
0.6264497
0.6176242
0.56524706
0.48281273
0.535316
0.51858157
0.52583164
0.47953823
0.43246675
0.3665031
0.36440945
0.40999073
0.48141116
0.5459984
0.3915828
0.40992224
0.38709295
0.40950915
0.40710044
0.41979012
0.4246578
0.44487783
0.4445314
0.43762764
0.43974045
0.41573113
0.42597443
0.46054062
0.45621917
0.4756414
0.5179503
0.4691418
0.5380996
0.529591
0.5361832
0.5831426
0.53071195
0.5628545
0.57232237
0.5926954
0.59284997
0.5421171
0.5674218
0.53837454
0.5645654
0.5726316
0.5647553
0.6133282
0.61485523
0.6085217
0.64775074
0.6177726
0.6282263
0.6209997
0.6353857
0.6042511
0.58330506
0.5722
0.56304455
0.57484174
0.58521307
0.58817655
0.57698137
0.5744187
0.57978666
0.58104634
0.59278065
0.63004184
0.6247139
0.64686656
0.6389884
0.63081163
0.6342589
0.61828077
0.5918686
0.5100235
0.5301575
0.48865277
0.5013041
0.49130312
0.44807646
0.43953633
0.46922234
0.49182805
0.52766395
0.50587606
0.5261866
0.5732439
0.56259865
0.55245024
0.5880971
0.58607
0.5595765
0.55306405
0.5832295
0.56552184
0.6185563
0.61027706
0.5785096
0.5727667
0.5983451
0.5813521
0.58835334
0.5636913
0.5505003
0.52578926
0.5375033
0.5747082
0.54732674
0.5773112
0.57050604
0.5538423
0.57066655
0.5830379
0.5472839
0.51294744
0.4766538
0.49616167
0.5516545
0.5608645
0.53484553
0.49608734
0.49559993
0.4934177
0.53071165
0.54423964
0.53628004
0.54875994
0.5824287
0.5467362
0.5549981
0.53983957
0.52591074
0.49121222
0.51457787
0.5057848
0.5039813
0.49486104
0.5165164
0.49307495
0.4821685
0.4419029
0.4194176
0.39602473
0.4030368
0.3795189
0.3757014
0.39522636
0.43672007
0.43293074
0.41904667
0.42962962
0.42255756
0.43266544
0.43118453
0.43274137
0.47037023
0.46493584
0.48576295
0.47531
0.47798088
0.4666635
0.43546253
0.4445743
0.51111645
0.52298766
0.52407885
0.5362822
0.5377704
0.5178007
0.5518343
0.5196682
0.5110754
0.52737236
0.5203575
0.5266759
0.52472866
0.51809806
0.5033799
0.4860141
0.48672983
0.5148762
0.5250162
0.5357458
0.5332534
0.53535235
0.5232983
0.48676625
0.48228732
0.4564798
0.43933624
0.41034457
0.42537627
0.45277646
0.43334508
0.41925043
0.40281186
0.37929696
0.3631469
0.36345425
0.36754555
0.35667157
0.36684692
0.37260312
0.3811904
0.39384824
0.39103943
0.40463585
0.39986446
0.4443619
0.4580554
0.4936805
0.48050815
0.45841253
0.48100048
0.45799705
0.4929266
0.48939446
0.5188166
0.5381886
0.54170036
0.55450827
0.52019864
0.4463327
0.42613578
0.40064022
0.38950688
0.39729652
0.39563295
0.38822925
0.39339137
0.3692354
0.35626274
0.34732422
0.3356003
0.3629191
0.39828292
0.42681253
0.43380532
0.44956818
0.43934265
0.42290175
0.3945818
0.34886143
0.3402495
0.38375607
0.42960003
0.42932233
0.45310822
0.43927258
0.4573912
0.44960955
0.45549855
0.44327947
0.42715454
0.36582032
0.37351426
0.31852594
0.39258972
0.42125642
0.41227287
0.41150615
0.42535055
0.43384835
0.43233302
0.40912116
0.43218026
0.39108485
0.41663688
0.3888164
0.369566
0.4520325
0.43705693
0.38628125
0.42951068
0.4188462
0.35424817
0.3824933
0.43642637
0.49584797
0.4958921
0.48470742
0.4902661
0.50266904
0.48615602
0.4740708
0.48492396
0.47641918
0.48783347
0.5102884
0.5004522
0.48971123
0.4820206
0.43257236
0.44524336
0.4451169
0.43729335
0.44572258
0.44613418
0.42494133
0.43423703
0.45847273
0.4427987
0.4341687
0.45308676
0.4951321
0.5466827
0.5682006
0.57916206
0.56595165
0.56394506
0.5697548
0.5365729
0.5075889
0.49970794
0.4869022
0.49524266
0.49807355
0.47173566
0.46178105
0.4690039
0.48490357
0.48273265
0.51452714
0.5061389
0.48942488
0.5168002
0.53467166
0.54517186
0.58859044
0.5772331
0.56329244
0.5275676
0.4975962
0.48471722
0.48398724
0.46584398
0.466041
0.47737488
0.48727232
0.49541157
0.49886766
0.51742023
0.5309753
0.55923116
0.5525996
0.5363007
0.524448
0.51348054
0.48371658
0.4501215
0.43074334
0.43169618
0.4308228
0.43146983
0.4136555
0.4331756
0.4422467
0.43569124
0.4321108
0.43713197
0.44696864
0.46452567
0.46168467
0.4789457
0.44229418
0.429673
0.40437013
0.41334492
0.37248757
0.39788508
0.40222347
0.38084713
0.39129364
0.42405134
0.4344374
0.4109434
0.43616903
0.483285
0.4952308
0.4365667
0.4693553
0.50255305
0.50614715
0.52863663
0.53160584
0.5082548
0.49661994
0.4964488
0.4807672
0.47055906
0.41529942
0.45548454
0.48073938
0.47207487
0.48832285
0.5156524
0.5904041
0.5942987
0.66073304
0.6297815
0.5854226
0.5791033
0.52921623
0.47091088
0.5110503
0.5309717
0.53039914
0.49956265
0.56749076
0.5620891
0.58602095
0.6294945
0.6510338
0.6509913
0.572521
0.5333247
0.5455357
0.5464126
0.55057
0.55615324
0.57058054
0.5694137
0.5680732
0.56772965
0.59035623
0.5739355
0.5515461
0.5327839
0.54237396
0.5277674
0.54519844
0.54357576
0.54011595
0.46889162
0.4548701
0.44961235
0.38694334
0.35367066
0.35342872
0.3780099
0.4243198
0.4181807
0.4479133
0.46356496
0.5125561
0.5392303
0.538638
0.51311266
0.48111862
0.45780876
0.4378697
0.44413534
0.44148186
0.4367563
0.44548306
0.41775295
0.4038948
0.40120855
0.37508366
0.38994715
0.42894107
0.42143056
0.43075618
0.46103108
0.39869153
0.40480772
0.41729367
0.40436557
0.41600692
0.44042417
0.41278693
0.4321519
0.41633654
0.40462658
0.38742033
0.43742985
0.48346367
0.4887273
0.46766156
0.51764226
0.50456935
0.5506532
0.5621194
0.5278281
0.523227
0.50891775
0.5297376
0.5532691
0.54513854
0.54842025
0.5544429
0.53083277
0.5541983
0.51109105
0.5030714
0.4895138
0.48387882
0.49037817
0.44863525
0.49783742
0.5620188
0.526365
0.5043532
0.4922122
0.50287837
0.56502014
0.5479914
0.5658259
0.5572672
0.52510196
0.5364454
0.5422748
0.53122276
0.49241215
0.52100456
0.47501275
0.50433487
0.5229306
0.56461364
0.5017143
0.4664708
0.49763376
0.45141733
0.46101695
0.41007492
0.41582802
0.50350714
0.5496211
0.43019465
0.44017276
0.38159397
0.43766516
0.40119907
0.40290248
0.30360425
0.39766222
0.43421313
0.5141659
0.5312604
0.541585
0.56752217
0.5824999
0.57213634
0.54583347
0.5440855
0.49733698
0.501615
0.5231223
0.45403865
0.5465471
0.5420673
0.49851313
0.52021426
0.49003884
0.5017842
0.51698023
0.5408489
0.6275612
0.6251917
0.62063694
0.69544774
0.59517854
0.7928552
0.80594057
0.8457419
0.79785347
0.7500174
0.86642087
0.7760845
0.8772112
0.8301496
0.81868184
0.9202424
0.6396789
0.6054667
0.6127195
0.65020746
0.6514061
0.64915156
0.6485008
0.69425815
0.5734708
0.56336755
0.56733465
0.5623222
0.52323467
0.53911537
0.4018414
0.38417125
0.40776086
0.36901686
0.4005799
0.39740792
0.3977937
0.39829615
0.48704088
0.47267157
0.4291406
0.4815095
0.516951
0.48155925
0.5331404
0.5379935
0.55254614
0.5565447
0.47566155
0.45480075
0.45079482
0.43201873
0.4541044
0.45159772
0.436007
0.44370547
0.46416456
0.45481056
0.4507845
0.5524507
0.49845156
0.5594056
0.58828306
0.6264234
0.61407506
0.60446113
0.6396626
0.5899161
0.61315215
0.5772307
0.43058953
0.43875307
0.4500197
0.4285524
0.51125264
0.59885997
0.65688264
0.5812504
0.6532495
0.60182446
0.6861049
0.65157974
0.68707806
0.6356312
0.56880075
0.5559567
0.6136221
0.5618581
0.5863383
0.6642474
0.65569884
0.7120861
0.77599466
0.5372463
0.46187785
0.41010135
0.3801908
0.3637327
0.40567964
0.43767574
0.45401686
0.4046727
0.48958996
0.5135938
0.5663004
0.5637873
0.56639355
0.555602
0.57189304
0.57649624
0.55470955
0.55156887
0.58131826
0.56641567
0.55641043
0.55695325
0.5728163
0.56715643
0.5578625
0.543673
0.52428144
0.49039617
0.52957594
0.5424283
0.5366781
0.54008013
0.5494573
0.55995816
0.58404154
0.5703025
0.52824694
0.56765133
0.52033216
0.5465397
0.5871028
0.54364336
0.53209686
0.5669468
0.53205067
0.55105835
0.5157305
0.5326705
0.4818901
0.4958163
0.46168205
0.4394422
0.47024477
0.4881015
0.5511147
0.52035075
0.5300407
0.48946375
0.54069513
