1
0.79579353
0.7922992
0.7922278
0.7918081
0.7917538
0.7914972
0.7888962
0.7965301
0.7927925
0.7981273
0.7974751
0.7961258
0.7955283
0.7986461
0.7954309
0.7973652
0.7968203
0.7962667
0.79752225
0.7993666
0.79887736
0.79867095
0.7970608
0.8004155
0.7984215
0.7998848
0.80013907
0.7962299
0.7988014
0.79627347
0.79363096
0.7954136
0.7990916
0.7943932
0.79611576
0.79731935
0.7974701
0.7968896
0.79723537
0.79556745
0.7981425
0.79365087
0.79780203
0.79598
0.7994717
0.79419565
0.7959037
0.79443944
0.79879147
0.79485893
0.7980176
0.793741
0.79766804
0.7941241
0.7906849
0.7926795
0.7972415
0.79448014
0.79605484
0.79564977
0.79750925
0.794752
0.7965366
0.79523265
0.7968853
0.7950542
0.7987445
0.7955881
0.7973911
0.79511046
0.79566693
0.7929185
0.798284
0.79901135
0.8049325
0.80250794
0.80581355
0.8163841
0.8115666
0.8102425
0.808696
0.8079491
0.8040529
0.809856
0.8005647
0.8004209
0.789364
0.77912205
0.7656266
0.7638391
0.76346916
0.7728757
0.77140754
0.7707076
0.760166
0.7496144
0.7356181
0.72646946
0.72416013
0.7164899
0.711676
0.7097818
0.70688754
0.70035887
0.7159295
0.70777303
0.7099922
0.71557784
0.7260731
0.7473539
0.7304162
0.74992687
0.756929
0.75570405
0.76382685
0.76565176
0.77145356
0.76148176
0.75201875
0.7426463
0.740414
0.7212539
0.7207237
0.7068122
0.70129246
0.7075584
0.73529184
0.72393835
0.72289604
0.7214307
0.70921046
0.7068384
0.7109366
0.70908874
0.7117873
0.7154404
0.7048897
0.6990004
0.7069633
0.7015945
0.70666623
0.7251366
0.72861964
0.7195524
0.70821303
0.71416837
0.71350044
0.70629513
0.70013165
0.70405996
0.7025858
0.6855466
0.6749205
0.6841038
0.7004384
0.6924622
0.6920124
0.70095074
0.6625699
0.6611809
0.6419777
0.6346784
0.5966472
0.5731809
0.56015706
0.59593475
0.5630111
0.60325986
0.57696176
0.58790386
0.562257
0.5370876
0.55020374
0.5488786
0.58381224
0.574215
0.63593984
0.6439037
0.5805106
0.63614494
0.6232532
0.618345
0.63858545
0.6377849
0.58304244
0.60137063
0.6464339
0.6174919
0.59771174
0.5978808
0.59607273
0.61953104
0.5760937
0.5808022
0.6196356
0.64671606
0.6534627
0.67145145
0.7057868
0.7026301
0.68974805
0.69154155
0.6953981
0.693495
0.69850546
0.6949486
0.667245
0.6917409
0.7056426
0.6971364
0.7119647
0.7041296
0.70433336
0.7119446
0.70950544
0.7050218
0.70728415
0.70343137
0.70381504
0.70855564
0.7104306
0.71253145
0.71105903
0.70487493
0.6982239
0.70069575
0.69602793
0.6930162
0.69990754
0.68763995
0.6862689
0.68602884
0.6907218
0.6952665
0.7016719
0.7021154
0.69594663
0.6973415
0.69533205
0.6936668
0.6914478
0.69978213
0.7026252
0.70045966
0.70000184
0.689856
0.693329
0.6689637
0.68142754
0.6647866
0.6642254
0.6524757
0.64013195
0.63175094
0.62809235
0.62927645
0.6379489
0.63390476
0.6388303
0.63411623
0.6462928
0.64146674
0.660157
0.6424787
0.6484796
0.6440379
0.6461725
0.6373467
0.65744007
0.64973587
0.66817033
0.6682428
0.67025685
0.6733929
0.66916716
0.67550325
0.65672815
0.66778374
0.66825026
0.6586602
0.6740763
0.66617596
0.65906185
0.6751257
0.6714294
0.6818637
0.6773389
0.6888329
0.67248046
0.68663824
0.66833276
0.68358797
0.6822182
0.6707157
0.67050344
0.6577138
0.670089
0.65828156
0.6708553
0.6881291
0.6819713
0.67789274
0.6928004
0.68585426
0.6824965
0.6877922
0.67630374
0.6748865
0.6701872
0.7053597
0.6487253
0.6390859
0.66542625
0.6306895
0.6528195
0.643753
0.66786784
0.66301817
0.6600416
0.64810795
0.63706
0.65332335
0.69834113
0.6724974
0.6938159
0.7048986
0.7055043
0.69073975
0.6717912
0.64692646
0.64554393
0.6430929
0.65307754
0.6475132
0.67644924
0.64376223
0.64488554
0.64718986
0.6367297
0.63547146
0.6441096
0.63513416
0.64649796
0.623055
0.62101585
0.6285956
0.63089603
0.6352408
0.62201744
0.63453555
0.6380859
0.61411685
0.6198239
0.6528596
0.6708778
0.6859278
0.66592497
0.6412202
0.65658545
0.64526904
0.6409237
0.638845
0.6495715
0.6366749
0.66504717
0.63494503
0.62414855
0.659053
0.62576836
0.65153223
0.6393131
0.63302726
0.63350147
0.6403315
0.6632734
0.64658076
0.6582252
0.6650115
0.6589805
0.658831
0.6620621
0.66589373
0.671741
0.65179956
0.6629909
0.636646
0.6472617
0.66120917
0.62642556
0.6332684
0.63074577
0.6495499
0.6461752
0.63560045
0.6502648
0.65784574
0.6510911
0.6298023
0.66376877
0.64745
0.63640714
0.6612058
0.6322743
0.65159154
0.6492763
0.65708375
0.64699244
0.6310975
0.6250811
0.6226784
0.61951417
0.64081436
0.6268406
0.6186526
0.63811624
0.62219125
0.6256967
0.6167956
0.6240671
0.6297009
0.6200666
0.6150972
0.6309209
0.6160064
0.61691743
0.62707025
0.6166653
0.6132563
0.6497463
0.6289384
0.63007987
0.63919383
0.63777536
0.6275481
0.6368991
0.6316913
0.62570214
0.6243081
0.6347901
0.6185517
0.6414907
0.62772554
0.6354183
0.6329434
0.630087
0.62948424
0.62777233
0.590173
0.60744417
0.60917956
0.5970187
0.6083955
0.60946953
0.62654746
0.62493885
0.634482
0.63343626
0.63143146
0.63728356
0.6167186
0.6149907
0.6127699
0.5899881
0.5910612
0.5799218
0.57319367
0.54592407
0.5498149
0.5589433
0.568629
0.57175815
0.58208203
0.61059684
0.6283067
0.6169788
0.63069934
0.6274635
0.5778274
0.5863229
0.59584117
0.5999846
0.60097456
0.6211953
0.62607074
0.616859
0.59740525
0.5855321
0.63864255
0.6200053
0.6309571
0.64016825
0.6405344
0.6388588
0.6661186
0.67155194
0.6848645
0.727666
0.71724445
0.72007143
0.71818864
0.7446734
0.72115004
0.7293446
0.71097356
0.7076025
0.693967
0.6989515
0.6999491
0.6901799
0.6952256
0.6841785
0.6880243
0.6717769
0.66667134
0.6495221
0.6765108
0.68416655
0.6885068
0.67383057
0.6659897
0.66128695
0.6632309
0.6436904
0.6191943
0.60059136
0.5688594
0.5551952
0.5722956
0.56898457
0.6017962
0.6041622
0.6018533
0.60889363
0.6250193
0.6404346
0.6582264
0.6077522
0.614625
0.6338694
0.6637465
0.6995093
0.672263
0.6874484
0.6689213
0.6730298
0.6881673
0.69587606
0.7073066
0.7036812
0.70710886
0.69553864
0.703635
0.70419997
0.73082834
0.7201284
0.700666
0.6761407
0.6448393
0.63861495
0.65412605
0.64948976
0.67503816
0.6588829
0.6646989
0.66362196
0.69325304
0.6029287
0.6180613
0.6462634
0.63956875
0.6406729
0.6595648
0.62728786
0.61534405
0.6077915
0.6065752
0.60269886
0.6280564
0.6103074
0.61358184
0.62109154
0.6197196
0.6314574
0.6653113
0.6453404
0.6493046
0.68021894
0.65323985
0.6625371
0.68270445
0.6463443
0.66670537
0.6503896
0.6833794
0.6672969
0.6797034
0.68372273
0.6876056
0.6945029
0.7038055
0.6908829
0.6742131
0.6802998
0.67964363
0.67887896
0.6846268
0.6992765
0.7011841
0.6971238
0.69786716
0.6886215
0.68918616
0.6970289
0.6831712
0.6834848
0.6922139
0.6657799
0.67164963
0.6775087
0.69462603
0.699882
0.6934245
0.6690606
0.69747853
0.66928124
0.67701274
0.6861834
0.680356
0.69687116
0.6878153
0.685553
0.6952596
0.6921773
0.68169355
0.6685048
0.7054317
0.68190414
0.68873084
0.6930915
0.6980961
0.69115007
0.69058245
0.70025104
0.6699544
0.67895037
0.6836364
0.682673
0.6653213
0.65969104
0.6637449
0.66706824
0.65198475
0.6610648
0.6687445
0.6636687
0.66392267
0.6904975
0.6970111
0.68542594
0.6894675
0.68807185
0.6982876
0.6837422
0.6894367
0.6753068
0.6722072
0.6606331
0.6676689
0.68044496
0.6813364
0.6759514
0.6788796
0.673269
0.67960054
0.67423767
0.65439457
0.6517452
0.65217334
0.64917976
0.65117913
0.6454898
0.6532106
0.6570071
0.63583696
0.62677974
0.6447632
0.6386449
0.6465142
0.6455874
0.64712733
0.6224377
0.6223155
0.6336024
0.6455963
0.6313191
0.6113204
0.61768365
0.60773885
0.6030773
0.60437393
0.5951292
0.59555304
0.62366176
0.65704083
0.6589755
0.65483415
0.63947153
0.6488755
0.62356615
0.63147557
0.6254126
0.6100287
0.61501694
0.6046412
0.6002191
0.6076875
0.5871992
0.6008585
0.60803103
0.6045625
0.5854954
0.55746347
0.57257223
0.5389384
0.5608024
0.559587
0.5777253
0.61937726
0.5895565
0.5910946
0.60216576
0.5784545
0.5953326
0.6165929
0.5668959
0.6300108
0.59719175
0.5855453
0.5705312
0.56012243
0.5882707
0.6036715
0.6129336
0.62018836
0.6112203
0.5816122
0.6149643
0.60791814
0.6062226
0.5684185
0.6042207
0.59938264
0.60377914
0.59443575
0.6064671
0.6155544
0.5777136
0.6030387
0.5919766
0.5946994
0.5929083
0.5997994
0.6078624
0.5962095
0.62990505
0.627555
0.6150454
0.61123127
0.615984
0.63950294
0.64289486
0.64510673
0.65122336
0.6549101
0.66325724
0.6612038
0.64386106
0.65544486
0.6558073
0.6604173
0.65762925
0.63318884
0.6146517
0.6021223
0.61340684
0.6029957
0.60772645
0.58973724
0.5977032
0.57898027
0.5929183
0.599175
0.5728898
0.55961454
0.58371216
0.58734626
0.5939453
0.6150438
0.61514366
0.5958607
0.5855438
0.57889545
0.5754657
0.5709943
0.59651375
0.5532709
0.558251
0.55356973
0.5536185
0.56267864
0.5910756
0.590053
0.6079582
0.57649845
0.5944998
0.58283573
0.6028775
0.57295877
0.60692096
0.6161486
0.5699562
0.5766238
0.58695865
0.5451953
0.5658382
0.56215477
0.55072427
0.5547954
0.53103495
0.55791795
0.53827494
0.5555199
0.54826856
0.5626248
0.5549703
0.56987774
0.55001754
0.56295234
0.5783679
0.5619366
0.5503882
0.5765746
0.55648
0.5648665
0.5552898
0.5589081
0.5712344
0.55309767
0.55737144
0.57057106
0.5757326
0.54183996
0.56257796
0.54531914
0.5523238
0.57749075
0.5470492
0.564351
0.55711514
0.5605479
0.56880766
0.5750973
0.5674469
0.57308424
0.56062347
0.55778587
0.5712984
0.5720756
0.57484126
0.589524
0.5690896
0.5825832
0.5860495
0.5745413
0.61160636
0.58560663
0.6066366
0.6384159
0.6170168
0.6231454
0.5935533
0.6258502
0.6154437
0.59804356
0.6248976
0.6182121
0.6292294
0.63447
0.6425389
0.63358486
0.6257008
0.62076473
0.6156934
0.6269208
0.6377775
0.6259904
0.6329242
0.6331526
0.6481285
0.62545127
0.6239774
0.63115567
0.6313182
0.62766945
0.6295287
0.6054545
0.6209783
0.5912433
0.6460819
0.66528964
0.6196151
0.58742833
0.59883595
0.56959367
0.56167626
0.56340814
0.57521206
0.5735196
0.6181639
0.6491034
0.6143166
0.63458455
0.63360876
0.64223725
0.64128315
0.60453427
0.634752
0.6110756
0.61021686
0.6208725
0.59004414
0.59689426
0.56759536
0.56585103
0.5600007
0.59102935
0.59651244
0.58222073
0.58797795
0.60848314
0.583205
0.5737671
0.58511645
0.6149584
0.6208647
0.6171052
0.62937725
0.59765863
0.6081537
0.5904059
0.60690594
0.60868824
0.5642695
0.5644003
0.5634126
0.5764706
0.57478905
0.577447
0.5899403
0.59493333
0.5979876
0.5909106
0.5986111
0.59578973
0.59268457
0.5758097
0.5544874
0.5495632
0.54156965
0.525816
0.5090999
0.5056954
0.5024011
0.5288554
0.5086647
0.5312678
0.5509128
0.53134227
0.577843
0.58057
0.5841616
0.5996452
0.60543704
0.61453533
0.61631274
0.598223
0.6177267
0.6218316
0.6133178
0.6033689
0.6061329
0.6216558
0.6352867
0.6464624
0.62513685
0.63359493
0.6276264
0.6300728
0.6433878
0.6347523
0.62669915
0.63097084
0.6544781
0.6687832
0.6527589
0.6847547
0.66977346
0.66413003
0.65669644
0.62653124
0.65447646
0.6587384
0.63735867
0.6120366
0.61604124
0.63300014
0.6109227
0.6275208
0.6486483
0.67300415
0.6636293
0.6519297
0.6375476
0.64525497
0.6384488
0.634228
0.6204511
0.61171055
0.6023935
0.6184878
0.6311769
0.6594291
0.6155973
0.68090725
0.6961979
0.6839148
0.690458
0.7014462
0.69912153
0.7031778
0.7105181
0.70585185
0.7031262
0.7021114
0.6931954
0.6670229
0.6475481
0.600557
0.5701911
0.5907872
0.5810625
0.583997
0.5785376
0.5893162
0.60369456
0.5523042
0.5675016
0.5532732
0.5777242
0.6067668
0.6092569
0.60594726
0.6124188
0.6243748
0.60400367
0.6021405
0.59972835
0.6122288
0.6096334
0.5943786
0.6016207
0.5868712
0.60237354
0.60627896
0.58333373
0.5947473
0.61450785
0.59411305
0.5983439
0.5879704
0.60679007
0.59251124
0.59998256
0.601138
0.62839264
0.6164684
0.6289448
0.6416796
0.63614595
0.6373248
0.64819294
0.6493393
0.65528905
0.6544925
0.63386846
0.63512987
0.6385919
0.64096487
0.61789495
0.6073309
0.6196131
0.60981274
0.5970872
0.5881463
0.614194
0.61155754
0.6272678
0.6218499
0.6367324
0.62659276
0.61686754
0.6126026
0.5973074
0.61877155
0.6305292
0.6400283
0.6312796
0.66085136
0.66400963
0.67545366
0.6446174
0.64780784
0.63092434
0.6501347
0.6543761
0.64597887
0.6333039
0.6226163
0.61469734
0.6193909
0.63332975
0.622269
0.6215634
0.6276916
0.62855387
0.6319985
0.63403535
0.638329
0.6421311
0.63730216
0.62968343
0.6265502
0.6349367
0.6353191
0.6485116
0.6352934
0.63228256
0.6342894
0.6346326
0.6270251
0.6310778
0.6450806
0.6425207
0.6341219
0.63442147
0.6226552
0.64077276
0.6394016
0.6387472
0.6170063
0.63839525
0.6201823
0.6521653
0.6518633
0.64156634
0.6561978
0.6330364
0.6518236
0.64410394
0.6471915
0.6510774
0.64976734
0.6534889
0.64201
0.6268067
0.6256775
0.6356637
0.63128215
0.6325589
0.61501044
0.6285477
0.60439986
0.6124018
0.61439735
0.60516405
0.6166643
0.5980858
0.60406274
0.611208
0.5970832
0.60381484
0.63105065
0.60675067
0.62489766
0.6249254
0.63685787
0.6177176
0.61439764
0.598355
0.61311233
0.56754154
0.5771517
0.58038145
0.5816898
0.5940662
0.5933483
0.55796623
0.58572036
0.6111305
0.5991673
0.61706805
0.60167176
0.5687905
0.5942753
0.55905586
0.5818049
0.5876555
0.58908826
0.5846982
0.56002975
0.55687773
0.5697038
0.5840837
0.5758387
0.58716583
0.58983666
0.5788325
0.59622514
0.60719925
0.6159174
0.61620945
0.6225903
0.612855
0.6120209
0.6136457
0.6155101
0.61236906
0.6209551
0.61558497
0.613389
0.61059624
0.5890684
0.57690936
0.5881229
0.58586466
0.5981939
0.59618455
0.5984872
0.5910424
0.59428936
0.59502655
0.6043215
0.6100007
0.60558325
0.60185283
0.6078616
0.6067338
0.6261286
0.6025971
0.6133953
0.6255894
0.60742855
0.6208643
0.63504684
0.63737816
0.6157313
0.64794195
0.6373183
0.63201433
0.6471207
0.649678
0.63337684
0.6334154
0.6226565
0.6350257
0.620884
0.60884476
0.6270905
0.63502526
0.6340176
0.6392929
0.6502484
0.6505547
0.638701
0.63340443
0.6333996
0.6335661
0.62937766
0.6394784
0.6285668
0.62472284
0.62942725
0.6132272
0.61989504
0.6105452
0.5923361
0.56909627
0.57088673
0.5716252
0.56716496
0.5685682
0.5624349
0.57623005
0.57092845
0.56776637
0.5573478
0.54571086
0.5367421
0.5534555
0.5541306
0.5577688
0.5980034
0.64502233
0.64536494
0.6306837
0.6317326
0.65444136
0.66524744
0.67766356
0.6854002
0.6931602
0.7217918
0.71897906
0.736504
0.7321737
0.7282842
0.7330219
0.7226251
0.7218986
0.7206763
0.72146225
0.7063413
0.70913357
0.7010272
0.6860416
0.6941147
0.68954545
0.68084735
0.6806175
0.64286035
0.65186787
0.6278756
0.6486645
0.6495021
0.6460714
0.6162843
0.63214636
0.6641931
0.64114285
0.6336356
0.6205973
0.62193865
0.5981893
0.5944405
0.60936165
0.60836375
0.6028982
0.58649075
0.6017731
0.5502887
0.59543186
0.60769564
0.6205529
0.6024382
0.6199845
0.6261751
0.61579746
0.62387824
0.6197905
0.6142857
0.6224038
0.62979174
0.6294494
0.628487
0.6397707
0.6289613
0.625806
0.6301987
0.6395823
0.6164909
0.6241029
0.6057656
0.6241015
0.62421906
0.61200124
0.6345709
0.63301647
0.65567786
0.65433323
0.6474205
0.6797835
0.67775553
0.6708042
0.6742506
0.6747378
0.67134815
0.66796607
0.6823049
0.69453734
0.69658273
0.69758433
0.67385685
0.6883849
0.674887
0.6716092
0.68019503
0.66953427
0.6840258
0.7014039
0.6592355
0.6787534
0.6682177
0.66737586
0.67643744
0.67656994
0.66149426
0.67470694
0.6763364
0.67629033
0.6775501
0.68179536
0.7019841
0.69663143
0.70376307
0.70095915
0.7268553
0.7222225
0.7096812
0.71305376
0.7074061
0.7162376
0.7132204
0.7243908
0.6976873
0.7262165
0.7341241
0.72346264
0.71969914
0.7132949
0.69870996
0.71863335
0.72349083
0.712182
0.71800137
0.70956886
0.7127639
0.7025046
0.7035355
0.70325834
0.7084439
0.7197208
0.71720827
0.72764814
0.722961
0.7296638
0.72110593
0.71866083
0.72576594
0.7332779
0.72778004
0.74374306
0.74150646
0.72207355
0.7357903
0.7269881
0.7422628
0.7345004
0.7270545
0.7489576
0.75392395
0.73987615
0.7279495
0.746954
0.73890954
0.7289277
0.735748
0.7444473
0.7262266
0.7333337
0.75794953
0.7408642
0.7355587
0.7273333
0.7307526
0.74726474
0.72858876
0.7279634
0.73709613
0.74100316
0.72836494
0.74000555
0.73409486
0.74288297
0.75029176
0.75092846
0.72287804
0.7472392
0.73456645
0.7437674
0.7413144
0.7413047
0.7239372
0.71871257
0.7342274
0.7072777
0.7081066
0.7073091
0.7089862
0.68379414
0.6762473
0.67330766
0.6565141
0.6653856
0.67110103
0.6557017
0.6520935
0.6609374
0.68618035
0.6940515
0.68714553
0.6754437
0.685771
0.685832
0.68220896
0.69664055
0.7062115
0.68990314
0.69733053
0.69361097
0.6920306
0.6941838
0.6958224
0.6797689
0.6873826
0.68556887
0.67830443
0.6817516
0.6796749
0.6958403
0.6886209
0.67021954
0.6838734
0.67024195
0.69221056
0.6745894
0.6831791
0.67666906
0.6752388
0.68075895
0.67151874
0.6798519
0.6641456
0.6665615
0.6749982
0.66390306
0.6767287
0.66786665
0.66677725
0.6687799
0.668603
0.66819906
0.6614587
0.6667803
0.6792352
0.66374844
0.6660423
0.67637223
0.6710129
0.663439
0.6746062
0.672832
0.67580247
0.67400444
0.6688068
0.6862217
0.6695014
0.6709383
0.6758144
0.6568327
0.69186604
0.6671093
0.6928963
0.6934105
0.6829124
0.68607396
0.68043095
0.67350453
0.66388965
0.67571574
0.67551017
0.65841085
0.66591644
0.6583251
0.66148204
0.6616905
0.67137444
0.6707856
0.67316866
0.67305493
0.6925099
0.676022
0.69244194
0.67843825
0.6959507
0.67953193
0.70042014
0.6928586
0.67978185
0.66781163
0.6959971
0.68804127
0.7044692
0.6831563
0.6753965
0.72138965
0.69822717
0.70594364
0.7044433
0.7357184
0.70431876
0.71299964
0.71491057
0.70622456
0.6985745
0.685589
0.7002732
0.6733911
0.6989604
0.6989266
0.69956994
0.7171609
0.69681424
0.6701744
0.72261965
0.71743625
0.72365624
0.7046561
0.7300891
0.6892878
0.6992703
0.68892205
0.7077368
0.69707775
0.68297476
0.7244407
0.6816602
0.68455136
0.68690205
0.69194984
0.66709334
0.6999655
0.66558975
0.709243
0.68903303
0.6771228
0.68133664
0.65320307
0.6768483
0.6707644
0.6887808
0.70034635
0.7107056
0.73200595
0.70954686
0.7130652
0.7214861
0.6887534
0.70872086
0.70293385
0.7029119
0.695539
0.6984406
0.694933
0.7128181
0.692891
0.7019053
0.68645513
0.69797903
0.6958627
0.71227187
0.6961381
0.7031924
0.6879988
0.7184322
0.69299096
0.70485395
0.69091034
0.70591915
0.71395135
0.67385435
0.6822584
0.68789643
0.6964846
0.7016819
0.6954965
0.6871774
0.6917327
0.7048496
0.71186227
0.69429404
0.71952796
0.7147442
0.72753584
0.7145045
0.7076807
0.7013979
0.71050155
0.6874157
0.70479006
0.72441626
0.7127405
0.6926613
0.7000598
0.710911
0.68421
0.6882017
0.6980637
0.6860419
0.6864425
0.6956142
0.67424035
0.6856718
0.6876834
0.6861446
0.67956895
0.68493253
0.7088107
0.6911969
0.6808972
0.6690068
0.67109
0.67733735
0.696408
0.6710771
0.67831016
0.66407025
0.6526587
0.6703601
0.6564002
0.66241145
0.67491704
0.65355885
0.67887896
0.66805893
0.6629072
0.6728955
0.6753749
0.66771334
0.68101066
0.6786986
0.6777045
0.6799413
0.67434657
0.6816215
0.6700591
0.6878465
0.6733473
0.68226
0.68049
0.67097986
0.6754696
0.67661405
0.6799734
0.6773546
0.6817953
