1
0.7603852
0.7594207
0.758481
0.7524837
0.75561607
0.75323343
0.75261015
0.75619584
0.7557545
0.7528119
0.7547268
0.7483359
0.7519611
0.75452757
0.7489169
0.7542313
0.75805414
0.7481194
0.7459509
0.7450878
0.74602413
0.7426871
0.73746645
0.73849964
0.73826915
0.7404008
0.7382308
0.7390502
0.73762923
0.73770833
0.74025553
0.74189216
0.7345233
0.74064696
0.7352957
0.74340576
0.7312755
0.74372935
0.7551183
0.74232304
0.7542242
0.75137025
0.7497398
0.7515773
0.749194
0.74107563
0.74758404
0.74525756
0.7407196
0.7398602
0.73546934
0.73598415
0.7327438
0.7347108
0.7319072
0.7365815
0.7379451
0.7388328
0.73961616
0.7216711
0.7320212
0.72802436
0.72093797
0.73048973
0.7286394
0.73655283
0.7426404
0.74204
0.74268854
0.754025
0.7493135
0.7564644
0.75323594
0.7534971
0.7509733
0.74180084
0.73372376
0.7396494
0.7250394
0.7344396
0.72782266
0.7310156
0.72478795
0.73724896
0.73238254
0.73163575
0.7346526
0.7261606
0.7308448
0.7323063
0.7199402
0.72479856
0.72154623
0.7113603
0.71983004
0.71096754
0.71672535
0.71076554
0.7213793
0.7123973
0.7284643
0.7171707
0.7142306
0.7040474
0.71062046
0.7158795
0.7220703
0.7291627
0.72303504
0.7156542
0.7253354
0.7199408
0.72719777
0.72499734
0.7278014
0.7301714
0.7466323
0.7291345
0.75021255
0.7368536
0.7437065
0.7512514
0.74979323
0.7461512
0.74713326
0.7361612
0.73415184
0.74130434
0.7305638
0.7299006
0.7319508
0.7242303
0.7193297
0.71569073
0.72010547
0.71493506
0.72045606
0.7205143
0.72305995
0.7287546
0.7245101
0.72896373
0.7309327
0.72768086
0.73161983
0.7435644
0.73950565
0.7355928
0.73484564
0.73180157
0.7322627
0.72356176
0.7298802
0.7228962
0.7293194
0.7102732
0.7147505
0.7129553
0.7048102
0.7034339
0.7011543
0.6869971
0.69754523
0.6822896
0.6849077
0.67482084
0.6592526
0.66098493
0.6625287
0.6602115
0.664507
0.67422837
0.67657363
0.6687028
0.67108
0.6518433
0.6511322
0.64496964
0.6370082
0.619174
0.62222505
0.63037956
0.6167096
0.64095163
0.6262092
0.6208639
0.629778
0.61588514
0.6086299
0.6041962
0.59575534
0.6018638
0.59459877
0.6160545
0.6180287
0.62074685
0.615308
0.63224363
0.61953604
0.614379
0.61565506
0.6149792
0.61953914
0.62568
0.6128915
0.5960375
0.6180874
0.6237061
0.63581467
0.6339807
0.62205064
0.6088843
0.60946643
0.61468834
0.6073364
0.6177719
0.6117358
0.6078384
0.6091278
0.6034796
0.60892767
0.6146749
0.6038507
0.60659105
0.62152535
0.62257814
0.624226
0.62152237
0.6238621
0.65350145
0.61590964
0.63311493
0.63003075
0.642218
0.6388424
0.62817043
0.6367341
0.63862944
0.640321
0.64068663
0.66711056
0.63231844
0.6443799
0.66215354
0.6514147
0.6577372
0.67245454
0.67870337
0.6776009
0.67093813
0.6760803
0.6644647
0.66544354
0.6740037
0.6733848
0.65681195
0.67048156
0.6798085
0.6652792
0.668252
0.6619438
0.67573273
0.669704
0.6771343
0.66185546
0.6685591
0.6580486
0.65805405
0.66250944
0.6606287
0.67149585
0.66533476
0.65544105
0.6550771
0.65332276
0.65113217
0.6633713
0.65048426
0.6594639
0.65038115
0.67129564
0.6592356
0.6619981
0.65472704
0.6661406
0.6550442
0.66387975
0.6714087
0.66943204
0.6739841
0.66876817
0.67763543
0.67553437
0.66575617
0.6667239
0.66505873
0.66884106
0.656557
0.6452319
0.6624387
0.639586
0.65390515
0.6496402
0.65771765
0.66744393
0.67138404
0.67404735
0.6832881
0.6584865
0.63435423
0.6170291
0.6218998
0.5961091
0.62005544
0.6126145
0.6260873
0.62207246
0.64606637
0.6397101
0.6496069
0.64611256
0.6647298
0.6537849
0.6668184
0.6589721
0.65427333
0.6543427
0.64260656
0.64181966
0.6415598
0.6332112
0.64101046
0.6383048
0.632069
0.6428296
0.6480731
0.6851441
0.70109886
0.70629656
0.72148913
0.72060853
0.70471483
0.6940616
0.72455156
0.718353
0.7225177
0.7308122
0.7253145
0.71376604
0.7185641
0.7291765
0.7294031
0.7231077
0.7277969
0.71239257
0.70751023
0.7135804
0.7271331
0.732542
0.7282292
0.73396057
0.73181945
0.741886
0.72288764
0.73270106
0.74275446
0.742093
0.741742
0.7398424
0.7353136
0.7195612
0.7229554
0.72055745
0.7330337
0.7184232
0.72575074
0.72518444
0.71843207
0.72330713
0.7199687
0.7170601
0.71802276
0.7149613
0.719367
0.7167686
0.72524804
0.72265476
0.72749805
0.7266808
0.74305594
0.7357021
0.7212417
0.7152628
0.7156172
0.69762826
0.701285
0.6801866
0.6824497
0.68760955
0.6971227
0.7080473
0.7111794
0.71718866
0.70636696
0.7193829
0.71395636
0.70236784
0.69851065
0.6943825
0.69291115
0.7001406
0.70145667
0.7077895
0.70320946
0.6890253
0.68966466
0.6780588
0.69477326
0.70014274
0.7027727
0.6979427
0.69870174
0.6893439
0.68164015
0.67131245
0.6745655
0.6719744
0.67930484
0.67678434
0.681033
0.67682815
0.6677507
0.6691689
0.6949029
0.7152647
0.67513853
0.63998485
0.6469958
0.646135
0.59640306
0.60013175
0.62111735
0.6065744
0.58142394
0.6005719
0.57429266
0.5992838
0.595824
0.59293187
0.59788203
0.5845378
0.57813954
0.5761518
0.5820572
0.5521493
0.5719123
0.5707132
0.5444318
0.5665093
0.5723019
0.5236331
0.58235234
0.5979384
0.56062376
0.624351
0.65345967
0.6283595
0.63568366
0.62990654
0.64883655
0.67098504
0.6799879
0.6639237
0.6951454
0.6837523
0.6961371
0.6916811
0.6817312
0.7057952
0.6947359
0.70026183
0.704007
0.6957802
0.70706695
0.70177984
0.68800795
0.7028563
0.7067559
0.6914935
0.69130045
0.67780167
0.6511853
0.62103564
0.6321176
0.63735193
0.65344703
0.65341246
0.6482804
0.662672
0.64989924
0.6457998
0.622067
0.6139221
0.6106777
0.6052293
0.60196304
0.6048547
0.59058225
0.61829793
0.6365108
0.6244311
0.6316027
0.63935566
0.6354745
0.65667546
0.6288183
0.638802
0.63830346
0.6706403
0.65370893
0.661806
0.65764886
0.6548184
0.6328922
0.6544823
0.65564793
0.65405655
0.6564281
0.6595464
0.6674928
0.64601713
0.66276515
0.6399222
0.630486
0.6515612
0.6519971
0.67934144
0.6669673
0.6588243
0.6494462
0.6544583
0.66570187
0.6603998
0.65389365
0.6706457
0.68010926
0.6744532
0.6617623
0.66587067
0.6547025
0.65381503
0.64717025
0.65028393
0.63086325
0.62739885
0.6454253
0.6275303
0.62824357
0.63781744
0.639152
0.6425767
0.6467514
0.64755315
0.6399464
0.61976653
0.6528128
0.6286035
0.6398698
0.63018286
0.6157272
0.6398222
0.6384469
0.61820173
0.6263862
0.6173014
0.61403555
0.6074562
0.6116544
0.6171288
0.6236289
0.60581446
0.58931786
0.6083137
0.59498084
0.60404295
0.60623384
0.5832615
0.5874847
0.59603584
0.61025035
0.6013592
0.59020984
0.60414433
0.60684943
0.6100023
0.60932994
0.61658984
0.61978686
0.64449346
0.63041013
0.6363271
0.64272195
0.6435918
0.64211744
0.64743
0.6483853
0.6453695
0.6519845
0.649436
0.65651566
0.6674433
0.65704745
0.6547433
0.6500149
0.6299699
0.63887507
0.64276546
0.63309616
0.6497711
0.65894145
0.64676434
0.64699715
0.6397183
0.6407695
0.64656353
0.65880275
0.6479532
0.66225326
0.66656804
0.6592088
0.66131175
0.67843866
0.65801257
0.6768954
0.6675285
0.66277945
0.6702517
0.66704684
0.6731527
0.6755872
0.67125785
0.6702281
0.6680822
0.6708706
0.6717492
0.6785681
0.6757817
0.6744284
0.68387866
0.6796272
0.6688799
0.68120205
0.6933264
0.6695579
0.6769517
0.67682636
0.6718684
0.6784348
0.6660868
0.6813642
0.6803604
0.6708382
0.6709557
0.6623944
0.65936166
0.65503204
0.63441527
0.63035905
0.6513299
0.6554101
0.6577515
0.67073387
0.6646613
0.65452164
0.64928937
0.6469566
0.63740796
0.6386023
0.64119935
0.63914317
0.6639739
0.625711
0.6304594
0.64217883
0.6371181
0.63502634
0.6240991
0.62311804
0.63599175
0.6323944
0.6207789
0.6132769
0.6080344
0.60703534
0.59834
0.57621264
0.5830302
0.5886772
0.57950395
0.585353
0.60263616
0.5892455
0.5897849
0.5904664
0.6001061
0.6091239
0.60166794
0.5837199
0.5795674
0.57940876
0.56720424
0.59374046
0.5570669
0.5492124
0.5645974
0.57901025
0.5703909
0.5885024
0.5962926
0.5696838
0.5759129
0.5661885
0.5812291
0.595085
0.5937351
0.58693695
0.5958693
0.60252136
0.6199328
0.6268881
0.6278324
0.61482763
0.6486664
0.6447174
0.64396423
0.60558677
0.6030035
0.6012024
0.57020277
0.5369924
0.54073405
0.5557748
0.5657388
0.5818715
0.6025697
0.6191704
0.6224626
0.61823976
0.6079152
0.6110382
0.6216418
0.6093504
0.595995
0.58543795
0.5881945
0.59216774
0.5964104
0.5708393
0.58588874
0.5818556
0.57416373
0.5913882
0.5712779
0.5884946
0.5935785
0.59856755
0.6054901
0.6021844
0.5935157
0.60149395
0.59906065
0.60647976
0.58956015
0.590628
0.5947328
0.57910687
0.5921753
0.57987094
0.5819326
0.5770749
0.5800506
0.5819782
0.5966365
0.59109265
0.5765314
0.5770098
0.55441433
0.5549951
0.5632037
0.5473772
0.55070376
0.5359198
0.53337467
0.5210122
0.5342216
0.53382945
0.5317393
0.5566256
0.55929756
0.57428795
0.6045975
0.6194743
0.6347982
0.62546504
0.58764195
0.6298881
0.6032012
0.599606
0.59840703
0.60996896
0.57636917
0.56527793
0.6302744
0.59281117
0.5899332
0.5973777
0.5907127
0.5643223
0.5410793
0.5741684
0.5658527
0.546013
0.56561697
0.56693476
0.57516253
0.5558203
0.56690353
0.5629624
0.5781417
0.6008996
0.61362857
0.65096694
0.6895526
0.6881465
0.6964225
0.7175367
0.71812654
0.729564
0.6834523
0.6655482
0.62584764
0.6452963
0.62752163
0.6656183
0.6568636
0.63865185
0.6286256
0.67144185
0.64639086
0.67312074
0.68968856
0.6832687
0.70036227
0.7023327
0.7008381
0.696794
0.67924666
0.7074087
0.7107654
0.7157815
0.71404874
0.7109816
0.7172317
0.7187793
0.7125887
0.70922905
0.7133433
0.71494603
0.7131585
0.7104914
0.72982484
0.6988497
0.70978826
0.70172554
0.7044086
0.7125917
0.7264144
0.72485864
0.69355804
0.6866291
0.67409134
0.6659675
0.6811849
0.65762293
0.6755174
0.6468899
0.6834173
0.68042994
0.68719786
0.67813474
0.675042
0.67155486
0.69470376
0.6975682
0.7115579
0.686185
0.71164244
0.6926183
0.6728258
0.66627735
0.6528085
0.62336874
0.6177227
0.64290243
0.6440764
0.63789797
0.6031772
0.6331243
0.6452223
0.67682004
0.68272835
0.69395465
0.7070088
0.70308286
0.71515614
0.72089386
0.72425735
0.69421476
0.719988
0.70245314
0.6998707
0.7061767
0.71171606
0.68711823
0.70348626
0.7246988
0.7307052
0.72027975
0.6885604
0.6919021
0.687051
0.67557913
0.7157041
0.68250924
0.68181515
0.68771005
0.7159533
0.6828174
0.6847674
0.70542413
0.68433475
0.66890824
0.68823415
0.6775528
0.6703012
0.64394397
0.64666045
0.6549154
0.6614542
0.6550608
0.6686271
0.6647721
0.6695178
0.66214556
0.6882218
0.67744404
0.69528306
0.6775604
0.656618
0.66116583
0.679444
0.6626619
0.6492526
0.6332254
0.62022775
0.57404983
0.64366525
0.6308051
0.5668702
0.6044421
0.597005
0.58866125
0.5848873
0.60824203
0.56473845
0.57277477
0.60125554
0.5926169
0.5731795
0.5477609
0.5416949
0.51927584
0.53032684
0.5166139
0.51111305
0.4883403
0.4901487
0.47418162
0.5131207
0.50496566
0.5184027
0.48547804
0.51039475
0.5206222
0.5890179
0.554626
0.5456842
0.5464165
0.5488108
0.5591774
0.6040507
0.6723133
0.70497704
0.689059
0.69176674
0.71744657
0.57823974
0.5841715
0.5851663
0.5616403
0.5817434
0.5785467
0.57329494
0.5759737
0.56491613
0.5537831
0.55436575
0.56091195
0.55099434
0.5746309
0.5497696
0.5412057
0.57940245
0.57102746
0.56323606
0.60625017
0.59523475
0.6035086
0.60050064
0.5841852
0.5951012
0.6105985
0.57686627
0.5690874
0.57345337
0.57399327
0.5821298
0.55759925
0.57807124
0.56603044
0.537115
0.5169108
0.5627538
0.5805544
0.5766548
0.568095
0.5739721
0.61045074
0.62659365
0.4659324
0.48254228
0.47516304
0.48886943
0.4830253
0.5348999
0.5141233
0.558813
0.56709886
0.5570205
0.58822376
0.60582066
0.5824021
0.59555304
0.5634984
0.555053
0.5505941
0.5416323
0.5359935
0.5700698
0.59211946
0.6151431
0.6377832
0.63752455
0.6299957
0.6468118
0.62312573
0.5897886
0.56265265
0.51948327
0.5158351
0.5015785
0.50321907
0.4972559
0.49487025
0.4883513
0.49358982
0.48797402
0.4865883
0.48975742
0.48955476
0.46744892
0.49153754
0.48262993
0.50022435
0.51756996
0.53368753
0.5302511
0.49521768
0.50428534
0.50286853
0.5105088
0.5333079
0.49699053
0.48515958
0.4950443
0.4908812
0.48642683
0.49424434
0.50171715
0.53008395
0.5766553
0.60547
0.60061264
0.61144716
0.5987526
0.58222157
0.586342
0.5707836
0.55233085
0.54724646
0.5489725
0.54786974
0.55856615
0.5732426
0.576713
0.55209506
0.5611506
0.5635126
0.5656936
0.58237034
0.60139024
0.5892849
0.60369545
0.5863659
0.6216355
0.59910214
0.63086706
0.5990843
0.60934037
0.5891136
0.59059614
0.5235238
0.4656347
0.48985857
0.4877115
0.4969107
0.5339622
0.5574323
0.5213175
0.5329138
0.5558077
0.5682151
0.58607143
0.5776405
0.58925927
0.5899546
0.5685479
0.5679799
0.53228027
0.55098253
0.5403644
0.523233
0.524942
0.5004442
0.4752497
0.47903663
0.4506971
0.4741306
0.45111817
0.47361553
0.50427413
0.5228285
0.53770643
0.51651716
0.5011065
0.53828776
0.53645676
0.49692246
0.51802456
0.5534241
0.530441
0.53702676
0.53972304
0.4960226
0.5485633
0.54175144
0.51164526
0.51090455
0.49656495
0.46723324
0.49842954
0.4834983
0.49453476
0.5467776
0.4643485
0.48063096
0.5092344
0.50654536
0.5059972
0.5150973
0.5463781
0.5274718
0.53816265
0.55611426
0.5527529
0.550909
0.55699915
0.56582826
0.53972375
0.5477862
0.57388645
0.5579976
0.56708956
0.54075336
0.5639168
0.5512912
0.5446309
0.55576205
0.56493086
0.5992537
0.5977529
0.5816056
0.6108104
0.6058382
0.57839805
0.6124862
0.59080267
0.5598274
0.5698208
0.5977608
0.56142634
0.5605627
0.5577362
0.54747534
0.56070846
0.59033406
0.5451489
0.5778003
0.6142528
0.5538058
0.58254796
0.5948088
0.55987716
0.59583163
0.5955788
0.63917035
0.67552465
0.64691204
0.642389
0.677614
0.5793819
0.62821335
0.6611393
0.56399536
0.6346515
0.6250166
0.54322255
0.5791946
0.540895
0.5353582
0.53603226
0.5490092
0.53324854
0.5108445
0.5284762
0.5063706
0.5191342
0.51553035
0.5178644
0.5585772
0.5267505
0.5578557
0.5810318
0.60944575
0.6249961
0.6262977
0.6324837
0.6439083
0.63729507
0.6261154
0.580481
0.5559309
0.5331274
0.52856475
0.53699833
0.55743337
0.55996263
0.56172615
0.5603471
0.56173396
0.563709
0.5907523
0.6146899
0.59972364
0.60855204
0.62962085
0.6051949
0.62044847
0.61276764
0.6162141
0.6220123
0.62762266
0.6129639
0.58808863
0.5783596
0.5587322
0.56762594
0.56171626
0.55492824
0.55511695
0.55865115
0.58656776
0.5427106
0.54642355
0.5299942
0.5233193
0.5072856
0.49559134
0.49998417
0.5132967
0.52883905
0.53645355
0.5513589
0.56850785
0.57719606
0.57866794
0.5726397
0.57101643
0.56437045
0.5628632
0.57313085
0.58627456
0.59573555
0.6034021
0.5949029
0.59528923
0.5742707
0.57753074
0.5787093
0.5980405
0.5980201
0.58497405
0.60923845
0.6128161
0.6446507
0.63007545
0.6066752
0.60343647
0.59799236
0.6058792
0.6097772
0.59058076
0.5778119
0.5641517
0.56363046
0.5589173
0.5768347
0.5827613
0.61081284
0.6090409
0.5972853
0.618575
0.6222687
0.6109095
0.6277431
0.62372625
0.6035139
0.6286949
0.6382898
0.6457023
0.64048094
0.63384575
0.63647616
0.62922704
0.6236488
0.63016975
0.6344833
0.62310857
0.6167706
0.6240969
0.6245327
0.6141257
0.6280294
0.627673
0.62509626
0.61893547
0.6178969
0.6159166
0.6097221
0.62295675
0.6241607
0.5763375
0.6075
0.598012
0.59172916
0.58372486
0.5907412
0.59325665
0.5795506
0.5589234
0.5266924
0.5390546
0.5320395
0.53546566
0.56831795
0.56716526
0.58595085
0.57530665
0.5438375
0.5256451
0.51580733
0.5580497
0.53925955
0.537859
0.53837836
0.5080215
0.5176524
0.5174545
0.49769822
0.5168356
0.5019809
0.53290117
0.53038746
0.53552383
0.5375171
0.5019432
0.4914934
0.50469154
0.48943198
0.47678486
0.46470976
0.465703
0.4536359
0.43522012
0.44956642
0.4371527
0.4460939
0.46066836
0.47791088
0.46628633
0.47830734
0.50273246
0.5051172
0.51281154
0.5340118
0.51277214
0.5247241
0.55146253
0.57276267
0.5561217
0.5951073
0.5512403
0.5228313
0.52162516
0.5182011
0.50845575
0.49866936
0.48683098
0.49430183
0.52165043
0.5057346
0.5078524
0.50066316
0.5501507
0.5216673
0.5324427
0.5231788
0.5253324
0.5320333
0.5393029
0.5254115
0.57177764
0.56262654
0.5572976
0.5534788
0.5413283
0.53672695
0.5405195
0.5336774
0.5245468
0.5133048
0.5357167
0.50965
0.5186581
0.49207193
0.47284776
0.45309263
0.4297172
0.44673508
0.44826883
0.4488603
0.4649442
0.45423257
0.45202798
0.48813167
0.48531666
0.4777455
0.4895171
0.49779665
0.5063109
0.5164804
0.5433329
0.54448116
0.5693677
0.5619985
0.5415367
0.55678946
0.55932903
0.5544277
0.54118437
0.5382505
0.56098944
0.5778214
0.60498065
0.6268574
0.62274915
0.6243293
0.6281862
0.6240765
0.597246
0.5419196
0.536824
0.56344163
0.58773434
0.59103835
0.62924576
0.6646396
0.6523286
0.6506128
0.6622996
0.6203179
0.6276788
0.6031422
0.58564633
0.6083295
0.59750617
0.60019183
0.59964305
0.57827306
0.61240214
0.6026076
0.58859754
0.62808335
0.6267344
0.6007593
0.5760211
0.61428
0.57560873
0.5798231
0.58132166
0.5536152
0.56659514
0.5531758
0.5530324
0.5625731
0.54225755
0.5614069
0.5625824
0.5891627
0.5807346
0.5636575
0.5886341
0.5906373
0.5906532
0.6180996
0.6102753
0.6033552
0.60239846
0.58907783
0.57395184
0.60324466
0.6087823
0.6123497
0.61748576
0.60795563
0.6227932
0.61787605
0.6270037
0.6425067
0.6303385
0.6307929
0.61926436
0.62508744
0.62205863
0.61479884
0.6225391
0.6220509
0.61279297
0.6218335
0.61154497
0.6151717
0.6265563
0.61835104
0.60807085
0.6091154
0.61902225
0.6081547
0.6050989
0.6021983
0.6054612
0.6032317
0.5927257
0.60467136
0.60025644
0.58952194
0.5738803
0.58434594
0.5848506
0.5801036
0.5595892
0.54323375
0.5368323
0.5353536
0.54479635
0.5574271
0.53591096
0.55014217
0.55109054
0.5386729
0.54006207
0.5643347
0.56800544
0.57292354
0.5788377
0.5730289
0.5679532
0.5607485
0.5664058
0.5655272
0.56846863
0.5660631
0.5450994
0.54733276
0.52526134
0.5245912
0.52187485
0.52219874
0.5483948
0.5482369
0.56352437
0.5559347
0.5527441
0.5611638
0.5552367
0.5458543
0.56184715
0.54652816
0.5469422
0.54041433
0.5595861
0.5359692
0.5438061
0.54232997
0.5317092
0.52661616
0.516414
0.5060536
0.5308605
0.5319038
0.52816385
0.5294253
0.53429526
0.54552263
0.53434557
0.5521791
0.5398668
0.5496761
0.5415475
0.52655596
0.5292723
0.5250104
0.49576914
0.5285008
0.5069925
0.5052984
0.49768853
0.4925746
0.49382672
0.504708
0.4898035
0.49647027
0.50158054
0.51780564
0.5298143
0.5537549
0.57517976
0.56409943
0.52986646
0.52069384
0.50587654
0.5147214
0.52913654
0.5264528
0.53074336
0.5570651
0.5636792
0.5675956
0.552399
0.54897
0.54313797
0.52245045
0.49600697
0.47651508
0.4993635
0.49379605
0.5026245
0.49698567
0.50658053
0.5256977
0.5259393
0.5306021
0.5382128
0.57136315
0.56252515
0.5591663
0.5738528
0.55349594
0.5535786
0.55942065
0.56980556
0.56649464
0.57096916
0.5721092
0.5596565
0.5521155
0.55486214
0.53202015
0.5293592
0.51999784
0.52786577
0.5161357
0.53083163
0.5221075
0.5406753
0.5289826
0.5335231
0.54231215
0.53823787
0.53242296
0.53095835
