1
0.691282
0.6919343
0.68839717
0.69117105
0.69202054
0.6925277
0.6907365
0.6923619
0.6907046
0.6927209
0.68984246
0.6908148
0.69212186
0.69160926
0.69283617
0.691486
0.6926095
0.69189614
0.6924621
0.69238156
0.68961424
0.6918549
0.6921031
0.6915965
0.6892967
0.6894338
0.69266677
0.6893783
0.6911706
0.6906777
0.6924844
0.688389
0.6920061
0.6895513
0.6931515
0.68886465
0.69298065
0.6896427
0.69167095
0.68906665
0.6945584
0.68956435
0.6924955
0.689313
0.68846935
0.68787634
0.6872592
0.6882813
0.6896105
0.68942297
0.6894947
0.6893937
0.68310696
0.68972665
0.68026364
0.68489224
0.6793812
0.6831464
0.6803142
0.6834581
0.67957026
0.6809426
0.67919713
0.67647266
0.67518723
0.6748735
0.67181736
0.6734943
0.67071444
0.674706
0.6700622
0.6743028
0.6719791
0.6725415
0.67240816
0.67294884
0.671691
0.6781199
0.6722177
0.6779071
0.671632
0.6779743
0.67318964
0.6741465
0.6785321
0.67911506
0.67495227
0.6821756
0.6811046
0.67908454
0.6793108
0.67305464
0.6775125
0.6718026
0.6727149
0.6708911
0.67236876
0.6708662
0.67230135
0.6765576
0.6719078
0.6682245
0.66340303
0.661861
0.6587128
0.6681715
0.66944087
0.66549987
0.6587163
0.6640909
0.65589696
0.66350085
0.6570832
0.6699931
0.6635715
0.6706916
0.6655998
0.66884553
0.66599894
0.66249675
0.66218495
0.6621872
0.6627925
0.6602305
0.66526973
0.6621597
0.6632932
0.66580665
0.66493773
0.6694739
0.66888624
0.66826916
0.6665525
0.6718476
0.6685403
0.66971636
0.6669577
0.6667933
0.67106205
0.6737482
0.67000514
0.6720428
0.66913813
0.67002714
0.66107017
0.6640538
0.66420764
0.6625403
0.6577765
0.6603557
0.65749365
0.6601442
0.6598607
0.6678513
0.6607923
0.6644466
0.66482615
0.6544923
0.6557492
0.65625757
0.65484285
0.6574843
0.6593617
0.66144055
0.67283106
0.66239816
0.67597175
0.66695654
0.67345643
0.666709
0.6730389
0.66810596
0.6676813
0.6633231
0.6636106
0.66383
0.66352606
0.66823494
0.66277826
0.66160095
0.66173786
0.67408705
0.670952
0.67243475
0.6771589
0.6823956
0.68470323
0.67788815
0.68187255
0.6863944
0.6939549
0.69449866
0.7019557
0.6935589
0.695881
0.6889439
0.6840876
0.6931511
0.7026253
0.7139047
0.72356725
0.73264456
0.7245638
0.7222257
0.68154854
0.6852793
0.6928986
0.69169533
0.7023466
0.6949437
0.6921945
0.6926622
0.69249827
0.69517726
0.7020377
0.709676
0.71297556
0.70793736
0.7102462
0.721607
0.72465223
0.7138041
0.719813
0.71003956
0.7158141
0.71052605
0.71646833
0.72272974
0.7213329
0.7238496
0.7305647
0.7169491
0.71440977
0.7191837
0.7058459
0.7054846
0.7067317
0.71029884
0.68920577
0.6912812
0.66773456
0.67287004
0.6665179
0.6605794
0.65722114
0.6557495
0.6577929
0.6522998
0.65345085
0.65453196
0.6348491
0.6413429
0.6154621
0.61670566
0.6195749
0.61385053
0.61899036
0.61620444
0.6362569
0.6248241
0.6183523
0.6132886
0.6204332
0.61561286
0.62380457
0.62063694
0.6068241
0.6155133
0.60523796
0.6164359
0.5974387
0.5858609
0.5841121
0.57760394
0.57140315
0.5741726
0.5626707
0.5701413
0.5779782
0.56522167
0.5660738
0.5579522
0.5377633
0.537858
0.5359621
0.5359576
0.51632005
0.5255359
0.525555
0.5288191
0.53213096
0.5230388
0.52612394
0.5418811
0.5670796
0.5548391
0.56340224
0.55323464
0.5592593
0.55066645
0.54864866
0.5371793
0.54747146
0.5337946
0.524163
0.5365218
0.52619547
0.5303403
0.5294584
0.53081906
0.5299029
0.50963926
0.5288117
0.51581043
0.519772
0.5324693
0.5410535
0.53791773
0.5296519
0.52736396
0.5193702
0.5220381
0.5271505
0.5066657
0.51060015
0.49982056
0.5105866
0.53423035
0.514943
0.52633584
0.4977721
0.49012232
0.5023849
0.49855447
0.48468697
0.4837831
0.4927702
0.49844489
0.49002355
0.50365335
0.49555832
0.4973267
0.49070045
0.5005887
0.5198269
0.5081019
0.51446146
0.5060956
0.49431613
0.5112175
0.50643235
0.5074528
0.51339126
0.5249398
0.5282902
0.52247065
0.5148732
0.5203051
0.5163817
0.50574464
0.5081029
0.5195874
0.5211163
0.52160645
0.5087614
0.5060905
0.52140594
0.50919473
0.49302077
0.49876568
0.5130326
0.5114739
0.5074345
0.52053064
0.53594947
0.5469471
0.5500787
0.5475713
0.5540293
0.5532286
0.56222874
0.54548585
0.53536993
0.5316965
0.5141163
0.50021386
0.5001387
0.48033684
0.4704043
0.47116247
0.4772426
0.45366487
0.4567111
0.46256855
0.442251
0.46594253
0.46040723
0.46245697
0.45879313
0.45838416
0.4464614
0.46452826
0.4564423
0.44595876
0.4370378
0.44239348
0.4524327
0.45239824
0.45087984
0.4643105
0.46298826
0.44460723
0.45280567
0.45617077
0.45588067
0.45128715
0.44883013
0.4401569
0.4781499
0.4626075
0.4428885
0.4471124
0.47665223
0.4682926
0.44781512
0.45821732
0.4791618
0.48854277
0.49332154
0.50316334
0.52074105
0.5104872
0.506441
0.5087092
0.52175707
0.53537786
0.52696526
0.5411956
0.55755234
0.53373164
0.5376981
0.5285708
0.52915037
0.52634096
0.5199878
0.508511
0.49865946
0.5040309
0.51909477
0.5134908
0.50561094
0.5052625
0.49162197
0.5066284
0.49935508
0.4989745
0.48095092
0.48546726
0.48982936
0.468268
0.47570688
0.47408885
0.48937154
0.48953575
0.4906324
0.49452358
0.48724043
0.4920893
0.4987292
0.5059053
0.5032507
0.52727544
0.52104336
0.4961331
0.50191694
0.5035014
0.5042142
0.5198046
0.50540346
0.5132212
0.5001376
0.5082459
0.5123817
0.5028961
0.4940024
0.507174
0.5058684
0.49620646
0.49990055
0.50772566
0.5251036
0.5259811
0.51774657
0.54096866
0.5434967
0.5472702
0.555662
0.5522255
0.5542272
0.54906875
0.5619301
0.56177765
0.5633395
0.5532313
0.5488089
0.54801977
0.5476194
0.5520185
0.5456747
0.5630065
0.56364363
0.58232075
0.5682572
0.58358616
0.576635
0.58359987
0.59017515
0.5757721
0.57383364
0.5816948
0.5542282
0.56777275
0.5601514
0.5550233
0.55263555
0.55344796
0.5498844
0.555502
0.53288406
0.5658275
0.53609145
0.5434563
0.53653646
0.54690087
0.5255271
0.5250389
0.5279108
0.5296499
0.52818185
0.52573174
0.5303559
0.52301115
0.5348662
0.5293064
0.5370817
0.52503693
0.52355254
0.5333427
0.51281476
0.50731117
0.5234818
0.52601886
0.51850104
0.4952388
0.517584
0.49888292
0.5250831
0.5231319
0.5149094
0.49422753
0.518097
0.50766075
0.5252468
0.5074448
0.51533425
0.5182458
0.5313911
0.5073007
0.51552135
0.51524764
0.51730615
0.5099825
0.52064425
0.52415985
0.52145886
0.51144046
0.5153205
0.505972
0.5061765
0.5027486
0.5117822
0.50991774
0.51027596
0.50677544
0.5067246
0.5012162
0.507835
0.51875377
0.5239306
0.51211196
0.52936345
0.52156675
0.5096171
0.5318828
0.5046559
0.5213681
0.5076841
0.5230363
0.49652535
0.51839316
0.5033307
0.52080756
0.50602174
0.5033993
0.49913174
0.48968926
0.49482238
0.4980652
0.4912417
0.48703942
0.47510654
0.48996273
0.46690395
0.47375324
0.4796871
0.48233914
0.4901092
0.46932822
0.4716472
0.4861434
0.49187818
0.47264883
0.49466613
0.4856991
0.48144668
0.491224
0.48454383
0.48759088
0.50505203
0.5093799
0.49506202
0.5013053
0.49890152
0.49289858
0.49827915
0.48284733
0.51416844
0.5062557
0.5195158
0.5269711
0.52220905
0.5118473
0.51316917
0.53048426
0.5090593
0.5160453
0.52220035
0.4986653
0.5202063
0.50014275
0.5033643
0.5038513
0.50966156
0.51336336
0.49555007
0.5177839
0.5010312
0.5023572
0.49679863
0.4802782
0.49251372
0.47284818
0.48571116
0.46380237
0.48231563
0.49676013
0.51809114
0.4948447
0.47964025
0.51031494
0.49678054
0.4984352
0.4988959
0.4947612
0.5023896
0.49776992
0.5118722
0.50408816
0.4872428
0.49858704
0.5230455
0.5097619
0.50666267
0.5003395
0.49835888
0.51541966
0.5262107
0.5349046
0.5023961
0.53890914
0.51505876
0.49070024
0.5091012
0.48305368
0.5284644
0.5554675
0.5345192
0.5192699
0.4993988
0.54509085
0.5260942
0.5198262
0.53307974
0.55271816
0.569438
0.5333491
0.52295834
0.50803465
0.53214914
0.5155463
0.511342
0.4961205
0.48566642
0.50709033
0.4895118
0.47999573
0.4840019
0.4965574
0.4578378
0.4821202
0.4658243
0.4809205
0.471007
0.45436606
0.45188552
0.4519184
0.4399147
0.45537847
0.44419312
0.47672513
0.44789606
0.4561648
0.446239
0.45194507
0.43714163
0.4522575
0.4625984
0.44310626
0.45774376
0.46481755
0.4657282
0.44718218
0.4491966
0.4696595
0.45412126
0.47513205
0.489395
0.48392123
0.4837791
0.46804675
0.46642956
0.4514403
0.4776723
0.49150062
0.49787378
0.47983503
0.50935966
0.5072317
0.5304101
0.50122505
0.5123877
0.524608
0.5257723
0.514971
0.4937066
0.48906735
0.49986073
0.52381945
0.5031382
0.5277201
0.5115752
0.5297371
0.53200537
0.5357538
0.53456134
0.52996546
0.5169677
0.50724536
0.50664
0.50092894
0.49920553
0.5020932
0.5206403
0.5200148
0.5072114
0.5274774
0.51084614
0.51227903
0.5048318
0.5083777
0.5150522
0.5214855
0.50931275
0.50488824
0.50650257
0.49057147
0.5193174
0.4905713
0.5006194
0.475333
0.4569973
0.45929042
0.4771192
0.48320493
0.48701164
0.4880422
0.49220854
0.49627635
0.5122962
0.51937246
0.54580986
0.5575192
0.60128766
0.6217616
0.53580594
0.5884439
0.5897029
0.5882837
0.5813327
0.58989966
0.5787492
0.56299496
0.54701406
0.5380596
0.5288027
0.5280193
0.53360766
0.52839184
0.5323964
0.5466081
0.5472404
0.5484552
0.52265966
0.54869473
0.5194066
0.51743555
0.5364797
0.5459604
0.5574435
0.57182413
0.5678242
0.57298297
0.57591736
0.55871046
0.55489695
0.53409
0.5051868
0.486676
0.46798062
0.44269177
0.41269422
0.43573073
0.41609797
0.44490317
0.47031045
0.44977918
0.51565516
0.54688627
0.53942585
0.56300837
0.56211966
0.56344706
0.5294609
0.47982845
0.49154523
0.4651021
0.45349148
0.4903285
0.47282013
0.47677088
0.5337781
0.5346123
0.5498985
0.532663
0.53669494
0.5386441
0.54468626
0.5007252
0.48514736
0.5236551
0.5191378
0.5013583
0.5248445
0.4866372
0.5215411
0.5363941
0.5050358
0.48554927
0.48400673
0.46598265
0.46330416
0.48680323
0.4858524
0.47718424
0.4715938
0.4937528
0.50691503
0.46862486
0.47335073
0.49411768
0.5050108
0.46945557
0.47706017
0.4838458
0.457607
0.461421
0.48464635
0.50045955
0.4749295
0.47009346
0.48440942
0.50198203
0.49631566
0.5037378
0.52562255
0.55325717
0.5416995
0.51248556
0.5495418
0.5336634
0.53942966
0.52976376
0.5247212
0.52878004
0.52551204
0.5080743
0.5167448
0.50531274
0.5061661
0.5044477
0.5354779
0.52954805
0.5220879
0.49250513
0.50168514
0.46545574
0.51088536
0.5374539
0.5286275
0.52816325
0.53479064
0.5127246
0.49713197
0.47358632
0.46867394
0.4734291
0.49399996
0.5302128
0.57990307
0.6159379
0.6303469
0.6078412
0.60758746
0.61747736
0.5853425
0.5795289
0.57927036
0.528327
0.49969324
0.50529456
0.51684934
0.5425601
0.55283934
0.5256045
0.53146464
0.5369567
0.49929017
0.5026346
0.50536895
0.53168327
0.5314877
0.5458446
0.5335903
0.53337854
0.5169957
0.51722836
0.5113055
0.50320154
0.4861499
0.4548334
0.46257138
0.4505962
0.46204656
0.4591861
0.47251517
0.47649348
0.4946518
0.4978719
0.52257186
0.5251965
0.5507837
0.55130345
0.5495809
0.5689329
0.54654837
0.55022585
0.55233157
0.5550692
0.54414773
0.5312944
0.5598322
0.53380656
0.536401
0.5414289
0.5448777
0.5553843
0.5497656
0.54511756
0.5343536
0.52692497
0.5229748
0.5241587
0.5116855
0.544153
0.5632511
0.5601005
0.544337
0.5393209
0.5305438
0.5199423
0.5133003
0.51697105
0.5218488
0.5235782
0.5352319
0.5413144
0.54874486
0.55462366
0.5589961
0.55205655
0.54981756
0.55698
0.5571934
0.56473064
0.56552196
0.57025874
0.5643815
0.56599325
0.5532958
0.54903084
0.5474964
0.53395015
0.5394602
0.53724885
0.5311213
0.53841156
0.54318017
0.5569812
0.569091
0.56359494
0.55426514
0.53944606
0.51198906
0.51152056
0.5036421
0.49570295
0.49906564
0.50207484
0.49726227
0.48362005
0.47769326
0.48296997
0.48025253
0.5037823
0.49283803
0.52051884
0.52433074
0.5555845
0.57082504
0.55788624
0.5698798
0.5817049
0.59759736
0.59682566
0.6033983
0.59365493
0.6149539
0.6052823
0.6110766
0.60505563
0.60369384
0.59424466
0.59092253
0.5880591
0.5887786
0.57261586
0.5679015
0.54566044
0.5373456
0.5232034
0.5202771
0.50929135
0.5106357
0.51176965
0.5078286
0.5112096
0.49559054
0.4967263
0.49756813
0.5034261
0.5007691
0.4943511
0.49624798
0.5011938
0.4956308
0.49779922
0.50521487
0.49767384
0.49775395
0.47617784
0.49620175
0.507587
0.5098682
0.4946087
0.5124156
0.5069994
0.51165205
0.4929749
0.5206198
0.51713604
0.49964455
0.46615377
0.474328
0.49975377
0.49767977
0.5107428
0.5043218
0.51626575
0.5155758
0.5199784
0.51693887
0.50491476
0.4995098
0.49534371
0.49665618
0.48892212
0.48540974
0.49023592
0.49557152
0.5065388
0.50937325
0.51382387
0.51386285
0.50208515
0.50982714
0.5093692
0.51358145
0.5115702
0.49647626
0.50667775
0.49751848
0.5181146
0.5182983
0.5213448
0.5387496
0.53297675
0.53743225
0.53307945
0.53744483
0.50484735
0.49401367
0.49063942
0.47321126
0.47555724
0.47556996
0.4571837
0.48207742
0.4931114
0.4933938
0.4814089
0.48632953
0.48575273
0.48935917
0.49555156
0.50197583
0.5110032
0.5274958
0.5262025
0.5350382
0.55068505
0.5463102
0.5600041
0.5619767
0.5702525
0.5705048
0.567691
0.5585019
0.55606484
0.5496664
0.5565444
0.5424927
0.5449999
0.54563564
0.5311885
0.5409152
0.5344181
0.54190534
0.54649097
0.5389707
0.5548298
0.54436827
0.5728106
0.5482048
0.56434596
0.5546073
0.54646605
0.5416504
0.55783993
0.5318138
0.5462238
0.54747534
0.5583719
0.5624407
0.5688884
0.5731799
0.612142
0.56216735
0.5787121
0.553308
0.5486978
0.56704086
0.58683336
0.5731613
0.58183
0.60004556
0.5910624
0.61854714
0.6070272
0.64431113
0.6165662
0.6210879
0.65441924
0.65817416
0.63739985
0.6496689
0.65998864
0.6611897
0.6550499
0.6572226
0.65996176
0.64919466
0.6672158
0.6573961
0.6529742
0.6580417
0.6493471
0.65282285
0.6711228
0.6612763
0.67107296
0.6838058
0.6751847
0.6635322
0.6778593
0.67873585
0.67180246
0.6783166
0.6784363
0.6752512
0.6718595
0.6702282
0.6726844
0.66991955
0.67074174
0.6814923
0.6786042
0.6880209
0.69821006
0.6848912
0.6850424
0.68528926
0.67029536
0.6515042
0.646857
0.6331716
0.6087818
0.6257547
0.6105691
0.61231965
0.6067916
0.5980921
0.6157944
0.58754665
0.5996477
0.6121855
0.6080724
0.59500235
0.5906974
0.5770003
0.57457656
0.57338864
0.55771726
0.56702703
0.56693405
0.567092
0.55472744
0.5602321
0.5446891
0.5697701
0.5815101
0.57828194
0.5903386
0.59341604
0.5985433
0.601846
0.60143167
0.62574905
0.6414423
0.62839407
0.65687263
0.6491905
0.64696133
0.653998
0.6632199
0.66167486
0.667618
0.6672681
0.66492826
0.67221457
0.683738
0.66372436
0.66892123
0.6709466
0.6821785
0.671995
0.6733186
0.6756011
0.6551805
0.6721394
0.6642633
0.6607334
0.64943856
0.65240127
0.65402967
0.6456383
0.6565101
0.6732555
0.6657624
0.6642427
0.6653579
0.6798323
0.6820502
0.6739106
0.69576323
0.6940021
0.6909348
0.6883069
0.6876733
0.69338167
0.68783826
0.705123
0.69985706
0.7110891
0.69793504
0.6996211
0.7017053
0.68826294
0.6950741
0.6914105
0.6847415
0.686328
0.68612635
0.68858016
0.6889483
0.6949926
0.68277746
0.6899421
0.6796324
0.6772309
0.6942069
0.70595396
0.69282585
0.69847625
0.6884349
0.69659144
0.6926038
0.7008567
0.69756997
0.7027143
0.7048008
0.7022674
0.7249508
0.6900691
0.7168169
0.70847595
0.70882475
0.706438
0.69225043
0.671235
0.6848555
0.6670546
0.65149224
0.64123166
0.645872
0.63601166
0.6418504
0.6453505
0.6494578
0.6402181
0.63412863
0.6433742
0.6523347
0.64076906
0.64917326
0.64335895
0.64386874
0.6794958
0.68787426
0.6647436
0.6655997
0.66439337
0.6634042
0.67726946
0.6772996
0.7023552
0.6843466
0.6636363
0.65349233
0.64272857
0.6573043
0.6204713
0.6105822
0.61867934
0.62284285
0.636881
0.65940964
0.6638229
0.6527439
0.6297434
0.60557705
0.58594716
0.59994423
0.57764184
0.5723182
0.5587441
0.54805934
0.56955826
0.5827412
0.5719252
0.5753364
0.55499023
0.54014707
0.55460435
0.5551521
0.5519377
0.54968804
0.5513694
0.5480138
0.5571463
0.54571337
0.52963656
0.53410673
0.5399231
0.5340903
0.54637927
0.5468667
0.562469
0.55602866
0.5587348
0.5591776
0.56042904
0.5733793
0.5522928
0.5800518
0.55408335
0.5682411
0.55697876
0.57749236
0.5488391
0.5549698
0.577405
0.57756895
0.5924864
0.5929057
0.5479741
0.5827157
0.5417206
0.5300456
0.54640675
0.56764424
0.58388776
0.59588283
0.5964856
0.58651507
0.57276034
0.55205566
0.5465008
0.5382503
0.53422076
0.539503
0.5461265
0.55391395
0.5649253
0.5617835
0.60066414
0.5942765
0.5826747
0.58930576
0.57038975
0.5790586
0.56924343
0.57445604
0.58730674
0.56835043
0.5624005
0.53602004
0.52642554
0.5116494
0.51182073
0.4864765
0.5117792
0.51445377
0.5096202
0.5351278
0.5448009
0.54242164
0.5351962
0.54187554
0.5461388
0.5195105
0.5430382
0.52633697
0.52259815
0.51105416
0.5250966
0.5420153
0.53328085
0.5208094
0.52490914
0.53893036
0.51889
0.5213051
0.5441488
0.5181742
0.5360119
0.5471724
0.5274462
0.53441083
0.54124767
0.55236894
0.56669843
0.56887054
0.55611724
0.57923037
0.5857536
0.577285
0.5850952
0.57693654
0.56729686
0.59778196
0.5780055
0.5757954
0.5687732
0.56227183
0.5664359
0.55238247
0.5332213
0.5607257
0.55297285
0.53524834
0.558384
0.5606669
0.55498767
0.54565525
0.53754073
0.52527833
0.5265065
0.5445198
0.5464177
0.5271655
0.52494335
0.51478493
0.5360093
0.50844437
0.51433086
0.5086574
0.48566902
0.50417846
0.49051946
0.5047934
0.50529975
0.49928188
0.51352745
0.49631467
0.5132116
0.51396525
0.5159552
0.5170967
0.4897154
0.4906001
0.50090647
0.50276566
0.5013784
0.49810684
0.48576564
0.4955293
0.5035113
0.48643515
0.49721095
0.4935881
0.5008476
0.50009984
0.502498
0.5172082
0.4960184
0.51575506
0.5106888
0.50455564
0.5184563
0.51354384
0.51503724
