1
0.74661416
0.74100727
0.74590683
0.7450604
0.74973106
0.7511629
0.74842995
0.75295544
0.75140744
0.75154257
0.75477374
0.7581937
0.7545412
0.75699574
0.753002
0.7534581
0.7497077
0.749856
0.75474644
0.74666625
0.74879485
0.7469189
0.74906456
0.75111276
0.7483606
0.74919796
0.7535916
0.7549651
0.7529333
0.7408338
0.75249475
0.75119144
0.7477507
0.74941343
0.75008583
0.75077134
0.74928886
0.7509973
0.7509879
0.75320727
0.7499973
0.75275296
0.7542296
0.7446749
0.74622685
0.7534955
0.7554507
0.74935454
0.7564948
0.7557838
0.75307035
0.76000965
0.75801134
0.7514119
0.76525277
0.7521442
0.7511546
0.7564078
0.7571161
0.7508673
0.7503453
0.7462028
0.75008607
0.74571234
0.7363822
0.72758985
0.724657
0.7296841
0.7200699
0.73353595
0.73893714
0.7484011
0.74678236
0.7511322
0.75256395
0.75482005
0.7508099
0.74934155
0.74767596
0.7503719
0.750072
0.758362
0.75273746
0.7463134
0.7530001
0.7502585
0.75544953
0.75421697
0.7583422
0.7504198
0.7425549
0.7467863
0.73966724
0.7398273
0.7483378
0.7404765
0.7370162
0.74025476
0.7459894
0.74516076
0.7465201
0.7419847
0.74273586
0.7379154
0.73010504
0.74434936
0.7343691
0.72528464
0.7250075
0.71748734
0.7043389
0.7124258
0.70857334
0.70651555
0.70347387
0.7113939
0.7177379
0.71457124
0.7104908
0.70967543
0.7050879
0.7076778
0.7095672
0.7123189
0.7192698
0.72614455
0.72521406
0.7349076
0.73658216
0.7374121
0.73760045
0.74265563
0.74934757
0.7567919
0.7530226
0.7648472
0.755093
0.7464426
0.75989157
0.74847686
0.7445986
0.7465044
0.7265919
0.73210186
0.7134119
0.7033894
0.7008683
0.7127899
0.69717
0.69680816
0.6735876
0.683075
0.6802459
0.6811024
0.6859244
0.67608416
0.6790489
0.6562966
0.6689363
0.6466361
0.6323638
0.6219479
0.62063015
0.60255986
0.6105502
0.611036
0.5967797
0.622694
0.577376
0.61007255
0.5989299
0.5945884
0.58880883
0.58409834
0.5751851
0.57462525
0.5732171
0.55984503
0.57411116
0.57308596
0.57348967
0.58028454
0.5785037
0.54012376
0.5400711
0.54569817
0.5495671
0.54762363
0.578149
0.58578354
0.56806844
0.57174623
0.61424595
0.61287
0.6109768
0.62975234
0.6280622
0.62442195
0.6056303
0.6155066
0.61050975
0.6096407
0.61011064
0.6165
0.6111244
0.6048975
0.6191664
0.6136704
0.6066242
0.6044654
0.6168774
0.6092329
0.619925
0.6209015
0.6174828
0.6184118
0.6251117
0.6297773
0.6033113
0.6067365
0.60237795
0.6074148
0.5981626
0.59098035
0.59073085
0.5949993
0.59711725
0.5957034
0.59636927
0.59474784
0.611659
0.61172616
0.598035
0.5996324
0.58915347
0.59088635
0.5971659
0.59170276
0.58153635
0.5892862
0.592024
0.5818978
0.5866963
0.5727286
0.57796574
0.5516911
0.53093797
0.5182555
0.5486693
0.56979173
0.5876103
0.5905524
0.5829149
0.5853223
0.5853824
0.5777876
0.57651126
0.5715254
0.5758771
0.5659334
0.5733293
0.56193334
0.5856932
0.5776915
0.5896057
0.596035
0.5830571
0.60102075
0.60146946
0.6086454
0.61899924
0.63208926
0.6247533
0.6445249
0.64552987
0.627153
0.6601007
0.6578786
0.6687083
0.6737257
0.6600296
0.6570405
0.6556507
0.66064805
0.65573186
0.6657537
0.65668386
0.6630809
0.64672387
0.6603365
0.639565
0.63564324
0.6577732
0.66833586
0.6854877
0.70870346
0.70775974
0.7141015
0.716537
0.7445952
0.73843044
0.7468575
0.7473354
0.75093925
0.77419716
0.761536
0.7599026
0.7611809
0.73570347
0.6935743
0.70712495
0.70398974
0.7003269
0.69579285
0.6997753
0.68265814
0.6825744
0.7041782
0.7288426
0.7212093
0.7278391
0.72146916
0.71591836
0.74230427
0.7289897
0.7273328
0.7272949
0.729713
0.7174402
0.72345924
0.7313174
0.71915865
0.7332572
0.72265905
0.70713603
0.6998937
0.6924452
0.68513757
0.68195915
0.6649112
0.6508128
0.6516585
0.653144
0.65772027
0.66014117
0.6335053
0.6175223
0.59626365
0.56746745
0.56595176
0.53642154
0.5134244
0.5135857
0.48309615
0.49744967
0.5150573
0.5160899
0.5233697
0.53782547
0.57158124
0.5938778
0.6173325
0.6463398
0.64624524
0.65767527
0.6552073
0.65050364
0.6437646
0.6508878
0.64326215
0.66588867
0.6803658
0.70461994
0.6881923
0.70701903
0.6860151
0.70067835
0.6861804
0.7014261
0.69131577
0.7017648
0.70342076
0.704287
0.7060554
0.72989297
0.723822
0.72275203
0.71987003
0.71481687
0.7120568
0.70045197
0.7104396
0.69203484
0.6731719
0.682977
0.6653086
0.6742178
0.6694199
0.6747361
0.659359
0.69218457
0.66805965
0.691452
0.6728428
0.6785069
0.66028374
0.67645746
0.65777993
0.669395
0.65774965
0.66343814
0.6490886
0.65163517
0.6403618
0.6475121
0.63165945
0.62466395
0.6282154
0.6235555
0.63141084
0.63558984
0.63540304
0.6552263
0.6464073
0.6564564
0.64301425
0.6411993
0.656003
0.6647402
0.6792695
0.6794146
0.65827674
0.6195762
0.6026634
0.5934236
0.558699
0.5674645
0.58634996
0.59035695
0.6090546
0.6331669
0.6491051
0.67582506
0.6762928
0.65432554
0.65523005
0.6440726
0.6377653
0.63676864
0.6426267
0.6508765
0.66042054
0.66930634
0.66357934
0.66162246
0.68511075
0.64915216
0.6371511
0.6369342
0.6471716
0.6507965
0.64727443
0.6606501
0.646522
0.6314206
0.6532191
0.66896874
0.64099956
0.63098544
0.6243696
0.61230326
0.64357525
0.6285643
0.6257954
0.63733965
0.63483965
0.6307946
0.6399916
0.6225297
0.6100741
0.6209227
0.62734854
0.6124203
0.59427935
0.5847108
0.58329487
0.5870108
0.5869086
0.5969503
0.5955662
0.60044134
0.6042691
0.62030965
0.6414278
0.62054044
0.61311245
0.60298806
0.6056112
0.6091833
0.6062634
0.6290421
0.62953365
0.62517536
0.6143759
0.6028171
0.6151994
0.6142108
0.61443937
0.60474616
0.60909534
0.61805516
0.6057635
0.5981752
0.6161461
0.62928
0.63689107
0.6256137
0.6414075
0.619814
0.6326316
0.6512445
0.6417978
0.624377
0.6108883
0.62841606
0.62055475
0.59780926
0.6157012
0.6105559
0.61781096
0.6216099
0.62342036
0.6318536
0.6279012
0.633971
0.6057217
0.652523
0.6696471
0.636046
0.6613707
0.6429215
0.6552699
0.6521883
0.6566895
0.63122326
0.6238863
0.6532712
0.6045189
0.6191835
0.59335953
0.61041784
0.5824534
0.5543144
0.5632645
0.5614187
0.5756368
0.5801255
0.565493
0.56443936
0.54631513
0.56597847
0.5766714
0.54606557
0.5784263
0.54723513
0.54625785
0.55889386
0.56357217
0.57748955
0.56490874
0.5869843
0.5778223
0.5471969
0.5688588
0.5348999
0.5387968
0.51599354
0.5186392
0.5306916
0.52609104
0.52928454
0.5040451
0.50959563
0.52440697
0.5384434
0.5011055
0.5255622
0.5117251
0.542971
0.5088032
0.53606373
0.54360014
0.54140663
0.5271443
0.5135438
0.5062248
0.51511025
0.5087696
0.5078006
0.5082132
0.52425396
0.5000195
0.49971187
0.49724075
0.47974542
0.50434095
0.48794904
0.481547
0.48058861
0.5016743
0.5000459
0.521522
0.52286375
0.52016383
0.53011805
0.52476454
0.53681153
0.5700126
0.56042
0.5643667
0.57149446
0.5804107
0.6017058
0.59990215
0.5903275
0.58660525
0.58740175
0.58571297
0.5938573
0.58673036
0.5896131
0.58601546
0.5842083
0.573024
0.56305474
0.5691581
0.5812831
0.5717518
0.5624798
0.6071656
0.6009938
0.60937035
0.61573064
0.61938256
0.63655066
0.637914
0.6375968
0.61944497
0.62747747
0.6296502
0.6252051
0.61936617
0.61619747
0.61260736
0.61561406
0.612694
0.60682654
0.6023181
0.59887624
0.5951187
0.6110492
0.5872377
0.60620546
0.59525955
0.57414144
0.5627475
0.57357556
0.5502367
0.5694404
0.56600994
0.55466783
0.5444827
0.5785416
0.56684655
0.5909111
0.6039392
0.60696715
0.631302
0.6484534
0.64250153
0.6473437
0.6541584
0.6310296
0.6454901
0.6364531
0.6606182
0.6501052
0.65872556
0.6433821
0.63608366
0.6162303
0.6168417
0.5905433
0.5843439
0.5809063
0.576787
0.5362569
0.54755
0.5387775
0.5548508
0.5576716
0.55498284
0.5484087
0.54188305
0.5399413
0.53245306
0.5370077
0.53945744
0.54859763
0.5420622
0.5409075
0.5453836
0.58132815
0.5657061
0.5685111
0.58433676
0.5985905
0.58754194
0.5790692
0.59845674
0.5960762
0.61645997
0.6111654
0.5885994
0.636951
0.59449863
0.59611934
0.64370537
0.6040509
0.59841776
0.6241835
0.6048526
0.6146721
0.60465354
0.5888918
0.6157235
0.62955135
0.5999878
0.6091548
0.6177244
0.62032944
0.6213074
0.6037839
0.6007865
0.6116006
0.60544586
0.6110975
0.62685657
0.624037
0.6186435
0.63962823
0.60573274
0.62314785
0.6245355
0.601363
0.6454048
0.6197858
0.6520735
0.6239266
0.6327026
0.6243855
0.60690737
0.6047293
0.6104102
0.6165956
0.6129325
0.6057326
0.5790374
0.57632124
0.576618
0.57311076
0.5991712
0.59570324
0.5824873
0.5852756
0.575848
0.5616946
0.5642978
0.57233655
0.56572056
0.567806
0.58290964
0.5731475
0.5710536
0.56765085
0.55580336
0.54363334
0.5260835
0.5548855
0.55198324
0.52733994
0.5258144
0.53146046
0.51787907
0.49835253
0.51033354
0.4996642
0.50716686
0.51740813
0.5210352
0.5358511
0.52959156
0.5199868
0.55339235
0.55897695
0.5535468
0.55957735
0.5998712
0.59388775
0.58740854
0.6029355
0.5991961
0.5681912
0.5786808
0.5690401
0.5598891
0.5787212
0.55746233
0.55642474
0.56585664
0.56299627
0.56847215
0.5576642
0.5832302
0.54517025
0.5802572
0.5791789
0.57360876
0.5869055
0.5744413
0.5722694
0.60033
0.59435743
0.58733386
0.58691347
0.58592147
0.5796603
0.58225447
0.57782865
0.5659228
0.56341636
0.5652642
0.56885093
0.5607937
0.54672116
0.5892437
0.5510095
0.5585233
0.56607264
0.5671574
0.56536025
0.52329654
0.53836185
0.53280777
0.5302219
0.5313962
0.5257208
0.5461628
0.5224355
0.55527365
0.55856484
0.56352055
0.54639375
0.57831615
0.5728843
0.5737072
0.5616214
0.60716623
0.5978695
0.6204308
0.5888613
0.62639445
0.6294612
0.6297802
0.63372684
0.62014866
0.63218766
0.62089133
0.65450394
0.6571094
0.64738023
0.6608723
0.6244838
0.6265645
0.5882695
0.60323226
0.5857083
0.57686853
0.5887645
0.53331584
0.5232715
0.4990061
0.49804378
0.49964193
0.4952018
0.47769466
0.4874131
0.5138423
0.5092055
0.5433263
0.5263231
0.55281574
0.5231969
0.5236038
0.5173744
0.49947506
0.5141048
0.5156431
0.5337865
0.5326502
0.51025087
0.5106836
0.5176585
0.49343622
0.50683326
0.46448004
0.46524182
0.48562947
0.4994572
0.49304077
0.48800564
0.47766596
0.4875418
0.4893702
0.48775542
0.48682478
0.47408134
0.4929622
0.47766277
0.5017033
0.49778983
0.49651507
0.5030366
0.52691394
0.51270837
0.525069
0.5255298
0.519594
0.53201956
0.5304991
0.5391299
0.5551143
0.5500143
0.5331043
0.54082465
0.53860295
0.54629564
0.56068814
0.5804974
0.60621667
0.62167966
0.6140736
0.613185
0.6193066
0.6229105
0.6400245
0.65536785
0.65672106
0.6646593
0.6689288
0.6632332
0.6613755
0.6607552
0.670015
0.6741837
0.67566574
0.6784989
0.6808288
0.6920169
0.6897536
0.69285667
0.695058
0.688948
0.67465407
0.6557372
0.6555146
0.6483998
0.6252427
0.6156137
0.616452
0.6153867
0.59901637
0.5812996
0.6000765
0.5752637
0.55256
0.5248041
0.5303233
0.5187705
0.545153
0.55676717
0.54842085
0.5547068
0.5703756
0.57362485
0.57253915
0.5933263
0.5933682
0.5977769
0.59908146
0.6093285
0.5879804
0.58195084
0.59263897
0.58591706
0.59843886
0.60194474
0.610026
0.609719
0.62276983
0.64764345
0.6676708
0.67740774
0.6767023
0.66748905
0.6608567
0.6504236
0.6271516
0.59999347
0.63175654
0.62185895
0.5913479
0.59965825
0.6181538
0.66110516
0.634705
0.6108436
0.62422425
0.62961435
0.6483139
0.6608443
0.6366493
0.6442609
0.62121403
0.6197283
0.5889511
0.55756706
0.5372641
0.5312678
0.52219653
0.58759004
0.518332
0.50914735
0.5385993
0.5541851
0.5503451
0.5491334
0.53849477
0.55701977
0.55911756
0.5964007
0.62585324
0.65332854
0.724781
0.6777264
0.65564036
0.6310933
0.627176
0.63978934
0.6310364
0.67411745
0.5850065
0.573396
0.58559006
0.59388614
0.5716072
0.5666568
0.56968623
0.60116214
0.6210262
0.61931705
0.642154
0.63197064
0.6185056
0.594027
0.5858335
0.58346754
0.5770746
0.58877003
0.58683705
0.59903157
0.61292714
0.6169529
0.641799
0.6491513
0.63044137
0.61225945
0.64286333
0.6216392
0.6419573
0.61978585
0.59261066
0.59078795
0.57836473
0.5948471
0.58076656
0.5982427
0.5930883
0.594787
0.5882332
0.59204495
0.582502
0.5963937
0.58364695
0.5966343
0.60373265
0.6011569
0.61088324
0.59526175
0.60947907
0.60715336
0.6038506
0.6057455
0.588047
0.60121614
0.58646065
0.5821823
0.58633953
0.577164
0.5619006
0.5788628
0.570801
0.5836409
0.5884556
0.5755975
0.5926405
0.6004033
0.60243475
0.5798796
0.5756993
0.5853307
0.5944786
0.5886622
0.5796039
0.57474416
0.55419195
0.5762088
0.59363693
0.5775958
0.57654345
0.5617007
0.5696532
0.56738603
0.56536543
0.58104557
0.5590768
0.5751671
0.5400327
0.5564404
0.57592475
0.555352
0.56563723
0.5653869
0.5573608
0.5582686
0.56766444
0.57200265
0.5746433
0.5674185
0.57161134
0.5789217
0.57484746
0.5504445
0.58399284
0.5874738
0.5811935
0.5803703
0.58745813
0.5980268
0.59264463
0.56971073
0.5777011
0.57182807
0.59180236
0.5833321
0.5786187
0.5697189
0.5739654
0.5763175
0.58865994
0.5722545
0.5805215
0.5702116
0.5765106
0.56003034
0.5766711
0.5746509
0.5723918
0.58092225
0.579667
0.56381834
0.5925536
0.59015834
0.58913034
0.568308
0.596212
0.5941425
0.5732574
0.5988149
0.60120726
0.57805043
0.5934253
0.585307
0.6120828
0.61756605
0.59106505
0.61927176
0.5992513
0.60692894
0.59368145
0.61328334
0.603087
0.6365801
0.58002144
0.62592715
0.6468439
0.6259077
0.64837134
0.63686824
0.6390981
0.6407988
0.63516164
0.61601955
0.6310114
0.63009185
0.6133438
0.6119385
0.61316305
0.6015963
0.5991584
0.5772962
0.5941253
0.60465306
0.60575634
0.60730934
0.6061864
0.6082084
0.6141711
0.61533254
0.5903068
0.5687763
0.5632565
0.5347797
0.5182343
0.51539654
0.5190384
0.5176356
0.52707416
0.5230499
0.527871
0.5153852
0.5282149
0.5224219
0.5139572
0.50115335
0.48137218
0.4859752
0.4853595
0.4830943
0.5423001
0.52375686
0.56285846
0.612475
0.65156263
0.6634908
0.6552571
0.6645614
0.6508565
0.65470904
0.6315399
0.64629096
0.6502517
0.647023
0.61366713
0.6363922
0.6190199
0.5940612
0.56674784
0.51731074
0.52883947
0.54543024
0.5573097
0.542901
0.51911604
0.53794944
0.53963333
0.5482136
0.56387794
0.5707221
0.5918717
0.6019122
0.5844857
0.57803905
0.5809383
0.56460375
0.52827984
0.52897656
0.53616905
0.53211766
0.54255754
0.53981274
0.5372186
0.54667735
0.55082643
0.5448617
0.54447806
0.528965
0.52475893
0.5265419
0.5211419
0.5408623
0.5409589
0.5591814
0.55962867
0.56933135
0.5804959
0.5793049
0.5903417
0.59318984
0.6067928
0.56449056
0.56087935
0.5453442
0.5499109
0.5444477
0.54570436
0.5668526
0.5413261
0.55021846
0.5177895
0.5027364
0.52987957
0.55644894
0.59298325
0.5930581
0.6075411
0.5963816
0.6039668
0.60294163
0.5803592
0.57949114
0.56745684
0.53075904
0.55837494
0.59015864
0.5864402
0.5915851
0.60925287
0.5746115
0.5429917
0.553679
0.54252803
0.5672329
0.55623627
0.5463468
0.5276856
0.53571784
0.55102366
0.56276715
0.58633703
0.58976674
0.57186794
0.6038311
0.6499146
0.65389854
0.6680139
0.65193635
0.66031283
0.6490787
0.6619461
0.6433404
0.6352978
0.6114583
0.61974
0.6496772
0.66300696
0.668762
0.6667535
0.678812
0.6262416
0.600576
0.5702184
0.56598336
0.5641672
0.57438713
0.5706954
0.5883855
0.5658525
0.5593817
0.5788729
0.61186945
0.6219166
0.64107996
0.6535349
0.6394707
0.6382957
0.6250148
0.6127021
0.64057547
0.6462468
0.6328043
0.6343555
0.6447808
0.6581734
0.6472433
0.6407113
0.63401604
0.625218
0.61670715
0.6166602
0.614373
0.6071777
0.6456492
0.59520614
0.61547965
0.61851364
0.56839144
0.5937966
0.61526614
0.59087867
0.5836447
0.61516076
0.6137123
0.5970371
0.5926716
0.56189674
0.54693
0.5553507
0.54857063
0.54231423
0.5574037
0.5689561
0.58996487
0.5752775
0.53904325
0.5559221
0.5641837
0.59776205
0.5983981
0.577435
0.5644735
0.57010293
0.5532615
0.5966135
0.5809858
0.5858893
0.58919
0.59217185
0.5932837
0.5975449
0.60984
0.613233
0.61444765
0.6261358
0.6479512
0.66774046
0.66966224
0.648662
0.65323836
0.67564446
0.5661983
0.5855941
0.5928499
0.60287726
0.6122318
0.6247852
0.6083553
0.61806667
0.6436651
0.6083635
0.60714316
0.61895055
0.6286051
0.63581043
0.6400289
0.66335803
0.6381934
0.6583783
0.6314917
0.6456674
0.64090455
0.662176
0.6608834
0.6799481
0.6761582
0.6780019
0.71595645
0.69866693
0.700095
0.6960303
0.7058813
0.695029
0.7199051
0.7015597
0.6848252
0.6760999
0.6742083
0.66834784
0.6765988
0.6492419
0.6526459
0.6277344
0.6291868
0.6213992
0.6375991
0.6353337
0.5999378
0.60615355
0.61170524
0.5690235
0.5876781
0.59769386
0.5878206
0.57244676
0.5654254
0.6179021
0.59009856
0.57884455
0.58246845
0.5768841
0.57506126
0.59068066
0.58462435
0.5704521
0.52871424
0.541688
0.5411972
0.55022484
0.55573714
0.551901
0.516486
0.53032583
0.535948
0.54533064
0.52898353
0.5023634
0.5250577
0.48964822
0.53745216
0.47603503
0.48787916
0.4916622
0.48536757
0.54676855
0.5172886
0.50285316
0.5259988
0.5121307
0.55234593
0.52338946
0.58489054
0.56408566
0.59373254
0.651166
0.6973471
0.69021815
0.68979406
0.6518287
0.64831203
0.6988107
0.6767842
0.6950212
0.6843512
0.6954376
0.6504588
0.6952805
0.697271
0.69414634
0.6939291
0.6963471
0.6872092
0.6982828
0.6988862
0.6978618
0.6911711
0.68004173
0.6890757
0.689922
0.68515027
0.6809126
0.6853938
0.67037016
0.6922154
0.66507936
0.6967547
0.6512652
0.6726567
0.6633133
0.654443
0.6568857
0.64591426
0.6256122
0.6214964
0.63297594
0.5902836
0.6274653
0.642647
0.6363862
0.6291254
0.6368309
0.6623403
0.6366529
0.6485958
0.59622526
0.5927487
0.5677709
0.5715443
0.53798103
0.55173326
0.5875958
0.5564742
0.59890914
0.5867766
0.5644968
0.57238954
0.57440424
0.5811871
0.6031154
0.6019296
0.56245106
0.6140351
0.6041067
0.61157
0.62822664
0.62422997
0.60989946
0.6154993
0.6259925
0.60592335
0.58993316
0.6257453
0.61689675
0.64385605
0.62167346
0.63124776
0.6140613
0.6173322
0.62748164
0.61932254
0.621158
0.59495115
0.5996334
0.5991217
0.6193539
0.57536733
0.5739301
0.59194154
0.59718823
0.6042875
0.61574346
0.62743396
0.62658596
0.60457504
0.62942207
0.63041514
0.60853267
0.6288273
0.64973754
0.6202466
0.5795688
0.6471088
0.61050165
0.6299991
0.615874
0.59861356
0.64810675
0.6317476
0.6358906
0.6290452
0.6381767
0.64675874
0.64763814
0.6499905
0.65103054
0.66380453
0.6668742
0.65566564
0.6569802
0.65524065
0.65640944
0.65799856
0.6680338
0.6659257
0.67523104
0.66755664
0.66758674
0.6471991
0.6774098
0.6893691
0.6722823
0.66479003
0.6714933
0.6744907
0.66776735
0.65503204
0.6521516
0.63780963
0.6463779
0.6292321
0.62167853
0.61035633
0.61055684
0.583001
0.5691306
0.57908857
0.5748901
0.5925574
0.6014672
0.6117514
0.62849337
0.61888283
0.6084218
0.6219418
0.61293787
0.61084884
0.6193861
0.6165655
0.60413176
0.62336886
0.6205144
0.6139661
0.6340249
0.62024635
0.63767475
0.6380863
0.6126933
0.608535
0.62121964
0.621983
0.6155327
0.63627523
0.6373704
0.6328582
0.67387867
0.65392333
0.6458916
0.6707758
0.6478051
0.64393663
0.66395086
0.6646515
0.65669936
0.6758656
0.6984712
0.6885259
0.69457406
0.6875439
0.68037456
0.6896808
0.6985614
0.68110925
0.6899033
0.68554056
0.67972344
0.6947358
0.6992869
0.69313943
0.6886249
0.6804381
0.68345374
0.6777639
0.68467176
0.6636852
0.6733266
0.6839305
0.673928
0.696248
0.69855136
0.67663926
0.68324
0.70274514
0.69946885
0.7136982
0.6908445
0.6739896
0.6713846
0.68134725
0.6566837
0.6671038
0.6668299
0.66599196
0.66012007
0.66183835
0.65597785
0.6643723
0.65666884
0.67396384
0.6585747
0.66487104
0.6568263
0.66780263
0.6631152
0.66521084
0.6737523
0.6739931
0.67807657
0.6919483
0.67481244
0.68879586
0.69613874
0.67858166
0.66931236
0.6872138
0.684136
0.69126916
0.6778695
0.6865123
0.6787814
0.69739425
0.69885325
0.6951618
0.69574803
0.6778685
0.68299025
0.6778563
0.6666796
0.6651811
0.67479825
0.6690355
0.67572105
0.6735731
0.66329
0.66585076
0.67630583
0.6620275
0.6741772
0.6664021
0.6648974
0.66942483
0.6598922
0.6500301
0.65995365
0.65756994
0.6658706
0.666251
0.65720713
0.67478216
0.66487086
0.6688962
0.6675458
0.6689901
0.6758545
0.66847336
0.6574184
0.67989814
0.6884197
0.69735545
0.6974998
0.7083064
0.6983796
0.7105843
0.68951505
0.6978024
0.69274676
0.69816214
0.7018853
0.6923157
0.6930645
0.6640284
0.67593807
0.6697938
0.664515
0.66543216
0.64803374
0.6392688
0.64746094
0.6459694
0.6450944
0.6468779
0.66289896
0.6625461
0.66926223
0.66832167
0.66858524
0.6704252
0.6744738
0.66710186
0.68094784
0.684305
0.6851838
0.66349965
0.66479987
0.66621256
0.6298103
0.6357311
0.6483536
0.680821
0.67552555
0.7119362
0.72766215
0.701604
0.7110656
0.71305174
0.7025504
0.7088304
0.7016699
0.7343653
0.7383573
0.73625636
0.7401524
0.74259007
0.73967767
0.7111889
0.70972204
0.7156889
0.70708823
0.7077502
0.7084811
0.7091434
0.6950163
0.7038964
0.7211756
0.70665145
0.70452
0.68878585
0.65588075
0.62929344
0.6311196
0.6147861
0.61660576
0.61431473
0.6057565
0.60614455
0.6109287
0.62014484
0.6025495
0.6245262
0.6296516
0.6400129
0.6292515
0.6061219
0.60868084
0.6072386
0.6028268
0.6245756
0.5957452
0.6289062
0.625919
0.62802196
0.613047
0.6223497
0.6287682
0.6451651
0.6601775
0.6398877
0.6653226
0.63821584
0.6294392
0.64522845
0.65735996
0.65582764
0.6507914
0.65898603
0.6616569
0.65841454
0.64658237
0.6662914
0.6478312
0.6671996
0.65606046
0.65450615
0.65449417
0.6332973
0.6372871
0.63415015
0.6426208
0.6488364
0.64626265
0.6517955
0.64971024
0.65945864
0.66999406
0.6670093
0.66851866
0.6648736
0.66543835
0.6680738
0.69389707
0.6981465
0.6958942
0.6869879
0.69231534
0.6798869
0.67804325
0.6945798
0.6921915
0.716225
0.71111834
0.7134508
0.71723694
0.71828103
0.7006709
0.7054746
0.709251
0.6925923
0.705313
0.7018377
0.6992987
0.6797575
0.7056817
0.67610264
0.6953813
0.67141205
0.6835047
0.67177516
0.68623346
0.6636996
0.6763899
0.6731243
0.6707806
0.676529
0.667707
0.6907535
0.67452013
0.6772341
0.68310374
0.69058716
0.6792691
0.6900481
0.677964
0.6864904
0.6775685
0.6798186
0.67448694
0.6988808
0.6732058
0.6935955
0.66836303
0.67902
0.6687181
0.6753
0.6660777
0.6733181
0.6745323
0.67098475
0.6725565
0.6717729
0.6729324
0.67214817
0.6765291
0.6685695
0.6723255
0.6651653
0.6786511
0.663352
0.6612142
0.662789
0.67849714
0.662661
0.67397076
0.6655217
0.6767237
0.6559193
0.6698325
0.6603507
0.67386085
0.670488
0.6690569
0.6725079
0.6683227
0.66852206
0.66549575
0.67531735
0.68373865
0.6845434
0.66557753
0.69054437
0.6731931
0.66825414
0.69993365
0.6745921
0.7002527
0.6879372
0.69963855
0.70606
0.68015057
0.70658565
0.71867573
0.7220171
0.73379385
0.7293231
0.7348298
0.7406014
0.7282117
0.71900403
0.7131729
0.7102265
0.6946998
0.6916706
0.68179893
0.6810425
0.679383
0.660599
0.64133334
0.6521657
0.663511
0.6457342
0.65724933
0.6500286
0.6484067
0.66233903
0.6668132
0.6653528
0.6564051
0.6651093
0.66465855
0.67681795
0.7007682
0.6473907
0.64615905
0.66481364
0.64919037
0.6704191
0.6430667
0.64842695
0.61483705
0.62355435
0.6200038
0.6431788
0.6141272
0.6314151
0.62769765
0.60257834
0.59996986
0.6018952
0.6066497
0.6298339
0.63165355
0.6148137
0.6149526
0.6276157
0.612218
0.6013995
0.60933954
0.60815376
0.60154676
0.60103095
0.6035784
0.6142559
0.6166531
0.6200567
0.62765044
0.62303436
0.6280011
