1
0.71833324
0.7183481
0.7271582
0.71571714
0.7221362
0.7177233
0.7141405
0.72053856
0.7139103
0.7173348
0.7167315
0.7193796
0.7173831
0.72130585
0.71800596
0.7115896
0.7199797
0.71468735
0.7192068
0.7267267
0.7196621
0.72950363
0.73645526
0.7281175
0.72174597
0.711006
0.7089927
0.7042713
0.71204084
0.7062444
0.6978434
0.69660467
0.6976059
0.6982453
0.698886
0.6992179
0.69930005
0.7046432
0.7115861
0.7019875
0.6947533
0.7086743
0.6859207
0.7021068
0.6992721
0.71094316
0.6940943
0.7043017
0.70375127
0.7058378
0.7086797
0.71797043
0.72318715
0.72611403
0.72570497
0.7298056
0.72814083
0.7122009
0.7178221
0.7116891
0.7164686
0.71568036
0.7113434
0.7175254
0.7045277
0.718203
0.7156333
0.69544274
0.69575435
0.69692415
0.6915029
0.7065058
0.6962399
0.71080565
0.7035714
0.70268315
0.7014897
0.6970738
0.6966341
0.7036918
0.70742077
0.7137367
0.70660156
0.6812841
0.6885442
0.6733001
0.67171997
0.67726725
0.6773095
0.6767584
0.6815971
0.68307775
0.68173254
0.67834234
0.67197
0.67046374
0.6722328
0.66719574
0.6674997
0.66399264
0.65138763
0.6381476
0.65168166
0.6603991
0.67261887
0.66843563
0.67119193
0.67608
0.67972183
0.670014
0.6728782
0.6564522
0.6561058
0.6601991
0.65830934
0.66316515
0.6678681
0.66240335
0.657961
0.6533759
0.6588371
0.64852387
0.6537302
0.6294094
0.6447281
0.6188419
0.6096879
0.613426
0.62307596
0.62491244
0.6368057
0.62883914
0.63948053
0.6473829
0.6533979
0.65461147
0.6450798
0.6593298
0.63638985
0.6440061
0.64479846
0.6402105
0.64968055
0.6444497
0.64832866
0.6535619
0.6610776
0.63012296
0.61721265
0.6377363
0.62914217
0.61889845
0.62959373
0.62879294
0.62325805
0.61746216
0.6345363
0.60745174
0.6160682
0.6106395
0.61414593
0.62516093
0.62994397
0.6130423
0.60992235
0.6254542
0.6417516
0.64826995
0.6410128
0.64896685
0.644713
0.6208821
0.6243105
0.62582374
0.5990392
0.59677875
0.6334989
0.6219246
0.6051304
0.62928563
0.6467011
0.63558495
0.62920684
0.63108695
0.62763
0.6271906
0.6167575
0.6303407
0.64108413
0.6248878
0.6254104
0.6042793
0.61509204
0.6137939
0.6038521
0.60799223
0.6140561
0.6097021
0.6037282
0.6112765
0.6168259
0.6140001
0.6171098
0.60747254
0.6125578
0.59634113
0.61090696
0.60420614
0.60826045
0.59248626
0.6021627
0.5993708
0.59458596
0.5998241
0.59878564
0.58942956
0.5936296
0.5782876
0.58427674
0.5715965
0.5985659
0.58040416
0.5858085
0.5833574
0.5919436
0.5886867
0.60073346
0.5834161
0.61515546
0.5911955
0.5944284
0.61045295
0.6126852
0.60773706
0.5938905
0.6022272
0.5769649
0.58569044
0.6016939
0.59731615
0.5925252
0.59174466
0.60379237
0.61493134
0.61754423
0.6094194
0.60986507
0.6398956
0.6278285
0.6358875
0.63759255
0.63175774
0.6379836
0.64583176
0.6714454
0.646421
0.67459464
0.6519066
0.6767733
0.66836625
0.67780447
0.6545936
0.6516231
0.6720974
0.6683488
0.67132175
0.68116486
0.6788764
0.68805414
0.6993276
0.685255
0.67441076
0.67628515
0.6776137
0.68898124
0.70129186
0.6888744
0.69403416
0.6969284
0.70298773
0.70269054
0.69646794
0.7112717
0.7090642
0.6964903
0.6978763
0.69147855
0.6933582
0.6775865
0.67065394
0.6651984
0.67273843
0.6561237
0.67744833
0.6497454
0.65479
0.65604067
0.65615463
0.66293824
0.64747345
0.66038436
0.64751685
0.6593918
0.64806944
0.65848124
0.66770947
0.6457029
0.65156776
0.66634816
0.636445
0.6561349
0.6455493
0.6524158
0.6287855
0.6330943
0.63608724
0.6286659
0.6308346
0.6198919
0.6199184
0.63583183
0.62907374
0.6276214
0.62117493
0.61647284
0.6213146
0.63899523
0.61670965
0.618119
0.61110204
0.6355655
0.6161919
0.6179927
0.61286753
0.63033915
0.61744994
0.6309768
0.624319
0.61787397
0.6349301
0.6019035
0.624266
0.6123563
0.62033015
0.6112261
0.6079286
0.61062646
0.6222322
0.61897683
0.6215445
0.608807
0.6076314
0.5959682
0.6176054
0.60100883
0.61670554
0.60073376
0.6112176
0.59371376
0.62265456
0.5924048
0.6018992
0.5948545
0.61993057
0.59220153
0.61275095
0.5913684
0.60986024
0.5885697
0.6136653
0.5883698
0.6074119
0.588067
0.5960171
0.5900303
0.5930271
0.5893006
0.6069457
0.587129
0.59446126
0.59289193
0.60810935
0.5862439
0.5916559
0.5849995
0.5904279
0.60734874
0.5946881
0.6016115
0.5847544
0.6071469
0.59262156
0.58986175
0.61516964
0.59362316
0.5977783
0.6089547
0.5861547
0.6068216
0.5836712
0.6030735
0.5908372
0.6176687
0.63125026
0.6325823
0.6333778
0.6243843
0.6379661
0.6447068
0.63604736
0.63206047
0.6269882
0.62680143
0.6256087
0.63138956
0.63167924
0.62958026
0.6271948
0.6348718
0.6283442
0.6264148
0.64387196
0.6316621
0.62411743
0.63915884
0.64143634
0.6237407
0.6174129
0.62155676
0.6277638
0.6477118
0.635625
0.61315525
0.647387
0.64006263
0.64514816
0.6481597
0.6339395
0.62612766
0.6402166
0.64164644
0.6166747
0.6262817
0.60824454
0.6172863
0.6197011
0.6053817
0.60380566
0.6236966
0.6307535
0.59755903
0.6171954
0.62199634
0.6159581
0.62969357
0.6378916
0.6264394
0.6858424
0.69507617
0.6715237
0.7232241
0.68126315
0.70476604
0.7057474
0.66963637
0.67985356
0.65477514
0.690126
0.63057953
0.6552494
0.6567702
0.6581197
0.6196632
0.66566634
0.6696783
0.67288834
0.66399413
0.66042924
0.64679295
0.6444916
0.6333385
0.6284018
0.62623584
0.6298981
0.6367342
0.6251239
0.66189283
0.6492888
0.61897653
0.6332077
0.6242383
0.60054845
0.6413354
0.63547546
0.61287856
0.64566594
0.6222286
0.6045126
0.6319368
0.6362534
0.6336083
0.63789433
0.63650066
0.66169983
0.6950911
0.69401926
0.68895864
0.69467956
0.68545806
0.6784045
0.6619817
0.6534008
0.65262425
0.6344804
0.6490156
0.6404871
0.6487412
0.64716786
0.6496881
0.6419264
0.65048456
0.6171768
0.5897726
0.631539
0.6309242
0.6234375
0.6406364
0.61103374
0.6461131
0.6485809
0.6500312
0.6386462
0.6522777
0.639076
0.64607155
0.6580636
0.6385619
0.6502159
0.64781874
0.6231186
0.5871393
0.5836332
0.5786557
0.56094533
0.5752411
0.56409544
0.5736773
0.59009796
0.59664804
0.6075112
0.6116871
0.59697014
0.58869743
0.58548665
0.5807004
0.6066455
0.59887356
0.6136631
0.60664487
0.59454644
0.6048049
0.59738815
0.5794967
0.5594856
0.59030193
0.5704816
0.55980337
0.5460597
0.5882582
0.5803483
0.5768068
0.59147793
0.60246253
0.6275994
0.63665324
0.66972816
0.66361123
0.64369744
0.63459367
0.6574664
0.632848
0.61156315
0.66447246
0.6525979
0.61361027
0.6254686
0.6164371
0.6388804
0.6428502
0.59876597
0.5619417
0.56948185
0.5850608
0.5781515
0.5609608
0.5815832
0.5977862
0.59373957
0.5844806
0.5811468
0.5567408
0.55763745
0.5813792
0.58041024
0.5752367
0.5622635
0.5602913
0.5691669
0.5477029
0.5545036
0.5413774
0.52868634
0.5197828
0.5215959
0.52399784
0.5271096
0.5209532
0.5217482
0.5571432
0.52043176
0.52578163
0.52100444
0.5334127
0.49209523
0.5078851
0.50585485
0.47841144
0.5004461
0.48797813
0.47968617
0.469113
0.47518584
0.44929343
0.44778466
0.44703522
0.46777555
0.46251202
0.46665615
0.5095445
0.49491113
0.4724482
0.45006314
0.50236976
0.48778448
0.49436614
0.529762
0.5344752
0.5414191
0.5681106
0.58172184
0.5360215
0.563574
0.5584471
0.567446
0.60153824
0.60441285
0.6138236
0.62823373
0.59745455
0.6042977
0.60384303
0.59882945
0.5830255
0.5891187
0.5795963
0.61148685
0.5827243
0.60294944
0.59598076
0.52383596
0.52663416
0.52666503
0.5332724
0.51625437
0.5286916
0.53254354
0.51840496
0.5061452
0.52215517
0.5293955
0.540496
0.5534581
0.5793924
0.57591486
0.60406625
0.608501
0.6363518
0.62857753
0.6389154
0.6250167
0.625452
0.6169597
0.5976862
0.61215574
0.62462413
0.5992776
0.6144695
0.5914601
0.59672755
0.6222087
0.6043586
0.6047291
0.6061552
0.6070138
0.6012676
0.6128889
0.595701
0.59576356
0.60296863
0.60814774
0.5720367
0.5749831
0.5916917
0.5585104
0.57653505
0.5586392
0.5866079
0.58472085
0.58231884
0.57699573
0.5722766
0.5715989
0.5799058
0.5852784
0.58663327
0.5928189
0.58211124
0.5817978
0.5883874
0.57322705
0.5890478
0.59164906
0.59961176
0.58440256
0.57594085
0.57791895
0.5611403
0.5483023
0.5439806
0.5438972
0.54980695
0.54702705
0.5405952
0.53630817
0.55825055
0.5403324
0.52572685
0.52322745
0.51172835
0.4986671
0.50713444
0.49533576
0.5022109
0.5133208
0.50743943
0.4964314
0.5280383
0.5104874
0.5114298
0.5170833
0.51504695
0.51173306
0.5032257
0.5317611
0.50724834
0.5182883
0.5208724
0.52288
0.54429936
0.5270311
0.5523753
0.55418444
0.562286
0.5550342
0.5671685
0.55250716
0.58475024
0.5704888
0.5658283
0.55438924
0.54692626
0.5499883
0.5347436
0.53249484
0.5347215
0.5126219
0.52201045
0.5545172
0.5279543
0.54692566
0.5542378
0.54185194
0.5481568
0.55400276
0.5477742
0.55594295
0.54524857
0.5559235
0.5473581
0.5443505
0.54948306
0.5277786
0.53604776
0.5355992
0.53500444
0.5459644
0.5645097
0.5934025
0.55374473
0.55189276
0.58086354
0.5607015
0.5809436
0.576949
0.5776516
0.57642937
0.5597231
0.57603025
0.5660971
0.55306476
0.57901525
0.5598679
0.57963693
0.556319
0.56207454
0.5612563
0.5694393
0.5679506
0.57308054
0.5651458
0.56859607
0.567936
0.5707439
0.5684859
0.57489467
0.57036614
0.566158
0.5562375
0.56401604
0.55805594
0.54557186
0.5526433
0.5553811
0.55474854
0.5644682
0.56615144
0.55934834
0.5645923
0.58334464
0.580878
0.5724392
0.5802899
0.5576931
0.5633496
0.5435649
0.55781376
0.54674464
0.53912866
0.53215575
0.54172397
0.5314338
0.5219197
0.52513057
0.5459201
0.5113809
0.52287894
0.51556724
0.5046503
0.52262306
0.53188443
0.54919493
0.566521
0.58084726
0.5733718
0.6112236
0.6096743
0.6133369
0.6312988
0.6272899
0.6391564
0.63721716
0.6443047
0.62524974
0.625069
0.63107055
0.61357874
0.61877716
0.6287176
0.6336807
0.62404287
0.6240228
0.65168494
0.6218163
0.66571623
0.6370637
0.65035087
0.6442251
0.6606313
0.63392794
0.6439858
0.643631
0.62578225
0.6342994
0.6508807
0.65236735
0.64905345
0.6494265
0.6330142
0.6282932
0.6295044
0.62183654
0.63341945
0.62714934
0.6131494
0.6094272
0.59801507
0.59915835
0.60453916
0.5971026
0.60387164
0.59430254
0.61832803
0.6096669
0.6191035
0.63202214
0.6049431
0.6098575
0.6100847
0.6013379
0.59946823
0.617851
0.6082803
0.58424467
0.5995708
0.58765286
0.579627
0.59466636
0.58557683
0.6112883
0.5921134
0.6015277
0.58787405
0.6012026
0.58198094
0.5986167
0.616176
0.61085784
0.598718
0.6040673
0.6219561
0.6185589
0.6141746
0.57224953
0.60577816
0.5653976
0.5569277
0.529753
0.51930904
0.507333
0.52290267
0.49232447
0.48454633
0.46624354
0.46305516
0.49432576
0.5223962
0.5475903
0.5342929
0.52360016
0.50384337
0.54805225
0.5207074
0.5251435
0.531959
0.5176658
0.5187955
0.54794496
0.52982444
0.55222255
0.5357297
0.54516816
0.55727017
0.5544638
0.534105
0.5161086
0.5666683
0.5108286
0.51418036
0.5167381
0.5668131
0.56250495
0.5394509
0.55061865
0.5496834
0.5153259
0.53392935
0.54025537
0.5041127
0.53109175
0.531762
0.5678821
0.5416743
0.5742932
0.5498335
0.5775479
0.5940899
0.5920961
0.62550664
0.5985349
0.5607264
0.57765466
0.56674105
0.552401
0.53410506
0.5348826
0.547208
0.5426019
0.5460615
0.54807395
0.5583519
0.5889208
0.59028375
0.58475566
0.6073356
0.5988614
0.5901229
0.58964753
0.60981727
0.5864902
0.5852192
0.5543062
0.54870707
0.58519834
0.55812335
0.5493393
0.5856544
0.5784908
0.55978787
0.57909197
0.600075
0.5738548
0.5847915
0.5421418
0.5765001
0.57380134
0.55214477
0.62123203
0.6029617
0.6165113
0.6218756
0.6472226
0.60791254
0.621089
0.62638235
0.60441613
0.6316832
0.5964799
0.59908396
0.62522554
0.58238953
0.6159017
0.62391967
0.62814486
0.6224583
0.62826
0.59941226
0.60970783
0.63445973
0.63070965
0.63720536
0.6283313
0.6251788
0.6390589
0.63738793
0.6611329
0.62202084
0.6636896
0.62812597
0.6361282
0.63267446
0.62224096
0.6141153
0.61110574
0.5991696
0.61504924
0.5917966
0.5833624
0.56998456
0.57199925
0.58662045
0.6090959
0.612575
0.6096929
0.6270677
0.6169179
0.61893106
0.6209823
0.63599956
0.63606614
0.6361579
0.6258348
0.6352372
0.6308153
0.59745723
0.6111621
0.6239898
0.62422657
0.63555866
0.6338286
0.6242222
0.6269446
0.62248576
0.6214671
0.6176151
0.6064327
0.6313611
0.6049406
0.6462643
0.6115729
0.62127966
0.6219735
0.61025167
0.6137112
0.60619545
0.6160392
0.6089729
0.6072515
0.5984549
0.60624886
0.6079162
0.61076874
0.6001549
0.5973589
0.58634657
0.59927493
0.6006632
0.60548806
0.61380225
0.59937674
0.61881626
0.5916291
0.6031184
0.5974949
0.6025605
0.60477364
0.6010762
0.5927846
0.5824656
0.568408
0.59563875
0.5773844
0.5899591
0.58346814
0.5900502
0.6085067
0.6013207
0.59892166
0.58506054
0.59336454
0.5769932
0.60301024
0.572188
0.57482004
0.61836755
0.596623
0.611906
0.5837342
0.6127866
0.571277
0.6139032
0.60582864
0.58909374
0.623248
0.6074555
0.6187989
0.6035604
0.5973777
0.5717013
0.5800351
0.603353
0.6016102
0.60733306
0.6161408
0.582997
0.6054349
0.6080126
0.6270611
0.6518872
0.6559507
0.6651443
0.6616028
0.6215745
0.59898263
0.6133366
0.61410636
0.6256782
0.60958713
0.6361703
0.6295963
0.6509698
0.6351009
0.6328954
0.6377799
0.6260279
0.6465978
0.6208584
0.6158308
0.62118423
0.61624706
0.6204132
0.62008643
0.6342818
0.6133542
0.6120458
0.60444605
0.61558604
0.6085593
0.6258485
0.62136817
0.6153033
0.62049556
0.60450137
0.61186403
0.605246
0.6044112
0.59911203
0.60515743
0.5956993
0.617927
0.6085096
0.60481805
0.6057879
0.5995205
0.5996875
0.57627904
0.57525015
0.55957705
0.5592584
0.5622019
0.565441
0.5530244
0.56149507
0.5757777
0.5691514
0.57854104
0.55882835
0.5511754
0.5445617
0.55223066
0.54548645
0.55206
0.53052104
0.53327006
0.52071756
0.49080688
0.4786974
0.47915733
0.47241187
0.44010654
0.45308208
0.40590674
0.40095967
0.3753502
0.3732821
0.4017439
0.4179971
0.39365026
0.4000326
0.39912906
0.5431098
0.549958
0.5533307
0.5515158
0.5666786
0.5756537
0.562047
0.577318
0.5514446
0.5864331
0.5542932
0.5779373
0.5824993
0.58176947
0.5606529
0.55992854
0.5541208
0.56836635
0.564197
0.5761315
0.5607923
0.5619733
0.5843772
0.5734502
0.55370015
0.5809291
0.56685066
0.58018035
0.58650124
0.57821876
0.5650786
0.59517413
0.5806833
0.5788822
0.5996571
0.59000516
0.57746977
0.5876414
0.560206
0.5836467
0.58988154
0.57804394
0.5743892
0.59643626
0.59366983
0.5842121
0.59286594
0.5914974
0.59402525
0.6075203
0.59965086
0.58711565
0.5750718
0.5927522
0.5874737
0.5953779
0.59120184
0.5941392
0.5994689
0.5986901
0.5935165
0.60085917
0.60337895
0.60060227
0.6005358
0.5809144
0.59579253
0.5904784
0.5772114
0.5834844
0.57620174
0.5573408
0.5520506
0.558854
0.5704872
0.5706323
0.5647722
0.5877517
0.5687889
0.58590627
0.58844066
0.61332476
0.61529016
0.61875606
0.6129022
0.622285
0.6028687
0.61798775
0.6134983
0.6079527
0.6127681
0.61162496
0.6111221
0.60088503
0.61371785
0.60200405
0.60875833
0.60367996
0.623324
0.6110885
0.6072596
0.61873347
0.6133754
0.6156912
0.61777663
0.62637985
0.6187398
0.60818714
0.60862476
0.5955004
0.587064
0.58410066
0.58951443
0.57106704
0.57841223
0.59482116
0.5894661
0.60047203
0.59380716
0.5910587
0.58473617
0.5910355
0.57947147
0.5983618
0.5954459
0.59385496
0.5965002
0.60478336
0.6019537
0.62208277
0.6230721
0.6175384
0.5996508
0.596982
0.5968845
0.6069244
0.59394467
0.60432124
0.5744852
0.5943085
0.5660796
0.55300915
0.5622539
0.56625825
0.5951819
0.59397954
0.5785328
0.56686425
0.5867862
0.59374243
0.5840572
0.5801299
0.54858136
0.5705313
0.5643275
0.54772973
0.54265237
0.55802697
0.58192134
0.5744818
0.602319
0.5996115
0.6044786
0.60906166
0.6397091
0.6325057
0.6463316
0.6287604
0.6430395
0.6693154
0.6508628
0.63594216
0.64327914
0.6411375
0.6508838
0.62965924
0.6255223
0.6205172
0.63572544
0.6258643
0.61092734
0.61275005
0.6048807
0.6150064
0.6070796
0.59994453
0.610196
0.6062153
0.61389107
0.62121093
0.62239563
0.6288748
0.6331474
0.63630205
0.64669526
0.635934
0.642619
0.64163816
0.6385501
0.64388216
0.6392553
0.632554
0.6365827
0.63371485
0.6244287
0.61644167
0.6159074
0.6080921
0.5968779
0.5984596
0.6066678
0.59535134
0.5863409
0.60715896
0.58804
0.58731
0.59519434
0.60453844
0.5962192
0.60506207
0.59613055
0.6141121
0.595764
0.6158807
0.6072825
0.60660183
0.5985032
0.5993828
0.58455753
0.5796505
0.5807511
0.58855224
0.59269524
0.59312534
0.5970981
0.59179395
0.58847344
0.5837845
0.5839196
0.58562654
0.56993526
0.56995595
0.557211
0.56561774
0.5628641
0.58149534
0.5645743
0.5578492
0.57761276
0.56302994
0.5715151
0.585248
0.5701014
0.5709227
0.5758459
0.5883066
0.5954248
0.5848186
0.5962193
0.5890731
0.6074692
0.572375
0.5754707
0.5752287
0.5886828
0.5678244
0.57230616
0.57626647
0.580173
0.5778597
0.58111
0.58904195
0.5862834
0.5891617
0.59478587
0.5794123
0.57600677
0.5709844
0.5755123
0.587524
0.57374555
0.5695501
0.5650188
0.5562288
0.51009405
0.49729723
0.5040083
0.51271576
0.49331644
0.4970362
0.48175672
0.4587515
0.48145634
0.46316507
0.45950773
0.46855602
0.4687927
0.4759629
0.47466502
0.48697796
0.49316624
0.48595873
0.48624465
0.47924903
0.48554784
0.48719335
0.48911995
0.48600602
0.49938247
0.486343
0.5034983
0.49471697
0.50425094
0.50081486
0.5051511
0.48984125
0.5097917
0.4972945
0.48498645
0.49833488
0.49739385
0.48785013
0.48645148
0.48334372
0.49141794
0.48115873
0.48373425
0.49097654
0.5011579
0.49019912
0.49612406
0.5039429
0.5010975
0.48607332
0.49935758
0.49935412
0.49899763
0.48115686
0.49322098
0.48091105
0.5023568
0.49014863
0.48638272
0.4729669
0.4957989
0.5008118
0.47548288
0.5031391
0.5062919
0.50507534
0.5136031
0.517554
0.5092646
0.50668263
0.5042923
0.49348804
0.5051934
0.5114532
0.4887023
0.4950808
0.4964881
0.49432966
0.49465272
0.5131694
0.505687
0.5166187
0.5168912
0.5133102
0.5250431
0.5592122
0.5370113
0.55747443
0.5740561
0.54554826
0.5508508
0.5684635
0.55486566
0.57064986
0.53539777
0.561681
0.56032497
0.548649
0.56123686
0.535696
0.55491805
0.5429379
0.5557564
0.5817282
0.5464284
0.5792164
0.59346
0.5743005
0.591501
0.590904
0.5864307
0.57746285
0.59924
0.5734633
0.5660325
0.5563994
0.55011296
0.5472614
0.5139009
0.50632095
0.47702876
0.44743252
0.46053433
0.41950256
0.4244406
0.4271496
0.4148901
0.4181839
0.3931817
0.43117616
0.39748263
0.39365357
0.40896696
0.42582712
0.4265314
0.42423156
0.4431626
0.49990788
0.5078237
0.5247427
0.5883989
0.56037515
0.6257071
0.5841927
0.60975313
0.62218404
0.6037773
0.62540513
0.63108206
0.6229668
0.62545955
0.6310014
0.6045098
0.57408047
0.55035186
0.4996303
0.54177856
0.50689244
0.49682194
0.4790738
0.48961055
0.4639883
0.47659716
0.45636153
0.45810574
0.45954546
0.476537
0.44238794
0.4464339
0.4475887
0.441782
0.43820298
0.4427183
0.44189584
0.42693186
0.43671364
0.46505433
0.47354618
0.49592057
0.4794513
0.48156202
0.53890973
0.55709547
0.54780525
0.5465
0.54137194
0.55717164
0.59262514
0.60843337
0.57829857
0.5945432
0.5511327
0.5775963
0.554743
0.58287984
0.5495305
0.5619923
0.56653684
0.58290225
0.5437153
0.5452286
0.574961
0.5620576
0.5716647
0.5584467
0.578452
0.55454457
0.5593409
0.56111723
0.5408644
0.57118297
0.58906716
0.5711375
0.53084296
0.5687814
0.5791148
0.5496953
0.5996876
0.55824816
0.60638386
0.5971174
0.56741154
0.5900577
0.60252357
0.59420466
0.5932913
0.59251726
0.6007797
0.61932665
0.6240869
0.60698235
0.57940227
0.592535
0.58044505
0.58693206
0.5884747
0.5528995
0.55583197
0.56821334
0.5751955
0.59920657
0.5992225
0.58245236
0.61606866
0.61920625
0.6297201
0.6233147
0.62325996
0.61898714
0.6042667
0.5952299
0.5969056
0.58975065
0.5872003
0.5731414
0.5735078
0.6071784
0.5916173
0.5924771
0.588186
0.59064066
0.5940455
0.61379874
0.6193924
0.6208065
0.6232669
0.5693299
0.6071957
0.6041046
0.59764403
0.60178727
0.5997816
0.5960838
0.6081402
0.5995858
0.59805954
0.6016649
0.58001393
0.5754569
0.5926866
0.58964837
0.582624
0.5715343
0.5750063
0.5621923
0.57036227
0.55052507
0.5527696
0.5589063
0.5660903
0.5756526
0.56813246
0.57607
0.56674385
0.57702607
0.5711412
0.5807137
0.5715109
0.5825877
0.5926001
0.5813494
0.59585595
0.57844526
0.583989
0.5939315
0.58071965
0.59075737
0.5947452
0.6016094
0.59751487
0.59817296
0.5964328
0.58534235
0.60475636
0.58710223
0.5849517
0.61099565
0.5965553
0.5765958
0.5869516
0.5998705
0.57881445
0.5926923
0.59836185
0.5898906
0.59275323
0.5764389
0.57936335
0.58514726
0.58790225
0.5906846
0.5894303
0.5885446
0.5996657
0.6042129
0.59836835
0.610483
0.6136648
0.6030977
0.6060922
0.6088804
0.6030986
0.60173225
0.611127
0.6109168
0.60315275
0.6103872
0.60949206
0.60309076
0.618295
0.6352489
0.61954784
0.6194291
0.62645936
0.6127472
0.62758815
0.60987806
0.6051931
0.613538
0.62846535
0.62104523
0.63064325
0.6373986
0.62778115
0.65377015
0.6103837
0.62796926
0.639927
0.6276397
0.6407897
0.64013714
0.64836925
0.64546305
0.65956014
0.6454545
0.6593176
0.6572586
0.649339
0.65431535
0.6425941
0.6372493
0.63278246
0.6317237
0.63350046
0.63679683
0.63378465
0.6309471
0.64788514
0.6462144
0.64327115
0.64272445
0.63113326
0.64638597
0.64044565
0.6391496
0.6453774
0.64055306
0.63134843
0.655209
0.66144216
0.6535222
0.6762945
0.68275696
0.65269434
0.687072
0.69459784
0.68098444
0.6922279
0.67111945
0.68734646
0.695038
0.6984075
0.70349205
0.64800733
0.6739785
0.69372416
0.6528302
0.6981689
0.6676028
0.69097143
0.69057554
0.66680884
0.684985
0.68696886
0.69748634
0.6901646
0.6961197
0.6975313
0.6853901
0.67921406
0.6799421
0.6791739
0.66530186
0.68261176
0.6812436
0.6722106
0.68442076
0.6825902
0.6807777
0.6674111
0.67078435
0.6682263
0.6608502
0.66314167
0.64447206
0.650221
0.6589736
0.6496763
0.65078706
0.6458166
0.64800847
0.652078
0.637087
0.6204112
0.6151016
0.61887383
0.6261531
0.62331426
0.62523425
0.6275472
0.6232264
0.6378396
0.60801935
0.6204343
0.6165897
0.6037223
0.6052067
0.61407125
0.61159325
0.6025091
0.6085555
0.6009593
0.58855695
0.60820925
0.59868294
0.6049736
0.60647243
0.5977701
0.5979309
0.5940425
0.6081174
0.6046572
0.5978413
0.59892476
0.5951308
0.60327435
0.59983623
0.59282523
0.6016612
0.5958452
0.5899226
0.593146
0.59694993
0.5924148
0.59056914
0.5992352
0.6002621
0.6090394
0.612974
0.6146029
0.62240165
0.6178545
0.6179359
0.61005515
0.60521185
0.60982215
0.6057613
0.60031706
0.5933561
0.5902437
0.5936249
0.5858574
0.58484554
0.57381713
0.57801884
0.56598485
0.5815913
0.58228284
0.579056
0.5847134
0.57484
0.5865063
0.57406306
0.5726677
0.5891501
0.57504576
0.6030888
0.5922228
0.5872676
0.5854208
0.5963602
0.5931417
0.59182936
0.59013784
0.59563327
0.59793967
0.59270996
0.5963146
0.5910267
0.59815204
0.58659923
0.5937917
0.5896627
0.5969666
0.5837415
0.5921811
0.59335357
0.59544325
0.59545255
0.5885462
0.584687
0.58714265
0.57763374
0.5683766
0.56646
0.5763304
0.5708208
0.5775598
0.58377534
0.59261006
0.60047835
0.6023061
0.61273116
0.6102504
0.6183393
0.62013024
0.6304113
0.63653904
0.6350201
0.6560607
0.6755962
0.6751067
0.6742229
0.67555285
0.6765079
0.68587905
0.6879681
0.6801769
0.6859815
0.66791147
0.6736612
0.6592828
0.66409326
0.6536188
0.6507665
0.6444151
0.62875015
0.6321725
0.6334097
0.63260126
0.63011014
0.6295624
0.6228712
0.6281052
0.63338494
0.62820923
0.6354294
0.639057
0.64520115
0.63441473
0.6379062
0.63780576
0.6377809
0.6463846
0.6411901
0.65142524
0.64864814
0.6480732
0.65835494
0.65826976
0.6567436
0.6758826
0.6763655
0.67584085
0.6667918
0.6742666
0.6745202
0.68108284
0.6673061
0.68297017
0.68412215
0.67997897
0.652484
0.65300596
0.6654414
0.67025566
0.6677811
0.66571724
0.65573436
0.6634047
0.66459364
0.6669717
0.65882856
0.66326356
0.66336983
0.66455716
0.6483259
0.6604674
0.6530078
0.65514815
0.65060246
0.6595148
0.6485021
0.6599907
0.63295865
0.65531886
0.64778495
0.6494118
0.65632886
0.6589267
0.649532
0.64729637
0.6466287
0.64796025
0.66126615
0.64916945
0.64842534
0.65521383
0.6476615
0.65058756
0.64509475
0.63845605
0.64783865
0.64179254
0.64651847
0.6347911
0.6363139
0.64235175
0.6213514
0.6411981
0.6133307
0.6287777
0.6274016
0.634391
0.63821787
0.64260876
0.6380297
0.63330334
0.63844174
0.63426256
0.63480645
0.63225186
0.6224771
0.6250278
0.6313291
0.61911005
0.63639796
0.63703984
0.6401906
0.6310783
0.642559
0.6472828
0.6421149
0.63890266
0.6458745
0.6359289
0.64632285
0.6429094
0.6481339
0.6468405
0.6512482
0.6325308
0.6466411
0.6435701
0.6455216
0.6252056
0.64942974
0.63898873
0.6469495
0.6396128
0.6491062
0.64512247
0.6405313
0.64314294
0.6514773
0.6517316
0.6379132
0.64155376
0.64541084
0.64978933
0.63559216
0.6421417
0.6275599
0.62597746
0.63141316
0.6223959
0.6153836
0.6099226
0.6301389
0.60818696
0.6210736
0.62149453
0.6288856
0.6219449
0.6199866
0.6195883
0.6118113
0.61197346
0.6080639
0.62152416
0.61210287
0.6135586
0.612292
0.6114071
0.591001
0.60016364
0.59292823
0.611564
0.6141252
0.6062981
0.6138581
0.60918784
0.62175626
0.6119964
0.58643585
0.6020024
0.5970984
0.60591376
0.60215783
0.5868687
0.59706086
0.60624623
0.59389716
0.5922453
0.57832515
0.6041634
0.5903981
0.5831499
0.5712795
0.5699971
0.5790386
0.56568116
0.5756283
0.59537107
0.565245
0.57864606
0.5862359
0.5682518
0.5743371
0.5840347
0.5646612
0.57355356
0.5874213
0.5692205
0.58579624
0.5693363
0.5676189
0.57021403
0.5718442
0.5702532
0.5739877
0.55806786
0.5596864
0.5620601
0.5541838
0.5528082
0.5767326
0.5658402
0.5804485
0.56299853
0.56787246
0.5650274
0.5563081
0.54921305
0.56047297
0.56243825
0.55999124
0.54968077
0.5530082
0.5571453
0.54434997
0.53897804
0.525958
0.5519122
0.52713495
0.5083468
0.5078245
0.5125199
0.5036504
0.5127871
0.4965935
0.49424753
0.48624316
0.51331794
0.50469345
0.53038716
0.5783881
0.6060119
0.62668633
0.6346935
0.59369063
0.6087376
0.59802127
0.6260553
0.658268
0.63480526
0.6393075
0.6306441
0.612261
0.6025684
0.6082602
0.60379386
0.6104889
0.61685485
0.6242258
0.64278275
0.6376806
0.63264436
0.6359859
0.6325427
0.6472258
0.6431847
0.6435749
0.6181956
0.6279888
0.62028956
0.6163952
0.6060381
0.6176509
0.62952244
0.6078463
0.60084665
0.6259882
0.63737196
0.6380438
0.6369268
0.6301176
0.64337325
0.64241964
0.62825614
0.6434299
0.62267065
0.64024556
0.618682
0.6162786
0.6193772
0.6152325
0.6128665
0.61184
0.6267087
0.61782646
0.6312196
0.60467863
0.60641605
0.60547763
0.6007095
0.5954882
0.59420884
0.57345307
0.57043934
0.572805
0.577616
0.5759329
0.57813287
0.5618409
0.5846685
0.58927304
0.5792531
0.6021318
0.5976585
0.6006746
0.59974825
0.6003557
0.6018633
0.596118
0.5948396
0.5998591
0.6163529
0.5976109
0.605883
0.5786022
0.61131215
0.587885
0.60917777
0.62145156
0.59575796
0.5991825
0.5978351
0.60258365
0.60739386
0.6101265
0.60759157
0.60951805
0.6074101
0.6253526
0.6301462
0.62004864
0.6239738
0.6327936
0.63288295
0.64351857
0.63367033
0.6549407
0.6351128
0.65094835
0.6343829
0.65412307
0.6533457
0.65476286
0.64356756
0.6575318
0.6356
0.6402376
0.62021667
0.6197948
0.624436
0.61313653
0.61951494
0.62362546
0.62490106
0.6618737
0.6583983
0.6956164
0.69489515
0.6937114
0.7158101
