1
0.7614406
0.76251495
0.7588686
0.75671583
0.75850415
0.7475301
0.7503931
0.7529128
0.7477342
0.755291
0.7532953
0.7521288
0.7528779
0.75701416
0.74697936
0.74566907
0.751227
0.7489867
0.7523028
0.75043863
0.74152607
0.737159
0.74528086
0.7409308
0.72960657
0.7393495
0.7445772
0.7256173
0.72623265
0.7217147
0.73674965
0.7226471
0.73835695
0.7310415
0.73056746
0.7327354
0.74549013
0.74055654
0.7415911
0.7406044
0.7356826
0.7350242
0.73335546
0.7311385
0.73222154
0.72890747
0.72961026
0.7273667
0.7257599
0.723213
0.7219196
0.7279578
0.7238787
0.71466386
0.7185138
0.7270977
0.711837
0.72806084
0.7212362
0.7291042
0.7176092
0.7250541
0.7222057
0.72756976
0.71680224
0.7239762
0.7190646
0.726492
0.7257561
0.7294882
0.73160684
0.73144656
0.73176414
0.72628134
0.73205835
0.72732514
0.7234846
0.73083735
0.7258295
0.7329677
0.72333896
0.7360285
0.7312335
0.7274191
0.72427535
0.73452884
0.7327338
0.7398554
0.7392206
0.73058015
0.7398514
0.7302589
0.7382584
0.73043096
0.73952025
0.73093927
0.72906387
0.72839904
0.7407598
0.7436342
0.72878736
0.7389381
0.72899324
0.726119
0.7296238
0.73210263
0.72953504
0.7264648
0.7232916
0.71793675
0.73546726
0.7297657
0.7355081
0.7322577
0.7451127
0.74415106
0.7422115
0.746395
0.7569758
0.7489675
0.75144273
0.7485462
0.74714255
0.7445715
0.7366424
0.7479229
0.74673885
0.74444544
0.75193024
0.7587723
0.7548223
0.75781316
0.75728136
0.7574327
0.7589114
0.7553803
0.75399446
0.7521441
0.73778826
0.74564916
0.74180293
0.74737614
0.75413775
0.7465748
0.7433867
0.7519423
0.755775
0.75853765
0.74677026
0.75787747
0.7515149
0.75067234
0.7428225
0.7450197
0.75247836
0.75545526
0.7496701
0.7578395
0.74792004
0.7421265
0.75841373
0.75204694
0.75388116
0.77139014
0.76963675
0.76397824
0.7862301
0.78840256
0.8073816
0.8071018
0.8114751
0.82312614
0.8252789
0.81533486
0.80955154
0.7908859
0.78127956
0.7746279
0.76868016
0.7695563
0.7685795
0.7684251
0.7774097
0.7693369
0.7706691
0.7692304
0.7759609
0.7662789
0.7970783
0.80094
0.81004286
0.807952
0.8057668
0.81596863
0.81018275
0.8183414
0.808008
0.80600095
0.8084122
0.80411524
0.8030084
0.80425465
0.8029556
0.7985936
0.7973624
0.80582136
0.7986317
0.8017316
0.80399156
0.807781
0.8011564
0.7789733
0.766113
0.7695948
0.76633924
0.77005935
0.75779295
0.7629735
0.75131243
0.7526082
0.74667674
0.7473308
0.7354877
0.7488822
0.7469875
0.7497072
0.7609001
0.7623694
0.7721308
0.7652942
0.7790946
0.77685505
0.79580134
0.7961758
0.8055742
0.8058742
0.8146596
0.77475494
0.771454
0.8064124
0.7621556
0.782877
0.78478897
0.76897794
0.76198804
0.77830124
0.7753922
0.7933739
0.76125777
0.78094023
0.77655756
0.761706
0.7585331
0.763243
0.75383896
0.76699984
0.7641952
0.7595154
0.7678601
0.7674489
0.7649831
0.7774296
0.778467
0.7834381
0.77829355
0.77302283
0.77099794
0.76964873
0.7781271
0.7669476
0.7625767
0.77184534
0.76227
0.7641148
0.7614134
0.7675062
0.76879597
0.7690826
0.7640908
0.7739878
0.7701979
0.771069
0.7655139
0.7774616
0.7675645
0.76151025
0.7505777
0.7643966
0.7523409
0.7426223
0.74019915
0.7436192
0.7500498
0.749838
0.74739325
0.75055695
0.7505203
0.72911793
0.74220586
0.7436746
0.74209905
0.7287218
0.7298734
0.7402733
0.7173785
0.7139046
0.71671605
0.69920117
0.72451514
0.716157
0.7226861
0.7302381
0.73684675
0.74354225
0.7395756
0.74169046
0.7356312
0.7435003
0.7466363
0.7574745
0.74335873
0.7507712
0.7710147
0.7582099
0.75441986
0.7613767
0.7685409
0.7617821
0.76562536
0.76494163
0.76107305
0.7650006
0.758483
0.75514466
0.7392956
0.7516931
0.7532924
0.76128626
0.75537974
0.76522714
0.7785258
0.7739614
0.7834036
0.7694131
0.78174233
0.77418786
0.7775274
0.7751971
0.7746321
0.7646886
0.77559656
0.7488444
0.7520105
0.7396172
0.7438722
0.7458925
0.7453957
0.745587
0.7438471
0.73946315
0.73186016
0.7344794
0.733641
0.73079264
0.7485801
0.7651855
0.7592721
0.7776085
0.7641117
0.76293546
0.7707447
0.76644397
0.77365005
0.758076
0.7483209
0.7529883
0.73277444
0.7337599
0.7435846
0.74547845
0.7509364
0.74372125
0.76532096
0.77094156
0.75923425
0.7629465
0.7669383
0.74316275
0.7411193
0.73020715
0.7367534
0.7408456
0.750928
0.7538031
0.7565907
0.75381124
0.75724906
0.7539241
0.7450571
0.74885654
0.76228595
0.7600095
0.7647585
0.73727584
0.7319725
0.7205907
0.7334099
0.7192692
0.7197394
0.72462624
0.71480805
0.7309516
0.71611476
0.7411891
0.7325811
0.739081
0.74023646
0.74099076
0.75927997
0.7660215
0.7740823
0.79810226
0.80884176
0.8017959
0.793906
0.7957141
0.7963428
0.79765475
0.78650516
0.7949918
0.78569704
0.75011754
0.73607254
0.7079138
0.69928235
0.69314617
0.6831527
0.6947463
0.7004767
0.6928074
0.69456446
0.6888847
0.68512195
0.70210826
0.6911421
0.7000392
0.6888302
0.7041954
0.7173659
0.7298766
0.739617
0.7380619
0.7648768
0.7670273
0.79504925
0.790356
0.7796802
0.77952313
0.7736397
0.7716267
0.77969265
0.78032804
0.7717366
0.76633376
0.75287163
0.765014
0.7595688
0.7607611
0.7486084
0.7552807
0.7571091
0.76657706
0.77040714
0.7751166
0.7905352
0.782898
0.7824815
0.78311145
0.77865124
0.7820943
0.7928543
0.7815016
0.7579124
0.75827307
0.73430526
0.73712134
0.72632724
0.7343598
0.7317735
0.74648833
0.7694757
0.77939993
0.77550393
0.7673529
0.77969813
0.750948
0.7417742
0.7518302
0.7384325
0.7443586
0.7506622
0.7511119
0.76040226
0.75996757
0.7721195
0.7747659
0.7661571
0.7717712
0.76366866
0.75232035
0.75674397
0.7527239
0.7547248
0.7467481
0.74499357
0.7608337
0.7524116
0.75612223
0.74952304
0.76232934
0.76612544
0.7749206
0.78390646
0.77370167
0.7957958
0.7875174
0.79665434
0.7928138
0.7830918
0.7846333
0.78859866
0.789913
0.7911357
0.7901085
0.78485054
0.7808078
0.7924349
0.7824684
0.7894856
0.77297014
0.7842473
0.7805851
0.78402555
0.7709013
0.778593
0.78197336
0.78272927
0.7844834
0.8027214
0.79254377
0.79641354
0.79402435
0.8031678
0.80683565
0.8135557
0.804009
0.79887545
0.7901446
0.7975572
0.7915918
0.7971879
0.801864
0.7899524
0.799675
0.7894545
0.77186126
0.76352143
0.7595166
0.76101
0.74681014
0.7558983
0.74838156
0.7480968
0.7419977
0.7411654
0.73857325
0.73819643
0.7346963
0.7380587
0.7568885
0.7408385
0.7588594
0.75335336
0.7676941
0.75018793
0.75674313
0.7526485
0.75360143
0.7468219
0.74078983
0.7314699
0.7322544
0.72736627
0.7137914
0.71561277
0.7164427
0.7128427
0.71578526
0.73067415
0.7350112
0.728967
0.7314724
0.727512
0.7304511
0.72546524
0.7446918
0.7284533
0.75335795
0.7520638
0.7405511
0.7381557
0.7352899
0.73490554
0.7263478
0.71580946
0.7272279
0.7081563
0.7126973
0.70266
0.7094494
0.7138209
0.69807327
0.71288353
0.7040174
0.7141422
0.71084386
0.7148937
0.71395415
0.679699
0.6663271
0.6700442
0.68065226
0.6646271
0.6757863
0.6884248
0.68611944
0.695875
0.69373405
0.70957386
0.70647895
0.72235066
0.71918935
0.71789557
0.72133857
0.72841316
0.73681736
0.73058885
0.7352294
0.7372369
0.733703
0.73258513
0.7235618
0.69463223
0.7045757
0.6823353
0.6958665
0.68414146
0.67677575
0.67369074
0.66816074
0.68275166
0.66735977
0.66993624
0.67041665
0.6932774
0.6946252
0.7095306
0.71806747
0.71199244
0.72712433
0.72201324
0.72054756
0.73048335
0.72387296
0.7115909
0.69963086
0.70505375
0.7099065
0.68229157
0.71340156
0.7016548
0.7014004
0.68487406
0.6876928
0.67964953
0.69255555
0.669037
0.69263154
0.68952525
0.6793248
0.6883029
0.6848888
0.706537
0.6923454
0.7057758
0.67437166
0.6763246
0.6838399
0.67205685
0.6691216
0.68133247
0.6686054
0.6612537
0.64801013
0.651719
0.64768636
0.6511467
0.6602008
0.66349643
0.66692764
0.672367
0.672657
0.70532286
0.6909839
0.70279646
0.6875555
0.6781332
0.6739889
0.67407
0.67182875
0.68467635
0.678362
0.67346615
0.67267156
0.67838156
0.6868543
0.681513
0.68475986
0.6823259
0.6713609
0.665206
0.6628302
0.65641713
0.65548503
0.6529956
0.6418055
0.6321088
0.6340525
0.63327533
0.62763864
0.6326081
0.6260171
0.63326555
0.6218541
0.60766965
0.60551125
0.60401255
0.62599
0.627469
0.6178845
0.6134242
0.60215485
0.59618986
0.5992749
0.6002145
0.59912145
0.59287655
0.5833437
0.60207397
0.60805506
0.6159142
0.6247876
0.6151089
0.61749077
0.61046195
0.61023384
0.5952309
0.60377216
0.6066876
0.59991765
0.5917483
0.60128754
0.60062665
0.60449034
0.5730991
0.5837866
0.5919685
0.5875813
0.58776134
0.58921695
0.595614
0.5892138
0.6044144
0.617491
0.6268263
0.6405882
0.6780661
0.6897562
0.7236796
0.7250157
0.73293185
0.72919923
0.7370697
0.74192166
0.747291
0.75292134
0.7457342
0.74436885
0.7233614
0.7149515
0.7146471
0.7301551
0.72912216
0.7390357
0.7493603
0.74197096
0.7281364
0.71598136
0.7103466
0.7186816
0.7189854
0.7356151
0.732346
0.7230356
0.7348832
0.73091155
0.73304754
0.7442606
0.7263387
0.7320694
0.738966
0.74625057
0.7595933
0.7450651
0.7349203
0.7287032
0.7410232
0.7323955
0.74516267
0.72139955
0.7244822
0.7287581
0.7113869
0.7143232
0.6947312
0.70299387
0.6940143
0.69238
0.67176026
0.68768543
0.6953221
0.67601854
0.6570722
0.68798125
0.6733452
0.6467301
0.66013014
0.6561504
0.6430052
0.6445132
0.66674227
0.6674274
0.663616
0.669918
0.6705007
0.67499393
0.6917703
0.7001587
0.6744446
0.675151
0.67994213
0.6990779
0.6878565
0.6949972
0.6697593
0.68281955
0.6736846
0.70819885
0.70329046
0.6920563
0.6992372
0.68837845
0.7121376
0.7051214
0.70150244
0.7112814
0.70610887
0.7086604
0.69823986
0.6999684
0.7018457
0.7135528
0.694904
0.71174556
0.70965654
0.70224696
0.706826
0.7026485
0.71888006
0.7224859
0.7139359
0.7104199
0.71866196
0.7048784
0.700334
0.6779814
0.67042696
0.6592091
0.65608025
0.6237485
0.65249693
0.6272196
0.6331052
0.6119454
0.5750473
0.56422997
0.5661411
0.5634536
0.54563624
0.52664244
0.5397927
0.4942342
0.5003661
0.4775796
0.5115244
0.52392566
0.5649378
0.54580164
0.568052
0.5716391
0.55049574
0.53270304
0.5607177
0.5798059
0.56469226
0.5664708
0.5787675
0.5953984
0.5847438
0.600418
0.5942722
0.60692954
0.6044413
0.59303373
0.6429274
0.6136691
0.6101556
0.6206407
0.6204514
0.63076276
0.6143625
0.6404959
0.61262405
0.59857416
0.6202544
0.6194182
0.6056199
0.5971675
0.61456704
0.6171695
0.6168753
0.63017964
0.6272301
0.6549685
0.6532767
0.6655248
0.6409905
0.65098697
0.6419202
0.653326
0.6751793
0.7053597
0.7181574
0.72863173
0.73397404
0.7498063
0.7477659
0.75152856
0.74882144
0.7488234
0.75226456
0.7510632
0.75380105
0.75017333
0.7573984
0.75363016
0.7504609
0.75045216
0.7390515
0.73625195
0.7210184
0.70404047
0.6964151
0.67952985
0.6817159
0.65845424
0.6670929
0.6644234
0.66609395
0.67259455
0.6883397
0.69647306
0.7114019
0.73573744
0.73021567
0.7343845
0.73958355
0.73187774
0.7386371
0.7340822
0.7357722
0.73337466
0.74414456
0.73768014
0.73062325
0.7304338
0.7296924
0.7311234
0.7289863
0.7248647
0.7333705
0.72066635
0.73501366
0.72973603
0.7351559
0.7483192
0.74040574
0.7378743
0.72883314
0.7382599
0.73709756
0.72134095
0.7178834
0.72250223
0.732409
0.7477119
0.7498014
0.7610524
0.7607839
0.75871706
0.7614879
0.75604856
0.74314845
0.74484265
0.740437
0.73591465
0.75401914
0.7469839
0.74942964
0.74772036
0.73856294
0.7443589
0.7437865
0.7529241
0.76158994
0.7748639
0.7670721
0.7620871
0.7518586
0.77373546
0.7559399
0.7572446
0.7615084
0.7591549
0.7557088
0.7657585
0.7432808
0.74969715
0.7481755
0.7294191
0.73416173
0.7223788
0.72012436
0.70229524
0.73096067
0.72588366
0.7124781
0.7374696
0.7264289
0.7315391
0.71617866
0.72964793
0.7393895
0.7289585
0.73533666
0.73362553
0.72259516
0.72335666
0.7249778
0.70691437
0.7115816
0.7168123
0.736058
0.72872734
0.7250006
0.72699755
0.70990074
0.7302759
0.6938846
0.70548147
0.69691986
0.6857027
0.6808593
0.6912762
0.6826553
0.6936703
0.6728501
0.6964038
0.6765176
0.68704647
0.6719826
0.677696
0.66687924
0.68949276
0.67493784
0.6669448
0.66428155
0.66465
0.65074235
0.6591663
0.637521
0.6338529
0.6255456
0.6065252
0.60486376
0.60488224
0.6006344
0.5913029
0.57327414
0.5495966
0.54931766
0.5756008
0.60641044
0.63771707
0.63779986
0.6434974
0.6627616
0.6585987
0.6669297
0.68865526
0.6927603
0.6992062
0.70235
0.7161092
0.71470326
0.7169741
0.71220565
0.713244
0.72502446
0.72225684
0.71734065
0.7224419
0.730896
0.74675345
0.7191308
0.7383608
0.7369376
0.7431724
0.73092395
0.75012094
0.7328988
0.7516134
0.74905425
0.75730747
0.74524814
0.7358521
0.7412151
0.7222357
0.72537166
0.72646177
0.73500323
0.7276159
0.7146497
0.7285799
0.73693234
0.7477102
0.75879854
0.7481815
0.750015
0.74305266
0.7538544
0.7535496
0.74622893
0.738121
0.7442477
0.7445614
0.7358421
0.7406461
0.7338055
0.72002196
0.7200259
0.729837
0.7390653
0.7471143
0.7562673
0.7508656
0.755777
0.75547546
0.74559367
0.7397706
0.76135886
0.7433247
0.7663499
0.75133634
0.72864586
0.74790037
0.73804975
0.7428853
0.747803
0.7344142
0.7239852
0.68169236
0.6709115
0.67168075
0.6711018
0.64806956
0.6361985
0.66194504
0.67295605
0.7057891
0.66912276
0.69037944
0.6918153
0.6861935
0.69467545
0.71023124
0.7000465
0.69030887
0.6993301
0.7013244
0.7135767
0.724588
0.7272183
0.7452743
0.7420516
0.74299484
0.74564946
0.7432117
0.73225176
0.75752026
0.71413547
0.7370487
0.7317348
0.7255129
0.7082895
0.6943561
0.7046083
0.7227365
0.7156448
0.73253876
0.7385084
0.7385848
0.7399854
0.7536282
0.7371864
0.7494355
0.74216866
0.7342883
0.7227882
0.71397823
0.71155
0.7082942
0.7141187
0.70950854
0.7229066
0.7369597
0.7457294
0.7295531
0.71593755
0.72791713
0.73655725
0.72774094
0.7351334
0.72962445
0.71964663
0.7435666
0.7237069
0.7328108
0.72791374
0.7427003
0.7459285
0.7446452
0.7499117
0.7560384
0.735763
0.752558
0.7278397
0.7074134
0.70441574
0.690457
0.6882356
0.6881968
0.6911281
0.67881024
0.671202
0.6793114
0.68432313
0.6830886
0.6892541
0.69178134
0.7232621
0.72586083
0.73731476
0.74761605
0.74952674
0.7337042
0.7339273
0.74652076
0.7734162
0.77604884
0.7688497
0.76527655
0.7603738
0.74967396
0.7502429
0.7494299
0.7454815
0.756507
0.7583391
0.7543311
0.76040095
0.7611382
0.76588327
0.7509364
0.7589045
0.7435307
0.75361353
0.74843776
0.7524178
0.7482975
0.74030995
0.7374727
0.7483914
0.7665273
0.76997566
0.76546764
0.7665775
0.76774514
0.7720309
0.7505181
0.7477654
0.75066143
0.75246286
0.7581373
0.7643109
0.74949795
0.7501771
0.7419547
0.74186206
0.74324703
0.7460865
0.7404744
0.73824745
0.7402341
0.7465962
0.7407256
0.7376596
0.73471326
0.73553425
0.7310656
0.7370604
0.7361764
0.7415442
0.7485331
0.7427033
0.740274
0.73886794
0.75284064
0.7523209
0.7550561
0.7495672
0.7566978
0.75031877
0.75518674
0.7466786
0.7528948
0.7545165
0.7540161
0.73889476
0.74757916
0.74548453
0.7440152
0.74084353
0.7412983
0.74450314
0.7506918
0.7473152
0.7396882
0.7430414
0.7462283
0.74693906
0.7469135
0.7488597
0.7546951
0.7475938
0.74938995
0.7486905
0.7493057
0.75074095
0.75377464
0.7540115
0.7527556
0.75510144
0.74927247
0.7601305
0.7506896
0.75028557
0.7558795
0.7588934
0.75901264
0.76571715
0.76023585
0.77044255
0.7741246
0.77583134
0.775294
0.7799747
0.776254
0.7867187
0.77826124
0.78472996
0.7810424
0.77732706
0.7552797
0.75985456
0.7632929
0.7673756
0.7789982
0.76589996
0.7677307
0.7805885
0.77717185
0.7730865
0.7763553
0.77124006
0.76655734
0.75967705
0.75859594
0.7534195
0.744395
0.754853
0.7385506
0.73447543
0.7413702
0.74091864
0.7346496
0.73226154
0.709809
0.7087618
0.70312315
0.698292
0.70569533
0.7037887
0.6945462
0.70172316
0.7004654
0.70205235
0.70957285
0.71035653
0.7168532
0.71706027
0.72611994
0.7263626
0.72046155
0.7234063
0.71450305
0.7112737
0.71721905
0.7168007
0.7094827
0.70498216
0.69305193
0.7016761
0.69439715
0.698082
0.6879298
0.6974309
0.70132107
0.7103021
0.7200939
0.7096425
0.7069897
0.7222661
0.7244897
0.72078604
0.7130407
0.7223081
0.70381135
0.69803816
0.688467
0.6908201
0.7025199
0.69685966
0.67776966
0.6696594
0.67358977
0.6431023
0.62395614
0.61564624
0.6234453
0.61521065
0.6232816
0.60674465
0.6080987
0.5986842
0.60506874
0.62632763
0.6253042
0.6129106
0.60737896
0.6025452
0.5953035
0.5947825
0.59619963
0.58396995
0.5753546
0.57533914
0.61392146
0.60670084
0.6219516
0.61880684
0.6458241
0.6507871
0.64169395
0.63526493
0.6131306
0.6226654
0.65065134
0.6418403
0.63059324
0.6240151
0.62901795
0.6485024
0.6460822
0.65481335
0.6567907
0.67344946
0.64291775
0.67040396
0.67946726
0.6502252
0.6354703
0.6338474
0.6503908
0.6318742
0.62406296
0.61659414
0.5973421
0.6042383
0.6006922
0.6240861
0.6283745
0.6133857
0.6408428
0.6371635
0.64644265
0.6836118
0.655758
0.704499
0.7039877
0.6950316
0.69657934
0.71111786
0.7081453
0.7103151
0.71968806
0.73142534
0.7338799
0.7441157
0.7483755
0.71365213
0.73103946
0.7032457
0.71030444
0.70694745
0.671241
0.67564476
0.65267986
0.654892
0.64331514
0.6464635
0.64697343
0.66722065
0.67124903
0.691103
0.68362486
0.6848384
0.68273085
0.65369654
0.66517764
0.69519436
0.6875573
0.72123384
0.7414129
0.7414012
0.72311795
0.7227588
0.71321684
0.7440503
0.74032545
0.7364985
0.7341916
0.7450437
0.73058724
0.72433144
0.75352466
0.7433818
0.75548
0.7343535
0.7309345
0.75561285
0.7376781
0.71354324
0.7086494
0.7192892
0.7012622
0.68296415
0.6860497
0.7063258
0.69882745
0.65921235
0.6953088
0.700147
0.7012558
0.6919322
0.68357056
0.6679137
0.68567234
0.7124144
0.70218533
0.7103225
0.6923886
0.6889746
0.6778487
0.699598
0.70856476
0.68217355
0.6808894
0.66366607
0.65764505
0.63417673
0.6304263
0.6243252
0.6063414
0.61830956
0.606055
0.6095197
0.6158511
0.6176908
0.6280693
0.6304428
0.65022296
0.66220194
0.6911366
0.655421
0.6659361
0.68343574
0.68465394
0.6717874
0.67696035
0.69212437
0.6842935
0.7024132
0.7076115
0.7038028
0.67777795
0.64968735
0.653278
0.6392358
0.6740022
0.69462514
0.7183287
0.72011364
0.7128345
0.7198111
0.7206066
0.726021
0.70104086
0.6808572
0.65650123
0.6297965
0.65231234
0.68437886
0.68087393
0.69467163
0.68883115
0.68453485
0.6773349
0.69842446
0.67431295
0.64000005
0.63826704
0.6558408
0.67116016
0.6880625
0.6847256
0.7019355
0.7085097
0.70830506
0.7046977
0.68972695
0.7440701
0.7057808
0.71898645
0.6812246
0.7233311
0.6933433
0.68822986
0.682438
0.6560924
0.66666394
0.65159845
0.6718182
0.65559214
0.66955787
0.6582385
0.70814085
0.7079915
0.7126808
0.7317038
0.7198613
0.72026044
0.7256884
0.7108248
0.7063512
0.7136178
0.72357833
0.72744256
0.7348522
0.7350272
0.70518404
0.73408514
0.7168905
0.70337546
0.7116894
0.72181505
0.7269187
0.7052243
0.7298977
0.7398489
0.7480049
0.7311562
0.7260349
0.75461847
0.7377647
0.7685304
0.7301386
0.74105287
0.7263708
0.720998
0.7414265
0.7318075
0.7326673
0.73904234
0.7441806
0.7351327
0.7123473
0.71242034
0.71747583
0.7374074
0.71748763
0.74320406
0.7009179
0.74134153
0.73347914
0.7487722
0.738447
0.741062
0.72099936
0.7591746
0.76200664
0.73631436
0.73535377
0.7427586
0.7598029
0.71765316
0.7539553
0.7422385
0.7422233
0.7319699
0.74663347
0.7281123
0.71363544
0.7180133
0.71852577
0.7133635
0.71514535
0.72066283
0.73831123
0.7653995
0.75763476
0.7256706
0.7428229
0.74120575
0.7336302
0.7566163
0.72698057
0.74727887
0.73749757
0.7491175
0.73440033
0.7297597
0.7581727
0.7155718
0.7317108
0.7711071
0.7610264
