1
0.66005266
0.6582738
0.6569046
0.6551858
0.6535923
0.66168344
0.6612036
0.66115516
0.6598089
0.6601718
0.6597712
0.6608225
0.66185737
0.66062415
0.6605045
0.66160834
0.65955704
0.66033614
0.6539062
0.65586203
0.65192276
0.6529671
0.6498767
0.65210855
0.6432554
0.643924
0.64454305
0.6469593
0.64682966
0.64725125
0.63804203
0.63899773
0.63405526
0.6266561
0.627405
0.6197306
0.6216768
0.619616
0.6153674
0.608463
0.61384773
0.6086223
0.6136293
0.60833114
0.610319
0.61255014
0.6139084
0.6217659
0.61639714
0.62567025
0.6333089
0.642749
0.65182394
0.6739365
0.6752276
0.6773236
0.66257185
0.6639645
0.6683634
0.6713229
0.6453806
0.6165373
0.633294
0.62095636
0.6283901
0.5980685
0.6144017
0.6145845
0.60415435
0.5985112
0.5858142
0.6170939
0.6219069
0.63852453
0.63859695
0.63961655
0.64362144
0.65773493
0.6337457
0.65058875
0.63537127
0.6311917
0.6318764
0.6381297
0.630262
0.62189496
0.6216567
0.6286722
0.62885815
0.6235335
0.63890827
0.6175152
0.6171762
0.59680855
0.600257
0.6027961
0.599979
0.60809994
0.60992306
0.6224385
0.6627021
0.6519142
0.66466004
0.6508294
0.655704
0.65333116
0.66167057
0.6476829
0.66738874
0.6460863
0.63058186
0.6475916
0.6387271
0.63403964
0.6095532
0.61997586
0.5972581
0.59934175
0.58476645
0.59573895
0.55816597
0.58146536
0.57435316
0.57391155
0.5705988
0.5651436
0.59155196
0.595031
0.5759956
0.60122633
0.5912535
0.58946973
0.59299403
0.5905198
0.60108644
0.60008234
0.6081257
0.60283756
0.6142331
0.62354445
0.6279786
0.61240655
0.59992844
0.5880407
0.58246696
0.58136725
0.5864994
0.58984596
0.583544
0.5814016
0.58864754
0.5889084
0.61208606
0.6016365
0.622952
0.64480454
0.65740764
0.6390576
0.65128493
0.64755625
0.653402
0.64905643
0.6481649
0.6510971
0.63703275
0.60194695
0.60656464
0.59107125
0.5853618
0.5933109
0.60986096
0.5964008
0.60819006
0.6151268
0.64375263
0.64489865
0.64169025
0.63325584
0.6191559
0.61774534
0.62478197
0.6232666
0.6081501
0.6117084
0.60966074
0.6124609
0.6043705
0.60343075
0.58597004
0.5980302
0.5667755
0.6133989
0.5740389
0.57895523
0.57819474
0.5679942
0.56361514
0.5566883
0.5653385
0.5710966
0.5743493
0.5588525
0.5621582
0.5628666
0.5776283
0.5649986
0.5729481
0.58339655
0.5845744
0.59777725
0.5905102
0.5953454
0.59600633
0.5874978
0.5912904
0.6078192
0.5968387
0.5819063
0.59753615
0.5692324
0.58757627
0.5771047
0.57309777
0.595217
0.5848143
0.5920086
0.60493475
0.5952335
0.5903666
0.60575455
0.59561896
0.60897195
0.59553295
0.6152014
0.61450046
0.60991114
0.6189154
0.60673964
0.6083452
0.5946364
0.6157055
0.58693117
0.5968768
0.60414976
0.6054585
0.6359821
0.62708247
0.62582403
0.6175273
0.6078129
0.58392864
0.608904
0.5783856
0.5371034
0.5419783
0.52425045
0.5359479
0.5283407
0.5377151
0.5236173
0.48250315
0.48911697
0.49674302
0.520886
0.50257987
0.5161857
0.49565762
0.50502723
0.4867472
0.50487477
0.5108524
0.5345778
0.55501384
0.5686154
0.59778
0.6104357
0.6243047
0.62972337
0.60965323
0.6103009
0.6091707
0.6059228
0.6113961
0.61119986
0.60592794
0.61576796
0.6027531
0.5956181
0.5961634
0.5804349
0.57984096
0.56541085
0.56659347
0.55553097
0.53659
0.54126436
0.53801453
0.53287864
0.5237881
0.53030676
0.55073977
0.5516826
0.5629332
0.5778019
0.5880631
0.6141869
0.62606823
0.6027393
0.6157899
0.6025417
0.5713709
0.6023148
0.58174914
0.593525
0.6028285
0.59865457
0.5914327
0.5778745
0.5694863
0.57908714
0.57790715
0.5903198
0.5918744
0.56042767
0.5703049
0.57117677
0.59279114
0.58675796
0.6004081
0.5900632
0.60246015
0.6006074
0.6129313
0.6423838
0.6210058
0.62348056
0.64320695
0.6518481
0.64747334
0.6453022
0.6673753
0.67532855
0.6528871
0.64346755
0.65338576
0.6473152
0.6677882
0.6752324
0.6804715
0.6733802
0.6820534
0.68653834
0.6958469
0.6838264
0.68937194
0.70934147
0.71184736
0.71043414
0.705087
0.69382215
0.6854177
0.68239874
0.67927176
0.6822601
0.6662161
0.6800952
0.6739098
0.6914227
0.6835344
0.6898728
0.67269933
0.6402561
0.6019274
0.61806834
0.61282265
0.62808377
0.6140905
0.6121488
0.599855
0.6097678
0.6259017
0.64601576
0.6278982
0.65777105
0.6615985
0.65801203
0.6662619
0.6782288
0.6584794
0.6686382
0.65235597
0.6477616
0.6369391
0.6171444
0.62385416
0.6132503
0.618716
0.60669386
0.61011297
0.6203951
0.61728007
0.6142805
0.60306734
0.59534734
0.5982833
0.58802855
0.58807147
0.58763784
0.59661883
0.59738284
0.59494895
0.5958563
0.5880914
0.6019298
0.5918258
0.5903386
0.5917992
0.58796614
0.59199667
0.6098715
0.6420563
0.6314474
0.6492767
0.6477716
0.655748
0.6464403
0.61579496
0.60786605
0.59084237
0.59602123
0.5946297
0.5861536
0.5814136
0.59915084
0.5865636
0.58933604
0.59182644
0.5898781
0.6017395
0.5990064
0.6141877
0.61449593
0.6321134
0.6219508
0.6323857
0.62586385
0.6384554
0.6120553
0.6239304
0.61303973
0.6101061
0.60367084
0.60643333
0.61032736
0.60458946
0.6053522
0.60727096
0.60757685
0.6062626
0.6187798
0.60424715
0.5887331
0.5714413
0.5620134
0.55699813
0.53331673
0.5305533
0.5307214
0.5216449
0.528982
0.49196196
0.5221865
0.5107082
0.51580286
0.5028478
0.490166
0.50485194
0.5052395
0.52062196
0.51751196
0.5258241
0.5181526
0.5120425
0.5324182
0.5011085
0.5229225
0.5153456
0.5073046
0.50095254
0.496989
0.5018455
0.4918015
0.4889008
0.5002574
0.48094276
0.5076424
0.48776826
0.50781214
0.48664302
0.49395567
0.4882519
0.48881876
0.4990084
0.47574973
0.48506048
0.46389046
0.45630577
0.4541307
0.46214256
0.44978854
0.466127
0.44676453
0.461529
0.49950257
0.48535296
0.48774546
0.5030818
0.4940918
0.5039207
0.5032399
0.5117313
0.49750063
0.50744796
0.5018208
0.49168932
0.5050111
0.51489764
0.51210386
0.5078455
0.51724887
0.51789236
0.516641
0.5196093
0.51399344
0.5146514
0.52514464
0.5384606
0.512473
0.53686285
0.53058606
0.5142103
0.5106017
0.49703303
0.49775833
0.50606847
0.5288279
0.5463759
0.5421559
0.50836015
0.5430318
0.54087085
0.55070084
0.55360776
0.54522985
0.58422095
0.55815876
0.55548316
0.58418286
0.5634948
0.57786345
0.6003298
0.5919124
0.59492403
0.5885469
0.6119673
0.59472203
0.62459236
0.6184961
0.63301766
0.631493
0.6194055
0.611527
0.6143315
0.6180551
0.6164554
0.59247243
0.60377914
0.6013479
0.58319885
0.5814931
0.57668775
0.5794943
0.56926864
0.5584016
0.56696814
0.58122337
0.588965
0.5994249
0.59325415
0.59232527
0.59486246
0.5825232
0.5857355
0.5797157
0.5691265
0.58844966
0.572896
0.5646535
0.55713356
0.5577523
0.5719054
0.561009
0.5601284
0.54940575
0.56781507
0.55297655
0.5507069
0.5277375
0.5429263
0.5327088
0.5392808
0.5272435
0.54174936
0.5421008
0.53981566
0.5268298
0.54884785
0.5501746
0.5723977
0.58190066
0.61364466
0.6072381
0.61261857
0.6574379
0.6130808
0.631273
0.58233434
0.5809232
0.5557015
0.6057686
0.5935002
0.58165216
0.60893416
0.5843667
0.62548935
0.6203761
0.67723507
0.659043
0.6449623
0.6585973
0.64704114
0.64508176
0.6435559
0.63064086
0.605087
0.60743535
0.5739236
0.572193
0.54516476
0.5281276
0.522804
0.5064662
0.52916783
0.5455125
0.5537729
0.5667533
0.5669546
0.59539074
0.5689632
0.61457723
0.57806003
0.6274347
0.61917365
0.63077384
0.6446726
0.6380103
0.6418796
0.6413296
0.6698131
0.6982038
0.6978527
0.7289718
0.71631104
0.71636033
0.6604714
0.667406
0.6539073
0.64578724
0.65240246
0.6227463
0.62209195
0.60462064
0.62035114
0.58860356
0.59357953
0.59056795
0.5814936
0.5839687
0.584872
0.5852763
0.5887797
0.56996256
0.5965217
0.5891703
0.60269403
0.59424984
0.58710855
0.58037287
0.5826291
0.58475757
0.57431614
0.5796815
0.59571725
0.5924457
0.5966562
0.61010236
0.64579743
0.63124335
0.62616545
0.6064426
0.6200951
0.63016796
0.63571495
0.6136372
0.59054786
0.6148323
0.611216
0.6540267
0.64188784
0.60067326
0.60389
0.60855204
0.54738784
0.6044029
0.5667772
0.5805769
0.612181
0.62543637
0.63126767
0.6351851
0.6715757
0.69073886
0.6804888
0.70573884
0.70335716
0.69314533
0.69834286
0.71827674
0.71137464
0.70121086
0.70066774
0.70244056
0.71066844
0.6962109
0.6772566
0.69320226
0.65570104
0.6628353
0.6278371
0.6134514
0.6010566
0.56015503
0.5293359
0.52239794
0.52058065
0.5268997
0.52558607
0.5620463
0.5727039
0.58011436
0.57324964
0.59447503
0.60744375
0.57917714
0.61433256
0.5941813
0.603497
0.5791785
0.60111314
0.6030263
0.5953514
0.6076758
0.60754865
0.6138118
0.6373995
0.63535386
0.63962483
0.6432551
0.65624654
0.647025
0.65162295
0.6632138
0.6659495
0.68649346
0.69779766
0.68958
0.67126435
0.67575556
0.6754724
0.66261214
0.63842046
0.6703593
0.65397125
0.63778096
0.60405326
0.5990071
0.63498497
0.6215031
0.6146308
0.60315716
0.5951433
0.6318178
0.62384886
0.6328523
0.68148077
0.6595849
0.6669825
0.67010206
0.6521676
0.6445136
0.61548
0.60422015
0.62386155
0.62996304
0.63835233
0.622027
0.6404036
0.60485774
0.6000214
0.5885796
0.56298614
0.5648487
0.5624735
0.5504007
0.5749316
0.5814099
0.5860334
0.57540834
0.56303406
0.5379374
0.5206623
0.5352364
0.51752704
0.5181986
0.52435184
0.5427049
0.54114115
0.56860006
0.57169145
0.5489103
0.52325356
0.5201385
0.5077621
0.4986727
0.5171915
0.5249073
0.5275734
0.54340565
0.53815305
0.57764226
0.592678
0.5792525
0.58537424
0.58031875
0.60116756
0.5963168
0.59778595
0.58908105
0.6045994
0.6182343
0.6101629
0.6227985
0.6173045
0.6136113
0.61444336
0.61174065
0.6197828
0.61717147
0.6372249
0.6362025
0.63714594
0.6206261
0.6261194
0.61833507
0.6331235
0.61735946
0.61412185
0.5837416
0.5935843
0.58697796
0.58783114
0.5924996
0.59286076
0.6096729
0.5937763
0.5794737
0.58112895
0.5879576
0.56439763
0.56435364
0.577471
0.55790854
0.55827695
0.55708367
0.5497185
0.52885866
0.5367227
0.52704346
0.5433786
0.55709517
0.5691175
0.5685599
0.5806693
0.58269435
0.57336795
0.57708675
0.5708602
0.56100637
0.5827519
0.5688174
0.5663638
0.58708745
0.623783
0.6290714
0.6231411
0.6262242
0.62768334
0.63036996
0.64455724
0.6161102
0.6410437
0.62827617
0.6429159
0.6364216
0.6197888
0.6356536
0.63032305
0.6112057
0.60949045
0.5993232
0.58727145
0.5885704
0.57908523
0.57409877
0.5757507
0.57827073
0.578131
0.5744281
0.5928965
0.61732155
0.6184253
0.6312349
0.62751144
0.6163724
0.6933159
0.6416216
0.6660314
0.6400187
0.6094675
0.59070927
0.59057516
0.5783632
0.59522337
0.5618951
0.5614614
0.5525096
0.55350304
0.55618536
0.560543
0.5545746
0.55301005
0.55112445
0.54620504
0.55068666
0.5419912
0.55167276
0.5557113
0.562583
0.56261694
0.5658443
0.5585766
0.5602544
0.55675566
0.5734842
0.5789506
0.57511336
0.5827268
0.5938426
0.59284174
0.58102643
0.5829727
0.57651913
0.58573604
0.57426983
0.5931214
0.5736395
0.5820938
0.5782128
0.5611442
0.5647735
0.5451068
0.5562199
0.57255447
0.55538625
0.5553279
0.58337086
0.5734083
0.5669116
0.5851077
0.59535176
0.59515935
0.59855175
0.61525416
0.61911386
0.6277747
0.6205476
0.61666876
0.63476175
0.6311525
0.63564897
0.6433642
0.6268823
0.6505773
0.64110315
0.64673066
0.6597122
0.63287294
0.6228153
0.61086476
0.6052526
0.58436567
0.58855194
0.61525804
0.6004757
0.6342865
0.6571721
0.66964066
0.66665715
0.6757621
0.68082494
0.6970521
0.6968626
0.6970612
0.69665194
0.6977366
0.69742346
0.701239
0.66995454
0.6735093
0.68344074
0.6760895
0.68198943
0.68367195
0.6874643
0.70348394
0.6966236
0.69530064
0.69472045
0.6857419
0.6614025
0.6325153
0.6333393
0.6498625
0.6668749
0.68067765
0.691851
0.7074993
0.69261456
0.6773595
0.67104197
0.6730573
0.67806315
0.6973729
0.703839
0.69666785
0.703555
0.71790916
0.7327314
0.74581426
0.7432858
0.7462453
0.7380834
0.72683704
0.73538756
0.7212527
0.71410143
0.6995245
0.687406
0.6877371
0.68288946
0.6785031
0.69284225
0.68961364
0.68442684
0.688324
0.69512206
0.68188465
0.6796276
0.6798189
0.68216115
0.66775656
0.66895336
0.69430137
0.6794209
0.6942438
0.6868488
0.6881331
0.68243414
0.6779657
0.67510957
0.6695182
0.6735058
0.6571074
0.64011943
0.6282061
0.6244934
0.5971413
0.59590524
0.59770024
0.5970097
0.596303
0.61941445
0.61838716
0.62684214
0.6316453
0.6442842
0.6517819
0.64422
0.6519205
0.6654101
0.6553545
0.663998
0.6435039
0.64873993
0.6579677
0.6564115
0.6608423
0.6452368
0.6473302
0.64400214
0.6434417
0.64488626
0.6355252
0.6359986
0.63492084
0.632259
0.6254339
0.6342746
0.62375426
0.6369432
0.6313303
0.6272921
0.6208662
0.6052395
0.60483027
0.59782755
0.5946193
0.6054475
0.595386
0.58232677
0.5731486
0.5593774
0.59532326
0.6014251
0.5833579
0.6111279
0.5992231
0.66965246
0.6916512
0.6808153
0.683772
0.6737982
0.6533388
0.6550257
0.6298454
0.6332655
0.69267607
0.6708772
0.6821975
0.70295286
0.706635
0.71045816
0.71478367
0.7036315
0.70039535
0.68179286
0.66972417
0.67501986
0.6757102
0.6484803
0.63230354
0.61845034
0.60141486
0.56932676
0.56206375
0.5371115
0.5175977
0.5018879
0.49653032
0.5103583
0.5623602
0.537168
0.55559844
0.5705006
0.61230725
0.6260328
0.6502598
0.6584133
0.6664731
0.6743854
0.67451566
0.67711973
0.6689668
0.6650952
0.66461426
0.65901923
0.66093
0.6611512
0.6652434
0.66800696
0.6732788
0.6754776
0.6628307
0.6772327
0.6778479
0.6713024
0.6633128
0.66033804
0.65284795
0.64180964
0.6365106
0.6197332
0.62381727
0.6342627
0.6242966
0.6251414
0.60750717
0.62604105
0.6214347
0.6066629
0.6243445
0.65417343
0.6399953
0.6093383
0.613256
0.5750008
0.5780717
0.55023426
0.5851573
0.5978771
0.6139756
0.62464863
0.6052905
0.6155699
0.643942
0.63027185
0.66875935
0.6653075
0.60791594
0.5858504
0.65047336
0.5329936
0.5596141
0.51277703
0.508442
0.59586614
0.63067174
0.6984484
0.6226968
0.6520916
0.67032415
0.65774256
0.6335552
0.59084505
0.5975513
0.6163676
0.60895205
0.6507447
0.6680215
0.6929847
0.72445077
0.7072687
0.70254534
0.68894273
0.6806804
0.6987937
0.63932997
0.6597115
0.66061187
0.70434076
0.68309796
0.6394083
0.60656637
0.57712436
0.5924255
0.593159
0.62487286
0.61055386
0.60698223
0.5831858
0.59537494
0.61935335
0.6152771
0.59664345
0.5933513
0.6277838
0.6292243
0.6069317
0.6107138
0.62256616
0.63974124
0.6291454
0.6391785
0.6381516
0.6507204
0.6321188
0.64603895
0.63032424
0.6291856
0.6057105
0.6180386
0.5923973
0.55579114
0.5231112
0.5202379
0.49037993
0.46931267
0.5058482
0.5192211
0.51509905
0.49058154
0.47922885
0.46431842
0.48411232
0.49032345
0.5002627
0.5272002
0.57545066
0.563077
0.56362665
0.55727714
0.5274994
0.5066173
0.52398217
0.53583
0.56356096
0.58580315
0.5827557
0.59813714
0.6145725
0.6306769
0.66900074
0.5873412
0.57440263
0.5710537
0.5703256
0.57209617
0.56506884
0.5543823
0.5425531
0.56678516
0.5649232
0.5771835
0.5727049
0.58374375
0.5904578
0.59592587
0.59489554
0.59119344
0.5828057
0.5852587
0.57536525
0.5833566
0.55235404
0.5792083
0.5601665
0.5502747
0.553969
0.54632914
0.5501372
0.5814396
0.5909343
0.6061953
0.62443405
0.6393526
0.6359931
0.6514132
0.6600146
0.6542665
0.67449373
0.672895
0.67692286
0.6620425
0.6645294
0.605039
0.5678401
0.5592859
0.5699098
0.5555009
0.56090105
0.55264497
0.5575761
0.54783326
0.5559435
0.5332338
0.55904025
0.5713035
0.5955231
0.54808253
0.57064193
0.56288505
0.5729302
0.6060843
0.61967283
0.6155908
0.5765793
0.6063938
0.6004717
0.5860572
0.58619094
0.61552715
0.58838844
0.6142701
0.59663534
0.5980065
0.59043485
0.5671426
0.5566475
0.57570344
0.5888332
0.5682485
0.59121925
0.61890924
0.63632554
0.5917708
0.60175997
0.6051062
0.62051696
0.6072538
0.6128199
0.6029854
0.60985625
0.6301243
0.60743695
0.62807095
0.6379191
0.62513393
0.6355046
0.6297484
0.6319619
0.6129771
0.6252956
0.63456076
0.62630713
0.634716
0.6273365
0.63363487
0.63438916
0.62418354
0.6161738
0.6479867
0.62091464
0.6548949
0.6684926
0.6867582
0.6398891
0.6880111
0.64899206
0.629968
0.65289414
0.63476264
0.6276576
0.6278341
0.5850905
0.59767675
0.5935558
0.5668665
0.5766216
0.5859224
0.5495317
0.5757279
0.5596936
0.5575437
0.54635483
0.5733814
0.569796
0.5593167
0.56575793
0.5384005
0.5587067
0.53770256
0.55233526
0.54323757
0.55589294
0.54301274
0.53850347
0.5496638
0.56330997
0.5531648
0.56047225
0.557073
0.55059654
0.55179787
0.5539795
0.55352294
0.5800758
0.56252587
0.56676584
0.5292532
0.5594637
0.5458219
0.563035
0.55424225
0.5464532
0.5518305
0.55415523
0.57248855
0.5476657
0.579664
0.52766174
0.54967844
0.5784565
0.5734127
0.5463149
0.57887316
0.6136025
0.5777712
0.62484735
0.605223
0.6160267
0.6049349
0.62779903
0.6116342
0.6428496
0.6355009
0.6315856
0.6617445
0.639574
0.6644636
0.6405162
0.64327544
0.6470492
0.6553185
0.65558004
0.6511068
0.66695035
0.6500742
0.6624314
0.64956343
0.6426023
0.6400033
0.64557135
0.6452772
0.63368833
0.63195044
0.62756836
0.61790246
0.614567
0.6397329
0.6236233
0.62550086
0.6116878
0.61767966
0.61903954
0.617606
0.6314965
0.6461325
0.64330477
0.66094065
0.66179585
0.66613007
0.67120785
0.67427856
0.6672355
0.66972244
0.6658269
0.66446424
0.6594278
0.6625238
0.6583649
0.663584
0.66273797
0.6667243
0.6691386
0.68851835
0.6867117
0.68298334
0.6835761
0.68872213
0.7092118
0.7005799
0.7087526
0.7022206
0.69556105
0.70657223
0.69619185
0.7104037
0.689833
0.7209809
0.692389
0.6842522
0.69585174
0.6897475
0.69348276
0.6988438
0.6919105
0.69245595
0.68697363
0.68261176
0.70030504
0.69933456
0.68067884
0.6773428
0.6702025
0.67814595
0.68765754
0.6674583
0.6753775
0.6667486
0.6626559
0.66422206
0.6563798
0.6494516
0.65870476
0.65729403
0.6698438
0.6691342
0.6682373
0.6740697
0.67984647
0.6781545
0.6821076
0.6786098
0.67131454
0.67450285
0.67581236
0.6696439
0.64105576
0.6352194
0.6304676
0.6426179
0.60968167
0.6188561
0.60195994
0.6228998
0.62271744
0.62574726
0.62888455
0.62157685
0.62053794
0.6157734
0.6168008
0.61887825
0.6108424
0.60765415
0.6119339
0.6100119
0.59010583
0.6148906
0.5986857
0.59947085
0.59119654
0.59068483
0.5752016
0.5803827
0.5673266
0.54228973
0.5518901
0.5428831
0.582492
0.5781355
0.5872436
0.60904074
0.58404845
0.5962415
0.5981912
0.57817787
0.5696647
0.57134104
0.5450187
0.53900707
0.5146779
0.52811277
0.54758775
0.5709333
0.5597124
0.5694071
0.587037
0.57649577
0.6033464
0.6238282
0.6383398
0.67001504
0.6829188
0.6798938
0.6911188
0.6829246
0.69622165
0.6822663
0.68151075
0.67090476
0.6824745
0.6647825
0.68486756
0.6725945
0.6867597
0.69309163
0.6862158
0.6841409
0.68942446
0.6884741
0.6992381
0.6934941
0.674034
0.66009927
0.6524492
0.65131944
0.62998766
0.6348579
0.6158393
0.62044513
0.62738436
0.62423813
0.6075755
0.5940756
0.5711643
0.5724657
0.5832426
0.5781628
0.56640774
0.58096516
0.57559824
0.5655017
0.58870965
0.5716876
0.5737399
0.5807807
0.5669111
0.5612826
0.563888
0.5930777
0.5574275
0.57562965
0.53652245
0.5794758
0.5908134
0.57759327
0.5683976
0.56325096
0.56622386
0.56381774
0.5609855
0.5646722
0.5486025
0.580557
0.5684076
0.5549255
0.56836337
0.5745241
0.5817707
0.5427122
0.5770402
0.58497185
0.57158875
0.559873
0.56137085
0.5604892
0.575612
0.57167363
0.58121085
0.5600797
0.5966548
0.5596291
0.58064806
0.5596465
0.56417227
0.5618681
0.5385607
0.566471
0.5581464
0.5549899
0.5302603
0.56320524
0.5506379
0.55887395
0.5562078
0.55657893
0.5659698
0.54717606
0.5542826
0.5395021
0.5167886
0.49400204
0.5200513
0.5070936
0.53849757
0.5196016
0.4966152
0.5057184
0.517779
0.5299404
0.5455589
0.5798075
0.5840345
0.601316
0.605647
0.6110386
0.62926644
0.61018914
0.6107301
0.60218495
0.6066659
0.6351146
0.61166894
0.6049434
0.59277165
0.5862003
0.58049893
0.5782809
0.56468445
0.55040693
0.550111
0.5617282
0.5830961
0.6325982
0.59320074
0.62622017
0.62851155
0.6345709
0.6332622
0.6290467
0.6158818
0.5956102
0.5723442
0.5627011
0.55227625
0.55602163
0.57578605
0.60473
0.6261948
0.63279784
0.643005
0.64705396
0.6422486
0.6374165
0.5995882
0.58310544
0.5766437
0.5702571
0.56507564
0.5183221
0.51241755
0.54902047
0.50833684
0.53435665
0.51677644
0.5038653
0.50285304
0.49413845
0.4987413
0.5322769
0.5331085
0.54439574
0.57351667
0.58344275
0.61035216
0.6539439
0.66064715
0.6669109
0.64279246
0.63968104
0.62122107
0.5667744
0.5412548
0.56632787
0.5819084
0.5906782
0.59108603
0.6117493
0.62228435
0.6464869
0.65920556
0.667655
0.6709818
0.67850703
0.678562
0.6805731
0.68147314
0.6812057
0.6910708
0.69661146
0.6868157
0.68571335
0.6848598
0.6743667
0.65878546
0.649292
0.6332698
0.62994736
0.64115095
0.6300445
0.6491007
0.64777267
0.65694237
0.6597152
0.6687037
0.66964126
0.6643766
0.6669424
0.6682708
0.674445
0.6700452
0.6756998
0.67192525
0.6789627
0.67650473
0.6800304
0.68660074
0.68526775
0.68264973
0.6863465
0.68831825
0.6961925
0.6979176
0.6962228
0.69413894
0.6916386
0.69123226
0.6861865
0.68132013
0.65243304
0.6728895
0.66770285
0.6739081
0.6887036
0.67190146
0.6877015
0.6731264
0.6737898
0.653964
0.6325388
0.62774616
0.600703
0.61312383
0.5968608
0.58196914
0.6008337
0.61211133
0.5928393
0.6182369
0.6078907
0.6046482
0.6155351
0.6334938
0.670263
0.72431207
0.71581674
0.71829057
0.7123282
0.7040034
0.6958418
0.70081073
0.68272203
0.69437987
0.69459265
0.68709576
0.6757034
0.6745896
0.65745246
0.6694053
0.64833075
0.6349891
0.635193
0.6325831
0.6385148
0.62956786
0.657066
0.657323
0.671407
0.68588185
0.67517626
0.68246937
0.67060566
0.6574236
0.6644641
0.6590061
0.6497649
0.62823415
0.62599903
0.6316547
0.64445925
0.65390027
0.6577065
0.67177093
0.66817284
0.6681337
0.66211945
0.6510426
0.6464239
0.6514497
0.6442275
0.6528026
0.66214097
0.66184646
0.6787256
0.67093045
0.6849841
0.6751791
0.6886339
0.6909236
0.6960923
0.69420797
0.6878143
0.678426
0.67835724
0.6620542
0.67000985
0.6701231
0.6685542
0.6617993
0.6452624
0.6371295
0.6253999
0.61463183
0.62846786
0.6332241
0.63873523
0.6405809
0.64166754
0.6194285
0.61951655
0.5771297
0.5480789
0.5257002
0.5104959
0.48351663
0.49339935
0.4916975
0.46723995
0.48304167
0.5068918
0.5014263
0.51926464
0.5295708
0.53076136
0.5478213
0.5567524
0.5533037
0.5603723
0.55593073
0.56155086
0.5641521
0.5645302
0.5639731
0.57394284
0.5628276
0.567436
0.57706696
0.5636931
0.5598996
0.5728494
0.5714347
0.57294786
0.58155125
0.5637225
0.58321846
0.58754057
0.58942294
0.59589076
0.6057104
0.59661514
0.61946833
0.6308233
0.63030744
0.6155102
0.596491
0.6020458
0.60876006
0.6014612
0.6107704
0.605543
0.60614103
0.61220676
0.6200247
0.63001215
0.6335623
0.6378531
0.6248501
0.6187826
0.6136647
0.61025494
0.6099403
0.61318934
0.6067237
0.61923385
0.62108666
0.6349097
0.63349843
0.65821487
0.6531821
0.6651793
0.67619985
0.66926503
0.6821411
0.6783254
0.68984234
0.6896981
0.6982316
0.7028229
0.71191144
0.71036446
0.70565474
0.7078252
0.7370912
0.7391453
0.73050594
0.72824615
0.75107026
0.736068
0.7531227
0.74821126
0.7470948
0.75064796
0.73853666
0.7251421
0.7193951
0.7172374
0.7161004
0.7059575
0.7218024
0.7058636
0.7132818
0.7143456
0.7025586
0.6903269
0.6967867
0.68124324
0.6910349
0.6952236
0.6815724
0.6784355
0.6730882
0.652085
0.66395855
0.6454019
0.6370369
0.64591324
0.6407709
0.62706167
0.62974787
0.6271587
0.6232096
0.6179375
0.618786
0.6339687
0.6251344
0.6204505
0.64180136
0.61742425
0.63969225
0.6309221
0.6225465
0.60696703
0.62115246
0.59917617
0.59960544
0.60334426
0.5923933
0.59972143
0.6088776
0.6061424
0.60061085
0.5929765
0.6134572
0.604975
0.60823363
0.5951336
0.5964832
0.5921922
0.60212153
0.5812924
0.59529114
0.5929456
0.59747064
0.5987134
0.6157766
0.60489374
0.61619216
0.6146286
0.6040993
0.6038715
0.6155797
0.61304325
0.60046774
0.6030123
0.6060105
0.59727985
0.61813116
0.63470495
0.6332386
0.63798517
0.6302395
0.63766766
0.6385176
0.6701991
0.6489984
0.66175187
0.6535834
0.6960882
0.69103837
0.6864785
0.6724142
0.69530606
0.6845524
0.6845889
0.7005332
0.7086903
0.7235097
0.7307858
0.70537627
0.70169276
0.6887163
0.6990634
0.70117897
0.70249873
0.69316405
0.68607086
0.6901922
0.68712044
0.68464774
0.687957
0.6732985
0.6699314
0.6660528
0.67449385
0.65515184
0.6510836
0.66058487
0.66628945
0.65599155
0.6549522
0.6507582
0.660478
0.6629207
0.6581852
0.6644234
0.66515356
0.68300706
0.6829176
0.7029644
0.7225278
0.70075715
0.6812943
0.6214716
0.66007596
0.63042915
0.5809221
0.58621496
0.5647871
0.55140144
0.5665949
0.5462053
0.5219328
0.5646372
0.57258284
0.62613606
0.63606083
0.66663015
0.6864185
0.6582255
0.65002894
0.653479
0.6185573
0.5862054
0.59793836
0.6205075
0.6087238
0.61244625
0.62425965
0.66595364
0.68306255
0.6822246
0.58097416
0.54778993
0.59254366
0.60804814
0.64410675
0.6612848
0.6333013
0.6840333
0.66193163
0.6608818
0.6705457
0.6300089
0.62600636
0.6748153
0.6813126
0.69170374
0.6826112
0.6772396
0.68261755
0.67901665
0.6779858
0.6845085
0.6738165
0.66213566
0.67107576
0.6784961
0.69381154
0.67109925
0.67788875
0.6690862
0.67407876
0.6979198
0.6870602
0.6878257
0.67995924
0.6863528
0.6933608
0.647176
0.6403331
0.6456813
0.6395404
0.66061985
0.62953585
0.64372915
0.68113065
0.66170496
0.6683579
0.69681925
0.6818305
0.7053789
0.69603705
0.69136685
0.635511
0.6266883
0.6275452
0.65970385
0.66480064
0.69604695
0.69776
0.6703686
0.6728538
0.67805916
0.6670609
0.6251747
0.6126147
0.597244
0.58389056
0.58267945
0.5915422
0.6092329
0.58724856
0.5649996
0.5561653
0.5548095
0.5508368
0.55989325
0.55783373
0.55760634
0.5566107
0.55707806
0.5358308
0.5489437
0.54401124
0.55199844
0.52589494
0.53994805
0.5680887
0.5428676
0.5604596
0.54879856
0.576741
0.56253153
0.5643227
0.5495747
0.5584341
0.5443169
0.56437945
0.5527072
0.5519886
0.5545703
0.56621116
0.54704094
0.5683897
0.5416697
0.57400256
0.5549702
0.5662758
0.5588866
0.5460858
0.5688101
0.5688106
0.5684002
0.55834866
0.56037706
0.5527543
0.56943756
0.5607692
0.55736655
0.5664445
0.5749204
0.54757154
0.55291134
0.54835194
0.5657463
0.5566425
0.5426071
0.54472154
0.5571149
0.5455164
0.5680052
0.5741435
0.52401316
0.5353628
0.5745337
0.5658476
0.56542337
0.57382894
0.54403526
0.51195145
0.55661565
0.5491032
0.5643813
0.5515468
0.52844286
0.54265374
0.53228736
0.54149914
0.5539398
0.53295934
0.4982366
0.5324396
0.54867125
0.55125195
0.58644634
0.59098846
0.5792757
0.64059407
0.5944603
0.5848175
0.6281087
0.61658937
0.60680777
0.62790346
0.612019
0.5930159
0.6014217
0.5605373
0.57792985
0.6171246
0.6246692
0.67708844
0.69632304
