1
0.80575985
0.7981353
0.80456424
0.8225856
0.8087982
0.800017
0.81008285
0.7972421
0.81137425
0.8012266
0.8100392
0.80110043
0.7950783
0.8005135
0.7787451
0.7510648
0.76218814
0.73539585
0.7430087
0.74429435
0.7400015
0.7348105
0.7239324
0.72133684
0.7235224
0.73169786
0.74683267
0.73537016
0.72982717
0.7368923
0.73941034
0.7378003
0.75358665
0.73970556
0.7418719
0.7498179
0.73590845
0.7456585
0.7515984
0.75363797
0.7521951
0.75044996
0.74412096
0.74640876
0.75037646
0.7399137
0.7474539
0.74323046
0.7524163
0.7400351
0.74925715
0.72011364
0.75102276
0.7236298
0.75198483
0.7344341
0.7308182
0.74318284
0.72626305
0.7424102
0.7284758
0.74478924
0.73355275
0.743408
0.7402862
0.7456153
0.74376094
0.74691194
0.7470942
0.7456715
0.74754405
0.74330264
0.74422264
0.75026387
0.73137534
0.74645966
0.7527648
0.72051656
0.75056654
0.734605
0.7365798
0.73696357
0.751958
0.7237132
0.74488306
0.73871046
0.7426908
0.73546296
0.7399669
0.74182117
0.738561
0.7430201
0.75189155
0.7501914
0.7555595
0.7554305
0.75137097
0.7464355
0.74865824
0.7483617
0.7492429
0.75066745
0.74047834
0.72539526
0.7204398
0.7195041
0.720201
0.72401017
0.7301089
0.7207511
0.72423655
0.7338336
0.7495045
0.76968837
0.77274287
0.77448726
0.7649964
0.7662933
0.77123743
0.7774286
0.7737751
0.7723839
0.7833745
0.7789991
0.7740889
0.76337
0.75287074
0.74667174
0.73532385
0.7337298
0.73468083
0.733374
0.7220184
0.7236606
0.71930027
0.7158472
0.73166245
0.73915744
0.7359401
0.74113995
0.72696465
0.7139758
0.70682985
0.69060135
0.6936571
0.69665575
0.6899567
0.69236946
0.6876758
0.68770397
0.6848302
0.69660234
0.69631153
0.64583594
0.6299562
0.6307311
0.6511408
0.6774954
0.69485545
0.6862359
0.70780385
0.6996595
0.71732295
0.69375676
0.71497464
0.69516563
0.7170285
0.71777046
0.7070105
0.7011267
0.7147839
0.70472056
0.6870462
0.68460405
0.6929493
0.7125651
0.7160768
0.71259856
0.72572577
0.73624873
0.7304476
0.7254333
0.7233805
0.7238359
0.72477305
0.7401705
0.7167973
0.70768356
0.7059194
0.7065585
0.71430475
0.7119255
0.7085787
0.67067873
0.66961104
0.66896796
0.673503
0.68225384
0.68088907
0.68154967
0.68653095
0.690767
0.69876224
0.6975759
0.6956574
0.69303674
0.6967523
0.6953121
0.698087
0.70169395
0.70571303
0.69981664
0.7001653
0.6952057
0.68998563
0.704605
0.6924063
0.7211611
0.7178863
0.7232661
0.7152145
0.7175866
0.7134053
0.71458286
0.7227378
0.7072537
0.724592
0.7207382
0.7350877
0.72354704
0.71512944
0.72135633
0.7103637
0.70631295
0.71303344
0.7245419
0.7076579
0.70675164
0.7236287
0.71742594
0.7088185
0.7082207
0.7067461
0.7090898
0.7152298
0.7109936
0.7200281
0.72428906
0.7230406
0.72426784
0.7395247
0.73922473
0.73581076
0.7334433
0.7289033
0.72576284
0.72740895
0.715772
0.7123354
0.7172056
0.70653903
0.70090914
0.6992778
0.6984992
0.686918
0.69552517
0.685177
0.6934825
0.68364954
0.68416715
0.6831392
0.6780746
0.6671828
0.67217463
0.6784847
0.6764848
0.6824842
0.69664186
0.70143056
0.70664006
0.7066568
0.7054101
0.71198034
0.717006
0.72166395
0.725068
0.72022045
0.72001815
0.72214085
0.7356883
0.7325547
0.74715626
0.743271
0.74324745
0.7333327
0.7356678
0.74702394
0.73470044
0.7451804
0.73288983
0.7461351
0.7429307
0.7617021
0.75274503
0.7643872
0.7620824
0.7504991
0.74516267
0.75035286
0.7488414
0.7513264
0.7520522
0.7475728
0.7339673
0.7178977
0.71594465
0.7141513
0.70786357
0.6977506
0.68987626
0.6968056
0.68909633
0.68906134
0.685661
0.6864852
0.6906239
0.68887526
0.68936616
0.69877195
0.7081109
0.7112159
0.71151155
0.71384853
0.70846164
0.7095152
0.7118483
0.7077159
0.7054416
0.70680344
0.6935347
0.7034275
0.7073533
0.7016798
0.7030385
0.69672996
0.7181024
0.71763754
0.7071691
0.7114453
0.716557
0.70085907
0.6906296
0.7062187
0.6957841
0.6946245
0.69910085
0.69579977
0.6976303
0.69266
0.68500787
0.68564487
0.6774472
0.67211074
0.6723263
0.6775441
0.6623105
0.6686035
0.6654187
0.6668322
0.6573196
0.66534805
0.6741024
0.68147147
0.6759018
0.6759469
0.6757397
0.66803366
0.67220414
0.6584393
0.66316205
0.68087244
0.6694573
0.6653952
0.66384405
0.6541045
0.6156589
0.6009655
0.6068371
0.614728
0.614473
0.6043783
0.58859706
0.6045378
0.60042876
0.5764188
0.5767706
0.57021433
0.565408
0.5840519
0.5662754
0.5933501
0.59789646
0.6052996
0.5808099
0.6070712
0.5761131
0.6056454
0.59129596
0.58824974
0.5964204
0.604962
0.61548084
0.59202963
0.59414697
0.57345974
0.5962772
0.5616094
0.56964576
0.6061629
0.6116711
0.609528
0.5791727
0.6147114
0.59332955
0.596902
0.5965763
0.5968954
0.6013543
0.6096607
0.60310596
0.60204643
0.6176212
0.59128493
0.5882257
0.5961881
0.5990727
0.5893301
0.58251315
0.585395
0.5921438
0.6021616
0.6092645
0.5951976
0.5992902
0.5923039
0.60093313
0.6049371
0.60691243
0.6047301
0.5933998
0.59473103
0.5848559
0.58509547
0.59088695
0.59527713
0.5921375
0.5971189
0.6083571
0.59662795
0.5897038
0.6070446
0.5955018
0.59887266
0.59925765
0.5934424
0.60111606
0.58652085
0.6092604
0.62198335
0.6047035
0.58069146
0.5670178
0.58118385
0.55708236
0.5848033
0.56985503
0.5943965
0.63052183
0.643631
0.65456426
0.6189497
0.6761637
0.64136297
0.6279427
0.6560697
0.68560106
0.6926785
0.70358944
0.73367566
0.72775435
0.738814
0.73038
0.72497153
0.7185482
0.7394932
0.7648176
0.73333055
0.7318396
0.69956356
0.7103192
0.71018666
0.7002994
0.69323665
0.7095825
0.7345488
0.68737483
0.7139189
0.7385438
0.74562895
0.73748094
0.7446794
0.74940723
0.71790916
0.750208
0.76036984
0.7371176
0.7578928
0.7506913
0.73426366
0.75458527
0.738971
0.71909046
0.7286057
0.7251313
0.7108001
0.68758976
0.7121492
0.6863814
0.684373
0.68866223
0.66788375
0.68787175
0.66994673
0.64346194
0.59591556
0.57370293
0.51163423
0.47407407
0.48574677
0.5482599
0.49218696
0.5112215
0.4663132
0.54776967
0.5224305
0.5332455
0.5003709
0.52518785
0.5427784
0.57229674
0.52161294
0.54899925
0.5634219
0.56186336
0.5627525
0.5604167
0.5566899
0.5619382
0.5725228
0.54841036
0.5376211
0.54709107
0.5371366
0.5488285
0.5579609
0.57318825
0.5750628
0.5795282
0.5453244
0.54519135
0.5556182
0.5464989
0.52211714
0.5221907
0.5226505
0.49588504
0.5171743
0.48066112
0.47632465
0.4574849
0.47349542
0.5052946
0.48309675
0.47062582
0.47975582
0.5114091
0.4831732
0.48593605
0.4613929
0.50785
0.50858253
0.51073086
0.50935477
0.5290188
0.5083629
0.5410319
0.53781587
0.52292085
0.5886169
0.61995995
0.63886386
0.6603502
0.67337954
0.5926989
0.5895813
0.5818576
0.58952826
0.5923301
0.5782892
0.5916888
0.5932759
0.6053744
0.6045288
0.6115068
0.6196512
0.62650853
0.6204839
0.6200853
0.60674226
0.6215001
0.5940758
0.6015224
0.60534394
0.5878092
0.60043985
0.596646
0.5911251
0.601122
0.6026353
0.589765
0.5841844
0.57676524
0.5677609
0.56829906
0.5835398
0.5865455
0.58952725
0.58273166
0.57881397
0.5761402
0.6003811
0.58456296
0.5774676
0.587997
0.58342147
0.5828202
0.5794563
0.5855665
0.59814525
0.57751167
0.5836982
0.5813385
0.58613104
0.58162683
0.585431
0.5888127
0.588914
0.58340704
0.58793527
0.5764159
0.58354473
0.5878551
0.58449745
0.5855898
0.57198423
0.57342345
0.5718109
0.5777206
0.5938279
0.58660066
0.5754479
0.5873815
0.5766066
0.5747863
0.57896817
0.57659733
0.5748159
0.57581043
0.5609324
0.57821304
0.5596279
0.57409704
0.5786342
0.57404613
0.56866866
0.5712631
0.5742775
0.5772943
0.56682384
0.57237774
0.56865686
0.5701071
0.5737609
0.5616462
0.5729689
0.58478165
0.576115
0.57029235
0.5836036
0.5645469
0.5753101
0.5668735
0.5682147
0.56511635
0.5684737
0.5750431
0.56754917
0.57357436
0.5733972
0.5805611
0.58525556
0.5707677
0.575994
0.58420104
0.58141625
0.5783144
0.57945645
0.57369274
0.5699361
0.56445056
0.5639531
0.56087106
0.5671512
0.57817775
0.5775814
0.5754293
0.5841452
0.57302654
0.57964116
0.56989294
0.57643914
0.58957213
0.58315146
0.5913092
0.5779505
0.58081204
0.58688086
0.5812415
0.57845
0.5825708
0.5729286
0.57887787
0.58292216
0.585071
0.57104355
0.5794492
0.5875636
0.5852144
0.5725766
0.58186316
0.57108986
0.5813058
0.56554854
0.56665426
0.5692828
0.57610095
0.58584344
0.5847647
0.5939413
0.59448993
0.5977309
0.59403616
0.60084814
0.5990452
0.62400997
0.62586373
0.6046757
0.61601824
0.6198697
0.6215229
0.62886035
0.62634397
0.6180282
0.6249086
0.61606085
0.62104607
0.6187324
0.616161
0.61722535
0.60939145
0.61329526
0.60940605
0.60990185
0.61047643
0.6208396
0.6190537
0.6339476
0.63488865
0.6250423
0.6122026
0.61654156
0.60622704
0.596455
0.60628545
0.5921851
0.5986444
0.5894778
0.52279794
0.5388577
0.526583
0.5137597
0.48018333
0.48476213
0.48404872
0.49201515
0.5014881
0.48889685
0.5703914
0.5714577
0.5712066
0.5776253
0.5741604
0.5692832
0.55981654
0.5349313
0.5486414
0.5727853
0.56288195
0.54268855
0.58960474
0.583781
0.5820268
0.57547754
0.5738756
0.5307526
0.56513983
0.5573752
0.59294546
0.60079294
0.62422377
0.64835197
0.60005546
0.5752904
0.578001
0.57147616
0.6106629
0.65393186
0.66570306
0.68887264
0.70339084
0.7059752
0.687391
0.6967296
0.6918235
0.67872065
0.68234634
0.66831887
0.6662096
0.64783055
0.5980291
0.6277945
0.6506672
0.5010081
0.5432986
0.5085036
0.52011627
0.5637544
0.5588238
0.5427894
0.5432043
0.50474685
0.5090612
0.52963346
0.5505471
0.5323588
0.53753036
0.528421
0.5189665
0.5625069
0.5506394
0.690296
0.74734163
0.5715296
0.58323294
0.570329
0.585236
0.5620093
0.56039566
0.56341165
0.5937122
0.56860554
0.576679
0.6003164
0.5866043
0.5972842
0.60699815
0.6020287
0.61770356
0.64123267
0.63622105
0.6264376
0.64560014
0.65461504
0.63143414
0.62836194
0.6021967
0.62244296
0.5902916
0.5986563
0.6063485
0.6038485
0.5993068
0.61641294
0.6136418
0.5897575
0.6064643
0.6021901
0.6114992
0.6197167
0.63739705
0.6125867
0.5967751
0.6199013
0.6024354
0.5666717
0.5786322
0.6015141
0.60118026
0.57929546
0.5962198
0.60690975
0.6126694
0.6079402
0.5894595
0.594619
0.57884
0.5864129
0.588709
0.5874482
0.61984324
0.5979828
0.59063464
0.59497684
0.5962901
0.5906119
0.59724796
0.59517515
0.58515584
0.58866817
0.58886856
0.6019849
0.59629947
0.60243094
0.61218476
0.6232042
0.63131505
0.64021987
0.62742543
0.62178475
0.6790174
0.68914706
0.6863643
0.6566279
0.6718019
0.65430045
0.6565905
0.64603746
0.6588598
0.65270615
0.6310357
0.65402865
0.65815336
0.6469742
0.63068545
0.6237093
0.63999975
0.63893795
0.6627088
0.6375083
0.6399266
0.6703046
0.67130494
0.6797177
0.67319036
0.6695955
0.65311134
0.6598658
0.659978
0.6547828
0.65319186
0.66537166
0.65082014
0.6463275
0.66864485
0.64300984
0.6084431
0.5869406
0.5674947
0.563722
0.5729552
0.5731943
0.5976811
0.6355264
0.6620721
0.656155
0.6405137
0.63717914
0.6371942
0.64749664
0.65257764
0.67425734
0.67153454
0.669958
0.6683308
0.6759843
0.67257607
0.6669232
0.6687808
0.6484899
0.6566544
0.645415
0.5995338
0.6010229
0.581705
0.602114
0.6276504
0.6675715
0.6582896
0.66077495
0.64524275
0.6138721
0.59079623
0.619418
0.6213679
0.6170382
0.62000126
0.61272234
0.61166793
0.6043814
0.6036155
0.5984063
0.59900314
0.58925307
0.56899774
0.55914956
0.5686289
0.5761149
0.61323
0.6375347
0.65666175
0.67081594
0.69801444
0.6670192
0.68687063
0.65632826
0.61374366
0.6025484
0.6302896
0.6768971
0.67580837
0.66883826
0.683167
0.65605986
0.6479476
0.6212824
0.61653334
0.5569158
0.519101
0.50999004
0.54695207
0.5504159
0.54784906
0.55809224
0.5649215
0.55371505
0.55848366
0.54487735
0.55171734
0.5727649
0.55832803
0.5861369
0.5603812
0.55973625
0.5454236
0.5621845
0.56876
0.57202584
0.5895796
0.5717897
0.56887
0.57109785
0.59810233
0.58300513
0.60023236
0.6008767
0.60311913
0.6112854
0.6119714
0.5866313
0.58539087
0.6012876
0.6057864
0.6135521
0.60793513
0.59510386
0.59465706
0.60463786
0.6184441
0.61194813
0.6460862
0.632373
0.61918306
0.6225223
0.63866913
0.6355827
0.6218861
0.6141798
0.6345258
0.6435407
0.6488226
0.6307859
0.642707
0.62392443
0.64311975
0.6482027
0.65113753
0.6516429
0.6412393
0.65218127
0.65654784
0.6647392
0.65554374
0.6454096
0.6406653
0.63813215
0.64325255
0.6514096
0.64736867
0.6481791
0.6388304
0.63617647
0.63533384
0.624513
0.621407
0.65961635
0.64035344
0.6553377
0.6692952
0.6595707
0.60851806
0.6395132
0.6110599
0.6359522
0.6403711
0.6332542
0.6360829
0.6573481
0.6539151
0.6164626
0.64073896
0.6330012
0.6254305
0.63219446
0.6285049
0.6574114
0.62085694
0.63492614
0.6314888
0.6434067
0.65554446
0.6514375
0.61925584
0.6473709
0.6223709
0.6480443
0.6156859
0.6218284
0.6387182
0.64941627
0.6200486
0.64907813
0.6260543
0.6464459
0.6174042
0.6317526
0.643389
0.66153896
0.64882654
0.6236369
0.63933504
0.6195694
0.63290125
0.643635
0.6375425
0.6331843
0.59861773
0.5746483
0.607938
0.5789816
0.59722704
0.61816275
0.6022033
0.6246578
0.59327704
0.65277386
0.66669375
0.65345955
0.62946934
0.62606865
0.64962786
0.6306203
0.6020675
0.55704284
0.52765006
0.49995494
0.54372436
0.57029474
0.5740079
0.5735526
0.6349816
0.6091481
0.6402841
0.6526181
0.69942766
0.6371682
0.659972
0.6348406
0.6355155
0.6307337
0.67930907
0.67792404
0.67409855
0.6668219
0.63297635
0.6386778
0.6188445
0.637623
0.63933045
0.6498489
0.656608
0.6236024
0.5822996
0.6086455
0.5817152
0.61674666
0.61035454
0.5951784
0.6152254
0.5820135
0.5911806
0.5921768
0.56010485
0.58053154
0.5136327
0.4991158
0.5020407
0.5045086
0.50991327
0.54537785
0.55110765
0.6005266
0.6451011
0.59698117
0.56262034
0.5945667
0.6115397
0.6459239
0.661256
0.60781825
0.57300174
0.6105889
0.61614436
0.6028249
0.6372674
0.6014655
0.6131013
0.63982046
0.6588645
0.63688606
0.6353415
0.6344934
0.65056187
0.68603307
0.64602643
0.6308966
0.614062
0.60804296
0.6071765
0.5591727
0.557261
0.54265356
0.63346124
0.61228395
0.56797016
0.6259343
0.6486884
0.6852905
0.6934627
0.67250735
0.661158
0.62772894
0.6023867
0.60298586
0.59591013
0.5899712
0.56689423
0.5987075
0.60525113
0.65049464
0.6309503
0.65112114
0.623765
0.5890719
0.5390555
0.56977814
0.5642345
0.533561
0.5166616
0.53493583
0.5492315
0.5605743
0.5774976
0.5693238
0.5596027
0.5752684
0.5697298
0.57264775
0.58150667
0.5772793
0.5675676
0.58111405
0.5682336
0.5659837
0.5715003
0.5955386
0.5674237
0.5444189
0.50708836
0.50668174
0.4732377
0.46207836
0.45790526
0.46634102
0.46202263
0.446024
0.43253535
0.43627545
0.442125
0.44519123
0.40619937
0.42424962
0.46332526
0.48861092
0.5628745
0.5513484
0.64011055
0.6543081
0.6818404
0.6402094
0.6844754
0.64688754
0.6448355
0.6511902
0.6705211
0.66103864
0.63749725
0.61678255
0.62900895
0.6323592
0.6237878
0.59510124
0.60499513
0.5964588
0.6077476
0.6081054
0.60762006
0.59602726
0.5883794
0.5740499
0.5693262
0.57591015
0.5669254
0.5785214
0.57465744
0.58502465
0.5930248
0.59811264
0.5883008
0.6026088
0.6109402
0.5868747
0.5965995
0.6035398
0.5866426
0.61810404
0.6507613
0.6234512
0.62951756
0.61652124
0.61890787
0.6227347
0.6293631
0.63316053
0.63582
0.6556188
0.65898514
0.6376332
0.5909445
0.584394
0.58177745
0.5754767
0.58952475
0.58778507
0.57920253
0.5757881
0.5671135
0.54375094
0.5452887
0.54484576
0.5470277
0.545818
0.5418406
0.5995115
0.5846089
0.6155918
0.5935102
0.5963501
0.5963639
0.61312056
0.6187135
0.6133294
0.6094135
0.6384973
0.61599684
0.60875636
0.6201125
0.59162617
0.5738179
0.56823355
0.5612228
0.5500302
0.5643722
0.5575436
0.5462985
0.53775233
0.51858276
0.51199406
0.4979091
0.52847755
0.52915734
0.5317712
0.515679
0.5297501
0.51487803
0.5459796
0.53271776
0.54380196
0.54095054
0.5743509
0.6081024
0.5902757
0.5977189
0.5904314
0.61507106
0.6102166
0.58387357
0.6106328
0.59580135
0.57009923
0.54192847
0.5615878
0.561369
0.5396276
0.56602615
0.57039833
0.5589766
0.56084013
0.5787409
0.58130836
0.59339255
0.61888933
0.6187528
0.63267195
0.59676236
0.60622394
0.5930894
0.5884426
0.58504456
0.5771406
0.58576316
0.57964844
0.5731008
0.6001919
0.549261
0.5577945
0.5670271
0.54977995
0.5747532
0.57707447
0.604623
0.5909099
0.58354914
0.56366765
0.5743195
0.5686275
0.58763295
0.5866232
0.6135424
0.6272826
0.6221129
0.6238647
0.5918092
0.5953183
0.57215226
0.55829537
0.56629705
0.55966413
0.5655627
0.580795
0.5466191
0.58383775
0.5718327
0.548141
0.5563503
0.5591822
0.5562366
0.56971574
0.5507387
0.53125143
0.54943
0.5708203
0.58041686
0.5423248
0.55051005
0.567818
0.5732249
0.5709349
0.5790569
0.5795251
0.57221675
0.58125156
0.590998
0.5761003
0.5737148
0.57056415
0.5632911
0.5703416
0.5829796
0.56777424
0.563979
0.54952306
0.55576307
0.59295464
0.57816756
0.54949355
0.5562178
0.55215496
0.55435586
0.547427
0.5328181
0.46515077
0.47003496
0.52645195
0.52443755
0.512291
0.5057884
0.52605146
0.51808286
0.5287477
0.53541327
0.5209949
0.5340888
0.5592115
0.5693866
0.5758567
0.5708425
0.60649854
0.5863303
0.5608084
0.5324163
0.5083803
0.52631533
0.5060423
0.5116935
0.49337268
0.51181424
0.47397694
0.5035934
0.51537836
0.52642334
0.5244036
0.54601455
0.5338274
0.5466012
0.568323
0.5355375
0.59138304
0.5681876
0.5698137
0.57527316
0.57125
0.5490982
0.5498761
0.5813524
0.55340827
0.549036
0.542138
0.547889
0.5795094
0.5624142
0.5397638
0.5637967
0.52686214
0.5530156
0.53265774
0.56529063
0.5654853
0.5556279
0.53934693
0.561597
0.5252695
0.54176
0.5556491
0.55136603
0.55223805
0.51689196
0.5481848
0.5394758
0.54795825
0.5529075
0.5466924
0.57796687
0.548261
0.5456145
0.5358825
0.51752937
0.5386957
0.52490205
0.5434657
0.56913435
0.5184688
0.5484853
0.51643354
0.5629605
0.5569687
0.5758838
0.58351064
0.59069836
0.56949544
0.60722286
0.6247249
0.61673284
0.6255894
0.61764205
0.61854017
0.6232415
0.6292445
0.6324282
0.57372797
0.6037352
0.60788864
0.6195062
0.6393541
0.61002
0.6257117
0.6358107
0.6229361
0.64102185
0.6235486
0.6139073
0.61433315
0.631558
0.5912686
0.61258984
0.6369689
0.6101777
0.6152519
0.6083358
0.61163133
0.5966832
0.6274573
0.6026895
0.6237064
0.6188097
0.62291074
0.60624206
0.60031414
0.60620767
0.62041277
0.6231768
0.6460165
0.55072516
0.63192886
0.61214405
0.610331
0.6019115
0.6518931
0.63483554
0.57397515
0.5741231
0.61117494
0.5745597
0.58691764
0.60836643
0.62248313
0.6079617
0.6363893
0.5724717
0.60526806
0.5947026
0.6045537
0.5899129
0.60741496
0.58097345
0.5791602
0.6003715
0.57718384
0.5850827
0.60137725
0.5850483
0.58700603
0.6114625
0.56754345
0.5851244
0.56795335
0.5755678
0.5970453
0.58134335
0.6027576
0.6364917
0.6159292
0.6317087
0.63512886
0.60468066
0.63070923
0.64626265
0.6264607
0.65324277
0.6637135
0.6521847
0.66656667
0.70289874
0.6720464
0.7018235
0.72330487
0.71180284
0.71778595
0.7424299
0.74142206
0.71617573
0.72191596
0.71233726
0.74747866
0.74739206
0.73345715
0.75115836
0.71782875
0.7232521
0.74446154
0.6735143
0.72570664
0.695195
0.67071646
0.672741
0.70663786
0.6852952
0.72033715
0.7010653
0.7080664
0.7055844
0.7153307
0.7186426
0.6793846
0.66611
0.6828705
