1
0.6814495
0.6779937
0.6839443
0.6817335
0.6840086
0.6797166
0.6768642
0.678526
0.69073814
0.6912057
0.69405574
0.6913364
0.69685644
0.69255
0.6925251
0.6909865
0.6889625
0.6892595
0.6864239
0.6838637
0.683224
0.6816138
0.68282783
0.6798597
0.6802656
0.6770871
0.6731057
0.6722638
0.6705867
0.6692316
0.6699545
0.66276675
0.6613424
0.6577961
0.650903
0.65308845
0.65048265
0.6482736
0.6492927
0.648038
0.65342313
0.6500051
0.6555035
0.65313774
0.657633
0.6590613
0.6618147
0.6591784
0.66258955
0.6578611
0.6552603
0.6580566
0.65584856
0.65687513
0.65677905
0.66149753
0.6581407
0.66104376
0.65976834
0.6600032
0.6628042
0.657019
0.66112715
0.6560336
0.65730184
0.6633049
0.6643226
0.6685739
0.6705497
0.67437124
0.6728313
0.6749977
0.67903256
0.6723855
0.6671969
0.66548216
0.6675387
0.6711125
0.6702948
0.675931
0.6770482
0.6793325
0.68022263
0.6775215
0.674575
0.671071
0.6683235
0.67006296
0.67026454
0.6693436
0.66296494
0.66514254
0.67996264
0.694899
0.6879035
0.68877405
0.6877634
0.6912052
0.6890099
0.67261845
0.67124313
0.65944827
0.6602987
0.64792705
0.6413854
0.6500714
0.6571362
0.6492314
0.6519699
0.6523457
0.6618489
0.6671145
0.6766338
0.68077147
0.689186
0.68789345
0.69417334
0.68849194
0.6931209
0.68574476
0.6850562
0.67958087
0.67457885
0.6574848
0.6483664
0.6275829
0.6206567
0.60514456
0.5979531
0.5816917
0.5687928
0.555684
0.575292
0.57482344
0.5826984
0.5874996
0.5837185
0.56029385
0.5553919
0.5732116
0.5818069
0.5818587
0.58658624
0.58088386
0.5822422
0.58299714
0.57965183
0.5649627
0.55257803
0.5412787
0.5270619
0.49612504
0.5138323
0.5095043
0.51722383
0.5060798
0.51995414
0.5204743
0.50764126
0.49632955
0.47575682
0.44718722
0.4428347
0.45198634
0.45733836
0.45771566
0.46376416
0.46610487
0.490767
0.4863307
0.5110931
0.5313978
0.5326844
0.49296346
0.47654405
0.46672642
0.4548978
0.4467101
0.46819678
0.46759814
0.4738068
0.47011647
0.46827197
0.47286233
0.47402757
0.46129546
0.45482367
0.45028743
0.44261822
0.44280916
0.46228564
0.44996417
0.47773224
0.48280993
0.46756312
0.4678598
0.5016201
0.45971337
0.47045028
0.44211861
0.44144103
0.44522417
0.43902144
0.4542991
0.432026
0.4292927
0.41695923
0.41248915
0.4131295
0.41867006
0.42395538
0.42577922
0.4302088
0.43794903
0.43289635
0.4420187
0.45266908
0.45139563
0.45043293
0.45857027
0.46101567
0.4762429
0.48441416
0.48864183
0.50077
0.5019882
0.52287805
0.5431831
0.5201191
0.54286635
0.5308842
0.5702044
0.579589
0.60992163
0.60799336
0.60322976
0.59875053
0.59741277
0.6034899
0.61060697
0.6063301
0.60034394
0.577336
0.5523094
0.54347694
0.50606793
0.5423466
0.52474993
0.5349033
0.51433766
0.5168428
0.5081731
0.503788
0.4153213
0.4369829
0.43107778
0.4489243
0.47981986
0.48721898
0.48421156
0.47840476
0.48547855
0.480281
0.47920388
0.47233793
0.4927475
0.48672813
0.48941326
0.49099013
0.46510643
0.46050787
0.44877946
0.42764542
0.41556177
0.40914103
0.4030897
0.41301644
0.42337105
0.4369474
0.43249276
0.42522576
0.40984055
0.38178384
0.38570824
0.39605305
0.3829512
0.37659577
0.38623658
0.41392508
0.38423014
0.3871897
0.38100252
0.3740112
0.3583317
0.36067465
0.3531772
0.40234625
0.41800654
0.3951866
0.39501905
0.4298915
0.4564213
0.47451732
0.49458653
0.5379322
0.50673723
0.4733856
0.45943674
0.4805473
0.47052306
0.5217188
0.5334455
0.5387576
0.5660655
0.54716295
0.5177236
0.5269813
0.5143185
0.5434898
0.53773516
0.53420395
0.5444367
0.5267494
0.548568
0.5539581
0.55245394
0.5400131
0.5172476
0.52084774
0.5101935
0.50441533
0.49148872
0.5012519
0.48598295
0.50596446
0.5207939
0.5269644
0.5335441
0.53798383
0.52864826
0.5368771
0.53662723
0.5446599
0.5735403
0.54581344
0.5448562
0.56836426
0.5523512
0.540104
0.53264225
0.49732503
0.48621878
0.4933802
0.48643556
0.49073878
0.48540568
0.4719533
0.47913426
0.47866872
0.47764567
0.47698766
0.4754733
0.50630724
0.52800995
0.5335389
0.5311118
0.5455472
0.56022125
0.5652496
0.53430176
0.534202
0.5464543
0.568343
0.57470447
0.5897285
0.59697896
0.60501236
0.6056121
0.58635944
0.5719473
0.55051184
0.53757966
0.5208231
0.50441366
0.5185715
0.5100445
0.51552993
0.503896
0.5051503
0.5427523
0.5381942
0.52524835
0.49921006
0.5143169
0.51367027
0.51878184
0.54173905
0.54562193
0.54615504
0.5369736
0.5306454
0.5421525
0.56758267
0.5839564
0.61026555
0.6091531
0.62552935
0.62677246
0.62669843
0.62224185
0.5998222
0.6134253
0.60152596
0.5815454
0.5753692
0.59282494
0.58849674
0.55401176
0.5348489
0.54373395
0.540409
0.5505036
0.5511975
0.56705946
0.5626261
0.5802268
0.5863761
0.63990366
0.63350034
0.6399363
0.6359312
0.6075717
0.60242003
0.60273826
0.5911072
0.5894191
0.58442926
0.58549786
0.5873997
0.5928272
0.59804523
0.6030854
0.5982235
0.60415864
0.60698164
0.6046622
0.60274637
0.5893119
0.5885413
0.59041506
0.5934609
0.5790933
0.57469124
0.6005943
0.60175437
0.59577465
0.59532535
0.57701534
0.6169135
0.62927735
0.64997715
0.65769297
0.6470903
0.6310194
0.6409061
0.64461964
0.6388919
0.6481211
0.6437681
0.64217424
0.6342249
0.6282786
0.6436497
0.6363416
0.64562994
0.6297984
0.62539476
0.6168889
0.6109177
0.6107393
0.62347513
0.6073633
0.6032374
0.6098552
0.5857504
0.58407944
0.57560927
0.5868262
0.5893875
0.5779788
0.5810821
0.5435351
0.5752281
0.5582147
0.5309232
0.5647116
0.5621684
0.51252145
0.48722425
0.45217115
0.464082
0.49271843
0.4997729
0.50171554
0.5038426
0.52918476
0.5142387
0.556511
0.5618071
0.5950336
0.59262794
0.5644364
0.58882576
0.607258
0.6219509
0.6015774
0.5728181
0.59087145
0.5977537
0.6307502
0.634587
0.6165071
0.6128335
0.6006509
0.6225971
0.621321
0.6111299
0.60833734
0.6012371
0.6061345
0.5825246
0.5828776
0.58200693
0.5565441
0.5518468
0.5669043
0.5604058
0.57059973
0.5693885
0.58663434
0.554782
0.5587634
0.5592055
0.58001375
0.5601184
0.56064564
0.563419
0.5647607
0.5666429
0.5627674
0.5716242
0.5674195
0.5710263
0.5637466
0.547869
0.56730497
0.56868523
0.5485828
0.54349047
0.53267807
0.54237974
0.54672
0.55113596
0.5311144
0.53239924
0.5278749
0.5277918
0.5362231
0.53450686
0.5387206
0.528447
0.5043814
0.46971622
0.5011608
0.4946648
0.5056268
0.49415562
0.48788792
0.5160006
0.53561133
0.519693
0.5101589
0.5271506
0.5130946
0.5387151
0.53734595
0.5524271
0.5612424
0.5373654
0.5501481
0.5729751
0.57707256
0.57799494
0.5624869
0.5704158
0.57928497
0.58178014
0.5957318
0.55332047
0.57848454
0.5792171
0.5062365
0.45108676
0.47963786
0.44426295
0.4554423
0.42451063
0.4316019
0.4067321
0.45333788
0.4287084
0.42637712
0.43021712
0.4509972
0.44716346
0.47124112
0.4468927
0.47193158
0.46554404
0.48540762
0.47581288
0.47751138
0.473691
0.50253904
0.49401018
0.5153582
0.5268922
0.54424876
0.5350853
0.54019773
0.54096186
0.5439863
0.5478393
0.5569448
0.57708204
0.5667052
0.5593944
0.54189295
0.5243057
0.51302737
0.4836696
0.49948916
0.48719552
0.48439977
0.5165728
0.5005129
0.49471855
0.48525363
0.5125177
0.50780725
0.48685277
0.52526706
0.4811452
0.50797623
0.51577944
0.5047764
0.483076
0.46931422
0.45963675
0.4318615
0.45144
0.44240704
0.45596758
0.43710476
0.42923504
0.42993036
0.43651295
0.4288569
0.4156055
0.42744052
0.42134866
0.43169898
0.44320604
0.44129223
0.42205167
0.41711047
0.40479457
0.3955389
0.38365462
0.38109508
0.36144492
0.3822703
0.35873756
0.3574981
0.34839705
0.3576191
0.35265496
0.34992918
0.35699585
0.35495543
0.37938952
0.37615478
0.38494658
0.39097467
0.3745941
0.3659545
0.36752266
0.38894406
0.37889665
0.38213408
0.40040776
0.41292664
0.4534498
0.44541252
0.4483432
0.46795738
0.47338706
0.4793326
0.4761471
0.47722384
0.47865614
0.4714783
0.46396366
0.46767074
0.47961482
0.484212
0.49321494
0.49441558
0.47481835
0.47291964
0.46707517
0.47290814
0.4735042
0.46818903
0.4909442
0.52747124
0.4947657
0.5205954
0.49905547
0.50529283
0.4744179
0.46424037
0.45672685
0.45917693
0.46734902
0.4905095
0.49016663
0.4981887
0.48019832
0.48363516
0.49493426
0.48229665
0.4763733
0.47054198
0.4684574
0.47095615
0.46203464
0.46258277
0.45705155
0.45602113
0.44131005
0.44333705
0.4247687
0.4171188
0.41683373
0.4113166
0.41003358
0.40174314
0.40093684
0.4113734
0.4272569
0.43931398
0.4484456
0.45708454
0.4596209
0.46551117
0.4689378
0.4582653
0.45718476
0.4492652
0.44534472
0.45547566
0.458807
0.48097858
0.48663464
0.4800103
0.4868891
0.4696949
0.46971658
0.4468865
0.44896132
0.43590134
0.4291139
0.4204689
0.41782627
0.4146422
0.4232987
0.45142084
0.44845024
0.47873953
0.4980221
0.5171571
0.5210076
0.52576387
0.51572436
0.5097102
0.5059102
0.54362243
0.50187534
0.5155294
0.49511328
0.49738008
0.4935707
0.48056284
0.47589928
0.4583568
0.4561811
0.45164832
0.4276603
0.44340786
0.46044308
0.5124638
0.53579384
0.58905506
0.62538093
0.63722086
0.5371357
0.5552273
0.5516902
0.5829537
0.5676782
0.5758951
0.587077
0.6080234
0.6141231
0.57923484
0.5764663
0.58973587
0.5769527
0.57170385
0.5475133
0.5479019
0.5495478
0.53251636
0.55005705
0.5234081
0.5394117
0.53052646
0.51227814
0.50299144
0.5014945
0.52371633
0.49126172
0.47819862
0.46594945
0.44333634
0.44166395
0.43201217
0.43231902
0.43262556
0.4313678
0.4353999
0.42542115
0.44500142
0.4330144
0.43828386
0.4365868
0.4335563
0.42758763
0.44033048
0.4523439
0.47137815
0.47478142
0.4500621
0.4717666
0.5044846
0.5430081
0.5569337
0.5501997
0.53318286
0.5340649
0.532911
0.53026575
0.53054017
0.5308194
0.5339947
0.5352999
0.55269736
0.5145152
0.5382088
0.5460142
0.50446624
0.52060187
0.5517836
0.41636795
0.4998982
0.54802287
0.52497154
0.5896041
0.5329875
0.49135262
0.5077656
0.5106282
0.39133275
0.38131592
0.42273733
0.38430533
0.43055925
0.430497
0.41036916
0.42006493
0.45747435
0.47205207
0.4889771
0.44421867
0.47023517
0.5064051
0.4780306
0.5153036
0.5551591
0.5627156
0.60794634
0.54727215
0.5149429
0.5007523
0.5421369
0.5305933
0.5832575
0.5972924
0.6125919
0.57403755
0.5684567
0.51354796
0.520281
0.53279144
0.51264805
0.53048986
0.5159775
0.50446784
0.5450708
0.56131804
0.56369334
0.6223181
0.6019828
0.60221606
0.6349284
0.63035077
0.6426208
0.66511035
0.66072196
0.58962137
0.5837243
0.58645344
0.5234752
0.5378188
0.5658771
0.51326233
0.48288366
0.4331551
0.42664316
0.4399758
0.45424953
0.49602428
0.5370134
0.5110296
0.5790503
0.56865376
0.5208184
0.48868296
0.48097882
0.6349614
0.645506
0.5845366
0.6204612
0.5905173
0.5287781
0.43857285
0.47549358
0.47627807
0.4533652
0.47285727
0.47923222
0.42989603
0.45363605
0.54077387
0.57047075
0.53230184
0.55448097
0.5198688
0.5526305
0.58648133
0.5690221
0.55417526
0.59994864
0.6353837
0.61208403
0.59922606
0.6060131
0.59376603
0.59340304
0.5274068
0.53204376
0.4934082
0.44270936
0.4817482
0.55496335
0.5036029
0.52800035
0.4913017
0.43603265
0.44754907
0.4296275
0.42075443
0.4887796
0.546618
0.565229
0.5396819
0.47928098
0.46508193
0.46338752
0.50475675
0.5249094
0.4669615
0.49391642
0.44874257
0.48866844
0.5070985
0.46522793
0.47932
0.47560462
0.43527195
0.4412047
0.47746867
0.48267978
0.51650083
0.50268614
0.49824473
0.49595243
0.5640095
0.58559155
0.64861643
0.6561711
0.56122583
0.6034441
0.5454921
0.42551523
0.43274155
0.4454408
0.47128686
0.43529132
0.41361448
0.37638643
0.40158018
0.42230615
0.41691503
0.4518738
0.4747386
0.52038723
0.56239855
0.49942148
0.46774715
0.45904934
0.43881848
0.46815652
0.5120039
0.5141408
0.48361993
0.5995994
0.6356277
0.6050057
0.59918195
0.5706831
0.48914805
0.49076763
0.48226884
0.44568056
0.49104556
0.48464224
0.46492723
0.46017012
0.47210857
0.4725112
0.4765956
0.5193664
0.47779277
0.5017165
0.52675486
0.53817767
0.53900176
0.5446188
0.56051844
0.56840605
0.55951154
0.5673703
0.5641006
0.56550497
0.6034994
0.56048
0.5860071
0.5655874
0.57419384
0.58111274
0.5503554
0.59747005
0.58857316
0.59039176
0.5971974
0.5747907
0.56350887
0.5163746
0.5269124
0.54118776
0.5288433
0.48826152
0.4589303
0.508815
0.5237853
0.5355322
0.5653263
0.5663611
0.60201323
0.59225553
0.5142856
0.5076521
0.5304132
0.5085068
0.49574518
0.51691717
0.51233333
0.48743343
0.43904042
0.4740264
0.55185854
0.55433106
0.49836257
0.5001451
0.46924102
0.43445697
0.38260287
0.4450757
0.4382339
0.5078523
0.50842804
0.53811806
0.5148888
0.48742998
0.5030723
0.44329324
0.43813825
0.4772403
0.42397466
0.43398273
0.3961338
0.42792702
0.49719512
0.4835578
0.39803538
0.33514485
0.38136566
0.43083468
0.59860444
0.5710781
0.50048834
0.47398633
0.50852823
0.66641223
0.65770525
0.6070239
0.65527153
0.6360744
0.6566619
0.6350147
0.63957095
0.6634938
0.6001678
0.5901588
0.60860693
0.5723049
0.60252917
0.56180066
0.57159
0.6090189
0.59873635
0.62498766
0.68348926
0.6809313
0.69468
0.6774615
0.6205827
0.62516046
0.5513501
0.52241457
0.54828525
0.52764255
0.51185626
0.51943636
0.563513
0.59488934
0.530433
0.5911421
0.56893486
0.57921296
0.61078054
0.611275
0.59385926
0.62508994
0.6068698
0.581168
0.5595864
0.5189407
0.49578193
0.50648797
0.46537402
0.5012407
0.50666195
0.4874715
0.5269871
0.5405804
0.5195941
0.51556545
0.5135301
0.50132334
0.4999857
0.503124
0.49592552
0.49944755
0.5151121
0.5384718
0.55273503
0.57296604
0.56220615
0.5669068
0.5434284
0.53627
0.50736725
0.5268568
0.5246653
0.53030765
0.5370503
0.55954456
0.5608402
0.555743
0.5353128
0.53703964
0.51781523
0.5468452
0.49168664
0.46857485
0.47454762
0.45653427
0.44688913
0.4340991
0.43506312
0.4083527
0.39866915
0.42597097
0.42670563
0.42255026
0.4592107
0.45202988
0.43847683
0.43815917
0.43768424
0.41946903
0.4300297
0.4138291
0.3532656
0.35408226
0.4120042
0.42505708
0.5180571
0.52028155
0.5395415
0.5511534
0.55199
0.5160727
0.5826218
0.5783691
0.5528792
0.53475785
0.5664287
0.6217072
0.68027794
0.59788215
0.59329295
0.63520765
0.59665877
0.59148926
0.60354483
0.55825037
0.52866083
0.5662117
0.5793383
0.53982633
0.49497363
0.5126667
0.512824
0.49909702
0.51022524
0.5070382
0.55108356
0.5859466
0.59576416
0.5895588
0.5653862
0.5484933
0.48497683
0.42184827
0.42149535
0.3801196
0.38798797
0.37431368
0.3610738
0.39631146
0.3784685
0.4618063
0.47219265
0.4747588
0.5086483
0.50369567
0.51928747
0.5438403
0.5389066
0.53373975
0.5401351
0.53419346
0.5128056
0.5386692
0.4933895
0.4728829
0.4976622
0.4822166
0.44368142
0.49292275
0.45833695
0.38816428
0.39520875
0.39309278
0.36529994
0.41659695
0.44444704
0.41925868
0.40951028
0.4564989
0.38707954
0.3782804
0.4104738
0.38884848
0.41492322
0.43716255
0.481413
0.532718
0.48415634
0.5399188
0.5507654
0.54455173
0.569615
0.5549207
0.55369055
0.56069773
0.5897133
0.5900478
0.5867687
0.5811269
0.5997618
0.6207788
0.61717534
0.63057226
0.6472005
0.61555433
0.62756187
0.6215017
0.6331031
0.63955337
0.64060897
0.6145056
0.6248517
0.60364044
0.61152816
0.63272643
0.6144214
0.6160762
0.6052702
0.5956991
0.60381466
0.6029076
0.60110694
0.600452
0.58582115
0.5997716
0.62264585
0.61879265
0.5939757
0.6266841
0.6080816
0.59988576
0.6291451
0.59385663
0.602882
0.6233071
0.60483986
0.5924884
0.59455425
0.5993984
0.62146896
0.6075863
0.60033554
0.60137755
0.58717096
0.55769944
0.57223684
0.56694216
0.5581517
0.5411402
0.5620893
0.5441779
0.54600006
0.54432577
0.554643
0.5633423
0.5466912
0.55496776
0.54945767
0.56415874
0.5674233
0.5773862
0.555579
0.5945198
0.5572763
0.5622433
0.5874534
0.59699696
0.60809374
0.5650812
0.5771918
0.6187452
0.60820025
0.6283439
0.63010025
0.65565646
0.66592276
0.6813257
0.6411422
0.6176205
0.57754934
0.57883435
0.5840338
0.5233441
0.51646465
0.5133091
0.49377275
0.5037195
0.44882575
0.4592406
0.43445027
0.44829583
0.4609832
0.43023798
0.39631626
0.42590177
0.43955278
0.41467848
0.44569814
0.4259538
0.44938716
0.44633234
0.45773643
0.45299605
0.47750315
0.4878685
0.4791354
0.41325426
0.4750442
0.4480299
0.45856106
0.47359666
0.4881103
0.48735714
0.52651584
0.5752537
0.6215231
0.59452957
0.62857527
0.6376424
0.6356055
0.6359546
0.63891625
0.64837354
0.6852493
0.65417635
0.65331477
0.6678508
0.63948315
0.6699435
0.69719064
0.6848867
0.6663403
0.6999851
0.6990587
0.6759979
0.67690134
0.6720068
0.6989839
0.7048217
0.730324
0.68858516
0.64597434
0.6635413
0.6937035
0.6514836
0.6592024
0.6488358
0.63251317
0.6031607
0.58946127
0.5671066
0.5755215
0.55110705
0.5172039
0.54495084
0.58509445
0.61481345
0.58978605
0.5566908
0.5414968
0.5356825
0.5385666
0.5430936
0.53860205
0.5511456
0.554704
0.55537724
0.53467375
0.52811354
0.5187226
0.5171655
0.51305974
0.52402294
0.52402395
0.50779605
0.52546453
0.5417857
0.53950864
0.51646537
0.5340496
0.5113335
0.6795094
0.64624745
0.65503836
0.6462131
0.637029
0.68305916
0.70038784
0.6973316
0.6941537
0.6699206
0.67839146
0.6644823
0.65316314
0.660237
0.63967115
0.6288083
0.6234124
0.64462525
0.56749535
0.5670919
0.5442627
0.5561674
0.5448174
0.5043237
0.47457382
0.45620158
0.43046513
0.45935377
0.4729778
0.488244
0.45670822
0.44221416
0.476506
0.44004127
0.4684842
0.46429786
0.40284848
0.42216787
0.4505955
0.42660224
0.40261695
0.42437372
0.41746584
0.41774487
0.45918718
0.44513053
0.4223695
0.4341111
0.42858645
0.46924683
0.44091052
0.4983922
0.52805215
0.49708158
0.47908667
0.47580403
0.4834927
0.49295795
0.49274105
0.5025852
0.51821285
0.52611226
0.50286233
0.4365435
0.39086795
0.47484905
0.51426333
0.50487834
0.49976134
0.5195383
0.52442986
0.52455044
0.5376679
0.5549779
0.52906924
0.5291608
0.54006207
0.50829065
0.54407054
0.5820566
0.46221703
0.4550787
0.42167667
0.43702453
0.45021865
0.5028636
0.5429449
0.54620457
0.5053473
0.5506076
0.5493474
0.5665475
0.55264926
0.53599375
0.55828846
0.48281747
0.4878806
0.48183087
0.48424098
0.42617884
0.44258946
0.45350343
0.4515102
0.4946517
0.52042073
0.4646247
0.4680271
0.4853425
0.50410014
0.5459225
0.55651706
0.55337125
0.5252043
0.52491975
0.47917414
0.50244504
0.51622254
0.48607692
0.5235164
0.49029177
0.48129427
0.51164114
0.502918
0.5388861
0.54673326
0.5364042
0.5169019
0.5201439
0.520731
0.5224871
0.5438588
0.54139394
0.5449496
0.55349207
0.5725533
0.5444288
0.55724645
0.5480464
0.53066504
0.53934556
0.5342493
0.50856346
0.5173186
0.5120917
0.49673817
0.5257046
0.53687364
0.5632308
0.6140516
0.6171147
0.5874551
0.57844794
0.56249726
0.55555844
0.5675186
0.55114144
0.5617256
0.5688221
0.56928474
0.5928871
0.57472944
0.5521206
0.5672033
0.57772106
0.5600597
0.58014137
0.5789579
0.539859
0.53672475
0.56009364
0.53058785
0.5233476
0.54501295
0.51759046
0.5499198
0.527711
0.5458696
0.54116195
0.5797245
0.5833355
0.616693
0.62036824
0.6281172
0.6088652
0.61121875
0.5955711
0.58858615
0.60198975
0.61997205
0.59928524
0.609963
0.62552905
0.5938919
0.5960995
0.5839135
0.5744726
0.5465536
0.56707466
0.5246826
0.57781625
0.53865665
0.55538076
0.5206829
0.5355686
0.53429246
0.49943084
0.5191284
0.5816349
0.588309
0.49226424
0.4736554
0.52371913
0.42920732
0.46233007
0.44612744
0.43014005
0.43290362
0.4678049
0.40161645
0.42773902
0.4663931
0.37714475
0.46953923
0.46364233
0.44270152
0.50598145
0.46456513
0.44244742
0.46086943
0.43961248
0.4179282
0.4968972
0.48023194
0.5047484
0.50845337
0.5015628
0.48710603
0.5088921
0.47397953
0.45682418
0.43263814
0.41418222
0.41865146
0.4386356
0.435721
0.4036245
0.39534453
0.40612802
0.40641788
0.41777727
0.4490861
0.43757877
0.4309207
0.45211053
0.41817454
0.45948768
0.43095836
0.4238935
0.4074045
0.41715822
0.41385883
0.4285575
0.4499374
0.4283134
0.42580727
0.3841889
0.37829283
0.3552829
0.3826034
0.3477983
0.4429391
0.50228465
0.4431398
0.46608868
0.41621986
0.3767753
0.38005236
0.3972567
0.4250294
0.44700655
0.46795756
0.4523424
0.47703612
0.44660202
0.39354095
0.40823552
0.44257146
0.4627424
0.47863138
0.47271672
0.4345457
0.41467494
0.39871183
0.4229882
0.48116693
0.44951668
0.46000198
0.47374567
0.4628802
0.42242184
0.46173507
0.42386743
0.4526606
0.4531482
0.46958467
0.48315087
0.4708589
0.44317347
0.36862963
0.3537216
0.3669958
0.3944109
0.41645485
0.42171347
0.4589525
0.52366966
0.51266193
0.52473044
0.51511663
0.49315834
0.46379146
0.49116513
0.50327694
0.5117909
0.49958968
0.5104707
0.51035047
0.5044752
0.511846
0.5522256
0.5716198
0.55105585
0.5365158
0.54736376
0.53960466
0.5238584
0.531084
0.50193036
0.5153911
