1
0.73517555
0.73417985
0.7452653
0.7290801
0.7437822
0.74150133
0.72198385
0.7408245
0.72909474
0.71297395
0.72210026
0.7120899
0.7109642
0.7250552
0.70929015
0.7159313
0.7152098
0.7217628
0.71636474
0.71338457
0.7100824
0.71360415
0.70917195
0.7141873
0.7096154
0.7260864
0.70727307
0.72581875
0.71710694
0.7220785
0.71557397
0.7049677
0.7094557
0.7253725
0.70498836
0.70558465
0.71808314
0.7210109
0.721106
0.7158666
0.70527947
0.7050263
0.7141799
0.71157664
0.70688564
0.7241043
0.7182602
0.70730317
0.70708454
0.7059848
0.7129102
0.7147951
0.7095969
0.70668286
0.7117917
0.70672727
0.69336635
0.7092238
0.69174933
0.70355463
0.699422
0.70213205
0.69996536
0.6950601
0.69887614
0.68919057
0.676393
0.6792203
0.662376
0.66821563
0.67498374
0.6624705
0.6568
0.6640606
0.6620997
0.6465955
0.65355146
0.65077025
0.6505663
0.6367086
0.6473901
0.649499
0.6412981
0.63799024
0.64022666
0.63423234
0.6480259
0.6479422
0.64701974
0.6420087
0.6417029
0.6518732
0.6294958
0.6397616
0.63026434
0.632377
0.6307862
0.64352477
0.6365391
0.65121794
0.6475979
0.6623249
0.65100145
0.66660726
0.66670287
0.6648377
0.6705419
0.67133045
0.6677931
0.6774931
0.6646347
0.6664452
0.6558435
0.66185015
0.6612265
0.6722661
0.66531336
0.6647471
0.6666635
0.67039496
0.67393273
0.66434216
0.6771793
0.65993106
0.66901886
0.6945286
0.680496
0.6910896
0.6913199
0.71192986
0.6967283
0.7062893
0.6902555
0.7009953
0.67918235
0.66890436
0.66881776
0.67251325
0.6713006
0.677602
0.6720826
0.66511065
0.6675356
0.66814804
0.66550833
0.663872
0.6940229
0.69504076
0.69445544
0.6669645
0.68079835
0.6962513
0.68256885
0.67994237
0.6841754
0.6702704
0.6593327
0.645574
0.6283671
0.6289845
0.6428351
0.62524074
0.6334564
0.614691
0.6392069
0.63358086
0.6388579
0.6361362
0.6646796
0.65445733
0.65724266
0.6488645
0.65528417
0.61350936
0.6060406
0.60641456
0.5923167
0.59551895
0.5981745
0.58260685
0.60141987
0.58792734
0.5950138
0.57834727
0.6147794
0.6054859
0.6313328
0.6165127
0.64787656
0.63483584
0.6480681
0.63639575
0.65410477
0.6648459
0.64355946
0.64687616
0.63867295
0.6573491
0.628387
0.63678634
0.65450525
0.6245268
0.6321685
0.63749284
0.6487538
0.6304644
0.64073503
0.6423965
0.668448
0.6603248
0.6590001
0.6635134
0.6579698
0.6545744
0.65326583
0.6560871
0.64590263
0.647336
0.64239234
0.63492733
0.6270578
0.6523426
0.64445764
0.6560201
0.6561531
0.6619237
0.65700275
0.6578419
0.648948
0.66856885
0.6668114
0.66506594
0.65365034
0.649602
0.63552743
0.64430016
0.64527196
0.65100706
0.6493264
0.63187796
0.6415548
0.6314592
0.6413835
0.6540213
0.63420594
0.6396773
0.6226725
0.62904054
0.6307709
0.63754433
0.618927
0.6389052
0.6254791
0.640543
0.64276654
0.6255044
0.6375223
0.6297449
0.6528709
0.62872034
0.6301848
0.6281347
0.6335862
0.6287738
0.62836325
0.61637723
0.6340966
0.62784404
0.6226192
0.6152188
0.61634696
0.62355435
0.61898804
0.6232654
0.61632407
0.6264848
0.6145985
0.61435264
0.6172814
0.6151995
0.62923783
0.6178469
0.63325197
0.62409496
0.62175924
0.62537265
0.6223893
0.61582065
0.6145579
0.6291091
0.62367487
0.62527907
0.6397996
0.6290797
0.6211043
0.62185013
0.6301133
0.61915725
0.62097245
0.625005
0.61617464
0.6224903
0.6069066
0.6069144
0.6119147
0.6018783
0.6159907
0.60860425
0.60785705
0.60646474
0.6082581
0.60408545
0.5870032
0.59711665
0.5847879
0.59853345
0.5938804
0.5923488
0.58214366
0.5906964
0.5874847
0.60450625
0.6061727
0.60219455
0.61621547
0.61939853
0.6221
0.63186556
0.61772186
0.6354108
0.623439
0.6366175
0.63189024
0.63424146
0.63789344
0.63857305
0.63514364
0.619236
0.6432118
0.6392329
0.6429708
0.63518685
0.62587005
0.63438845
0.6245077
0.6310943
0.6243623
0.6224012
0.6150891
0.6353744
0.6346305
0.63968194
0.6413269
0.63749945
0.63981897
0.64250964
0.64760685
0.6531886
0.6477963
0.64746475
0.64076316
0.63622344
0.6403854
0.6372619
0.64429253
0.64637387
0.6432526
0.64718896
0.65028995
0.66347724
0.66615176
0.67044663
0.6828348
0.65949875
0.67605704
0.66108185
0.6411767
0.65535533
0.6414097
0.6531315
0.64609516
0.64572144
0.6481221
0.6414667
0.6382759
0.6610968
0.63870996
0.66065013
0.66427755
0.6577862
0.64803517
0.64616305
0.6496015
0.65075547
0.64216095
0.62651426
0.62987566
0.6220498
0.623183
0.63498586
0.62605107
0.61826795
0.61395115
0.6066958
0.62296855
0.6036224
0.61724186
0.60304004
0.6128107
0.6120373
0.5954878
0.59646326
0.5890194
0.62269026
0.6077901
0.6026799
0.59623146
0.6020696
0.5916619
0.58952177
0.5740089
0.58477247
0.5796017
0.5840106
0.5829474
0.5873723
0.57582206
0.5849767
0.5828957
0.57933754
0.5684864
0.56410885
0.57548505
0.5745314
0.5739544
0.59084773
0.57831573
0.59857696
0.5785171
0.59529597
0.57082665
0.5891764
0.5905935
0.5840451
0.5934165
0.5903207
0.5924936
0.5807948
0.5801995
0.58181244
0.5854391
0.5918614
0.57808137
0.57702184
0.5753627
0.5730743
0.5536955
0.55336106
0.54535645
0.5480944
0.5435032
0.5497216
0.55449003
0.5525966
0.55645
0.552925
0.52994037
0.5562515
0.5605903
0.5586669
0.55776477
0.55063766
0.57821125
0.5582302
0.57205755
0.5672239
0.5745722
0.5627535
0.57406837
0.5707077
0.5902254
0.58172643
0.58620507
0.58234155
0.5811498
0.5742409
0.5675993
0.58189213
0.56241876
0.5710107
0.57632726
0.5738927
0.57497585
0.53731436
0.543726
0.5202429
0.55200773
0.5259854
0.5327305
0.5357846
0.52389854
0.5318709
0.52396154
0.5104034
0.516574
0.52318954
0.5200779
0.52216035
0.52960575
0.5091465
0.53983885
0.5342896
0.55109894
0.5378534
0.5327573
0.53776926
0.5259588
0.5188931
0.5259069
0.54475176
0.54350454
0.55521244
0.55914026
0.55963033
0.5642622
0.5692431
0.5827471
0.58188426
0.5904625
0.6069212
0.61864465
0.62267697
0.6218174
0.6281366
0.62789315
0.6351424
0.6335245
0.6347959
0.64008296
0.6377963
0.64058256
0.6390161
0.65607363
0.6359576
0.6326549
0.6144295
0.62067175
0.6294483
0.6477073
0.6314742
0.62182844
0.6326034
0.6405903
0.63916886
0.63024443
0.6394644
0.63061875
0.6176609
0.61403286
0.62188333
0.6207596
0.6255861
0.615858
0.6195386
0.6344433
0.6118551
0.6120317
0.6130118
0.6122285
0.63142854
0.6321841
0.64079136
0.6229086
0.6077269
0.6156325
0.6073314
0.6045006
0.6060759
0.58416396
0.59025055
0.5873367
0.57969207
0.5818942
0.5845214
0.57320005
0.58654004
0.58064187
0.58406365
0.60147256
0.57110435
0.58294886
0.5923662
0.5817423
0.57633436
0.5815046
0.59864897
0.5827534
0.5989166
0.59949076
0.58417535
0.58361465
0.5839387
0.6005848
0.5833054
0.5833776
0.57657915
0.5652919
0.571194
0.5810597
0.58639115
0.57692605
0.5640021
0.57632077
0.5849813
0.56887543
0.5758642
0.58016247
0.5811536
0.5700453
0.5885197
0.5758174
0.59892917
0.5807984
0.5733943
0.5779817
0.58434707
0.57285404
0.59428805
0.60486734
0.5638796
0.58618855
0.5659051
0.58241963
0.5662387
0.58885735
0.58176
0.58456475
0.58666885
0.58871764
0.5979296
0.6074163
0.5959086
0.5999126
0.6095613
0.5993449
0.6084682
0.6012005
0.620874
0.5978621
0.6225703
0.597146
0.61684155
0.6333437
0.6415012
0.64474815
0.6355756
0.6362127
0.63315314
0.6125728
0.6212628
0.5970226
0.5997471
0.60618037
0.60185724
0.58261955
0.59545505
0.5855526
0.57845694
0.5744878
0.5746348
0.5742555
0.5551336
0.55320597
0.5693505
0.5482228
0.58625984
0.5808563
0.548211
0.5263539
0.5632614
0.5305109
0.57241756
0.55274945
0.538411
0.5366504
0.5519275
0.55434364
0.55218077
0.5674405
0.5685676
0.5828478
0.5606422
0.59808105
0.5582359
0.5674539
0.5531356
0.56954986
0.5847318
0.57518435
0.5465796
0.5680161
0.54271924
0.5570534
0.5472305
0.5411041
0.53201497
0.5529758
0.57359403
0.56491536
0.5233549
0.5752598
0.56541306
0.5604024
0.5822318
0.5638253
0.5669848
0.56582314
0.5807511
0.57626086
0.5851518
0.58450353
0.5835203
0.5942997
0.5974144
0.5956638
0.59332585
0.595542
0.58953017
0.5748675
0.56153405
0.5624418
0.5516492
0.55415326
0.5956028
0.6049703
0.59822494
0.61884296
0.607661
0.6148798
0.6152237
0.6079142
0.61958516
0.6186378
0.61568236
0.60044277
0.6117537
0.612501
0.6117268
0.61706215
0.6090167
0.6252142
0.61271524
0.616364
0.6204839
0.65610975
0.6519916
0.6644031
0.6654243
0.6643762
0.65599066
0.66348106
0.6657565
0.65633565
0.65862787
0.6541626
0.656873
0.6628193
0.66284406
0.65868956
0.66223323
0.6579008
0.6583936
0.64499587
0.6342189
0.6396635
0.63684654
0.6323658
0.64768517
0.6578586
0.6548673
0.65834403
0.65401995
0.6530472
0.626079
0.6249216
0.6459188
0.6190883
0.61087424
0.6169607
0.6085582
0.6549678
0.65769416
0.6483607
0.6531237
0.6570889
0.65766126
0.6585854
0.6440615
0.65447843
0.6352229
0.6488001
0.6495976
0.64692277
0.66081977
0.66779375
0.66894335
0.66814625
0.66863984
0.6640663
0.6794494
0.69349205
0.7069103
0.7062164
0.71227485
0.70061576
0.71480215
0.7015838
0.7044411
0.697583
0.70356745
0.6993591
0.7117273
0.71918184
0.71952075
0.7146139
0.70567834
0.69854033
0.6974617
0.6993022
0.69110996
0.69374394
0.68634707
0.6866279
0.6841124
0.7010857
0.7076451
0.70639
0.69847137
0.6928507
0.6773187
0.68396163
0.69475096
0.68344474
0.6976496
0.6903228
0.7036223
0.7022136
0.6961948
0.6992401
0.6934598
0.69725335
0.6968082
0.6967928
0.6987416
0.6946708
0.6869012
0.6918074
0.6869318
0.6843728
0.68228143
0.6837682
0.6784606
0.6685542
0.67582524
0.6699132
0.6866143
0.68132937
0.68908334
0.68971467
0.6800668
0.68064195
0.6838628
0.675185
0.67913115
0.674007
0.67665213
0.67800874
0.67854166
0.69470316
0.68406737
0.6958651
0.68819106
0.6716492
0.66787225
0.6581555
0.667901
0.6637135
0.65714437
0.6621793
0.6513632
0.6440358
0.64356107
0.64287287
0.63942015
0.6522043
0.64849764
0.6374134
0.64018023
0.6446182
0.6553268
0.65726674
0.6722167
0.68075424
0.6952097
0.69120544
0.70151293
0.70293117
0.71630853
0.7178034
0.7151508
0.71190697
0.70922834
0.7193593
0.7142325
0.71483004
0.7228506
0.71651065
0.7256529
0.7239857
0.71813846
0.7110352
0.70739347
0.71415365
0.69871837
0.6995225
0.70068055
0.7120689
0.6978301
0.7096474
0.6802297
0.6893708
0.6629367
0.6732447
0.6826738
0.6753645
0.6653704
0.6523966
0.635279
0.645765
0.6185948
0.63397974
0.64302844
0.62651616
0.6384447
0.6426913
0.6422135
0.65304005
0.64075816
0.65174186
0.66479343
0.66456443
0.695968
0.71433735
0.72779137
0.7303436
0.711055
0.7347388
0.6781805
0.711122
0.70851165
0.7372209
0.75050265
0.774242
0.7687085
0.7574852
0.7521084
0.7064645
0.71903765
0.692114
0.68427896
0.7113893
0.6942238
0.68847334
0.7086694
0.6866695
0.7362491
0.7217636
0.73448956
0.7395372
0.7251773
0.7184078
0.6941346
0.70040196
0.6851548
0.696734
0.70434594
0.6596454
0.70772743
0.69096994
0.64871436
0.6046005
0.58695155
0.6145273
0.5979651
0.6662947
0.6842356
0.6550086
0.65263194
0.6912671
0.69250566
0.65388787
0.61909026
0.63366383
0.63361573
0.6479846
0.67770326
0.60339445
0.6260334
0.650784
0.54037714
0.55069304
0.5512448
0.57409906
0.5718313
0.57603806
0.58196545
0.60194397
0.6114782
0.61471015
0.6265649
0.62178534
0.6144843
0.5994672
0.6036175
0.6192743
0.6517202
0.6668373
0.6440098
0.64652985
0.6227414
0.62050664
0.52825624
0.5398554
0.54653805
0.52730155
0.56674665
0.53284836
0.5918296
0.6141195
0.59134245
0.616623
0.5988047
0.6326775
0.629599
0.63170063
0.5949479
0.52004254
0.56668043
0.5375155
0.5664503
0.5646972
0.5611834
0.5522949
0.5276126
0.5321949
0.56733865
0.5957618
0.59876233
0.55656576
0.5467269
0.5083018
0.50257
0.4970391
0.5154228
0.50942004
0.5339464
0.5420871
0.5293335
0.5327495
0.530328
0.53100115
0.5269385
0.51499224
0.52894056
0.5169948
0.5040069
0.51852626
0.49106973
0.495822
0.50517005
0.5498416
0.55284137
0.5636434
0.539985
0.50996685
0.51937747
0.5002496
0.5223246
0.51019496
0.510269
0.5076838
0.5186041
0.51950204
0.5544358
0.5387509
0.555267
0.5710419
0.5640653
0.5934579
0.58911926
0.6777762
0.6666345
0.6248006
0.6445091
0.6115052
0.59844446
0.58237356
0.5780716
0.5540889
0.5251358
0.5366954
0.5262518
0.517884
0.5017721
0.51265293
0.49585542
0.5089469
0.50566244
0.5247888
0.50998056
0.5023689
0.52088606
0.5424217
0.5383734
0.5678507
0.5465063
0.5692091
0.58009726
0.5645956
0.5568953
0.5533284
0.56748116
0.58676475
0.5699764
0.6074641
0.60727465
0.6229096
0.6528875
0.6037396
0.5917023
0.59497523
0.61970353
0.6068321
0.6237136
0.61332804
0.6326244
0.6008905
0.5913379
0.61623496
0.61950415
0.6048357
0.5887277
0.59475833
0.5785604
0.56359327
0.55427396
0.54480356
0.53524405
0.5312597
0.5014818
0.527533
0.535712
0.54890454
0.5456545
0.54910594
0.5539922
0.55014694
0.5790672
0.5784333
0.579674
0.5968739
0.5981104
0.5998073
0.5894557
0.6018423
0.6261668
0.62724537
0.6074236
0.6347218
0.6263223
0.5827946
0.5826427
0.5833179
0.58091396
0.5936743
0.54774976
0.54317236
0.54710436
0.55181664
0.5503899
0.5501559
0.5942879
0.59216624
0.59394497
0.61735815
0.6357946
0.6429416
0.6523886
0.67536664
0.6561489
0.6343182
0.6142372
0.6155711
0.60821426
0.60708237
0.62163913
0.5940061
0.61915374
0.6238954
0.61411166
0.63993937
0.6218439
0.636445
0.6163058
0.62940973
0.62962323
0.6194979
0.6035869
0.6280662
0.60968965
0.6192912
0.62669194
0.63436854
0.60928136
0.60668135
0.6285241
0.62185574
0.619814
0.63415366
0.637805
0.63330567
0.6241414
0.6267901
0.6208034
0.6270554
0.6254836
0.62057084
0.6296954
0.6243213
0.61579734
0.62389916
0.6248295
0.61342084
0.6072697
0.6193791
0.60498357
0.6207819
0.5987381
0.6059211
0.621001
0.60144734
0.6041802
0.61134887
0.5904708
0.5941597
0.60306334
0.59588474
0.5871441
0.60190415
0.5889814
0.59251404
0.6085027
0.6526377
0.6444423
0.6495021
0.6437244
0.6499874
0.6447594
0.6565334
0.64138937
0.63471097
0.64736503
0.6442359
0.64224166
0.66581106
0.6462883
0.65193605
0.641742
0.6302182
0.6525353
0.6280536
0.622139
0.6240299
0.6271385
0.66290116
0.6472415
0.6367056
0.65190464
0.63226974
0.6415298
0.6343881
0.634136
0.63938
0.62173855
0.61524355
0.6380914
0.6256386
0.63730836
0.62409616
0.632262
0.6483024
0.63004494
0.6228929
0.62632567
0.6239442
0.64966404
0.64744145
0.645244
0.64129686
0.6280019
0.6445769
0.60927397
0.59560007
0.5920854
0.5911741
0.5887497
0.61724705
0.61676866
0.6294972
0.62736934
0.6408586
0.64759016
0.6535753
0.6504367
0.6407344
0.6533016
0.65955323
0.65306914
0.6634521
0.692276
0.6930588
0.70930016
0.69375086
0.68023133
0.68600297
0.70058525
0.7050703
0.6957745
0.7034987
0.68365014
0.690962
0.6946383
0.6747333
0.66566664
0.661247
0.66419774
0.6587204
0.6860509
0.6710241
0.68334544
0.67332107
0.66687375
0.6958581
0.692218
0.7021792
0.69089854
0.70731395
0.6706869
0.6980883
0.7155009
0.72086614
0.718274
0.7213991
0.7131529
0.71404433
0.69393414
0.6951769
0.6865174
0.67194045
0.69185823
0.6981453
0.6938945
0.7036045
0.6999992
0.71059066
0.70111406
0.6894077
0.69591784
0.6875018
0.6936063
0.6787534
0.6742751
0.6709897
0.67791665
0.65894395
0.6608475
0.64485884
0.65396345
0.64301884
0.61370295
0.6356891
0.6043319
0.6176371
0.6129913
0.6334199
0.6222593
0.6403211
0.6107911
0.5722865
0.58588785
0.55922765
0.5589602
0.5571946
0.5798403
0.57153517
0.58004403
0.6087836
0.6072928
0.63233835
0.6112236
0.5930222
0.5925994
0.6062044
0.59635466
0.5961179
0.6047727
0.5882418
0.59376705
0.60595715
0.6048242
0.62043196
0.6159681
0.6221277
0.6097526
0.6196623
0.58381325
0.586788
0.5915343
0.5774968
0.56176347
0.56699485
0.60044056
0.61185336
0.6037125
0.60896
0.6265872
0.6203526
0.6242308
0.66238755
0.6652662
0.69141555
0.685263
0.6934041
0.690187
0.6844544
0.67914927
0.6875726
0.69667643
0.69736123
0.70788264
0.7107069
0.6855653
0.6875757
0.669263
0.6986085
0.6837893
0.66143274
0.5642459
0.5645856
0.5901399
0.59192026
0.57369906
0.60494953
0.5795152
0.57110155
0.6384264
0.6231444
0.6626614
0.6921073
0.7103761
0.7051289
0.75483376
0.74183136
0.70952916
0.66751987
0.68413436
0.62643194
0.6580098
0.69993645
0.74623823
0.7250177
0.7053292
0.7171928
0.6755542
0.6426807
0.6418125
0.6440157
0.62254393
0.6246775
0.6549634
0.64223987
0.6457795
0.6675689
0.6916163
0.68261635
0.72093827
0.7219114
0.753044
0.7298978
0.75977147
0.7114435
0.6907491
0.6731477
0.67516273
0.6722537
0.664095
0.6532122
0.6867544
0.66632175
0.6629014
0.68517596
0.66936094
0.7131634
0.68763775
0.68573266
0.69272244
0.71039045
0.71322185
0.7184148
0.7079846
0.7035171
0.6973654
0.69629556
0.67563224
0.657248
0.663241
0.66956806
0.6608992
0.65488106
0.66641027
0.65790606
0.6767827
0.6442746
0.669099
0.68060505
0.70562285
0.69559586
0.7015555
0.7157734
0.71322125
0.72693217
0.7121052
0.7171557
0.73436266
0.71160924
0.73846227
0.7415338
0.72597194
0.72663856
0.7432008
0.7473968
0.73815036
0.7480638
0.72732735
0.74839705
0.7528225
0.74445236
0.749869
0.7553288
0.73763126
0.74523
0.7450944
0.76243025
0.74748784
0.7573611
0.73547006
0.71965545
0.73156637
0.72891694
0.74495935
0.7209304
0.72801816
0.71805423
0.7268021
0.73750424
0.7310031
0.7406159
0.72700894
0.72608095
0.72691476
0.6978604
0.7043429
0.6919961
0.6571658
0.6125521
0.61333334
0.5677761
0.617401
0.63725483
0.6015682
0.59369075
0.5980941
0.60221416
0.596851
0.60130143
0.6826632
0.6609367
0.6629769
0.656996
0.64972055
0.6612528
0.66253316
0.6537408
0.6675761
0.6615061
0.66048837
0.6657746
0.6655651
0.65458035
0.6610438
0.6836875
0.67977655
0.7128286
0.73764867
0.73715764
0.7238548
0.74363196
0.7295831
0.6978991
0.69417167
0.69142336
0.67823666
0.66910326
0.6728917
0.666211
0.68175775
0.666714
0.6526966
0.6292935
0.6102756
0.59463745
0.547334
0.55641633
0.62148654
0.6675059
0.62802905
0.65059155
0.6300102
0.6415571
0.64145875
0.6472303
0.6367821
0.64379734
0.61506134
0.5933438
0.59905916
0.60373574
0.61869377
0.6303065
0.6508243
0.602281
0.6508742
0.6291303
0.6432548
0.66536576
0.6648807
0.67824537
0.65799606
0.66636705
0.66547185
0.66838276
0.68556714
0.6647144
0.6688142
0.6765945
0.6694238
0.67551744
0.63516957
0.64292365
0.6458491
0.63079625
0.615376
0.63446164
0.6393242
0.6407228
0.63827515
0.61152405
0.6445295
0.6473638
0.6480206
0.66504973
0.6478304
0.66623443
0.6519396
0.6712602
0.6793492
0.65294766
0.65082765
0.64328027
0.64055294
0.66510975
0.686118
0.6627454
0.6483042
0.64862067
0.65489006
0.65636367
0.6108782
0.6228919
0.6161261
0.6163491
0.6030475
0.6089071
0.6053127
0.6183225
0.63960224
0.6464659
0.63396066
0.6084376
0.64289093
0.6600206
0.6522808
0.62975824
0.65538335
0.63619
0.65679926
0.6601802
0.6297683
0.62587255
0.6274737
0.6337086
0.635228
0.61337674
0.61945844
0.64268494
0.6209095
0.61096907
0.6482365
0.6435605
0.6133286
0.65191245
0.6669027
0.6540961
0.68693584
0.6270584
0.66944146
0.6107616
0.53444475
0.5528579
0.5335175
0.5134665
0.5186629
0.5479781
0.557428
0.5519259
0.5739416
0.6136344
0.6581248
0.7154578
0.7216649
0.7259635
0.7081467
0.715458
0.7064487
0.71722245
0.6912456
0.7139976
0.7143143
0.7252782
0.6898881
0.71845394
0.70726275
0.705095
0.71893054
0.7180109
0.7023748
0.7033495
0.6905579
0.6927194
0.6542145
0.63820326
0.6457102
0.653299
0.64634633
0.64202726
0.6178079
0.6119723
0.60509527
0.6087982
0.6038784
0.6136387
0.62221646
0.6225967
0.62999725
0.6392616
0.6398526
0.63642895
0.62548614
0.6441139
0.6537535
0.66113967
0.6395599
0.61603636
0.628196
0.6417275
0.6462615
0.64825255
0.6426609
0.6459017
0.638502
0.6447103
0.66594595
0.65925145
0.6791931
0.68224955
0.69728386
0.7052441
0.7067899
0.67217857
0.70295376
0.6891719
0.6910232
0.7001638
0.70665044
0.68700117
0.6851421
0.6716364
0.6841848
0.6785682
0.67580175
0.6989256
0.695597
0.6861128
0.69313484
0.6962343
0.6847952
0.6816355
0.69855124
0.69064695
0.6894253
0.6913793
0.6941308
0.69098425
0.7060317
0.7036617
0.7027305
0.727442
0.7064758
0.72331053
0.68719614
0.67135507
0.7130006
0.6799416
0.65287346
0.67126745
0.6515149
0.6736069
0.65625
0.6712718
0.666365
0.6705999
0.6739318
0.69847935
0.6846959
0.68523425
0.6839802
0.66815513
0.65769815
0.6509842
0.6395529
