1
0.99989605
0.99989974
0.999907
0.9997863
0.99972135
0.9997453
0.9997061
0.9996587
0.99938357
0.9993641
0.99916637
0.9987779
0.99838054
0.99835545
0.9985423
0.9979684
0.9961991
0.9972658
0.9976
0.9966794
0.99688125
0.99874014
0.9984719
0.9986041
0.9981275
0.99824524
0.99791616
0.9975134
0.99818724
0.997292
0.9981761
0.998176
0.99830496
0.99788135
0.998376
0.99856997
0.9981713
0.9983557
0.9985065
0.9979443
0.9967636
0.9971898
0.9976515
0.9983535
0.9988858
0.99756086
0.9968991
0.9942517
0.9946526
0.9951351
0.99484056
0.99512804
0.9950423
0.9913264
0.9900401
0.98634666
0.991952
0.99358386
0.99247074
0.99254054
0.9939097
0.98349553
0.97210824
0.95619905
0.9623816
0.97874135
0.98465085
0.9775978
0.9743896
0.9698585
0.96684283
0.99077106
0.98784596
0.9853977
0.99189186
0.98878574
0.9849628
0.9868221
0.9815963
0.9777089
0.96556693
0.98091036
0.98609537
0.99072546
0.9911596
0.9929569
0.993091
0.996223
0.99515295
0.9969867
0.99595946
0.99571157
0.9949704
0.9938367
0.99186534
0.99431014
0.99587834
0.99399143
0.99645555
0.9967064
0.99619424
0.9973953
0.99696034
0.99553263
0.996214
0.99744713
0.9987569
0.99714667
0.9964541
0.997391
0.99703276
0.9939966
0.9845005
0.97895515
0.99301505
0.9822802
0.97918403
0.9888149
0.9879764
0.9895544
0.98907286
0.9892687
0.98542815
0.9848588
0.99000144
0.99560046
0.9986407
0.99918014
0.9987729
0.9990088
0.99879754
0.9985964
0.99918896
0.99922836
0.9990639
0.9990772
0.9994136
0.99832124
0.9963831
0.9972166
0.99633247
0.9775622
0.97816145
0.95343226
0.90718675
0.9360372
0.93294835
0.95774347
0.9475425
0.9325049
0.8904535
0.9163055
0.97362286
0.9662003
0.9116272
0.90180236
0.9240562
0.89129424
0.89314544
0.8058648
0.65480983
0.77511954
0.81767064
0.7580756
0.704099
0.56343544
0.39354524
0.43958247
0.45478344
0.5320714
0.46317413
0.5975912
0.89564437
0.9652321
0.9848995
0.99754626
0.9976411
0.9977435
0.9954347
0.99133223
0.99226344
0.99408025
0.9861718
0.98521614
0.9870869
0.99101067
0.9875803
0.98174244
0.9885415
0.9935023
0.9925748
0.9905442
0.9872547
0.9852652
0.99097145
0.98831195
0.98265415
0.98159295
0.9552975
0.9546024
0.96195585
0.9575583
0.9726051
0.9654344
0.9856867
0.9898605
0.99244964
0.9915804
0.9853475
0.97585356
0.99078673
0.997357
0.991855
0.9804293
0.9494359
0.9301004
0.9583037
0.9718615
0.98091745
0.93866825
0.85743773
0.5488923
0.8427907
0.87171125
0.8733018
0.87956834
0.8061563
0.812338
0.6036477
0.69617575
0.44645518
0.30646136
0.6313311
0.6605566
0.8055199
0.7924421
0.58606106
0.6657152
0.6690783
0.5327476
0.56810826
0.828636
0.7389257
0.8520775
0.9604269
0.97277665
0.98546404
0.98816663
0.9874089
0.9961451
0.9972474
0.99335515
0.98110676
0.9530101
0.9499936
0.879271
0.8920238
0.9069081
0.8806033
0.82582027
0.8612512
0.7817711
0.81586367
0.83405936
0.7040773
0.8533901
0.85743225
0.85681665
0.93208486
0.902913
0.96295154
0.9846297
0.98915356
0.9915718
0.9798734
0.9880512
0.9840634
0.9930072
0.9910013
0.98773265
0.97588706
0.9642878
0.94480157
0.95771104
0.9522865
0.957849
0.96023595
0.9364232
0.9285625
0.933832
0.9421678
0.8914112
0.84163815
0.83789647
0.817401
0.8299685
0.9166909
0.9744586
0.98579794
0.9950191
0.9949639
0.992245
0.9863744
0.9902366
0.98467165
0.99042666
0.9770483
0.9640039
0.98368615
0.95869136
0.9843982
0.9904739
0.9544217
0.93104404
0.9263571
0.9059231
0.9028814
0.8608462
0.7853274
0.5807132
0.68567276
0.6760523
0.5705957
0.7323449
0.9146844
0.93801415
0.9555895
0.95038205
0.91692996
0.93246657
0.9590036
0.8580743
0.88023555
0.9064608
0.8994946
0.84872246
0.76108265
0.81545514
0.872771
0.86615515
0.8393941
0.8585591
0.85419714
0.67824936
0.61704075
0.74075675
0.79103
0.7533421
0.851341
0.8778368
0.7764991
0.7730099
0.800254
0.8689184
0.9499909
0.9294382
0.94488555
0.9713983
0.97509
0.9826266
0.9840523
0.9814632
0.98639596
0.9822948
0.9831603
0.9754195
0.98117536
0.9333639
0.8493128
0.8330898
0.73545
0.7855385
0.7565456
0.8181636
0.8308455
0.74198854
0.71809095
0.8741692
0.92332834
0.9167628
0.9704203
0.9676932
0.96970123
0.9849738
0.9834063
0.97541225
0.9780927
0.96257365
0.98456234
0.98740435
0.9786816
0.96716654
0.9749203
0.96768504
0.95334363
0.9346499
0.9208551
0.89850426
0.8729963
0.83461195
0.82522535
0.69776446
0.7300701
0.7957787
0.7897256
0.666323
0.6675722
0.5594792
0.6887175
0.5482076
0.5902059
0.78389686
0.87957954
0.93187165
0.9106873
0.9457867
0.93936473
0.82430005
0.9349278
0.91553515
0.8250063
0.65392077
0.84565246
0.83667827
0.88030034
0.8856125
0.94053864
0.95494354
0.88610923
0.83583814
0.83311796
0.87652886
0.8073048
0.8060741
0.7564252
0.7908232
0.7187969
0.62405795
0.55975556
0.588918
0.6010689
0.5245316
0.33205405
0.57841074
0.55755484
0.47062483
0.40664148
0.47222683
0.36919814
0.4371187
0.4771516
0.43683228
0.2779154
0.18698147
0.2853444
0.22494692
0.284966
0.3421918
0.31027415
0.2814049
0.3254195
0.2917209
0.3199108
0.52836406
0.7458847
0.9114019
0.934948
0.94682574
0.9536458
0.79735655
0.8144256
0.87015486
0.9008076
0.7976951
0.72633564
0.8024227
0.83272195
0.8574675
0.7823141
0.90759665
0.86306494
0.85207796
0.9163249
0.9075125
0.8733585
0.8627017
0.8327772
0.88146067
0.9222664
0.89182013
0.8920693
0.8321742
0.7859704
0.77540964
0.79083824
0.7447335
0.78439903
0.71496856
0.77254856
0.65950924
0.82740545
0.6885123
0.8073681
0.72185487
0.7605408
0.7923841
0.87051886
0.6733925
0.62238944
0.5980293
0.6474164
0.77716553
0.77906483
0.6861102
0.62262225
0.56988966
0.66749287
0.61153954
0.56023526
0.5882112
0.73782456
0.71278805
0.5649979
0.5368136
0.7126432
0.5729953
0.7264859
0.7714198
0.7577574
0.72060585
0.66593486
0.6000122
0.6413578
0.7480234
0.6379938
0.65670294
0.77799547
0.7709103
0.7156464
0.8489577
0.8437781
0.8699689
0.8352674
0.84464383
0.81906235
0.8466604
0.7799602
0.8232412
0.8146319
0.7989893
0.7686474
0.7556663
0.90215725
0.9279419
0.9689535
0.97471255
0.9810364
0.9596396
0.96509457
0.9057442
0.95082814
0.88043797
0.96757776
0.89178
0.9434622
0.78324044
0.819846
0.89303666
0.8466839
0.8267742
0.90706503
0.82632536
0.84966236
0.7887972
0.83570975
0.8076098
0.77103513
0.7867217
0.79359066
0.77576375
0.7849065
0.7378289
0.8351457
0.7999121
0.8633028
0.89495784
0.7848543
0.8415784
0.81398183
0.7709199
0.7117491
0.7005431
0.75689626
0.74194527
0.6005964
0.47678018
0.54862434
0.60941863
0.6839614
0.7627395
0.7249373
0.6865458
0.54957396
0.5370501
0.30173975
0.49925977
0.47286484
0.52279854
0.5997286
0.46604118
0.669854
0.5995941
0.5315814
0.5297567
0.6943587
0.67235345
0.6821465
0.65915143
0.57873726
0.48263654
0.5161923
0.36178908
0.36441952
0.46551546
0.62111443
0.6550022
0.5978848
0.559705
0.53626066
0.44407806
0.25136438
0.13842645
0.15993848
0.23596527
0.44714138
0.22792967
0.36454955
0.3658271
0.34835768
0.37941897
0.3942078
0.42619848
0.5253758
0.46011686
0.5853276
0.73922104
0.612465
0.587202
0.5144627
0.62013537
0.6779734
0.7368746
0.7362925
0.5469447
0.6952826
0.8544967
0.9212411
0.9225976
0.9199368
0.96255606
0.90669346
0.95236367
0.9220999
0.9440156
0.940035
0.88874114
0.91499466
0.91416335
0.82811344
0.7292938
0.8047901
0.8182037
0.8106988
0.84806305
0.81980795
0.83393764
0.74745816
0.6482913
0.7889118
0.75111485
0.6756621
0.7406217
0.77177703
0.8200149
0.84743756
0.8122604
0.7588925
0.8106751
0.7623495
0.6975836
0.71970475
0.6687473
0.7601683
0.71722335
0.8644327
0.8027486
0.83932596
0.82592785
0.8726623
0.90033853
0.9161814
0.9240173
0.9343304
0.92269045
0.84492105
0.9245139
0.8746722
0.8498918
0.863025
0.75742483
0.7866049
0.79515433
0.72733724
0.8134893
0.8207315
0.71951693
0.7482753
0.7994633
0.7992142
0.8299872
0.7910046
0.7922243
0.70599496
0.6781843
0.7660618
0.6368156
0.600359
0.6765238
0.6403019
0.6543023
0.6798939
0.7854723
0.59403294
0.55624735
0.69493157
0.58879846
0.6948055
0.84388673
0.86587083
0.84273005
0.66208315
0.6695316
0.3549315
0.53580946
0.5227528
0.70711565
0.791464
0.86565363
0.9038298
0.90558696
0.8636104
0.6882888
0.461865
0.19238825
0.278893
0.14873089
0.46067658
0.6022362
0.5706396
0.586542
0.4180878
0.5630127
0.4635718
0.54762584
0.6681769
0.6906816
0.7623115
0.88846004
0.83874863
0.75845814
0.76249933
0.71731067
0.6320741
0.54726493
0.71858615
0.8777487
0.88671225
0.74993914
0.6541637
0.6446007
0.64259
0.6825363
0.68963337
0.6102526
0.61605614
0.73650575
0.76443344
0.8566983
0.8461562
0.8383564
0.8562462
0.8478822
0.7116766
0.67799854
0.7442787
0.80138284
0.70120454
0.7771099
0.7416459
0.7709763
0.7918187
0.7088911
0.5571593
0.5860581
0.5905281
0.7353591
0.60231906
0.65063953
0.69562083
0.82475066
0.8611691
0.7918966
0.87402344
0.89514005
0.87226254
0.8684667
0.8393591
0.8253378
0.88607186
0.8366055
0.77484596
0.86779463
0.84798956
0.7862569
0.7924131
0.65010536
0.6219961
0.34527025
0.5759852
0.534072
0.2930786
0.46417162
0.5922708
0.5567066
0.51343805
0.53044283
0.44801605
0.35265547
0.56659967
0.5965087
0.6782504
0.72298485
0.3118473
0.20054737
0.17200309
0.49516454
0.42742687
0.4058752
0.51991373
0.70931643
0.6430356
0.5245539
0.5857958
0.38750926
0.32531312
0.10383354
0.09020954
0.119273186
0.124374606
0.12182131
0.12604725
0.090386875
0.11579085
0.2139901
0.08603295
0.086517796
0.15293851
0.32062477
0.2997267
0.5245704
0.5459885
0.56460977
0.42278773
0.47909355
0.15360236
0.13014115
0.21553843
0.16009906
0.3101336
0.24539918
0.45679533
0.21850927
0.2794358
0.47986448
0.607939
0.34163833
0.16239583
0.38171893
0.45285937
0.42752668
0.50732416
0.6693302
0.663064
0.4653473
0.6275152
0.6885704
0.600543
0.7338057
0.5464543
0.3605739
0.53870904
0.3629042
0.5707073
0.44950178
0.36609092
0.18004449
0.41380182
0.06926918
0.16528817
0.27145562
0.15684164
0.263991
0.25535175
0.15838502
0.06301407
0.18764557
0.088919245
0.107343495
0.18937063
0.22060801
0.22715487
0.3378165
0.43617493
0.60023755
0.317254
0.5447545
0.3941872
0.4455861
0.20209827
0.20294724
0.22530992
0.18499811
0.20109624
0.16774768
0.44209594
0.63452506
0.26954746
0.01503294
0.053175107
0.046646483
0.059919756
0.35310087
0.44322062
0.42577893
0.29964936
0.37190995
0.3293623
0.41380975
0.4133983
0.24383189
0.23011933
0.37157825
0.30396992
0.22082911
0.17731833
0.20436181
0.17259261
0.2547219
0.31716067
0.22928415
0.34864017
0.20981197
0.24018535
0.19428405
0.2608926
0.41258144
0.5707124
0.4677785
0.31560427
0.25527534
0.40149844
0.38373405
0.17988291
0.14333667
0.16473441
0.058687363
0.033546835
0.051287785
0.09191049
0.11769097
0.12367575
0.033287518
0.24338555
0.67293704
0.40336937
0.23066771
0.47650704
0.24241784
0.20134906
0.18572347
0.28318885
0.47865716
0.41359827
0.4352232
0.45662057
0.56046486
0.6257421
0.59008497
0.57432914
0.6648501
0.7923409
0.81948465
0.8365354
0.83521706
0.7370925
0.37748867
0.42746493
0.4279607
0.5483667
0.41754177
0.39775193
0.41020796
0.35314652
0.27398813
0.36679327
0.69545984
0.7816065
0.54014933
0.7065238
0.72374445
0.64155996
0.33590788
0.7352892
0.4891283
0.7560138
0.65519786
0.2315644
0.10252862
0.28594336
0.7904135
0.83884
0.59804505
0.7967794
0.7010637
0.53892756
0.3496409
0.12232444
0.27972054
0.1471995
0.4992515
0.6270013
0.3804325
0.54709786
0.3260984
0.0120671075
0.026010456
0.012284679
0.008322509
0.010321939
0.0031029165
0.0027476244
0.0005060141
0.0020537027
0.024029309
0.23695087
0.1334166
0.40229005
0.22835356
0.22024067
0.16279326
0.08027686
0.0558813
0.013315809
0.023260042
0.072153024
0.019856798
0.022235967
0.03485357
0.047902465
0.09305124
0.07639213
0.043906946
0.106343426
0.00811068
0.005887032
0.486997
0.6898258
0.36198556
0.55598843
0.573253
0.6733217
0.65408045
0.28271818
0.13885386
0.33115506
0.40157878
0.66794735
0.7205028
0.6049619
0.56140786
0.47729948
0.26421604
0.08476632
0.0013534557
0.001655986
0.003342735
0.0024050015
0.007402611
0.0072674653
0.00854492
0.009370017
0.01717349
0.0147008635
0.0145364255
0.28238225
0.008787155
0.0139409425
0.22160734
0.122618414
0.014448382
0.02361937
0.009379479
0.010724724
0.0042778873
0.009256308
0.0085598035
0.0051304004
0.004514479
0.030708391
0.00804949
0.0033443116
0.006421221
0.0530493
0.010877427
0.010186111
0.0079352
0.057401128
0.11841063
0.026545329
0.030220093
0.008906791
0.003271547
0.017641587
0.20865953
0.16092351
0.06911097
0.06967005
0.07129374
0.09838385
0.07733727
0.30489382
0.11332126
0.28103408
0.04710015
0.16237926
0.50780463
0.39599004
0.3037728
0.13019781
0.43731448
0.3521117
0.5301729
0.37286484
0.6282924
0.40020183
0.09381758
0.07525057
0.09737388
0.2487953
0.4040186
0.1998881
0.011549762
0.034767095
0.0019390363
0.012019893
0.03385115
0.0056457887
0.021258527
0.009732446
0.0042560515
0.021985216
0.009976523
0.011240786
0.009221945
0.2776452
0.05906781
0.012817304
0.027752977
0.059844248
0.07320032
0.03901364
0.15323703
0.22579712
0.6486668
0.2509382
0.122023016
0.024522072
0.057512462
0.048165478
0.06841972
0.11195893
0.0683772
0.13632935
0.023176022
0.09403957
0.09847108
0.029977517
0.08947876
0.046614446
0.10382159
0.018315725
0.0051179854
0.075716734
0.051685326
0.042641982
0.05426704
0.26887697
0.13690194
0.091181666
0.10982533
0.04737718
0.0314626
0.004803564
0.0029500294
0.0035857265
0.0059696115
0.035388853
0.05383556
0.23083255
0.119650215
0.19772589
0.0606465
0.13783453
0.22298501
0.2469966
0.39684284
0.020658078
0.025934761
0.0042020264
0.017811662
0.019423775
0.0677154
0.21740668
0.24766819
0.12907732
0.0056613036
0.002813651
0.007077521
0.005014439
0.07707088
0.38708606
0.5262983
0.48425722
0.41103318
0.32684666
0.505849
0.5689746
0.43628088
0.16467857
0.0165276
0.2254609
0.06983109
0.062439464
0.0998192
0.10868023
0.19737524
0.08533152
0.32591408
0.046608683
0.14218003
0.16745135
0.18544523
0.25415364
0.24103165
0.31144848
0.2733285
0.12508172
0.25516614
0.22842713
0.28560233
0.43690887
0.14054383
0.095552534
0.13659962
0.18787935
0.11955664
0.34035474
0.3563827
0.30021062
0.3722415
0.25416914
0.2756318
0.25130734
0.18188044
0.0641093
0.09178245
0.10642833
0.19029726
0.120076105
0.3301677
0.122420885
0.27427417
0.20386994
0.11242853
0.058274493
0.025249207
0.070585355
0.052169345
0.060926832
0.06952643
0.1384096
0.13226865
0.100278735
0.05239263
0.17334928
0.09387831
0.05975305
0.070284545
0.013544694
0.07389113
0.11464712
0.012349365
0.007927562
0.028743874
0.017374963
0.0043388517
0.009142685
0.061197173
0.12882456
0.0597575
0.114941575
0.08352567
0.13091654
0.4747406
0.17863554
0.048553087
0.0153842755
0.004541699
0.0022573576
0.0022829713
0.00057374564
0.0021516443
0.0039815684
0.0010580932
0.0032975946
0.0007280233
0.0014461955
0.0015088568
0.0151546225
0.020608798
0.0099492045
0.017522408
0.049402695
0.00441694
0.008021585
0.028593395
0.014439769
0.0073952815
0.05278772
0.011369917
0.0077151963
0.016269127
0.002891791
0.051181175
0.020791303
0.009845764
0.059760466
0.122712925
0.013571643
0.09303137
0.34956878
0.39783037
0.6123924
0.46116197
0.22248423
0.046135988
0.06006874
0.05305891
0.19794728
0.20339946
0.16542652
0.19949329
0.17132775
0.2021024
0.11334691
0.12489963
0.24934195
0.12294365
0.06998772
0.056275003
0.107181594
0.17251714
0.09979329
0.5363467
0.6544821
0.62792593
0.019608792
0.010858539
0.02074896
0.02302276
0.07296946
0.023409786
0.032407377
0.015907077
0.0098665515
0.030563239
0.28354836
0.02375665
0.0036341886
0.002138843
0.010097391
0.022614755
0.019350585
0.013104005
0.009844561
0.01691384
0.014396937
0.043713596
0.101857096
0.029551947
0.023007417
0.045566734
0.0099681895
0.017118847
0.003282947
0.057306245
0.028339641
0.068407685
0.1084814
0.058419973
0.13558233
0.0107512465
0.0649474
0.5195472
0.15278289
0.10451605
0.17866293
0.31459278
0.21733378
0.06804592
0.044652324
0.020930395
0.01416424
0.08032482
0.03247877
0.01994554
0.0015990402
0.009211777
0.012600803
0.0120286215
0.017076518
0.05308285
0.056932323
0.040226635
0.08902925
0.010247489
0.012239505
0.13832612
0.039723292
0.23231365
0.08662954
0.008905456
0.10320357
0.025482336
0.01085607
0.32860535
0.037207287
0.01833925
0.027121713
0.0038328948
0.002580056
0.007331667
0.010449651
0.10071625
0.05313659
0.015611784
0.038056295
0.09464051
0.026601097
0.02278906
0.10681766
0.118756555
0.132267
0.22252019
0.12079946
0.06700535
0.06341914
0.057647754
0.13542186
0.1275795
0.28389114
0.16813743
0.10938981
0.123568326
0.18295796
0.115334004
0.06537755
0.17794208
0.15778862
0.08063
0.023817828
0.10408077
0.038381644
0.014332098
0.04121075
0.07846346
0.058614325
0.060145266
0.045857247
0.09196409
0.05897437
0.24946237
0.1587091
0.37496176
0.0891526
0.045968298
0.0539645
0.20835283
0.1501185
0.046630844
0.17648587
0.11363735
0.121087894
0.23332608
0.08082059
0.12234739
0.17999648
0.13091932
0.29024172
0.13718726
0.12891145
0.3678325
0.24601029
0.10645159
0.1977108
0.16200624
0.10804536
0.048890542
0.16587535
0.395827
0.02672617
0.010455313
0.0077203563
0.0140799405
0.023140946
0.02689822
0.020501845
0.22128794
0.01385696
0.013894046
0.04756351
0.2582182
0.5562153
0.5268431
0.5255768
0.3908815
0.43326887
0.2955822
0.48710096
0.48056698
0.37897992
0.31596246
0.22339614
0.42683265
0.49993852
0.4581836
0.5877779
0.49993828
0.5489843
0.6106126
0.6463741
0.58677435
0.58499616
0.23899516
0.40547627
0.28675357
0.12487789
0.03660164
0.013460333
0.0044840276
0.013191562
0.008764763
0.0064535732
0.017685935
0.019157447
0.0075394115
0.17951642
0.0021830965
0.00048144383
0.0012778827
0.01686116
0.03891896
0.015950356
0.07897304
0.010553507
0.021491105
0.016761813
0.011916627
0.022192417
0.010240026
0.011488086
0.014233467
0.106798716
0.0068000304
0.008336661
0.008864573
0.14508468
0.25672382
0.050173596
0.05994193
0.08575084
0.0034310545
0.017776942
0.0067476095
0.025563573
0.010271621
0.08270319
0.07708093
0.010335194
0.27177042
0.26959777
0.24692093
0.04798912
0.02981628
0.08495621
0.020573514
0.003989471
0.0035042628
0.011393095
0.008370256
0.054479428
0.04630219
0.015913751
0.097102776
0.17639877
0.30346242
0.13895318
0.4464599
0.48505196
0.2586997
0.08572539
0.10600874
0.07270727
0.22880009
0.1555878
0.31666675
0.15212855
0.10679931
0.13344075
0.008131785
0.0024289477
0.004163756
0.0012942213
0.002482619
0.005866328
0.003284581
0.0023105314
0.0011956658
0.0021693758
0.001061724
0.0006254208
0.0009261152
0.0011512423
0.0017044782
0.0014545751
0.0013420108
0.0007792547
0.0009900484
0.0012479876
0.0010116344
0.00069035986
0.00089776475
0.00095294684
0.00036371624
0.00062848866
0.0007536565
0.0010972562
0.0011240719
0.00076245045
0.003575855
0.0008482585
