1
0.9983071
0.99806005
0.998393
0.997718
0.99715245
0.9977848
0.99800295
0.99826616
0.9970995
0.99871147
0.99838805
0.997433
0.9981958
0.9982608
0.99803215
0.9981084
0.99819106
0.9975491
0.99752754
0.99678564
0.99668497
0.9975356
0.99585223
0.99645907
0.99577254
0.9965759
0.996197
0.99597245
0.9961337
0.9952663
0.99558806
0.9950859
0.9934956
0.9901211
0.99059427
0.9809523
0.9845872
0.9802735
0.9759169
0.96964866
0.9805691
0.97627026
0.981008
0.9837413
0.9802537
0.97331005
0.9522708
0.96595484
0.95060015
0.9596487
0.96777153
0.95267326
0.95456374
0.9433443
0.92114425
0.9434974
0.9160162
0.9278916
0.95603776
0.9455899
0.9382195
0.9432812
0.96208215
0.9625813
0.96894526
0.9665518
0.9645069
0.9527983
0.93925864
0.9051844
0.87047905
0.8516031
0.87749535
0.8314165
0.8170016
0.8210494
0.7610039
0.77998567
0.837655
0.9012081
0.8943603
0.9107876
0.92190033
0.9346407
0.9581973
0.93844384
0.9439837
0.9470252
0.9388797
0.90321934
0.90165746
0.9267074
0.92000747
0.9277798
0.95997727
0.9213081
0.9415302
0.936292
0.9466807
0.95125455
0.9485076
0.9446069
0.9517774
0.9273885
0.9528049
0.9657754
0.9674873
0.9565605
0.9240684
0.9187107
0.92279804
0.9013098
0.91159993
0.9146441
0.92673177
0.9388701
0.95471925
0.9495581
0.94014865
0.95505184
0.9439875
0.96509683
0.96112996
0.967473
0.9687035
0.9536469
0.96080756
0.96506494
0.9818076
0.97945786
0.9878633
0.9754523
0.96335065
0.96270466
0.9153594
0.87045074
0.8804843
0.8137067
0.92015743
0.86624855
0.8980876
0.89432716
0.8849449
0.86079204
0.8782079
0.85931593
0.8638411
0.91815555
0.8934433
0.84147686
0.8384021
0.9170586
0.84849906
0.9265797
0.9063201
0.9372756
0.9236208
0.90730685
0.9526568
0.9209117
0.9093201
0.9031624
0.88667727
0.8960661
0.8734068
0.8535718
0.8798994
0.9502572
0.8992747
0.93444663
0.9287296
0.9490491
0.91321933
0.916641
0.95206493
0.8917894
0.8403493
0.8767459
0.9094689
0.88432443
0.86465526
0.8889915
0.9248069
0.8207742
0.91882724
0.78735936
0.7543084
0.817861
0.88413364
0.8326909
0.7330327
0.8896675
0.8233175
0.7452986
0.7864561
0.73668665
0.8043222
0.67935044
0.72082126
0.8541687
0.7630385
0.58031774
0.47224063
0.62244296
0.5231791
0.54908013
0.82274455
0.8331663
0.6618015
0.384826
0.082311146
0.5230836
0.82892627
0.77212334
0.589634
0.75021154
0.67280585
0.68320185
0.7330565
0.7209267
0.8207654
0.7621987
0.8837411
0.93124795
0.9404536
0.89963764
0.81596327
0.65676457
0.5783361
0.6853994
0.7963459
0.82307845
0.775311
0.8281991
0.69328934
0.76117986
0.8290988
0.7313442
0.61574614
0.71872705
0.8281668
0.619656
0.6140238
0.55967915
0.45271713
0.4844041
0.42382294
0.30107394
0.3734297
0.45280468
0.41130844
0.51747537
0.348201
0.3077021
0.34949696
0.53441226
0.34286985
0.3332849
0.34414276
0.30209115
0.29062992
0.36292344
0.6668085
0.78864455
0.7500416
0.67085916
0.72139627
0.7681339
0.7818901
0.40411454
0.4809056
0.52553445
0.5683479
0.67855424
0.6322519
0.49732402
0.3598261
0.5121934
0.48316455
0.5066634
0.2877573
0.2551608
0.25297505
0.22952914
0.5115273
0.52391547
0.56310034
0.4557314
0.5406615
0.56899476
0.58877516
0.5857795
0.54139256
0.44502708
0.41034147
0.3772459
0.44090948
0.46085662
0.6220039
0.641277
0.712376
0.8222703
0.6624529
0.74996656
0.77601296
0.81175804
0.8632583
0.73319036
0.6938091
0.75252765
0.6723714
0.50217336
0.56354445
0.4912541
0.49341863
0.5446437
0.6897279
0.71984977
0.7314217
0.6306528
0.74933773
0.7850602
0.8197611
0.82605755
0.85920763
0.87046295
0.89957356
0.86195195
0.89247805
0.8954028
0.92335886
0.9049231
0.9022339
0.9097349
0.9638864
0.94046086
0.946262
0.86459136
0.7249162
0.5544877
0.91739506
0.83012104
0.8795266
0.8357616
0.86140925
0.9084463
0.8492836
0.69922346
0.79965293
0.72331285
0.81043184
0.83464503
0.87251663
0.9034971
0.89071614
0.8031166
0.771868
0.7215257
0.75029373
0.7253278
0.6005431
0.6437307
0.6074391
0.50243914
0.72925997
0.80658877
0.80840665
0.81947434
0.848207
0.7965698
0.78205496
0.86432344
0.8532548
0.7435657
0.7610055
0.6821744
0.6719416
0.8753553
0.8310549
0.8484846
0.8583196
0.8647777
0.8994458
0.9294312
0.9113241
0.9297546
0.9192354
0.9099372
0.8884236
0.9131805
0.89938366
0.8918605
0.90413296
0.9306477
0.87878203
0.83484834
0.85391027
0.80553174
0.8578406
0.9114655
0.908297
0.90094686
0.93241876
0.927605
0.9156098
0.9209839
0.87559
0.9024045
0.9045987
0.89263785
0.90335006
0.89125794
0.87251675
0.8938939
0.90799
0.9042895
0.9177114
0.950135
0.94891375
0.9311425
0.8812461
0.94704604
0.94731545
0.93716383
0.96314394
0.9472377
0.9519667
0.9414141
0.9628242
0.9662628
0.969661
0.96408635
0.96703255
0.96185666
0.9730716
0.9692404
0.9598107
0.95588744
0.93204486
0.928572
0.8953904
0.81984586
0.8560457
0.8011393
0.8523274
0.86574847
0.8491349
0.8922897
0.8438819
0.8694882
0.9001381
0.80292016
0.87274957
0.8395353
0.87337476
0.76196647
0.794944
0.75761575
0.7854139
0.7425927
0.77315164
0.77931434
0.70662016
0.62227225
0.62550724
0.610095
0.38831913
0.43210986
0.53853434
0.4528035
0.36593318
0.5267273
0.47454476
0.65820134
0.7452779
0.768611
0.7618226
0.8824843
0.9088279
0.8937162
0.8615547
0.8184528
0.7772659
0.7403039
0.7734619
0.7833617
0.75255805
0.7600513
0.8138686
0.8419331
0.89628935
0.87463003
0.8757926
0.9125814
0.8829712
0.8824363
0.89566886
0.8554047
0.8587347
0.9212772
0.91808593
0.9169348
0.91513973
0.9072909
0.9170211
0.9187539
0.8239499
0.7960415
0.811258
0.8020396
0.8517988
0.8463107
0.7777889
0.81093466
0.8131041
0.82296944
0.8542884
0.87309647
0.8858581
0.91297084
0.90296924
0.8807923
0.87471193
0.8866169
0.8960459
0.9261788
0.85569155
0.89170426
0.8659722
0.8743249
0.89626735
0.8795975
0.88099056
0.91564035
0.915732
0.9054641
0.8326872
0.90280807
0.8766808
0.91833264
0.89528924
0.908599
0.9234645
0.89453924
0.91983235
0.93805707
0.9526069
0.9443559
0.92896473
0.93066835
0.9017948
0.9346226
0.8951768
0.881989
0.88209194
0.89282143
0.89529204
0.9166254
0.91314894
0.9283777
0.9241831
0.9361252
0.94132763
0.92489415
0.9381755
0.93654287
0.9184872
0.9327213
0.93739223
0.87866825
0.8335541
0.8925862
0.9194428
0.93075013
0.9137772
0.9076974
0.91140133
0.937914
0.93028253
0.93950707
0.9084773
0.92382455
0.91810936
0.8805326
0.8023279
0.8026093
0.76717687
0.59919333
0.6026687
0.64734524
0.6399459
0.610611
0.5789267
0.6139535
0.61595225
0.64576066
0.6958145
0.66584677
0.5696842
0.45402712
0.6285813
0.51619244
0.7091512
0.66921526
0.58152354
0.5900803
0.59299064
0.6563461
0.5996642
0.59036
0.51083267
0.26918232
0.36427596
0.34498137
0.41569802
0.4796115
0.52564883
0.55684817
0.5257629
0.574005
0.4864377
0.5512129
0.510575
0.51342
0.5334682
0.62089515
0.6124153
0.66381764
0.840053
0.6685357
0.66642386
0.84309745
0.86434346
0.86042774
0.74674314
0.78540754
0.81808347
0.89171135
0.8225165
0.7643475
0.81865215
0.69108874
0.70792234
0.54990673
0.48208764
0.40649286
0.36525527
0.3832595
0.17734748
0.33585492
0.3413999
0.17583582
0.55591536
0.71425706
0.8005334
0.78842604
0.8417276
0.7806013
0.7297493
0.71910185
0.61445296
0.6546687
0.67428845
0.6457185
0.72247416
0.625966
0.50241095
0.62975115
0.63630456
0.45165053
0.6079995
0.4368201
0.585735
0.71069765
0.61148286
0.663514
0.55550843
0.5275744
0.60000855
0.4684213
0.5596886
0.61253536
0.5044152
0.4617751
0.59488887
0.51231354
0.54573464
0.5695402
0.5691319
0.5386254
0.66540116
0.5616687
0.5849981
0.67643416
0.5923195
0.52666867
0.5315688
0.42068228
0.38843587
0.35853696
0.3864303
0.54641
0.51528275
0.5502465
0.52607524
0.67466336
0.6549878
0.5597962
0.72546256
0.8050717
0.7216932
0.8148979
0.83698004
0.85083055
0.8867978
0.8466321
0.8880227
0.89228237
0.8935968
0.8921511
0.89686626
0.93273044
0.9276164
0.93430966
0.9333645
0.93740684
0.9019321
0.87355745
0.9082225
0.8945885
0.90958464
0.92370677
0.9252081
0.92256695
0.9338882
0.9588159
0.939746
0.8933084
0.83898866
0.9088235
0.870318
0.81848836
0.77197635
0.8106907
0.8777502
0.8607155
0.76428187
0.7414571
0.6110738
0.6209142
0.62263256
0.5713386
0.6858878
0.5003014
0.45781013
0.57900083
0.6389414
0.7985954
0.75396365
0.80352354
0.87686896
0.8718817
0.90019566
0.94411826
0.8875487
0.89685774
0.8039668
0.85599875
0.8920732
0.92169195
0.877598
0.8720817
0.7070557
0.7518705
0.8174557
0.8082632
0.87371165
0.89159346
0.8390245
0.7608294
0.67058825
0.48506343
0.3715621
0.4277115
0.39718923
0.1536205
0.4155022
0.52434665
0.53048515
0.6449556
0.49514896
0.6636787
0.50592506
0.57029283
0.66042423
0.6936835
0.71015733
0.7872319
0.8226245
0.8936091
0.82580656
0.8550531
0.85555065
0.84354246
0.8266339
0.76622957
0.69088715
0.7942713
0.81203884
0.7456522
0.7250935
0.666374
0.4475039
0.5145596
0.17046572
0.07557811
0.08517329
0.070963606
0.04273951
0.02308114
0.03773988
0.14523357
0.06365378
0.087707266
0.07018666
0.037946355
0.04376236
0.029594552
0.044887364
0.032992132
0.9447339
0.96583885
0.95731163
0.9614637
0.9748071
0.9850861
0.98076916
0.98048604
0.9812664
0.9808601
0.9820225
0.98163444
0.9816389
0.98673546
0.9859028
0.9772764
0.9855967
0.9791629
0.9799234
0.97598153
0.96754676
0.93593884
0.9621547
0.9558331
0.97089076
0.9767581
0.9738072
0.9847936
0.975268
0.98442626
0.98643214
0.9937973
0.9824107
0.9844534
0.98005956
0.9874142
0.9782551
0.98237556
0.97836816
0.9578042
0.9596662
0.9672668
0.94384795
0.93907166
0.9228325
0.92970866
0.9234433
0.9134183
0.8714799
0.8860827
0.8632063
0.85045016
0.872478
0.89356667
0.8211335
0.7709035
0.84690684
0.80093414
0.7582414
0.726586
0.599128
0.70105886
0.76975596
0.66266614
0.59978557
0.58193123
0.5679299
0.46000388
0.52533597
0.50780606
0.4705589
0.48254383
0.70956105
0.7912164
0.8010272
0.72322154
0.37575132
0.29931256
0.67901933
0.4403145
0.53729945
0.471734
0.4827338
0.57443726
0.6595226
0.6493138
0.4285106
0.43026665
0.5028501
0.38098612
0.34545007
0.56545925
0.7844404
0.89233047
0.8385164
0.895898
0.90337056
0.86086696
0.8601584
0.76666725
0.8169322
0.76476395
0.83266395
0.72636604
0.75406337
0.7681154
0.8459709
0.9067796
0.92651063
0.8916461
0.9067636
0.90217304
0.8878244
0.8885163
0.58958834
0.67499673
0.77953875
0.89001286
0.7981006
0.79112023
0.7471567
0.6994379
0.7423947
0.6777607
0.6504717
0.79362655
0.61332095
0.7855752
0.85208774
0.83309925
0.7827886
0.8402866
0.8792502
0.9492215
0.954509
0.9626028
0.9427683
0.93489945
0.95059735
0.96549994
0.95771277
0.9350672
0.91983026
0.91061616
0.89230394
0.90434134
0.8850937
0.83987343
0.82141054
0.79328907
0.77069515
0.7787571
0.76309985
0.6773094
0.6783269
0.7510783
0.79693764
0.8007599
0.8733594
0.8364575
0.8862707
0.88186365
0.8591386
0.8426672
0.8191967
0.81007385
0.79180175
0.6931278
0.6566238
0.5942117
0.5294239
0.5328833
0.6123756
0.6116505
0.5884903
0.55936664
0.6141144
0.7547631
0.67132044
0.79394126
0.8725218
0.8615048
0.8573092
0.8529246
0.8818772
0.812938
0.8380016
0.8613241
0.8333101
0.8920203
0.8910064
0.83455133
0.8393288
0.862165
0.9232941
0.8556752
0.90307134
0.9242744
0.9308028
0.7793941
0.8776953
0.93795025
0.9534868
0.9763064
0.9766035
0.9695841
0.9782733
0.9671318
0.973166
0.9671318
0.9678621
0.969949
0.9729633
0.9749272
0.90556216
0.81772155
0.6902261
0.63547415
0.73103464
0.6776363
0.73367774
0.7696915
0.8692593
0.9026728
0.9339133
0.9507278
0.937741
0.94944817
0.9131227
0.94601953
0.91712916
0.89252985
0.87976944
0.9068941
0.90167665
0.90298164
0.8167662
0.7984997
0.7417455
0.67529094
0.66477084
0.75477916
0.8108867
0.86109763
0.8970457
0.7908384
0.88957185
0.903775
0.8669243
0.8428304
0.76639956
0.74583375
0.61066335
0.62006074
0.6325466
0.45059723
0.4718935
0.69776016
0.61109656
0.6531097
0.7150175
0.8494588
0.8552194
0.8922631
0.9072004
0.89641535
0.87483734
0.79028076
0.83221895
0.83932704
0.8975098
0.8815277
0.9352868
0.9373994
0.9493202
0.906439
0.91031754
0.8960706
0.8775039
0.8724987
0.8652746
0.8780319
0.8896938
0.91706055
0.87735844
0.90712845
0.8873202
0.87139094
0.8120472
0.8306728
0.8643974
0.83845264
0.8795715
0.82165164
0.857001
0.9221229
0.8319364
0.81985354
0.868979
0.7826844
0.87575185
0.8773029
0.8577941
0.92667645
0.8979335
0.90030634
0.86984366
0.882923
0.87874085
0.84924203
0.720367
0.7341017
0.8271125
0.85175836
0.88392293
0.8550507
0.7216323
0.79819643
0.77930355
0.79601467
0.77725154
0.77158934
0.7739341
0.6805438
0.7439218
0.5853127
0.6090422
0.6711924
0.43735683
0.48891944
0.6875134
0.5083883
0.62060976
0.582662
0.5528601
0.52755696
0.5363043
0.46949792
0.4961293
0.5152225
0.64780617
0.5899728
0.49443004
0.34063283
0.34989503
0.392726
0.28659984
0.25485238
0.26542118
0.23921499
0.2521734
0.25342348
0.31631455
0.42466772
0.46122503
0.34120578
0.42483464
0.514591
0.48213652
0.4755096
0.5977733
0.5758925
0.48687512
0.44834867
0.43407032
0.4485129
0.49084136
0.36986798
0.63527566
0.58258456
0.505642
0.47583517
0.5979092
0.61078465
0.63423353
0.7404307
0.7566879
0.7571995
0.7571073
0.77006954
0.7371604
0.721072
0.77988875
0.7794494
0.73505837
0.7354997
0.82294106
0.87666076
0.87863463
0.8685366
0.8393325
0.7389935
0.67187583
0.6898998
0.7227192
0.7164552
0.77215576
0.5947782
0.5925492
0.55988747
0.496256
0.5576326
0.5414518
0.52725863
0.64435965
0.6550067
0.60654557
0.63002676
0.63229334
0.46790096
0.5143049
0.49512687
0.4022325
0.35057494
0.5650917
0.28727463
0.3722558
0.59648085
0.78819185
0.862965
0.861729
0.7665477
0.582955
0.5793135
0.4973073
0.38714078
0.5086306
0.60259134
0.6195404
0.6618929
0.606212
0.49890262
0.5496511
0.5517709
0.65179104
0.73267823
0.756707
0.79909796
0.7683395
0.6699543
0.69733745
0.6065066
0.5129706
0.3004876
0.33118194
0.3833322
0.5696116
0.59596735
0.5251773
0.70416003
0.7176383
0.75677234
0.7614748
0.7805269
0.5848577
0.51421684
0.30745298
0.468077
0.7404616
0.4479979
0.30618998
0.64724386
0.5783445
0.49870697
0.14663112
0.5395546
0.39009076
0.25015083
0.2010551
0.56057566
0.6780398
0.8746218
0.8187847
0.7890435
0.5587413
0.7326343
0.692686
0.7346016
0.81002903
0.84980226
0.87223494
0.73806334
0.6442212
0.7025556
0.60605127
0.44409
0.35993013
0.2768907
0.21058702
0.46905866
0.6520552
0.4154097
0.318308
0.5327911
0.49795195
0.12692395
0.3496981
0.2562532
0.34627253
0.5450524
0.3678581
0.047727462
0.065112315
0.054978177
0.01767931
0.013678389
0.019687114
0.013322953
0.016172117
0.055748884
0.8423125
0.6775719
0.4795481
0.7216956
0.6479855
0.32608724
0.23309807
0.50538594
0.5147094
0.4948045
0.5098327
0.45305407
0.3279143
0.3873496
0.17218496
0.23992936
0.1869175
0.22785035
0.20499903
0.1483566
0.18099584
0.23664477
0.20459147
0.18408565
0.15920821
0.20874709
0.21124178
0.20562735
0.24830078
0.25343096
0.24045298
0.25897628
0.17089354
0.19377491
0.19990091
0.29811084
0.30790868
0.2578644
0.08418579
0.22834897
0.21819633
0.1877036
0.120597854
0.1487633
0.2852767
0.21213716
0.24775316
0.09943126
0.1963307
0.2454729
0.17210329
0.27080953
0.26090863
0.18074816
0.16008262
0.10742659
0.18133189
0.1532898
0.2602534
0.26438302
0.23850499
0.33547044
0.50315005
0.4806353
0.5187376
0.5757427
0.46902782
0.60295707
0.5954705
0.5551452
0.47888502
0.5195487
0.62700987
0.61191136
0.6516193
0.6710384
0.63815343
0.7338063
0.7360449
0.80654776
0.80488884
0.75826716
0.7007101
0.7014698
0.68035537
0.78808045
0.69791424
0.7532428
