1
0.99999535
0.9999856
0.9999732
0.99997056
0.9999653
0.9999801
0.9999211
0.9999354
0.9999455
0.9999094
0.9998857
0.99989307
0.9999291
0.9998529
0.9999107
0.99996233
0.9999684
0.9999894
0.9999865
0.99999285
0.9999887
0.9999863
0.9999864
0.99997914
0.9999243
0.9999801
0.9999697
0.9999566
0.999864
0.999071
0.9998122
0.9998179
0.99963045
0.9996604
0.9996561
0.9995116
0.9996414
0.9997191
0.99924386
0.99940073
0.99923146
0.99928904
0.99966276
0.9996462
0.9998914
0.99940085
0.9996669
0.9997098
0.99970454
0.9993032
0.9991854
0.99927026
0.9979165
0.99864393
0.99935037
0.99941206
0.9992362
0.9987931
0.9971763
0.9949344
0.99844366
0.9994512
0.9930299
0.99392927
0.9975043
0.9968996
0.995846
0.9974094
0.9958895
0.9977175
0.99701095
0.9976476
0.99805367
0.9977871
0.9977991
0.9966191
0.9970714
0.99765044
0.9965844
0.9964051
0.9972366
0.9960531
0.99683964
0.99093693
0.99086213
0.98945427
0.97982156
0.9937143
0.99647516
0.993471
0.9955231
0.99841464
0.9996176
0.9993956
0.99930835
0.99896276
0.99933225
0.9994273
0.99957985
0.99967766
0.9997191
0.9995536
0.99850625
0.9982681
0.9917345
0.9901128
0.992714
0.9949504
0.9944923
0.99641454
0.99287534
0.99588335
0.98526275
0.9893907
0.98236173
0.94584686
0.8682587
0.9382756
0.9330013
0.8939225
0.94109994
0.89553034
0.91496253
0.8372639
0.9078103
0.95735765
0.90545964
0.94206655
0.93164676
0.8863776
0.96834904
0.9490053
0.97313017
0.93589514
0.87571627
0.87423104
0.8652649
0.756863
0.3427932
0.35832074
0.70729053
0.51218605
0.67158896
0.9031473
0.5705483
0.7570304
0.4777395
0.7706927
0.6000914
0.62843436
0.5555804
0.5856783
0.76215446
0.48464593
0.36009094
0.6364983
0.866746
0.63531625
0.7593506
0.9452357
0.88158405
0.5696431
0.51738286
0.3265905
0.16921613
0.18611932
0.43449625
0.77154857
0.69108284
0.9276046
0.9702086
0.8882086
0.95496356
0.963515
0.93396235
0.9410952
0.9429616
0.8555199
0.9041119
0.84099936
0.867365
0.80241513
0.76469773
0.73683566
0.64176273
0.6047628
0.8434901
0.679007
0.7972701
0.69832677
0.91826713
0.9107308
0.83446586
0.8541856
0.8253543
0.8717087
0.8593692
0.8526399
0.89662707
0.8845925
0.90630835
0.82798815
0.91089964
0.9169009
0.9310956
0.8376808
0.729142
0.6911395
0.76669276
0.8480411
0.6458381
0.7936754
0.8719419
0.8919418
0.90738475
0.8952032
0.952423
0.92238456
0.96675396
0.97334075
0.97845787
0.96367633
0.9800142
0.98406106
0.9843896
0.9886686
0.9949392
0.99177176
0.99187684
0.9843701
0.9819774
0.957636
0.97549826
0.9766534
0.96314526
0.96545815
0.97137815
0.9167045
0.93365943
0.92779106
0.88921314
0.90048814
0.8590717
0.8780457
0.680822
0.7986916
0.8089686
0.5957485
0.7315815
0.4660492
0.53957325
0.38203767
0.5658129
0.646158
0.72148937
0.7121516
0.614604
0.5570436
0.6910008
0.70435786
0.63805777
0.4942949
0.5417708
0.81990963
0.7119939
0.7545488
0.5262412
0.5307582
0.2804967
0.24928707
0.20039305
0.22760612
0.31064922
0.16138087
0.22423932
0.22956291
0.30578065
0.33796415
0.26996416
0.19654709
0.26494515
0.27804044
0.20625426
0.37752306
0.13982551
0.20137243
0.23520999
0.409687
0.50252795
0.51838243
0.5808811
0.29115647
0.25157425
0.27976805
0.29378405
0.21159671
0.13326728
0.19593965
0.30532688
0.07034931
0.091094
0.24922825
0.3613776
0.11105731
0.25611332
0.14043409
0.14130971
0.1142694
0.14090164
0.24590941
0.12879172
0.089416236
0.20767254
0.24570599
0.22346722
0.24925667
0.23602961
0.16878451
0.24890524
0.1370935
0.0533236
0.2861
0.3130467
0.25877282
0.2285474
0.27232143
0.24460988
0.16252026
0.22106765
0.4855758
0.3033512
0.30392727
0.27569765
0.5094337
0.50041115
0.60696864
0.8185659
0.88901067
0.7827446
0.7799694
0.90555733
0.7858638
0.5024758
0.58898455
0.3009013
0.081178784
0.09498007
0.008178289
0.007787482
0.008200403
0.0071742595
0.010820143
0.012254105
0.0092613865
0.010980395
0.010122925
0.0019387824
0.0028800454
0.002375122
0.0012898368
0.0002546427
0.0006109387
0.12783061
0.09932764
0.19425465
0.26987955
0.18026821
0.19323526
0.24918962
0.24938312
0.1630704
0.21827084
0.2119102
0.13422331
0.09141795
0.24020302
0.23718251
0.11558841
0.21018913
0.107318565
0.049119633
0.0715222
0.034534555
0.011507368
0.043315507
0.057528377
0.10047198
0.14179759
0.065037236
0.06450836
0.059523042
0.11645291
0.1461214
0.15752012
0.14659213
0.2025285
0.14557582
0.016469311
0.008945138
0.069345176
0.007550853
0.010837678
0.0076206108
0.009867479
0.003912996
0.0054467064
0.0013032599
0.0018545354
0.0033436725
0.0116635
0.04907939
0.102319375
0.09644967
0.048044946
0.08040675
0.10138382
0.14299475
0.11588062
0.17105152
0.05397254
0.03167328
0.09669005
0.011088111
0.017391156
0.028307777
0.02123576
0.7114694
0.6677145
0.6325963
0.56513935
0.5299989
0.5965893
0.7487231
0.77553445
0.6980665
0.4855614
0.6057186
0.8118156
0.7943046
0.6580644
0.6698717
0.54285234
0.55746573
0.5408435
0.55106014
0.6590894
0.7066308
0.6258503
0.73377
0.7235181
0.5573575
0.49611098
0.4769943
0.37119544
0.39242047
0.53448504
0.44187436
0.29072237
0.25528297
0.30161405
0.36831275
0.34898517
0.3203526
0.38007858
0.48349932
0.29740816
0.1803371
0.20322764
0.3456073
0.3056229
0.34390143
0.6028356
0.41209105
0.43352816
0.42175213
0.59529364
0.56424344
0.52480304
0.5559632
0.41236612
0.669173
0.6422969
0.504526
0.622861
0.58638245
0.5127304
0.44946513
0.5182756
0.69902974
0.66891676
0.76490265
0.7007574
0.6370786
0.7761499
0.79578626
0.8170184
0.7250132
0.6906754
0.51311517
0.5060599
0.23773661
0.33331794
0.41135493
0.22402236
0.3500361
0.18516557
0.2514161
0.07057013
0.06101956
0.19226073
0.075296305
0.057420433
0.05204134
0.09909227
0.0585801
0.07177854
0.17408901
0.13777226
0.1654576
0.16840132
0.16862758
0.12676224
0.30250296
0.21825708
0.25302285
0.5063382
0.43994346
0.5290676
0.33706018
0.60878474
0.45797735
0.3777956
0.144557
0.1427488
0.23637474
0.15072916
0.36215183
0.21999635
0.2893802
0.3043541
0.37688684
0.2179482
0.19574225
0.2009777
0.108675696
0.16023524
0.16845706
0.4480532
0.38934243
0.46012607
0.41702035
0.43888518
0.5735388
0.7198572
0.7725567
0.84232056
0.89975846
0.9099291
0.8820809
0.82541496
0.8993771
0.94403625
0.6783782
0.62718666
0.83825946
0.82251716
0.82516706
0.6623639
0.577199
0.58667034
0.5012947
0.2413351
0.18398014
0.110321805
0.071960814
0.14092098
0.14065376
0.38510802
0.17836729
0.097812064
0.52677315
0.6988491
0.6047968
0.5849611
0.4599886
0.48801574
0.5030936
0.6895045
0.6167937
0.6938948
0.5592636
0.30789116
0.31353098
0.2892442
0.4240743
0.4430945
0.67769134
0.7459829
0.8626086
0.80057585
0.8980067
0.94766164
0.822438
0.88727057
0.89920455
0.9217648
0.7098581
0.62845427
0.87457365
0.8469303
0.87341195
0.70512885
0.60805976
0.6863645
0.23814331
0.010274986
0.036880903
0.06023647
0.009019206
0.17172676
0.1965781
0.16963431
0.23085003
0.20118584
0.29255506
0.08878329
0.027810775
0.24723296
0.18873364
0.041639637
0.048997976
0.055032037
0.024350468
0.0062826336
0.004155393
0.005407513
0.007268653
0.0109319175
0.007571105
0.011676148
0.009519351
0.008539844
0.004676741
0.005719944
0.701722
0.48199788
0.5162654
0.39991638
0.2575722
0.4002155
0.23455143
0.31988502
0.60095143
0.6423021
0.7514488
0.4205728
0.47578922
0.53239095
0.44873738
0.635358
0.7064923
0.472302
0.55673796
0.41806787
0.3596017
0.47312853
0.6338518
0.40311083
0.2979534
0.63857377
0.48729032
0.55244523
0.40463036
0.20168795
0.3900591
0.39562365
0.47779715
0.11825642
0.18994743
0.3813622
0.21178699
0.14234738
0.27009144
0.22303359
0.260662
0.28872475
0.4284112
0.34558848
0.38347703
0.40145543
0.39152318
0.2733594
0.32171467
0.40369478
0.25637552
0.29000095
0.25380042
0.23663713
0.18102646
0.16269998
0.37570536
0.26892376
0.19657777
0.16021135
0.04485491
0.030845575
0.045509078
0.055144116
0.09931856
0.10596206
0.100794405
0.05827686
0.090120405
0.037456173
0.06470371
0.04995899
0.04034044
0.07513964
0.07152179
0.07443104
0.059014685
0.07250437
0.07503927
0.12689205
0.05924091
0.06623514
0.08292551
0.091527686
0.08677583
0.093725376
0.04832553
0.07795387
0.11904172
0.10497899
0.123692505
0.13330275
0.074219756
0.19506091
0.39164335
0.37224254
0.268774
0.59908617
0.25279978
0.14426796
0.07702036
0.30694547
0.27616268
0.58944154
0.70040494
0.7551561
0.7739895
0.6066417
0.35732484
0.30681145
0.33087152
0.5490507
0.6613188
0.5003351
0.69835603
0.69370687
0.6984993
0.69053644
0.40242872
0.5538049
0.6628965
0.67401797
0.38767573
0.41522634
0.41145343
0.68118185
0.40393773
0.44537598
0.4576652
0.32641375
0.24649504
0.33170035
0.31774145
0.3872936
0.6603806
0.66096085
0.6656712
0.6596108
0.6538925
0.5474106
0.5378126
0.34994823
0.31976348
0.37105703
0.4659145
0.54194987
0.3555297
0.32927626
0.4322224
0.16814841
0.3214513
0.33915654
0.4660804
0.3902545
0.39804882
0.59168214
0.502479
0.39610323
0.30489144
0.091052026
0.56321675
0.14594732
0.29201013
0.30462605
0.34299168
0.23065892
0.35531437
0.20680879
0.21302415
0.32561755
0.3058002
0.28690946
0.408677
0.2593947
0.1907402
0.18335177
0.2813889
0.45498824
0.27061966
0.2976649
0.31886193
0.19880365
0.31866875
0.19777438
0.30967367
0.19607762
0.29921108
0.1779155
0.133194
0.093437985
0.28996468
0.5031538
0.29800555
0.16809168
0.27460173
0.060008764
0.14728615
0.20435226
0.27997887
0.13829069
0.4212717
0.25272068
0.19772309
0.11531247
0.18138014
0.24970444
0.11608941
0.10898538
0.11633077
0.14130339
0.22611131
0.27282923
0.5298496
0.436759
0.29799244
0.51965195
0.3766318
0.51668394
0.3250385
0.2283094
0.31371227
0.2302153
0.20512477
0.07918037
0.17262396
0.21261746
0.15982124
0.24178112
0.20868315
0.056144007
0.09656455
0.0870277
0.35156843
0.13864446
0.15159154
0.20247662
0.13701275
0.09775044
0.18007131
0.4647599
0.543682
0.3778112
0.4671598
0.17061372
0.33764055
0.3310704
0.08219907
0.10718815
0.11941875
0.17609951
0.089063205
0.12983857
0.054487884
0.10462823
0.09941097
0.32727417
0.66970694
0.21927972
0.35972482
0.24049126
0.1085213
0.11806498
0.16984123
0.13889523
0.34977168
0.47671148
0.3623326
0.24815215
0.19291449
0.28892478
0.20806095
0.23863094
0.34205338
0.24668586
0.14293519
0.33845592
0.31556603
0.439187
0.2628833
0.38012764
0.32365093
0.43620896
0.41102523
0.37271944
0.39540094
0.48164994
0.35516706
0.562809
0.3591398
0.25365207
0.31912786
0.109284535
0.11262983
0.05772528
0.054320853
0.11806646
0.34241462
0.28994194
0.3392161
0.543891
0.24728079
0.5998053
0.23396362
0.50985515
0.5673315
0.32942182
0.36954147
0.15073353
0.42938727
0.31822544
0.34884137
0.4276013
0.63865906
0.5357435
0.44443166
0.29817736
0.13000876
0.2701504
0.13395894
0.25511423
0.2490499
0.19831662
0.4296983
0.11284858
0.33963853
0.20268863
0.16854969
0.13700977
0.11951909
0.2924449
0.16872333
0.34356096
0.13749751
0.32880393
0.32497844
0.17315897
0.3440659
0.20890386
0.420328
0.550144
0.42938462
0.61246514
0.52822715
0.59654665
0.5453216
0.48843715
0.46122125
0.6655996
0.47089118
0.5317455
0.5757703
0.28955138
0.3837395
0.45477995
0.445848
0.41423568
0.47563773
0.41401345
0.40911996
0.44268277
0.5647842
0.58614886
0.62795687
0.3527504
0.53102905
0.7215512
0.6687891
0.6253299
0.6358085
0.6808152
0.6235092
0.674083
0.6622868
0.6728765
0.6103547
0.40174296
0.47707504
0.6848475
0.56863743
0.6354884
0.6638519
0.62250125
0.6382741
0.40389037
0.56098783
0.6138641
0.5869222
0.6131684
0.5908114
0.6508465
0.6060351
0.631413
0.5177179
0.57811284
0.6097053
0.65174425
0.63290894
0.6642573
0.6471327
0.47683415
0.52194566
0.47718123
0.5658467
0.53481394
0.68890816
0.6870383
0.57144916
0.67911035
0.65658927
0.6081296
0.3111843
0.30735806
0.4089933
0.5397512
0.7209283
0.6939523
0.5533039
0.55837363
0.7687196
0.67878544
0.78974754
0.6810265
0.47240233
0.61701703
0.34740764
0.4041594
0.24741119
0.34915912
0.32166842
0.23450366
0.2190037
0.42102703
0.28567216
0.27654475
0.3772875
0.38154864
0.39946663
0.49443746
0.1455563
0.4493975
0.560828
0.35905296
0.28848168
0.15079594
0.35210857
0.23320018
0.30222067
0.34081808
0.25908297
0.39224556
0.25299072
0.36984232
0.20662703
0.24599496
0.40051097
0.508896
0.5280938
0.38892522
0.3708559
0.23260693
0.29250947
0.48605818
0.5080063
0.43020543
0.4479665
0.44236794
0.49300778
0.2012432
0.39670402
0.38584659
0.47205263
0.3977079
0.35106367
0.34288728
0.39951319
0.34131962
0.23675317
0.3993383
0.31941295
0.24699764
0.46257454
0.4280946
0.40319875
0.66629016
0.61846817
0.57324797
0.5976079
0.5985399
0.4906832
0.55691725
0.5163096
0.493671
0.29543686
0.5062029
0.4623261
0.5345419
0.5217531
0.6604029
0.46907964
0.4243712
0.48754168
0.4749235
0.43902105
0.4955607
0.4572381
0.46977893
0.5997192
0.5308345
0.43372777
0.4675925
0.40496287
0.3420648
0.433871
0.6880174
0.6755387
0.32010344
0.4413414
0.62268543
0.5788066
0.646999
0.6194693
0.6271484
0.6461055
0.5835852
0.65718603
0.5479492
0.4075578
0.49806592
0.5297193
0.3978563
0.33880794
0.38558245
0.7391197
0.6164379
0.5578768
0.33919343
0.18011713
0.17384152
0.21493849
0.40012088
0.250099
0.26951465
0.45505777
0.24023618
0.35000113
0.18628389
0.42152777
0.43573627
0.49950418
0.44345006
0.42453793
0.5962855
0.62158614
0.38226995
0.5450468
0.45950383
0.41179794
0.2898876
0.34155327
0.5503471
0.479989
0.45537752
0.4493352
0.35066265
0.35648426
0.3127427
0.53459275
0.38008565
0.5125382
0.5384124
0.5696318
0.5301119
0.57061535
0.47480956
0.58293384
0.567153
0.4855195
0.49951035
0.36611184
0.5285751
0.51002604
0.6062146
0.53402895
0.5368973
0.53292084
0.60587955
0.6818788
0.5559229
0.53050524
0.46235657
0.4767265
0.5222368
0.6045671
0.6251825
0.6263374
0.69780374
0.70363307
0.55385655
0.52382433
0.67242885
0.6812515
0.6341252
0.4502299
0.5744992
0.69552726
0.5941927
0.45974994
0.51489
0.5118787
0.6445514
0.5973463
0.51994985
0.52610165
0.55242944
0.5330952
0.4493119
0.50018656
0.42871013
0.450628
0.5738403
0.48308933
0.4810389
0.5207508
0.57033855
0.48278508
0.38326854
0.42946923
0.32861757
0.48139945
0.40234393
0.42279902
0.4400705
0.5137807
0.49550724
0.5295281
0.54400206
0.45277318
0.50244844
0.54746866
0.45213962
0.39995387
0.5381614
0.41242227
0.37891757
0.43707263
0.44785818
0.4978556
0.43798047
0.43481448
0.47262856
0.36754954
0.4360266
0.4937222
0.45457515
0.5372209
0.40795755
0.43524346
0.57585603
0.6313642
0.5999431
0.70516354
0.7245441
0.71626055
0.7555309
0.7176757
0.75012547
0.77022684
0.69045264
0.6162358
0.69460464
0.68345547
0.7573458
0.71393216
0.7302884
0.5408633
0.6200681
0.68892395
0.7312018
0.6921511
0.6808501
0.62717795
0.7557727
0.73982704
0.74795806
0.67526525
0.46027488
0.40186387
0.51548964
0.56140757
0.6100314
0.45796773
0.44366205
0.3972394
0.39105126
0.5158533
0.55734503
0.7076261
0.73740745
0.75619733
0.6508996
0.90200686
0.8335864
0.75208527
0.79163784
0.7097009
0.7990939
0.82483006
0.7913155
0.6213407
0.6707939
0.68708634
0.7954521
0.6878259
0.79675347
0.8398697
0.7898317
0.6480246
0.70144963
0.6506768
0.5468566
0.4313313
0.4097155
0.5449527
0.37238383
0.530016
0.58146006
0.7009115
0.5685972
0.68460876
0.6450616
0.61404204
0.38681465
0.46218356
0.42652857
0.71023315
0.4633135
0.638817
0.57258755
0.5588138
0.5125829
0.50513077
0.46869886
0.47288683
0.6078398
0.54306346
0.4915327
0.4316849
0.55861735
0.5570938
0.5022651
0.6814291
0.47670728
0.7314243
0.42325982
0.7102259
0.60241634
0.62485063
0.8127993
0.76829374
0.16028364
0.3267347
0.5733718
0.4269496
0.68479973
0.65988654
0.59706426
0.5925259
0.4911868
0.49463615
0.42050245
0.36694345
0.26371554
0.3306598
0.42399365
0.4284469
0.38336882
0.37476727
0.25641665
0.24921294
0.14463419
0.28086337
0.25017703
0.35673726
0.25688466
0.17984484
0.1567506
0.27803022
0.26979288
0.19884239
0.26135558
0.28165907
0.2907042
0.23872802
0.24028811
0.29769576
0.21576427
0.22340424
0.59351474
0.65415144
0.5141044
0.7117862
0.5279865
0.6407628
0.62866133
0.64146686
0.46479282
0.16520716
0.12635809
0.43273345
0.2068877
0.47905633
0.6905979
0.75471425
0.63970244
0.7537129
0.67232585
0.5320126
0.6435177
0.55909306
0.65648186
0.7739695
0.61795354
0.63985944
0.7087173
0.7051663
0.7201639
0.6319123
0.74110824
0.50639063
0.24478352
0.608706
0.66661483
0.7785688
0.7310785
0.68932927
0.2765013
0.44797093
0.37806848
0.74132
0.4674026
0.24375428
0.4302529
0.50608134
0.5980726
0.5450793
0.6328378
0.4578219
0.2760978
0.31987834
0.3990153
0.58551913
0.5556745
0.56477916
0.72855246
0.7360717
0.53431034
0.68373877
0.702862
0.7733315
0.7504374
0.5626319
0.4694325
0.5351355
0.44032088
0.5621191
0.6706547
0.7401658
0.49840707
0.60854274
0.54825985
0.51235914
0.6738865
0.51123875
0.45263335
0.49687982
0.5314674
0.50061834
0.4612438
0.54366845
0.7423546
0.6897302
0.6823017
0.7900198
0.66836745
0.51538885
0.6061604
0.4511116
0.53520226
0.6530135
0.69248813
0.64840174
0.65472734
0.65876126
0.66703135
0.65833694
0.480937
0.57980144
0.669829
0.49574846
0.5440087
0.54868096
0.5677303
0.5056168
0.61857367
0.5153911
0.6061078
0.41409868
0.41694734
0.5246914
0.36309466
0.5779972
0.59342134
0.6482369
0.5514071
0.67036337
0.5575991
0.6226848
0.68781173
0.6880057
0.6677957
0.6811709
0.650657
0.66305745
0.70832235
0.70492727
0.63561684
0.59671843
0.53518826
0.62794197
0.67580146
0.6378024
0.5880626
0.52607596
0.59747267
0.5928546
0.6366711
0.6184893
0.66866416
0.6982604
0.5535395
0.72930866
0.632132
0.74336934
0.52224576
0.52949214
0.703522
0.6139555
0.58512133
0.6201193
0.7118751
0.6013501
0.65259415
0.6736431
0.7820672
0.7718165
0.6677551
0.7306432
0.7919528
0.73645705
0.7866793
0.7702124
0.7610888
0.71174586
0.64862156
0.5297971
0.69468355
0.62120736
0.6956174
0.84554815
0.43971685
0.6571396
0.63682437
0.62493706
0.70682585
0.7309327
0.7939933
0.7848147
0.75225234
0.8597448
0.8076928
0.8450099
0.7730532
0.70710164
0.8402431
0.757504
0.7600086
0.7964786
0.80741996
0.82566667
0.76349896
0.7783739
0.77064335
0.7501625
0.77923805
0.7340506
0.6906462
0.68224657
