1
0.9992654
0.9995969
0.99942195
0.9994006
0.9995684
0.99951637
0.9994394
0.9992933
0.99913436
0.99890816
0.998941
0.99951243
0.9991278
0.9989994
0.9987
0.99857354
0.998016
0.9981414
0.9983627
0.99598384
0.9975279
0.99554175
0.99740714
0.9926651
0.99594057
0.99470466
0.99294245
0.9954139
0.99663866
0.99529254
0.9952247
0.99266243
0.9938112
0.99485344
0.99359
0.99499726
0.9942849
0.9938949
0.9912129
0.99379987
0.9912175
0.99015325
0.9898481
0.988513
0.99098396
0.9902125
0.99121386
0.9895705
0.9893534
0.9879951
0.9870057
0.98694116
0.986384
0.99604493
0.990464
0.9907362
0.99197024
0.99024135
0.99000216
0.99118525
0.9927867
0.99316484
0.9884926
0.99025226
0.9902261
0.9873985
0.9893796
0.99031407
0.9883194
0.98469466
0.9869861
0.98596674
0.985463
0.9861385
0.9818284
0.9831003
0.9893797
0.9868868
0.98640674
0.9868053
0.9907885
0.9915615
0.9908743
0.9932863
0.9916433
0.992388
0.992384
0.993256
0.9965622
0.99572265
0.99466515
0.9925932
0.9935302
0.9949018
0.9929183
0.9948043
0.99539524
0.9953616
0.9925609
0.99295396
0.99352187
0.9927418
0.9944922
0.9939043
0.99480397
0.9923005
0.99308276
0.99546283
0.9951415
0.9959843
0.9958205
0.99561465
0.9961946
0.99636877
0.99743795
0.99606687
0.996635
0.9952964
0.99733365
0.9957087
0.99200374
0.99510044
0.99455523
0.98981464
0.98703593
0.9828479
0.980185
0.9763417
0.9732396
0.9598675
0.9734883
0.9768206
0.98812824
0.9799304
0.9672368
0.9800688
0.9860612
0.98321944
0.9871116
0.98490924
0.99160224
0.98690444
0.9805171
0.9882516
0.98597777
0.95875394
0.96887267
0.9494937
0.9749715
0.94729894
0.93763095
0.90136814
0.8320574
0.8127325
0.8217312
0.89507717
0.8846878
0.8904968
0.8825504
0.9060645
0.8874891
0.9429712
0.91511667
0.92436004
0.9509048
0.9306918
0.896037
0.844617
0.85865325
0.9415622
0.9456994
0.9452721
0.82811224
0.7954703
0.7401787
0.7023113
0.6436363
0.7842196
0.84864867
0.94424367
0.9463127
0.81973404
0.74900913
0.77358836
0.8897706
0.91920644
0.8040564
0.87258345
0.8388716
0.8751287
0.8912196
0.9122266
0.82361585
0.87109107
0.9261144
0.83558017
0.8104847
0.9034984
0.8097485
0.867631
0.8622581
0.83645284
0.8072648
0.85467833
0.818935
0.87699795
0.85300636
0.8383207
0.8084593
0.7474154
0.78031415
0.8768006
0.8114052
0.7501363
0.79413754
0.8572507
0.80290747
0.8117192
0.9033173
0.87091047
0.83568
0.8777295
0.88873494
0.86722505
0.84856826
0.9192589
0.90346426
0.92644495
0.9461829
0.95507747
0.94494843
0.900299
0.91672176
0.83168024
0.76436764
0.85863376
0.7959979
0.7686107
0.61658776
0.67019886
0.8239024
0.66644955
0.64012027
0.7385906
0.78803927
0.7390594
0.78975475
0.8479745
0.8722695
0.8529801
0.8829506
0.82710785
0.69715255
0.7613599
0.770282
0.80338234
0.78757507
0.7833034
0.83822155
0.8599146
0.84743446
0.8230906
0.8403153
0.8416315
0.8166336
0.77194166
0.80159926
0.80278665
0.8350248
0.8108509
0.7933455
0.80356
0.8148303
0.76528233
0.7877591
0.74826556
0.70353025
0.793532
0.9294012
0.9646824
0.98097044
0.984869
0.9782015
0.9543904
0.95478386
0.96929204
0.9625792
0.9656464
0.9476713
0.95075655
0.92846245
0.9282661
0.94030356
0.9375364
0.93687516
0.90615946
0.7161842
0.75213
0.83621246
0.42193517
0.62024647
0.67211217
0.6454128
0.7352159
0.8980848
0.9347456
0.92300195
0.9090626
0.941952
0.95339924
0.97419804
0.9913986
0.99042577
0.96937513
0.9573495
0.96637714
0.95274836
0.9512207
0.96933115
0.96452844
0.9617011
0.97176343
0.97303504
0.9739787
0.96914387
0.96761
0.9704955
0.95378643
0.94807357
0.9515918
0.8961742
0.88776284
0.8997206
0.90311205
0.9215262
0.9386958
0.9383855
0.93388003
0.9406928
0.929992
0.9329162
0.90533787
0.8874091
0.89442086
0.9066656
0.87072116
0.848011
0.83765614
0.77900547
0.8524776
0.8200035
0.9042944
0.87194556
0.8609854
0.87888217
0.91146666
0.912173
0.90280807
0.91966635
0.90894914
0.9028468
0.8775904
0.875275
0.8904937
0.89191115
0.9220072
0.8962923
0.92753655
0.943994
0.95187974
0.9359342
0.9528007
0.9288922
0.9630616
0.9730988
0.9609971
0.923836
0.9341013
0.92215836
0.93330073
0.95583177
0.9413147
0.9025252
0.9217253
0.9087895
0.9341437
0.9720671
0.9694662
0.9765346
0.9810004
0.9583474
0.95545715
0.9253879
0.9212406
0.9252947
0.9256786
0.93897045
0.93443346
0.9262641
0.9491813
0.9600631
0.9362025
0.95778877
0.9429142
0.9365591
0.8443769
0.8027513
0.8746571
0.8799519
0.8660013
0.93236375
0.86939156
0.8438751
0.90039265
0.7176607
0.7884293
0.76916575
0.82353693
0.88302255
0.8812913
0.8723137
0.9178621
0.9045124
0.9205406
0.8860169
0.90709895
0.8422417
0.8454989
0.75285673
0.76075166
0.8057014
0.88335735
0.87172204
0.7688375
0.8000682
0.5663052
0.67573047
0.60755044
0.7194944
0.64921516
0.65428615
0.6315522
0.66675997
0.7547191
0.6571829
0.7215404
0.5616091
0.5981332
0.5314103
0.5517018
0.67273635
0.7021971
0.71309286
0.6716014
0.7237443
0.7022928
0.6668732
0.6608703
0.59057975
0.5422228
0.7538194
0.7851774
0.81118196
0.8566938
0.8919641
0.9377993
0.86880577
0.88622934
0.9241354
0.9545325
0.9460283
0.9522527
0.92655
0.9155293
0.9471733
0.9542803
0.9276474
0.93170184
0.9359787
0.84912354
0.9097717
0.8752272
0.8890716
0.91212934
0.9034441
0.8852428
0.9110587
0.94719744
0.94144213
0.9395736
0.94144034
0.9372292
0.95883566
0.9455426
0.92798686
0.86936724
0.82448864
0.8649376
0.80562985
0.83791596
0.7241218
0.7478284
0.80501205
0.9121697
0.88740766
0.9034165
0.8669183
0.9102499
0.92218554
0.9349975
0.9602441
0.9692812
0.89944154
0.8832524
0.8797187
0.8726904
0.7717274
0.76028836
0.7321884
0.79564905
0.86026657
0.9200067
0.9670716
0.95443875
0.9557439
0.92994946
0.92209923
0.9170082
0.91937226
0.90742785
0.9074114
0.92841077
0.9421657
0.92151123
0.9469329
0.9287146
0.8890166
0.8709979
0.9209029
0.8855262
0.88537973
0.9329681
0.9112463
0.9020939
0.95275223
0.9708572
0.9356111
0.9514899
0.9536501
0.9495376
0.94309074
0.94335943
0.94756496
0.9714595
0.937597
0.9501829
0.931612
0.91525203
0.8742389
0.8270941
0.8589251
0.8032659
0.8425091
0.7203057
0.60755503
0.63141453
0.53878874
0.7072973
0.8736943
0.86752486
0.90147585
0.9412003
0.94482434
0.9303534
0.8906373
0.8925745
0.88956255
0.9307112
0.90817547
0.91417205
0.90317285
0.9356025
0.884846
0.9104484
0.88619554
0.88566726
0.86378604
0.83468485
0.87601453
0.82898027
0.8323513
0.8237102
0.8058534
0.85660416
0.8173534
0.78884196
0.7663634
0.8288777
0.90823543
0.654751
0.7210038
0.59034353
0.7470064
0.7313844
0.8380128
0.7171714
0.7144835
0.77386725
0.8473444
0.87799233
0.90774494
0.75869524
0.7191896
0.7931321
0.85564303
0.8630593
0.8618366
0.78912747
0.83931804
0.8176527
0.8402255
0.74104697
0.8175569
0.76821244
0.86567104
0.8294162
0.8719548
0.88582915
0.7625417
0.831105
0.8209288
0.8607671
0.8656079
0.8833206
0.8304561
0.7475725
0.79491806
0.7843949
0.7950023
0.8360618
0.8742737
0.891546
0.8825651
0.9089007
0.9392216
0.95633703
0.93553424
0.82926995
0.8774178
0.8391532
0.9048366
0.9376916
0.9346124
0.95775795
0.9414925
0.92265177
0.9402538
0.92441624
0.9103936
0.9284057
0.9273656
0.93270034
0.8639702
0.88315827
0.90684235
0.85092056
0.88738024
0.906568
0.9150195
0.8869759
0.92198515
0.8248805
0.8221834
0.8523352
0.8923272
0.8924755
0.87554693
0.88256073
0.89247215
0.88992316
0.8949201
0.9009927
0.88968974
0.8858947
0.915039
0.9716854
0.8698102
0.8858947
0.94500625
0.92205596
0.9150857
0.94830966
0.9267028
0.7777907
0.8336226
0.87771714
0.87667364
0.81563616
0.83930665
0.8403732
0.84226227
0.8501453
0.8910726
0.87651426
0.9101711
0.9144014
0.91278535
0.9246481
0.9175169
0.9105209
0.89158493
0.91910905
0.9056034
0.9391886
0.93156
0.89075154
0.8593267
0.93106914
0.90871143
0.8951172
0.93444675
0.9275198
0.9196905
0.93581516
0.91084564
0.92900926
0.91529787
0.90972954
0.9343717
0.9141272
0.90972954
0.94431514
0.91789305
0.91888535
0.9389529
0.942468
0.9434806
0.9449569
0.94199014
0.9502253
0.92588687
0.9493435
0.9568121
0.9310841
0.91350377
0.9341163
0.90590286
0.951527
0.9163112
0.9187626
0.93635285
0.9357912
0.92798895
0.9184699
0.8896769
0.95157033
0.93611133
0.892926
0.8682958
0.89422256
0.8948501
0.89878833
0.90416044
0.88831234
0.8042405
0.84235793
0.8973675
0.9064332
0.94517857
0.9426258
0.918816
0.8736544
0.9287697
0.8869078
0.85882014
0.93908703
0.9623838
0.7186865
0.70450115
0.7869266
0.79641205
0.9553077
0.9819635
0.7854329
0.6782306
0.7664753
0.85527575
0.8237917
0.79662925
0.7922683
0.7858632
0.8801463
0.7553848
0.72241825
0.68555886
0.7659852
0.8140712
0.70112944
0.80572826
0.8809138
0.80664206
0.8268636
0.8738958
0.75632864
0.81325185
0.7572295
0.72013974
0.7798556
0.72658813
0.7716674
0.792178
0.68704826
0.6674468
0.6705919
0.74700695
0.7514281
0.77726525
0.7237886
0.71032673
0.75792694
0.712327
0.7829494
0.7487503
0.5249842
0.8512489
0.7679759
0.83000106
0.83521694
0.8604398
0.87943053
0.7970322
0.8709463
0.86080414
0.74128
0.8750884
0.7647424
0.5339385
0.56443703
0.6391716
0.83999294
0.9696193
0.9370899
0.913608
0.8205469
0.8236942
0.7288559
0.58393323
0.27164665
0.57537794
0.796609
0.76378137
0.71269643
0.6049954
0.8064805
0.6657099
0.74308634
0.69929045
0.77225876
0.71412784
0.68485844
0.6349006
0.8099453
0.71828306
0.67615515
0.6546494
0.6749021
0.69300884
0.7157327
0.69492394
0.7384174
0.8270343
0.7761213
0.78448224
0.6005708
0.75777304
0.6222997
0.7629163
0.64322895
0.6610402
0.65989244
0.6260748
0.75188774
0.77894336
0.75026727
0.7064201
0.661511
0.6979768
0.55959654
0.7281104
0.6860342
0.68548405
0.70101416
0.6749949
0.6901791
0.68701583
0.73003554
0.6927431
0.7373939
0.7587315
0.60326374
0.708153
0.70599276
0.6493224
0.74579895
0.7379906
0.7377537
0.728186
0.7081067
0.6476781
0.7911079
0.6923444
0.7160565
0.64110494
0.74253815
0.7303631
0.71497786
0.6680162
0.6011192
0.55977285
0.579117
0.6091423
0.67464393
0.67645484
0.63326776
0.6832872
0.56573015
0.5902152
0.6761899
0.65716887
0.68393767
0.66818094
0.8196516
0.80302256
0.8230742
0.84092206
0.7042249
0.7566591
0.7888729
0.7719454
0.7984164
0.75524205
0.75010103
0.835274
0.75998735
0.8220705
0.75771207
0.79134935
0.65551335
0.6218637
0.7080219
0.7209143
0.6112125
0.61455524
0.6858612
0.5848046
0.6036462
0.72919285
0.7582538
0.7249244
0.6376455
0.7510317
0.7243438
0.7217939
0.74366045
0.77158505
0.77268666
0.7047844
0.7540381
0.684599
0.79231894
0.94352424
0.88827235
0.8906253
0.8687505
0.88854814
0.8972731
0.89748317
0.85540205
0.8001889
0.77236277
0.66744906
0.68104756
0.8626472
0.9693216
0.96181536
0.9471151
0.9158044
0.9057194
0.86245704
0.9050957
0.89355093
0.92561334
0.88062984
0.8574299
0.8378847
0.7360923
0.82146156
0.84919775
0.85484004
0.8595294
0.88382447
0.84487504
0.8199482
0.8560565
0.79212755
0.75591123
0.8025206
0.7598241
0.7308123
0.82170033
0.85263056
0.84810907
0.8051044
0.84617907
0.8533862
0.86046433
0.8722347
0.79551476
0.82001543
0.7841446
0.8296948
0.802821
0.80646074
0.8112382
0.81235784
0.833099
0.82735485
0.8445424
0.8174895
0.8197832
0.8323285
0.8111605
0.81918496
0.8417756
0.8419324
0.8662108
0.81718385
0.7997512
0.60961294
0.76756674
0.5076591
0.57696384
0.5723966
0.57682
0.73073465
0.74558806
0.73260903
0.7708215
0.7277696
0.66823566
0.78767323
0.7247745
0.7271253
0.5827271
0.6536233
0.7094521
0.7253826
0.73804915
0.67432624
0.7441141
0.70882297
0.6786546
0.6761765
0.7249174
0.75345534
0.7631473
0.7956053
0.9459838
0.97581905
0.93008614
0.92986625
0.91141826
0.9374197
0.91361904
0.8829359
0.89862436
0.895669
0.8766198
0.857882
0.95652896
0.919814
0.8523278
0.82490134
0.8173263
0.8301334
0.8123568
0.7814574
0.7822108
0.808553
0.838798
0.8203706
0.81871396
0.84402066
0.81012744
0.7739718
0.8037182
0.850506
0.81466925
0.79864174
0.7688606
0.79531336
0.82919604
0.81399995
0.8258419
0.79631203
0.8407541
0.84055436
0.83883464
0.77935994
0.7654186
0.8104946
0.79168737
0.8322224
0.8445849
0.78225267
0.82707113
0.81230617
0.8272852
0.820715
0.8674737
0.8639334
0.8538103
0.8386675
0.86568946
0.87662834
0.850216
0.8753079
0.8381775
0.8142465
0.84829754
0.83417326
0.9202308
0.82021296
0.83349776
0.88670576
0.95258486
0.95824087
0.8837161
0.8203033
0.863215
0.90767235
0.93623483
0.92456174
0.92468363
0.8770292
0.9151512
0.8997983
0.9047556
0.8873999
0.9059874
0.85400844
0.8685534
0.7785809
0.83708787
0.9254273
0.94415355
0.892746
0.8820329
0.8986508
0.9250576
0.83292055
0.8558336
0.814646
0.8722208
0.6954006
0.81792694
0.7791188
0.89257765
0.9120674
0.84526145
0.8691769
0.8951045
0.932237
0.9511741
0.89654994
0.84175414
0.81895345
0.87155855
0.85686964
0.8661224
0.90781194
0.9414226
0.94335693
0.9570742
0.94732046
0.9468558
0.8967839
0.95018744
0.9486405
0.9526923
0.93680185
0.9043157
0.9147406
0.9274772
0.881896
0.916578
0.942504
0.94215894
0.9338073
0.8823938
0.8896015
0.925753
0.92092216
0.91030073
0.9108505
0.8892203
0.9037756
0.8801653
0.9056959
0.91404545
0.92923236
0.8992102
0.91635114
0.85624534
0.90669626
0.889835
0.9583249
0.9375052
0.91695625
0.93672997
0.92350286
0.9343029
0.9314618
0.95869255
0.9574005
0.90551144
0.9206441
0.95124424
0.9216064
0.903
0.9034162
0.97725475
0.9528967
0.8763064
0.86165637
0.81847537
0.84326077
0.84966636
0.8806296
0.8826423
0.91720456
0.9350572
0.834016
0.91366065
0.9104117
0.9278269
0.91755337
0.8996918
0.8897245
0.8345061
0.8841454
0.88456374
0.8842993
0.86219215
0.7976734
0.86814886
0.85984504
0.8507367
0.9139282
0.9125831
0.9389138
0.8866887
0.8847813
0.85513157
0.8495298
0.85931736
0.8916938
0.92073625
0.8969787
0.91660106
0.8894307
0.9046136
0.89055955
0.85587454
0.88447094
0.8489463
0.83831906
0.8839705
0.94251055
0.9205191
0.9476897
0.9625338
0.93892884
0.92160875
0.89884496
0.9387959
0.9183408
0.9152959
0.9529166
0.9410937
0.9190848
0.9331796
0.9088032
0.9309091
0.9300937
0.9348299
0.9522196
0.9195227
0.9474062
0.95345646
0.9246812
0.93410236
0.92237675
0.9117541
0.9283081
0.95537794
0.942491
0.9269714
0.9295218
0.94369864
0.9342834
0.9305554
0.925
0.938003
0.93639076
0.9363655
0.931099
0.9272229
0.9369886
0.92828614
0.9175721
0.9088601
0.90022063
0.92856324
0.924772
0.9132752
0.9141669
0.93139905
0.92264396
0.94569373
0.91869855
0.93912584
0.919735
0.9222032
0.937175
0.9350796
0.9475305
0.8395125
0.8810227
0.8910703
0.9357879
0.9227559
0.92148614
0.9394182
0.950657
0.9525765
0.935318
0.9523688
0.91382295
0.9306169
0.9170254
0.89002997
0.87448376
0.8471647
0.79739594
0.9069845
0.9005852
0.88782686
0.9080935
0.8875687
0.8861843
0.92050153
0.92656446
0.8827036
0.9153236
0.931562
0.91696453
0.8706013
0.90887094
0.92281234
0.90411776
0.8670439
0.8937447
0.8972568
0.87729657
0.8948563
0.9159704
0.9086905
0.9118163
0.88158154
0.85409105
0.88757294
0.87793434
0.87974703
0.8242023
0.8165924
0.9053521
0.9194176
0.9283227
0.8923538
0.9158706
0.87356174
0.8814254
0.9033419
0.9382393
0.9287588
0.93904394
0.8968879
0.9505453
0.94536465
0.9257334
0.8946037
0.91283035
0.89110833
0.8477318
0.89464545
0.898834
0.90413976
0.9060883
0.85552776
0.8994536
0.8304913
0.88022095
0.8980564
0.9545907
0.90234673
0.8992104
0.8289501
0.8933049
0.9242745
0.8982913
0.9444474
0.93220574
0.88449156
0.93082374
0.94127786
0.9246856
0.86180437
0.9118933
0.91851264
0.83981687
0.85700655
0.88869035
0.80590075
0.7974188
0.8657253
0.8876694
0.5217094
0.6337731
0.46327847
0.77467364
0.9242419
0.97826004
0.97506386
0.96280676
0.8969795
0.8405392
0.82543516
0.71071804
0.72048235
0.87329715
0.76572543
0.91888726
0.92512846
0.9460881
0.97300255
0.8901799
0.94380873
0.9453511
0.9432061
0.96331084
0.9493474
0.93277234
0.9045483
0.9116556
0.9292894
0.9208369
0.90723795
0.9164983
0.90119416
0.91763407
0.8968705
0.8897408
0.8824106
0.8975613
0.86252433
0.84361815
0.81922466
0.86277103
0.88580227
0.8239111
0.83382946
