1
0.99961215
0.999246
0.99924254
0.9993253
0.9991961
0.9988938
0.9992405
0.9993686
0.9992378
0.9991436
0.9985195
0.9993123
0.9991352
0.9990318
0.99865437
0.9988568
0.99932265
0.9988701
0.9994011
0.9992606
0.9979417
0.9990645
0.9990847
0.99888724
0.9991973
0.9993599
0.9989667
0.9994234
0.99943095
0.9991721
0.9990189
0.99853504
0.99902415
0.9991804
0.99911445
0.9995322
0.9993893
0.999466
0.9987042
0.9985623
0.9986363
0.99925977
0.9991198
0.99951553
0.999141
0.9987458
0.9984775
0.99930644
0.99952126
0.9994087
0.9991605
0.999432
0.9990619
0.9990169
0.99795365
0.9988236
0.99789643
0.99863976
0.9984603
0.998237
0.9957775
0.9966036
0.995471
0.9949538
0.99561536
0.9958402
0.9973224
0.9986528
0.99774855
0.9984623
0.9989035
0.9986745
0.998602
0.9984017
0.9978569
0.9976624
0.997945
0.99755543
0.9958931
0.9977457
0.9984635
0.9976113
0.99705434
0.996527
0.99617743
0.9976482
0.9970137
0.99797815
0.99808013
0.9978713
0.9958677
0.9877835
0.99464273
0.99051017
0.9740408
0.9805313
0.97990316
0.983622
0.9878427
0.98984396
0.98517215
0.98302275
0.978864
0.99157274
0.98315847
0.9917219
0.9951355
0.9902277
0.9895783
0.9798467
0.99072266
0.9917448
0.9921789
0.99026453
0.9937169
0.9973296
0.9965527
0.9977865
0.9959258
0.991871
0.9883173
0.98891795
0.99288976
0.9971265
0.9951159
0.9951172
0.9875438
0.9913325
0.99215406
0.9829076
0.9849936
0.98924035
0.98861516
0.99109846
0.99486226
0.99308723
0.99463236
0.99553996
0.9930716
0.99172944
0.9765885
0.9755182
0.9586128
0.89786875
0.92042387
0.94460297
0.9536958
0.9598421
0.9707362
0.97750103
0.9875923
0.9898162
0.98412794
0.9765678
0.9800782
0.97754776
0.9833936
0.9950814
0.98525476
0.99156296
0.99062777
0.9825037
0.9753969
0.9323061
0.95968604
0.91874665
0.92559487
0.8762792
0.9360422
0.91719145
0.9574353
0.8576494
0.87747645
0.8121966
0.8273852
0.880563
0.9038684
0.9143925
0.92669725
0.92660934
0.91388094
0.95502347
0.96023387
0.9755892
0.9748799
0.95969963
0.9467096
0.9710655
0.9883482
0.98657376
0.9819403
0.9572391
0.94978374
0.92285925
0.9419259
0.96239
0.9656051
0.97648245
0.936369
0.9617256
0.95088625
0.95780474
0.9671182
0.97347224
0.9765862
0.968251
0.9601175
0.92879677
0.9025028
0.90570587
0.90915304
0.93040717
0.9297424
0.9416572
0.9443267
0.93419826
0.90444756
0.89491975
0.8784973
0.860558
0.8875294
0.8171185
0.8600921
0.83659464
0.8129739
0.8873444
0.8102143
0.87537515
0.7938353
0.80561405
0.771879
0.7682715
0.69282204
0.6881165
0.61535156
0.6453941
0.7569368
0.7324033
0.7584309
0.73755336
0.7848158
0.8037224
0.77883667
0.7338257
0.7565135
0.8317189
0.787003
0.7489922
0.7414581
0.8547552
0.894997
0.90641844
0.93573624
0.87017417
0.9292185
0.93611294
0.90732795
0.89084613
0.90614665
0.92407715
0.87851125
0.8335655
0.8351449
0.88004154
0.8043655
0.75239867
0.7046572
0.6293764
0.70541316
0.66148525
0.7807695
0.5920817
0.6257658
0.5169535
0.48115617
0.48719797
0.46831027
0.3883931
0.44641837
0.4026249
0.33679286
0.3702796
0.28229132
0.34368882
0.32648683
0.29829785
0.27812356
0.21590243
0.22365294
0.27429566
0.14724605
0.23487401
0.17224807
0.18559796
0.41571277
0.52456516
0.6676698
0.7179161
0.5404204
0.7038372
0.40918177
0.26712957
0.14820682
0.19488482
0.16187525
0.10593012
0.07565135
0.1469577
0.19560276
0.2617218
0.2695306
0.468397
0.5129904
0.45424166
0.32682276
0.55896205
0.5377881
0.35992217
0.37878713
0.32508132
0.29559228
0.27337244
0.35470012
0.36983958
0.46475518
0.47293055
0.4265272
0.6080381
0.33627796
0.45081222
0.69405866
0.6979826
0.72116685
0.68280685
0.63985205
0.5612992
0.684685
0.6899324
0.64053726
0.6867292
0.7362328
0.5864565
0.59005266
0.78748274
0.77800256
0.885952
0.6467903
0.70114905
0.5445282
0.6867608
0.69848645
0.68147093
0.602946
0.65133786
0.5156404
0.51968825
0.62492204
0.6031182
0.6805094
0.7044804
0.70066875
0.666468
0.4068817
0.38348302
0.366466
0.4210259
0.45273426
0.15647171
0.27726337
0.20744382
0.1955394
0.2988133
0.26157677
0.26306123
0.26111808
0.34075525
0.30652565
0.26443276
0.19179693
0.20254943
0.18552592
0.8562937
0.97917455
0.9576935
0.9569565
0.9447865
0.8457045
0.80393434
0.9081279
0.9441712
0.8766671
0.9074295
0.8745651
0.91939723
0.83827746
0.80114526
0.90624267
0.93322986
0.8516291
0.87780315
0.8933646
0.8749568
0.9200634
0.8978743
0.9470991
0.9252356
0.8490743
0.8892918
0.9223654
0.93459576
0.9098596
0.8996913
0.8365772
0.9002763
0.9046133
0.93403393
0.88546795
0.9178538
0.92142016
0.9279753
0.94441324
0.9427357
0.9503084
0.95731765
0.93356425
0.9210244
0.8454305
0.91080225
0.8086177
0.9080887
0.8881142
0.8957937
0.8322115
0.7798567
0.8172621
0.8861646
0.8659665
0.8764883
0.9363316
0.9070056
0.9099386
0.8578279
0.84949934
0.916519
0.9029675
0.9298345
0.9078183
0.88022375
0.89906144
0.90721864
0.92212945
0.91794086
0.92122674
0.92068404
0.9423549
0.9303138
0.9009185
0.91152126
0.8755513
0.86654305
0.83492595
0.91105676
0.8148524
0.8235264
0.83151174
0.8478355
0.8767998
0.79997224
0.84015465
0.8114586
0.8702467
0.85320663
0.8637763
0.8657097
0.88700026
0.9246708
0.6971571
0.89755327
0.8769559
0.855922
0.72136164
0.83075136
0.87437093
0.85314703
0.76994014
0.74706656
0.69201386
0.5272332
0.63735354
0.51890236
0.5521088
0.57285196
0.56707823
0.58396506
0.5434171
0.67491823
0.5952639
0.51560444
0.58341986
0.5201322
0.42779493
0.54703903
0.60079926
0.4937763
0.65929735
0.6315261
0.5504924
0.38701755
0.36163977
0.47605553
0.4793859
0.48213947
0.4143412
0.56634164
0.69396347
0.7018989
0.7690462
0.68707585
0.74225926
0.78247327
0.74993366
0.79551446
0.76531494
0.7106372
0.6381783
0.73310965
0.65849733
0.5924748
0.69700843
0.5868565
0.53017044
0.6423191
0.3870134
0.6249281
0.54462373
0.60731953
0.54516816
0.48981792
0.5000642
0.5138189
0.4572567
0.5617019
0.47360095
0.5163124
0.34724075
0.273055
0.47032347
0.30673975
0.4120198
0.40749714
0.61126184
0.5795571
0.47004977
0.642792
0.62528545
0.39794675
0.5974535
0.5464
0.65303785
0.5808169
0.5114995
0.39263391
0.59068316
0.523845
0.5635461
0.73624027
0.46347153
0.5728562
0.6351518
0.6803504
0.66457754
0.58001447
0.55563116
0.79537344
0.77037317
0.6580179
0.66816175
0.5455178
0.42257956
0.553864
0.62443894
0.60820395
0.6846588
0.68548715
0.7036936
0.69128406
0.6606744
0.62738943
0.8163456
0.73100954
0.5428859
0.54984283
0.60961753
0.70228815
0.5129295
0.5778723
0.3548255
0.4191611
0.17961004
0.74512964
0.5571101
0.7518374
0.7125549
0.7183839
0.6873172
0.74741024
0.6960344
0.72328657
0.7130577
0.6869474
0.60183406
0.5992773
0.262992
0.4561106
0.27435344
0.5624333
0.47481954
0.5807519
0.4051173
0.5520099
0.52844644
0.4397908
0.5691147
0.53135365
0.6449547
0.44789302
0.41671574
0.4276361
0.38416207
0.46444762
0.34068465
0.49721688
0.50030947
0.48361474
0.5330857
0.5575972
0.48426646
0.44094577
0.33597177
0.3731972
0.34195042
0.28129512
0.28760225
0.2662227
0.33081558
0.2669064
0.27849764
0.32348183
0.3132808
0.37730655
0.43316182
0.4218919
0.4490691
0.38915166
0.35570037
0.4446931
0.40628332
0.34005553
0.346281
0.3839711
0.3417224
0.36916357
0.4569914
0.33838478
0.3599769
0.39087173
0.30083287
0.2841468
0.2511055
0.17468145
0.24848965
0.19073415
0.1814498
0.24298294
0.2898843
0.3512741
0.33617687
0.36651927
0.29905656
0.3798639
0.521723
0.4709538
0.47392523
0.39111394
0.41359168
0.37413454
0.3667929
0.41544226
0.4407893
0.6373969
0.5507354
0.511319
0.5188332
0.49065363
0.5146651
0.5500052
0.44690266
0.51621926
0.5436555
0.5673845
0.53323793
0.5333935
0.56457585
0.6100638
0.5948199
0.55035114
0.49794
0.54273397
0.5689751
0.5482002
0.5252471
0.6001261
0.46320182
0.47702554
0.3369804
0.37048516
0.50753623
0.33721417
0.4546548
0.45560953
0.36621824
0.40841594
0.39087448
0.5031399
0.43471286
0.4580206
0.55684346
0.5936641
0.57849526
0.5765472
0.52291167
0.5905352
0.5933859
0.5324536
0.51987064
0.60614675
0.5609911
0.49703765
0.5311647
0.5357711
0.4504962
0.5530042
0.5684241
0.62685806
0.71386075
0.60474324
0.704167
0.62626135
0.7219441
0.75102717
0.6986278
0.68505925
0.7056169
0.7666209
0.7890957
0.7429155
0.69095474
0.71140337
0.71909124
0.6974827
0.7513305
0.72090816
0.69731843
0.7481889
0.66758275
0.53911126
0.59343493
0.5177761
0.48790377
0.39109996
0.49912453
0.2855944
0.35852352
0.36931622
0.26116076
0.39830366
0.52504563
0.47356185
0.38163272
0.37830853
0.31589124
0.24558948
0.29296458
0.32699132
0.35883766
0.18635097
0.1784767
0.16205834
0.20968987
0.20708993
0.32352147
0.2884985
0.4026335
0.27008867
0.3988363
0.3735171
0.31423348
0.34996083
0.42263684
0.41777006
0.42153582
0.40240014
0.4279512
0.44698673
0.5867662
0.4467908
0.5579883
0.5429493
0.47598982
0.6948274
0.7295348
0.7163088
0.6423249
0.6421828
0.6813596
0.5987364
0.6255369
0.59070784
0.5805262
0.668756
0.60573184
0.68244106
0.688559
0.6140001
0.5223949
0.7008643
0.45983022
0.64914
0.54226357
0.5339603
0.5749848
0.56438744
0.6271102
0.6551267
0.5154743
0.6741208
0.6702283
0.6684837
0.7452535
0.73016554
0.6000444
0.650052
0.6103964
0.761385
0.7961819
0.834739
0.88234663
0.75910884
0.69909537
0.79957205
0.63853335
0.6528722
0.63466406
0.5659274
0.45510477
0.47437188
0.6722169
0.8242839
0.82052135
0.8417905
0.770544
0.7776931
0.8491482
0.8548634
0.8151683
0.7809126
0.80826753
0.87532693
0.8707619
0.91971034
0.92459047
0.9238274
0.90345836
0.84340703
0.7979014
0.79259205
0.77634084
0.881271
0.8962222
0.9261468
0.94861746
0.91179955
0.9056732
0.8516793
0.8185089
0.83166116
0.8526289
0.81548434
0.81076497
0.75995094
0.82891285
0.72338694
0.70564765
0.8012969
0.80014294
0.70794123
0.7622011
0.77704805
0.679035
0.6465644
0.8185944
0.7233474
0.70565915
0.8339849
0.71774465
0.69345814
0.7399575
0.61726344
0.6236863
0.61126405
0.6645368
0.6670871
0.76372516
0.7758137
0.7705814
0.6780513
0.7788054
0.7493769
0.6247086
0.69965047
0.7325162
0.7607652
0.74385035
0.7851361
0.7089202
0.58710635
0.73188704
0.75856984
0.87927103
0.78368324
0.8539567
0.9397177
0.822363
0.9008027
0.85580194
0.845319
0.89715075
0.84285367
0.77048534
0.8285749
0.7762607
0.748409
0.87315136
0.8433655
0.7567512
0.7906172
0.8134228
0.7671296
0.816397
0.7814695
0.7163099
0.7844556
0.8702166
0.7426029
0.75876456
0.7828682
0.72190255
0.7872531
0.7644817
0.7643659
0.7485078
0.6365487
0.7640668
0.7478707
0.63006854
0.646053
0.70995355
0.65794325
0.573984
0.71920353
0.6856316
0.812639
0.7783725
0.71881014
0.72759885
0.80195034
0.7990558
0.84061635
0.8099704
0.8587658
0.65142983
0.81274265
0.8446872
0.83020264
0.79380774
0.7637092
0.7071309
0.72382027
0.73150766
0.7313955
0.74159837
0.85215586
0.863068
0.8855512
0.93550366
0.92481595
0.9407949
0.9607413
0.93870044
0.89015925
0.91861224
0.87708956
0.90598035
0.8949858
0.94549614
0.92942697
0.88925385
0.9395497
0.9258626
0.9391662
0.93616253
0.9415332
0.945699
0.9648668
0.9207003
0.92733544
0.92605364
0.9331635
0.88098425
0.91025865
0.9374258
0.9450479
0.94267505
0.94231236
0.92656624
0.9256976
0.95606154
0.93004173
0.9212096
0.9253076
0.9249016
0.9218672
0.88713545
0.8961244
0.90025467
0.89452
0.8591512
0.8209486
0.93765664
0.88119173
0.9420893
0.9352699
0.86723995
0.9438182
0.9236009
0.87241447
0.9448168
0.878423
0.9307628
0.94408834
0.9044862
0.9172175
0.9044098
0.9250933
0.9158513
0.91093916
0.88314396
0.9272221
0.90432656
0.91468287
0.9026525
0.9509808
0.8813239
0.8728759
0.86982095
0.7983287
0.7936019
0.73248804
0.7203605
0.7106778
0.7648751
0.6425871
0.6597477
0.5653747
0.5503524
0.4938915
0.5341312
0.4827385
0.48225102
0.689104
0.4680648
0.57421637
0.5598486
0.5589264
0.4852026
0.5109799
0.5382742
0.47208792
0.4781561
0.4762477
0.5453694
0.686884
0.55592394
0.58770335
0.5706178
0.50910515
0.6279996
0.63491035
0.6959404
0.6457974
0.6384233
0.60977423
0.7100599
0.6980078
0.70088094
0.70756155
0.820685
0.7317934
0.8253385
0.80782825
0.8112784
0.90457845
0.92033046
0.87148076
0.92975867
0.8952187
0.9287989
0.86215645
0.90043306
0.9045912
0.9579986
0.9733699
0.97617185
0.9823971
0.9770528
0.9621674
0.94355935
0.92188936
0.9546048
0.9483993
0.93258464
0.92578393
0.8324167
0.842622
0.84035057
0.91193634
0.87442267
0.8513852
0.86972195
0.93670833
0.90094
0.89739436
0.87909687
0.851969
0.9065832
0.9371473
0.9493301
0.9528086
0.9595885
0.9745815
0.96294105
0.95243233
0.9688287
0.9115136
0.95821875
0.96470237
0.94036573
0.9609308
0.9604487
0.96342885
0.95774853
0.96209353
0.9589486
0.9665482
0.9535827
0.9487591
0.93127215
0.9586379
0.95144296
0.9436617
0.9135762
0.9147122
0.920443
0.8981585
0.87788516
0.8621563
0.835035
0.76528335
0.79511046
0.8115604
0.835762
0.8193602
0.8615087
0.75540674
0.76335925
0.7938477
0.77335215
0.76250505
0.64291465
0.6236535
0.98811835
0.99525994
0.9941843
0.99284196
0.99401593
0.9883152
0.98949146
0.97824806
0.98183
0.986705
0.9878444
0.9920142
0.9958221
0.9963033
0.99541265
0.98935574
0.982832
0.9889186
0.9857302
0.9818642
0.974774
0.98979247
0.9788302
0.98031384
0.9906661
0.99064237
0.98377246
0.99405175
0.99392855
0.99614006
0.99704725
0.9969398
0.9954997
0.9959487
0.99760675
0.9965835
0.9964754
0.9956571
0.99729806
0.99595624
0.9927731
0.9846532
0.99188614
0.9801876
0.9865834
0.99462306
0.9893812
0.99229676
0.9833092
0.98162985
0.9763781
0.94935787
0.95108944
0.9439834
0.94040644
0.9687167
0.9740104
0.97745967
0.97740513
0.96350867
0.97352695
0.9618216
0.9636334
0.95441973
0.9716439
0.9600455
0.9665392
0.9416811
0.940153
0.9356753
0.93703645
0.9298903
0.9310686
0.9077631
0.96364677
0.912265
0.92834705
0.9453548
0.97235286
0.97997105
0.9711032
0.9811395
0.9381817
0.92910516
0.8946976
0.9192777
0.9262231
0.94008046
0.9506134
0.9277888
0.9394156
0.9197481
0.9266822
0.86668575
0.7463931
0.9000142
0.84030193
0.84385633
0.8456501
0.9135432
0.9672193
0.9376516
0.88470274
0.95426047
0.94261926
0.93472916
0.96687084
0.9804458
0.96942276
0.9597325
0.9691747
0.9332131
0.94080955
0.960861
0.9198176
0.9666972
0.939446
0.98121613
0.9830625
0.97573507
0.98164266
0.9678863
0.96007454
0.9743411
0.98096657
0.97128063
0.99207675
0.99010324
0.98226064
0.9667741
0.93825674
0.94538426
0.93201596
0.9500556
0.8806101
0.8944626
0.8225567
0.8678356
0.81368244
0.8348515
0.8261423
0.8114784
0.850118
0.81324923
0.88225764
0.9350419
0.93482417
0.90131104
0.8601626
0.8947871
0.90080494
0.83563924
0.86988425
0.8679283
0.46850657
0.55392057
0.7842423
0.74585956
0.7475689
0.79601
0.930047
0.67193335
0.59695375
0.68367916
0.70237654
0.7190431
0.79782385
0.75664294
0.5942415
0.8527274
0.74299705
0.72594625
0.74557316
0.6232021
0.5436903
0.8428398
0.911769
0.90956086
0.9607565
0.9451255
0.92306226
0.92725223
0.90802604
0.9235976
0.9350515
0.9228295
0.91117233
0.9095232
0.92308027
0.8367171
0.8092715
0.88695544
0.88810563
0.77951705
0.884874
0.94278246
0.9362343
0.9522667
0.9634513
0.95410764
0.9491927
0.9370639
0.92673224
0.9235305
0.79470146
0.79241127
0.7630313
0.83151245
0.72974813
0.907943
0.92502666
0.8827316
0.93101746
0.88025856
0.91954833
0.934104
0.9155793
0.9292737
0.8862438
0.7977875
0.8961925
0.9117185
0.75388426
0.8677782
0.8660897
0.9342556
0.88960963
0.848445
0.90495044
0.87960756
0.9111202
0.89696246
0.8949733
0.9070848
0.9305581
0.9046738
0.88395476
0.8434123
0.77163714
0.7999529
0.8681567
0.90205526
0.9165111
0.91311616
0.9102491
0.8468202
0.80096424
0.67373264
0.6514933
0.6601673
0.7143603
0.72053295
0.68480533
0.6185067
0.7872066
0.72898436
0.64327
0.8313955
0.7401076
0.7073118
0.7833063
0.7462477
0.8127624
0.6848842
0.6330367
0.62351495
0.71656233
0.637589
0.57140493
0.7424076
0.66781485
0.6581922
0.5744464
0.3182579
0.3000246
0.752607
0.57637
0.7209157
0.62003386
0.6639924
0.6878991
0.7686818
0.69200695
0.315088
0.57952255
0.52978325
0.61038375
0.41769803
0.6360943
0.42155862
0.3294883
0.43370736
0.70403785
0.6563566
0.720443
0.7685756
0.71107155
0.6950423
0.4248792
0.33861947
0.4809273
0.47918552
0.5937097
0.61139804
0.62857515
0.72584814
0.5407344
0.5958238
0.84189194
0.8512487
0.6635621
0.66522294
0.7471345
0.59065676
0.79485023
0.81386656
0.8487367
0.74332047
0.8673223
0.8458932
0.8615859
0.88286805
0.77954084
0.80381286
0.80670166
0.6930197
0.57689184
0.6209135
0.68249494
0.6870153
0.677314
0.6663448
0.70756227
0.5844325
0.68815714
0.66414285
0.6011936
0.649023
0.5707211
0.6415956
0.5637823
0.56535745
0.44188085
0.33374387
0.28586918
0.31808534
0.15911685
0.21321756
0.30918026
0.34498107
0.37113285
0.19754758
0.23389758
0.24252267
0.24227035
0.15365972
0.2778084
0.07687225
0.004014409
0.14679523
0.21591504
0.30684686
0.48687023
0.30033436
0.5948967
0.6875339
0.87516546
0.83481836
0.8400066
0.9388517
0.87338555
0.7364937
0.66875154
0.65702415
0.75101
0.64855903
0.7391674
0.6688833
0.7730772
0.76221126
0.6723192
0.8741066
0.8421992
0.79977286
0.8354485
0.9516653
0.85802674
0.937347
0.9102816
0.81591195
0.8996352
0.7240965
0.28743058
0.53088886
0.5835161
0.34419882
0.258632
0.2218222
0.3389718
0.30625114
0.36617467
0.1492138
0.21947812
0.22644097
0.24373277
0.24527958
0.1801992
0.21294367
0.1988556
0.10490546
0.07789233
0.07679455
0.039806705
0.041722912
0.05606247
0.034695853
0.046966527
0.07494626
0.11760203
0.16339658
0.20434165
0.28476262
0.14578219
0.3150987
0.11550498
0.24804915
0.32924134
0.33013043
0.15835238
0.11407997
0.26752803
0.25368598
0.49584603
0.37311333
0.25235966
0.16870148
0.34165177
0.12259766
0.36717305
0.5534267
0.53150266
0.58411616
0.54263127
0.5570742
0.6452928
0.5770987
0.6597142
0.43009287
0.5651683
0.4591506
0.6005486
0.57393414
0.5941416
0.3987787
0.3570154
0.38058335
0.3836655
0.29105902
0.29427034
0.30441868
0.47241297
0.44252956
0.41558778
0.4908915
0.5357107
0.23969986
0.28590506
0.32937923
0.3969512
0.33111212
0.44722068
0.47682607
0.42111757
0.31055743
0.38953713
0.29766086
0.35289618
0.36312214
0.22081657
0.28270864
0.27704975
0.29722565
0.27270502
0.14834295
0.1670784
0.24380407
0.12440003
0.23136462
0.4328344
0.24964932
0.22578228
0.28870562
0.5118846
0.3629728
0.4104752
0.43490654
0.6627485
0.44123286
0.34400004
0.5104562
0.6656594
0.6116043
0.71351373
0.6123152
0.6276603
0.6114382
0.58361924
0.6659861
0.69836617
0.5698837
0.51740307
0.62067163
0.56788677
0.57437295
0.70246947
0.45210573
0.488493
0.6752144
0.46048442
0.52278614
0.44783822
0.29985163
0.50496435
0.43305242
0.48250237
0.5656613
0.5245874
0.40607348
0.38597536
0.40439937
0.3651422
0.5356527
0.57453084
0.6982245
0.54113567
0.6041663
0.65152377
0.62613606
0.6926968
0.5714009
0.485137
0.4218938
0.41697544
0.43988463
0.517922
0.5586109
0.66919005
0.5560216
0.534564
0.65964895
0.76197577
0.5487979
0.41839194
0.6123352
0.5852204
0.58513844
0.65907377
0.7683732
0.6972885
0.5718513
0.6089999
0.6437329
0.8233072
0.65463704
0.7891775
0.83038336
0.69249886
0.7323899
0.6693532
0.69775033
0.882752
0.8438751
0.8573505
0.9630392
0.84857315
0.8185109
0.9048647
0.93108994
0.8960909
0.7375446
0.8701148
0.81228393
0.83882856
0.8776118
0.88630724
0.8979483
0.8937433
0.9140763
0.8958904
0.87868714
0.8885385
0.9230164
0.8772415
0.911032
0.86677814
0.9037368
0.9152341
0.875353
0.8703887
0.8591134
0.94202846
0.9170255
0.9516462
0.9187101
0.8948008
0.9581688
0.900747
0.87989426
0.92117894
0.75204635
0.8174232
0.7951232
0.6851433
0.66466266
0.62516725
0.7616496
0.7913049
0.75686735
0.84253645
0.7212717
0.74667853
0.6411256
0.82582605
0.70475626
0.5745841
0.7320082
0.7823142
0.73245066
0.732391
0.6655081
0.8068218
0.5924933
0.6738195
0.6341278
0.6461529
0.66383183
0.669362
0.6266152
0.7668544
0.64800906
0.75850546
0.6312472
0.58600503
0.55981994
0.5619063
0.6265603
0.56114
0.55077463
0.7766529
0.6459566
0.69879097
0.7143124
0.76932406
0.76286095
0.7539119
0.5438593
0.6449976
0.50788623
0.54078025
0.57059854
0.52418494
0.58665633
0.5446233
0.5886639
0.44471097
0.6892731
0.5101228
0.7222605
0.6790196
0.74557745
0.75666577
0.7512847
0.66661006
0.6253365
0.7942744
0.7944407
0.76850903
0.80224526
0.5897962
0.7695637
0.74265105
0.7965867
0.7023735
0.7800579
0.83318186
0.7080444
0.7444288
0.7696411
0.79372424
0.8415512
0.8239769
0.8128678
0.87051237
0.9171397
0.8439551
0.90729225
0.92719895
0.93292385
0.96058506
0.9039369
0.93349236
0.927872
0.95360863
0.8959254
0.9531558
0.9104759
0.92483026
0.940994
0.9507633
0.9448215
0.93723863
0.92821133
0.92986345
0.9121999
