1
0.9994566
0.9988845
0.998747
0.9991253
0.9991862
0.99825364
0.9987262
0.99882346
0.9987092
0.9979824
0.9988626
0.99694926
0.99847287
0.9985275
0.9967116
0.99644667
0.9975775
0.9974643
0.9984882
0.99558276
0.9946291
0.99511033
0.99661154
0.9959573
0.9954466
0.99617416
0.99621034
0.99669313
0.99526227
0.9950819
0.99631363
0.9948921
0.9935126
0.9959759
0.99392396
0.99641716
0.99469876
0.99442333
0.9946438
0.9948035
0.9902884
0.9941703
0.99235743
0.9922897
0.99428844
0.9925115
0.99416745
0.9946339
0.99408984
0.9954164
0.99579775
0.99418133
0.99276227
0.99496955
0.9946943
0.9937781
0.9908969
0.9908601
0.9932662
0.98668206
0.9936506
0.9869888
0.9839977
0.98169255
0.98333746
0.9861026
0.9848453
0.9692229
0.97937405
0.98321664
0.9888171
0.99409604
0.99436086
0.9906731
0.983923
0.9729254
0.96892583
0.9772429
0.92789274
0.9737983
0.9191461
0.9661084
0.8849326
0.91973734
0.89669466
0.9200117
0.8701343
0.8091567
0.9050155
0.9220863
0.8553597
0.8243711
0.8767815
0.9116645
0.8994004
0.9068051
0.91960746
0.9129665
0.9330924
0.9249228
0.90836245
0.9191316
0.93704146
0.93755436
0.9514925
0.908023
0.92061156
0.89248705
0.9099443
0.8980754
0.9151667
0.9592452
0.9477566
0.9517552
0.93117136
0.94881684
0.9403864
0.9485992
0.9120406
0.92478335
0.90149873
0.8778001
0.89021415
0.8385507
0.7486228
0.76923996
0.8562877
0.8617055
0.68761826
0.68531877
0.5863556
0.617107
0.58555096
0.53805184
0.6058633
0.6224844
0.66213113
0.82814306
0.8328771
0.906926
0.95749557
0.94440025
0.94663405
0.90751237
0.8979016
0.862645
0.90273315
0.7788751
0.7840209
0.6887718
0.41312695
0.5579402
0.60732055
0.42736644
0.6375049
0.33973333
0.22540426
0.2924798
0.27712464
0.33775845
0.4518711
0.78392184
0.63832694
0.61484194
0.56534755
0.57081825
0.8930604
0.865416
0.89251393
0.83074534
0.85951126
0.8070029
0.75386846
0.6354549
0.58064973
0.59355575
0.6827468
0.6380814
0.5418487
0.59836787
0.5501683
0.41372487
0.27855292
0.4238881
0.524639
0.49640858
0.3971692
0.22740746
0.28109133
0.27197698
0.32841438
0.1740697
0.86972415
0.91003793
0.7263383
0.8108478
0.7431329
0.8222341
0.8820065
0.8336491
0.7988725
0.8318249
0.8629536
0.8847011
0.8022314
0.9406033
0.97395194
0.98624516
0.9749707
0.9445198
0.9851028
0.95913863
0.9273568
0.93151164
0.9137804
0.89835674
0.81870675
0.93921065
0.92706203
0.91006273
0.95204973
0.95387536
0.9516143
0.8483685
0.796307
0.82174766
0.8384421
0.6016126
0.6943049
0.7341997
0.63175595
0.47699562
0.5626763
0.3924403
0.646389
0.8142317
0.8141882
0.8245059
0.8694544
0.86019546
0.93383044
0.8972662
0.8988594
0.9045236
0.8995243
0.91444576
0.91448236
0.9211848
0.93623424
0.90147907
0.91983116
0.8939929
0.8579919
0.8542089
0.83300096
0.8913395
0.8729063
0.92306066
0.93678397
0.95975107
0.9461132
0.94447535
0.94288325
0.9527924
0.9211305
0.8994299
0.8799621
0.9036336
0.874837
0.9205863
0.77161956
0.8705059
0.9195307
0.91692466
0.87072694
0.87435067
0.8892599
0.8356149
0.7057365
0.8130153
0.90514475
0.878339
0.8595583
0.8921113
0.8684023
0.85495204
0.90373427
0.8061433
0.67357635
0.7351876
0.7903593
0.8616146
0.9323719
0.87600154
0.85502505
0.8551815
0.65631884
0.5479601
0.83851475
0.7871237
0.80467755
0.76433635
0.8992077
0.78662807
0.6662651
0.49610767
0.6244314
0.5721126
0.7096252
0.62516975
0.58040786
0.4947453
0.39796215
0.5926674
0.6434305
0.68709
0.46790951
0.6089577
0.59464085
0.57786185
0.48964658
0.5591769
0.4652284
0.5264147
0.41662472
0.637943
0.77115494
0.86518365
0.8822836
0.90024316
0.90379214
0.6319505
0.58567613
0.5795148
0.6856734
0.77601737
0.5045702
0.43249416
0.546907
0.46176144
0.47260413
0.6242737
0.47890887
0.38045356
0.3858765
0.45682135
0.28423294
0.30417746
0.53948694
0.46567658
0.6494946
0.7495372
0.6863315
0.7638583
0.7442252
0.77573556
0.47821212
0.3161023
0.2805085
0.26806805
0.27561474
0.45578238
0.29091823
0.32600743
0.4792361
0.48152897
0.49208185
0.65746707
0.7030565
0.76175034
0.7675898
0.709574
0.57423794
0.46217167
0.3674171
0.30451092
0.11970522
0.20566627
0.15204519
0.2225121
0.4643888
0.37659332
0.24232581
0.052786432
0.011621251
0.108233996
0.03827259
0.04343469
0.03749226
0.16176938
0.34489867
0.23852277
0.22788002
0.21524784
0.71992236
0.59952325
0.67623216
0.66834307
0.82592237
0.904152
0.89078814
0.79719335
0.6201434
0.7927975
0.6566945
0.68710977
0.8896659
0.85857135
0.9278117
0.9067596
0.9537265
0.93845177
0.95180947
0.92031956
0.9548104
0.92834836
0.93614084
0.9575748
0.9375298
0.9384208
0.9146301
0.89842695
0.8981955
0.8932969
0.8372502
0.7420551
0.84634256
0.75494397
0.7681632
0.62088585
0.62806356
0.6142969
0.4858331
0.5107255
0.46577606
0.5318384
0.71604073
0.7363744
0.6850886
0.6841053
0.80764204
0.74373657
0.81056434
0.87893116
0.7952716
0.8192776
0.71728337
0.84854406
0.8549409
0.75348127
0.6657389
0.48388383
0.49701875
0.45983592
0.6322195
0.564245
0.5447306
0.665605
0.6816965
0.7130483
0.7228223
0.6264846
0.51358944
0.4511045
0.54667026
0.5155357
0.4225319
0.30681995
0.32326666
0.44617414
0.3946008
0.43865153
0.45319563
0.65035653
0.6419496
0.67438495
0.76229364
0.5864378
0.64276284
0.6357833
0.5109696
0.6232798
0.7245694
0.71616167
0.62698793
0.43050984
0.41563806
0.41281557
0.33528036
0.25107905
0.35386002
0.33458197
0.38787112
0.47969013
0.32021105
0.38213727
0.40529826
0.354056
0.32803655
0.49039868
0.5787567
0.5451304
0.6220285
0.65539265
0.75860125
0.6351845
0.725323
0.5127567
0.5358197
0.6422964
0.73868704
0.76094705
0.8309403
0.8549441
0.9107911
0.80771
0.8648914
0.8014056
0.8240408
0.8298687
0.8177969
0.91713876
0.90254
0.8978253
0.85667175
0.877423
0.8650707
0.92392945
0.8956133
0.87377584
0.82231677
0.84877896
0.90363306
0.8463816
0.8213766
0.8180885
0.6768486
0.5695522
0.5142407
0.46594605
0.44217226
0.56527305
0.5596789
0.8601981
0.92255145
0.78382844
0.7840439
0.81127155
0.7420501
0.6835293
0.63825697
0.7562429
0.6928519
0.6506299
0.5298965
0.40344682
0.5165847
0.41845807
0.32357818
0.5190732
0.6333831
0.6313603
0.50699264
0.38378337
0.48689374
0.30709743
0.16814406
0.21875715
0.47544602
0.89241034
0.9039848
0.907918
0.8332319
0.84477407
0.87294257
0.7963579
0.76916885
0.7270884
0.64375085
0.7310664
0.79532427
0.69222754
0.7525924
0.73604995
0.6715035
0.7312881
0.8129707
0.7524658
0.6793074
0.84281224
0.8537833
0.8705916
0.8270684
0.82265633
0.68998086
0.7568957
0.7436528
0.7245078
0.8404448
0.7919541
0.8270003
0.89710873
0.8135069
0.84467316
0.8539313
0.854261
0.87817687
0.86153996
0.68322664
0.64060616
0.6876818
0.4971813
0.6600377
0.669144
0.8012665
0.74367946
0.5913802
0.68159026
0.72063863
0.9131105
0.8859331
0.7963577
0.7383553
0.59126675
0.71001136
0.7649398
0.737895
0.78210765
0.85503584
0.8138162
0.6592617
0.5275352
0.4981301
0.5854361
0.4785623
0.63716716
0.30448976
0.481671
0.55671597
0.68741864
0.6948133
0.6525047
0.5233807
0.66812634
0.6619329
0.79472524
0.6895437
0.7092164
0.6130341
0.56720716
0.43922958
0.51012564
0.50438714
0.5233042
0.66842854
0.7343575
0.6360124
0.6034973
0.6817016
0.6106922
0.6685355
0.54353946
0.5377719
0.4711952
0.4977043
0.2978045
0.414112
0.38431332
0.41563424
0.3504537
0.3766634
0.44105056
0.3517374
0.43402243
0.34013295
0.5843374
0.39221582
0.5241587
0.37437168
0.39843836
0.36378717
0.33657515
0.501107
0.4705654
0.52032036
0.5616871
0.57788503
0.6041827
0.69741833
0.44689506
0.63496226
0.7866117
0.8165361
0.6564691
0.57910955
0.5232386
0.5339598
0.44439045
0.5675857
0.5520297
0.58329856
0.64292896
0.53718436
0.6506081
0.6634221
0.6387805
0.6688182
0.6602959
0.6878752
0.6056706
0.6782739
0.5818311
0.6182414
0.6717606
0.6563669
0.5909374
0.63236123
0.6026814
0.5334165
0.5610422
0.53329617
0.5798311
0.5828837
0.58382475
0.7064734
0.68924785
0.5338808
0.71693504
0.6573481
0.69154096
0.80131274
0.74716383
0.8071329
0.73405445
0.6853557
0.6426229
0.7069645
0.60212266
0.66665065
0.727764
0.64056873
0.4720238
0.48997793
0.37616497
0.39387164
0.41284162
0.36737218
0.41498128
0.44792175
0.537519
0.43871936
0.6741646
0.7291949
0.7224312
0.7748726
0.85008264
0.8598314
0.8131964
0.82833606
0.8253331
0.84803885
0.8257107
0.85404915
0.8063068
0.8097266
0.83982384
0.8115935
0.7645438
0.7854857
0.7352168
0.6284745
0.6121111
0.72886723
0.74821764
0.6606193
0.6328179
0.72976667
0.8569899
0.72187686
0.6242461
0.73717386
0.6658865
0.68729043
0.70494145
0.6027517
0.5256623
0.53428197
0.48570228
0.44393626
0.4973439
0.44148514
0.3681335
0.41142878
0.39445138
0.3303534
0.2909988
0.21219167
0.22138692
0.36900228
0.31418616
0.18859394
0.22482944
0.26667553
0.28442532
0.22190887
0.22772339
0.21870783
0.24935831
0.32845986
0.1646211
0.1846254
0.31749213
0.18158156
0.31937468
0.21731476
0.04415388
0.13121569
0.23649466
0.29825008
0.5865748
0.5059228
0.5324594
0.40134233
0.389796
0.23171185
0.27832216
0.3078738
0.1627578
0.1595611
0.31497082
0.28147584
0.4192126
0.50224304
0.55340487
0.3350839
0.25224605
0.34416488
0.3753813
0.438146
0.30869046
0.4036225
0.4605366
0.2678295
0.33397046
0.31739166
0.44131324
0.6076072
0.55113125
0.24795455
0.17964755
0.20637552
0.2827245
0.3819626
0.5295736
0.63309044
0.58234996
0.54626244
0.48104477
0.3682792
0.51540023
0.42032993
0.4610762
0.5401479
0.5797915
0.4508642
0.498764
0.43724707
0.4776892
0.45105997
0.44542062
0.3816429
0.3842985
0.4076613
0.46480075
0.23097503
0.004083178
0.00040922718
0.00034913456
0.000897512
0.0023461885
0.0010150375
0.25887668
0.39047295
0.37049794
0.39253822
0.37663114
0.38874647
0.34448323
0.32404208
0.45188016
0.53710616
0.6595433
0.57906896
0.64772975
0.72758347
0.7427098
0.8222554
0.7647444
0.88979715
0.87489957
0.78052616
0.79841185
0.84141636
0.78882223
0.8444509
0.8436613
0.8499625
0.8219939
0.84821635
0.8651865
0.7837066
0.92418283
0.93984044
0.9171627
0.8359794
0.8164012
0.8080285
0.7968434
0.6296333
0.45459646
0.58787185
0.52613556
0.52748066
0.7119023
0.6402615
0.6931226
0.8603028
0.83017725
0.94655114
0.89864266
0.90463656
0.8734034
0.8773991
0.90570873
0.9129304
0.8912715
0.916049
0.80236197
0.7557926
0.8245397
0.78815633
0.8501
0.8231665
0.8207138
0.75310206
0.8524855
0.8551037
0.8591473
0.81616044
0.76089436
0.70648324
0.66658825
0.6725593
0.51654184
0.7315524
0.8180333
0.6832385
0.7667353
0.7307739
0.7679124
0.80191725
0.67400056
0.47026905
0.2765042
0.32151738
0.2029272
0.34621802
0.42464787
0.43975052
0.60126686
0.6335223
0.55552036
0.53357667
0.6501243
0.80907005
0.83911574
0.80584794
0.9177907
0.84913296
0.9283933
0.86427015
0.8250045
0.79836804
0.78096724
0.8726288
0.82254595
0.8078993
0.59788543
0.45522878
0.52719474
0.45701787
0.5061939
0.46387044
0.378276
0.571413
0.6346888
0.66994095
0.6058073
0.66867715
0.6528698
0.83105415
0.82358617
0.84744346
0.83553743
0.805554
0.73953974
0.6243454
0.6827032
0.5144946
0.6142722
0.5895386
0.5637003
0.48589498
0.42259598
0.45023832
0.46004406
0.32804173
0.26345503
0.51469934
0.38431436
0.54904413
0.60127556
0.5125676
0.36849865
0.46584922
0.31803238
0.3261803
0.4864866
0.39798018
0.31161356
0.33402798
0.27302134
0.29931617
0.25260904
0.20474762
0.19464128
0.52160037
0.78142536
0.57984185
0.52712196
0.42576876
0.23046452
0.27375764
0.20903127
0.34511852
0.26451042
0.25412315
0.2498818
0.26508558
0.20591828
0.14185594
0.08222716
0.08155278
0.12293746
0.25102785
0.25154713
0.41649756
0.5305226
0.17869192
0.58186466
0.45403615
0.18574168
0.60092616
0.3964297
0.24104103
0.25792462
0.2590427
0.28797936
0.25063357
0.20957403
0.39828664
0.38058743
0.5157334
0.5533467
0.5083299
0.67555386
0.6060165
0.6268772
0.5955218
0.592528
0.44586536
0.4459555
0.6683426
0.6481153
0.6063597
0.74571276
0.6187789
0.6429357
0.48167184
0.57817745
0.61240745
0.5367367
0.691085
0.6641227
0.63573027
0.7817912
0.7908406
0.8557254
0.678964
0.63857234
0.59280545
0.5888831
0.48180133
0.5229462
0.53242207
0.4967924
0.782125
0.5957735
0.5294077
0.27498952
0.4411104
0.20478348
0.2173123
0.33882535
0.26350918
0.3455586
0.5757335
0.69108593
0.40814173
0.3700584
0.20189953
0.328389
0.39496344
0.51214755
0.41038945
0.28481007
0.2832253
0.46397462
0.35405615
0.3773104
0.4250999
0.2659647
0.25244495
0.24763931
0.22961172
0.2209351
0.023456965
0.016557826
0.029599752
0.013867156
0.007863682
0.015425826
0.16884157
0.17561883
0.21095812
0.22129215
0.25163665
0.32507214
0.36773172
0.39445534
0.41777733
0.3714288
0.5004603
0.53810143
0.46349597
0.35772523
0.28682283
0.17434043
0.391415
0.33472976
0.31243554
0.30814597
0.35806167
0.2779307
0.34547654
0.27349675
0.3971978
0.3012273
0.42974803
0.37732375
0.48050475
0.6053079
0.76241386
0.73277897
0.6440962
0.6562241
0.59834725
0.6044099
0.3609316
0.30071503
0.2340761
0.19247665
0.20299129
0.32716274
0.26675382
0.18782376
0.20445918
0.31805366
0.28279203
0.31079993
0.35563082
0.40792936
0.37612954
0.40440014
0.3736776
0.21448347
0.3534159
0.23670083
0.30752262
0.22581297
0.31970984
0.23950897
0.24137266
0.36602867
0.43493798
0.48238537
0.46983325
0.48176667
0.3286024
0.44105113
0.38728714
0.42645326
0.5280791
0.3346351
0.103148334
0.120546296
0.103197396
0.30764288
0.34441775
0.3516317
0.39438683
0.43470177
0.45401284
0.4303325
0.3999082
0.44769785
0.42112303
0.44553715
0.4373177
0.5494444
0.6538364
0.61206937
0.7085622
0.6807555
0.7917663
0.7782557
0.7411765
0.7976746
0.7690108
0.6296671
0.5356638
0.3693517
0.39231336
0.37434015
0.37736705
0.22494794
0.383349
0.3806759
0.38218072
0.4904204
0.55476236
0.54692847
0.47911173
0.59331435
0.5087509
0.6009514
0.58501875
0.59063053
0.6554485
0.6119296
0.7721091
0.7710564
0.70024425
0.7529058
0.7459219
0.7376913
0.6343164
0.70471585
0.6548845
0.5284079
0.4617559
0.5374895
0.45774877
0.49028477
0.48211268
0.296911
0.27480775
0.20411135
0.16475713
0.30606928
0.07296811
0.21487722
0.27471238
0.26595792
0.34520003
0.39353392
0.5529612
0.5649107
0.68988556
0.777996
0.80199707
0.8127906
0.7918256
0.7946208
0.78747934
0.76870066
0.78467834
0.7347635
0.7578118
0.81238484
0.7722617
0.87329
0.75490534
0.8130919
0.78811616
0.74679685
0.72463316
0.8333991
0.85991776
0.88186467
0.77883273
0.78201544
0.82711005
0.84083784
0.7986798
0.7506325
0.7967279
0.5587909
0.6230461
0.608879
0.56301856
0.53169954
0.4820248
0.5113621
0.5800749
0.3957469
0.53595865
0.5424621
0.6593532
0.7235985
0.8154827
0.7294161
0.8606067
0.85013384
0.86533254
0.7713751
0.69250375
0.7356523
0.7231612
0.7012967
0.8566011
0.7816132
0.87236756
0.87646115
0.86580783
0.84692836
0.8560353
0.8136505
0.83980674
0.8261568
0.8150613
0.79426336
0.79547554
0.6428734
0.6239854
0.70380557
0.7012602
0.6906113
0.770112
0.6016446
0.47517186
0.57617724
0.50659734
0.6358587
0.57652736
0.5354895
0.600912
0.67970735
0.6490066
0.7184946
0.8644891
0.717791
0.8243467
0.93102825
0.9122327
0.8620046
0.8256817
0.80979806
0.6811943
0.75503665
0.60785455
0.559258
0.47643644
0.29847488
0.3342448
0.52437353
0.5222832
0.5064063
0.383004
0.42931893
0.6659241
0.7522205
0.8001872
0.8505596
0.704434
0.7396001
0.8050537
0.8479242
0.85738873
0.6384659
0.594865
0.67473674
0.41848224
0.555718
0.48504946
0.46762326
0.39864305
0.38273436
0.57133055
0.63379264
0.7644436
0.74885225
0.76804566
0.7226437
0.7141681
0.7753985
0.7721551
0.71526307
0.85617244
0.82164437
0.87602556
0.850921
0.8696742
0.8252033
0.8007117
0.8611511
0.9024684
0.8866285
0.868591
0.8014358
0.8118615
0.7621009
0.8003841
0.8701327
0.8565704
0.8930585
0.79510045
0.8406096
0.82351565
0.8048744
0.8784752
0.9154431
0.8626571
0.78226227
0.8244654
0.79455745
0.7671216
0.7731448
0.86202884
0.87179965
0.8138735
0.729155
0.6658746
0.82312876
0.7915253
0.8479897
0.8264826
0.8216494
0.8542371
0.8352103
0.8285583
0.80072707
0.7468639
0.7660734
0.65863866
0.5232484
0.3269868
0.6366828
0.56131595
0.7004185
0.5741571
0.71316946
0.633675
0.60615313
0.727223
0.7257595
0.60990316
0.38206398
0.5076862
0.5456443
0.6869647
0.48534602
0.6295038
0.7038106
0.85315454
0.8758674
0.92609525
0.92533755
0.889262
0.86805075
0.89766216
0.8749944
0.81444687
0.7758253
0.795602
0.70315874
0.81077373
0.71779346
0.8018526
0.7473386
0.67760336
0.6555245
0.5772224
0.5251365
0.58296376
0.53601307
0.53683513
0.6410117
0.43680486
0.4480525
0.6024075
0.5507816
0.6785086
0.7982638
0.7724537
0.5119717
0.22774862
0.23650533
0.12143663
0.24371053
0.23751768
0.46961126
0.406715
0.67529833
0.59459877
0.51177317
0.5026099
0.4071416
0.38709906
0.36585522
0.3248799
0.5620353
0.65695566
0.68593544
0.67554814
0.53999597
0.63549095
0.32862306
0.7294305
0.5766515
0.6546576
0.56112975
0.5565463
0.45625803
0.5767527
0.57836276
0.43142754
0.79568523
0.8499436
0.69394267
0.6941948
0.7492834
0.72737414
0.7149753
0.834494
0.7920485
0.8628854
0.82008696
0.7136035
0.8212985
0.8015834
0.90035117
0.8032527
0.82849056
0.8211367
0.8631565
0.70559835
0.77137834
0.7213291
0.65391904
0.50820035
0.64461714
0.79543775
0.717161
0.5327606
0.5942917
0.37767935
0.6212684
0.77563184
0.66306037
0.7039551
0.8131459
0.733582
0.5645114
0.3806736
0.36716586
0.25310597
0.27284685
0.36255562
0.52043736
0.8094982
0.6116669
0.5442569
0.78214324
0.66511
0.52380246
0.44792506
0.4511672
0.25467405
0.20676884
0.34022826
0.20114641
0.23037323
0.11695703
0.13879113
0.36091143
0.38621902
0.4870088
0.2049437
0.11002515
0.072694674
0.067979425
0.054193813
0.060250744
0.054491002
0.064164676
0.086197644
0.05844177
0.097013235
0.09906713
0.12961036
0.5272421
0.46221083
0.59361005
0.68923473
0.67644644
0.5309632
0.40310472
0.42812783
0.58209556
0.8537917
0.8944064
0.89084274
0.90312976
0.805771
0.8038482
0.63959634
0.6174238
0.74931204
0.72916746
0.71997964
0.7224576
0.6136011
0.72921956
0.63820213
0.806846
0.8187145
0.8559267
0.8340932
0.83714736
0.84965587
0.7205113
0.86772364
0.9429037
0.88679737
0.86168957
0.72098505
0.8314927
0.71165866
0.75139445
0.79364574
0.741708
0.8080652
0.84024435
0.885142
0.82184345
0.7820032
0.87422115
0.8503323
0.7898008
0.9095965
0.863022
0.85671115
0.68618053
0.7536337
0.87379307
0.90744907
0.8217584
0.8016461
0.8150773
0.72777736
0.7808684
0.848138
0.95161533
0.92832494
0.9215798
0.88127536
0.89794266
0.8875053
0.9065204
0.9103539
0.83300394
0.6493303
0.8482319
0.7886119
0.82563466
0.7326996
0.7229757
0.802613
0.7584384
0.46791065
0.1924742
0.051911946
0.03667437
0.32097244
0.29011974
0.32210916
0.49081597
0.39166236
0.28056926
0.28983623
0.21462232
0.34133282
0.32830033
0.20042227
0.17744167
0.20922069
0.31708288
0.23112316
0.17316383
0.24760874
0.2562614
0.3010502
0.17658721
0.17484082
0.43713957
0.4410661
0.53702915
0.48881242
0.39492613
0.28570783
0.23519471
0.23027973
0.31443015
0.43460664
0.42114368
0.4301687
0.33070424
0.15443482
0.18661322
0.026191896
0.044426814
0.010154213
0.011454511
0.017120628
0.012699956
0.014081649
0.01849738
0.021204442
0.023589253
0.02159259
0.019968502
0.015593282
0.016072165
0.0097605195
0.011152046
0.0060213436
0.0076632737
0.020840205
0.013466818
0.017023943
0.0134847965
0.025267052
0.042670283
0.051262747
0.022503851
0.02106118
0.051412188
0.018006088
0.041125078
0.03225607
0.3256806
0.5804115
0.51304185
0.35237446
0.28705028
0.29573005
0.21693556
0.4839572
0.2719105
0.25246346
0.14144063
0.15577981
0.3788036
0.30182782
0.36339563
0.43405065
0.34829253
0.34744838
0.111843705
0.1518305
0.06384754
0.05386434
0.76364523
0.87767655
0.7615802
0.7427478
0.77633536
0.7374393
0.48228848
0.4827009
0.47415802
0.30453622
0.62777984
0.6245157
0.4864549
0.55259275
0.33129755
0.35227293
0.14198194
0.3331229
0.3614481
0.32766736
0.3283602
0.30399114
0.27616745
0.34551215
0.33714896
0.333988
0.29468286
0.406597
0.5055274
0.5349616
0.45450667
0.23068422
0.30228168
0.41953978
0.449215
0.27430016
0.38108715
0.33571407
0.16355354
0.278414
0.17004688
0.29814312
0.33524552
0.21630166
0.21116081
0.193521
0.22495481
0.2731157
0.4357498
0.66941017
0.39424285
0.4057325
0.41562116
0.41215703
0.22854775
0.556774
0.42015812
0.44612938
0.5032174
0.51196766
0.5620687
0.64227957
0.77689385
0.80877906
0.73629737
0.7813435
0.8118446
0.76990503
0.82145923
0.71255225
0.63613576
0.5286507
0.53077894
0.3185065
0.27620426
0.32794505
0.32832423
0.44027442
0.40834868
0.45705277
0.456084
0.43792647
0.5671342
0.39573196
0.5199046
0.50496
0.43633065
0.50781363
0.3782053
0.37317377
0.4050294
0.38854858
0.8354607
0.88918805
0.8330069
0.7186932
0.80386156
0.85519165
0.88970673
0.8710723
0.9095887
0.926871
0.92664903
0.9480197
0.89678437
0.915922
0.9286411
0.97993726
0.96479005
0.9117252
0.9301481
0.9089224
0.9166891
0.9144084
0.94146556
0.9097544
0.9385046
0.81139696
0.7559608
0.7605149
0.6083889
0.76689214
0.68900186
0.62456495
0.6087925
0.4931829
0.5703563
0.5506092
0.7576378
0.7222941
0.7052816
0.6244441
0.6175296
0.7424949
0.6483698
0.69368947
0.7180438
0.698261
0.6876509
0.6121095
0.45665398
0.41467565
0.40695593
0.53979594
0.5569953
0.5260535
0.4974289
0.498489
0.553396
0.6355924
0.5347072
0.41509783
0.16969356
0.14505334
0.1972094
0.21081686
0.21036911
0.22471823
0.26421463
0.27414
0.33853537
0.28740254
0.29723528
0.30621374
0.26638886
0.2055453
0.19004422
0.1887913
0.16945507
0.17978215
0.16709112
0.14586812
0.15051034
0.13312085
0.074921675
0.06471667
0.11595446
0.19164324
0.17112619
0.14547068
0.09768637
0.13166295
0.1583289
0.158433
0.100449346
0.06684425
0.049718395
0.014165905
0.07163869
0.030527474
0.024072263
0.019827245
0.022848167
0.026881961
0.073342904
0.10541433
0.1408779
0.14548588
0.18000716
0.30435812
0.22056496
0.24328855
0.26273066
0.21327418
0.208132
0.24813737
0.16911961
0.08562768
0.051524356
0.06466773
0.042988654
0.04228537
0.055087388
0.056682616
0.051892698
0.06723283
0.095410064
0.13446717
0.15546277
0.16758785
0.14544791
0.17276324
0.14352354
0.16718474
0.22807829
0.12899841
0.20400494
0.2286726
0.24617317
0.620035
0.4783824
0.46166873
0.3276804
0.085600324
0.03571018
0.025788156
0.034000535
0.02457532
0.04656227
0.048585277
0.017189464
0.03215741
0.056059923
0.19657634
0.20785089
0.23453614
0.15889697
0.07124979
0.070516095
0.047428913
0.05686605
0.010483271
0.039069965
0.04074773
0.03787175
0.07767332
0.07611166
0.04093705
0.10509753
0.1179715
0.09658473
0.11999201
0.081896715
0.043974724
0.1105146
0.12389095
0.2055068
0.20867917
0.33301187
0.20410292
0.22520797
0.18292697
0.2189548
0.114063054
0.05118817
0.061959658
0.113538526
0.08198058
0.15793736
0.12127708
0.06472833
0.12851869
0.115160406
0.254291
0.32936582
0.37380472
0.64438343
0.27765226
0.44251513
0.52379644
0.7072773
0.3463625
0.2365942
0.15173194
0.21440184
0.0948719
0.10307802
0.18914017
0.09006325
0.09963747
0.1783836
0.37398794
0.5028136
0.551301
0.5216006
0.6150672
0.5451118
0.5357106
0.34180874
0.22514203
0.25657165
0.23831259
0.21825962
0.20130879
0.30861503
0.21416089
0.19926034
0.13914475
0.089969896
0.14246212
0.22604811
0.30617812
0.24520934
0.26672167
0.1821266
0.09139334
0.15510604
0.12510648
0.16965055
0.24726054
0.1913515
0.30792844
0.26569173
0.2822567
0.30205995
0.22465861
0.31696445
0.2196823
0.22111163
0.2541277
0.27972195
0.22988123
0.2659089
0.27160817
0.22840504
0.17168912
0.31023395
0.20726636
0.29236904
0.20588015
0.20027436
0.22159092
0.16538344
0.25740674
0.22043402
0.23607679
0.22313917
0.20431921
0.26155698
0.3979096
0.51899487
0.40902966
0.2857809
0.38557747
0.37602526
0.53251874
0.528347
0.4330594
0.4332556
0.41998586
0.55884695
0.25664163
0.4966746
0.4413405
0.48747793
0.32874763
0.31342417
0.30418906
0.3159831
0.30471882
0.26444414
0.34018975
0.24426182
0.34940726
0.25843206
0.39576116
0.39174935
0.47734696
0.41057074
0.5136658
0.3438395
0.43662137
0.44456443
0.4458502
0.45406294
0.5201536
0.49606296
0.5210489
0.43355575
0.36740327
0.56255436
0.44579017
0.3961985
0.4107906
0.40100604
0.46546075
0.3398092
0.4452263
0.36007172
0.37061706
0.3905763
0.47650447
0.4800736
0.43534088
0.4381319
0.5653711
0.5354708
0.4311387
0.45910364
0.47710282
0.5403567
0.63199157
0.5816035
0.65351576
0.48503724
0.74695885
0.7415935
0.7263577
0.65432
0.596366
0.63598377
0.5814738
0.3883094
0.70054084
0.40064126
0.2352068
0.16724297
0.18040897
0.12062908
0.026098775
0.07551405
0.12796228
0.06975857
0.0037644086
0.00801851
0.0040317327
0.005376476
0.4175711
0.23816079
0.09999515
0.321344
0.5466482
0.44065455
0.6178053
0.5117489
0.27169216
0.1714304
0.039889306
0.052651506
0.1385551
0.17382585
0.17612293
0.07133696
0.04507561
0.060929243
0.05656888
0.042878445
0.049528692
0.007604858
0.010643198
0.0016118346
0.0021419036
0.0022241136
0.0011411431
0.0006225016
0.00078289956
0.00019050721
0.00016208489
8.4630476e-05
0.0001704539
0.00014391886
0.0002411438
0.000783628
0.0011289928
0.00066236686
0.00045024944
0.0023425282
0.0027634453
0.0021387385
0.0009866424
0.0012710309
0.0009820688
0.002530608
0.0012083
0.002323262
0.0026526845
0.0031394537
0.0033750085
0.0022924643
0.00043788712
0.0008324613
0.0013608659
0.00014981139
0.00016229568
7.255663e-05
9.6464624e-05
0.00014456749
0.00022705593
0.0002304351
0.0001962126
0.00031399608
0.0008522247
0.0005590688
0.0016017206
0.00026949254
0.0005216853
0.0006714963
0.0004197859
0.00019427316
0.00045434403
0.00036548878
0.0001820773
0.00093706104
0.0012459869
0.0008270539
0.0019435246
0.002984663
0.0022577723
0.0027513374
0.0004366167
0.0020073794
0.0015843139
0.0012584374
0.00055464904
0.0006724108
0.00050395436
0.0004695867
0.0007386664
0.00043080014
0.0013469311
0.0032387022
0.004647017
0.004186295
0.0034911707
0.0016677998
0.00079392095
0.0019785007
0.0037049234
0.0013476304
0.0022815522
0.002593551
0.0015437625
0.0014664668
0.0012304027
0.0011711937
0.0029323215
0.00030352443
0.0002959622
0.0001292731
0.00026571145
0.00024856615
9.29556e-05
0.00018809956
0.00019057372
0.0001534728
0.00016143877
0.00031031805
0.0002977588
0.00029416126
0.00018940636
0.00022363503
0.00041323117
9.642737e-05
0.00045631285
0.00022956164
0.0005282407
0.00081370387
0.0007347062
0.00066487235
0.00046430418
0.00053778355
0.0010861595
0.0009935607
0.0013574162
0.001251986
0.00092294894
0.00069165847
0.0009923336
0.00078732264
0.0016242972
0.00025274057
0.0004218161
0.00058507465
0.00020626566
0.00045067698
0.00038245716
0.0006590221
0.0012222235
0.00076424866
0.001256141
0.0011624515
0.0021511877
0.003057577
0.0014897203
0.0037027206
0.002027267
0.0016183617
0.0014100954
0.00047689854
0.00027693994
