1
0.99939656
0.99948823
0.9995378
0.99935025
0.99931014
0.99961424
0.9993149
0.99924445
0.9992656
0.99851435
0.9937138
0.9854966
0.983772
0.9781748
0.9832364
0.99307775
0.9903771
0.98724455
0.9917625
0.9882996
0.99039686
0.97757965
0.9913254
0.98901635
0.9893469
0.9857346
0.9844226
0.9809188
0.98887104
0.9823628
0.9862627
0.97572505
0.9719052
0.9800135
0.9753822
0.971068
0.98591566
0.9813362
0.98428565
0.9919877
0.9847318
0.98965985
0.99154985
0.99579287
0.99194956
0.9900227
0.984559
0.9854639
0.99447167
0.99749386
0.991264
0.9985267
0.9981615
0.9975279
0.99797827
0.99768364
0.99686325
0.9967765
0.9915952
0.9927388
0.9790607
0.9920631
0.99258465
0.99491006
0.99511695
0.9934729
0.99573416
0.9975331
0.9963052
0.9971137
0.9971723
0.99456245
0.996951
0.99538726
0.99248636
0.99382377
0.9941618
0.98824537
0.992474
0.9956701
0.9961176
0.99492896
0.9801081
0.9720638
0.98282593
0.9817572
0.9844493
0.98117274
0.9805133
0.98606384
0.98706067
0.99341846
0.99642193
0.9952017
0.9847435
0.9926246
0.9887511
0.9878598
0.9960204
0.99689937
0.9985189
0.9944132
0.9939302
0.9930809
0.9926085
0.993669
0.99029857
0.9759262
0.9630716
0.9727189
0.9744702
0.98139936
0.98220384
0.9526486
0.9682662
0.8993356
0.83587116
0.89187765
0.86133295
0.9361496
0.9639435
0.9360447
0.939343
0.887871
0.8842714
0.9155613
0.91103065
0.87311447
0.88775516
0.81562406
0.8240283
0.7935568
0.8663975
0.8789592
0.88450235
0.9251805
0.81289554
0.8097883
0.72327554
0.6980553
0.6206483
0.5793495
0.5379894
0.5635143
0.6799146
0.64783436
0.7941762
0.8094355
0.7483387
0.79551995
0.70942384
0.5890711
0.3854083
0.3387635
0.25980684
0.4458841
0.59657335
0.6165033
0.5898591
0.77274346
0.8096389
0.7252263
0.53376925
0.505494
0.5459577
0.49769422
0.48420623
0.6360689
0.8333123
0.8518567
0.8703218
0.7237895
0.7631738
0.5265
0.45484635
0.33010605
0.10085271
0.13002098
0.113501266
0.27111414
0.77188385
0.43783572
0.8905291
0.89545107
0.5936658
0.40471008
0.39215744
0.43929824
0.44419932
0.63179684
0.4766317
0.623536
0.59099966
0.542673
0.36450705
0.39933407
0.44653362
0.5999477
0.55578107
0.40090466
0.5155824
0.50859886
0.39777565
0.49911585
0.726299
0.73916227
0.81813496
0.801598
0.6372852
0.82603997
0.89139915
0.92085665
0.84442437
0.886355
0.9060419
0.90902525
0.8207513
0.85228187
0.85951406
0.90510625
0.9464725
0.95591486
0.96450835
0.98292863
0.97914666
0.9451725
0.9123807
0.6157097
0.33741984
0.45277104
0.32052568
0.54122746
0.72938
0.8415969
0.8708225
0.92130464
0.9323395
0.76641786
0.57187337
0.8855913
0.7591799
0.7527916
0.6862096
0.6051263
0.72365654
0.6620513
0.7263479
0.8213024
0.72760606
0.5082623
0.4778232
0.7135083
0.4164406
0.1888598
0.24975501
0.62021786
0.5138587
0.47105578
0.4936162
0.47292832
0.6773109
0.6077612
0.80661726
0.6399303
0.73463714
0.66294736
0.7051016
0.60567105
0.64006984
0.7613535
0.7849305
0.50611717
0.6715709
0.7363266
0.7007947
0.75154656
0.6154824
0.68551797
0.5780683
0.69773746
0.69787896
0.56787837
0.43043202
0.6077305
0.59223765
0.49364424
0.6812807
0.7580151
0.8582757
0.8974378
0.9238746
0.9238455
0.9519638
0.9473751
0.95672643
0.95711374
0.9724751
0.95967484
0.9609918
0.8934978
0.9681657
0.94724953
0.93844324
0.954018
0.93664527
0.92922896
0.8950557
0.9126877
0.9361706
0.941778
0.91957796
0.9262934
0.89104193
0.9198462
0.9006762
0.90284854
0.8659808
0.8488257
0.85343194
0.891184
0.9354366
0.86872196
0.91055685
0.87317735
0.9084593
0.9183002
0.8648693
0.8829533
0.77889407
0.8680725
0.80675364
0.9030235
0.87264156
0.9107803
0.92102903
0.95779294
0.9530187
0.9617805
0.91998994
0.96328825
0.97670937
0.9648464
0.97274405
0.9691491
0.97576594
0.9714327
0.9793697
0.9874555
0.98494625
0.98379105
0.9765356
0.9688465
0.94747025
0.9571275
0.8664235
0.93942523
0.81135607
0.84494585
0.9044848
0.9172875
0.92756414
0.8950946
0.93605924
0.9230778
0.9325019
0.9234955
0.94101936
0.8616374
0.9102421
0.9456478
0.9455116
0.9612344
0.9547467
0.9581573
0.93585527
0.9535786
0.97702575
0.9753547
0.96988994
0.968745
0.9781491
0.97833645
0.9746425
0.9808843
0.9803389
0.9777244
0.9877558
0.98778987
0.9836452
0.9866361
0.9736994
0.9762121
0.9688065
0.89710796
0.8798445
0.90745616
0.8708595
0.82096404
0.85740423
0.8895149
0.8612502
0.74397326
0.6281638
0.5026785
0.37336248
0.40798175
0.47657418
0.6238527
0.55811656
0.43148082
0.36010274
0.5339519
0.32747647
0.32961857
0.4008853
0.51712465
0.56610185
0.51205343
0.56082916
0.5205158
0.5505156
0.5956706
0.504135
0.50406575
0.29420182
0.38182575
0.31121793
0.4157716
0.36900285
0.34983265
0.37536502
0.4163984
0.24668689
0.14145398
0.53967655
0.5601943
0.423207
0.5531275
0.5171859
0.60176647
0.70281047
0.7048056
0.65273094
0.74509495
0.73385495
0.7703512
0.6376929
0.8198551
0.85028654
0.8496302
0.9445162
0.9176795
0.8686753
0.9574893
0.9638925
0.9641085
0.9688347
0.9700211
0.9797365
0.9806238
0.97713864
0.98038876
0.9695827
0.97909606
0.96935374
0.98185307
0.9734071
0.97223264
0.9754484
0.9832669
0.97374076
0.97681254
0.9766857
0.97973365
0.9795758
0.97459203
0.9744003
0.9753846
0.9638152
0.9794206
0.9679518
0.9103222
0.91856045
0.94623756
0.94264054
0.95927
0.969799
0.9738375
0.97033405
0.9779012
0.95668364
0.9716347
0.97616345
0.9655011
0.9931525
0.99075454
0.9916197
0.99282646
0.987772
0.98638356
0.9916957
0.97739977
0.97728026
0.97626334
0.95803726
0.9758926
0.9821384
0.9828251
0.9805586
0.9751676
0.97805697
0.92363733
0.93928933
0.9764904
0.9575758
0.9827359
0.9746036
0.9694919
0.97773975
0.97346014
0.96037316
0.9531887
0.948029
0.97220933
0.97559774
0.9635987
0.9645858
0.9839782
0.98188365
0.99007434
0.9914397
0.99440706
0.99158466
0.9893908
0.98531914
0.97401065
0.9844752
0.97635967
0.94337887
0.95387167
0.9740283
0.9892699
0.95294964
0.95045775
0.95656925
0.9423559
0.82500094
0.7739128
0.89682233
0.73189247
0.7520705
0.65998274
0.5872031
0.63329357
0.5183389
0.9035236
0.9458571
0.96903324
0.9744974
0.9502023
0.9761756
0.9737846
0.970018
0.9615795
0.95396
0.9529303
0.91851
0.9487974
0.948279
0.9587489
0.93468726
0.9604588
0.93849885
0.93250936
0.90649486
0.90141785
0.8607438
0.7979896
0.7405267
0.68682724
0.4910046
0.5272892
0.62094843
0.56926805
0.7081199
0.62181485
0.6999265
0.6260132
0.7140172
0.8457029
0.8755692
0.8953356
0.87855846
0.84899783
0.905776
0.9079833
0.793509
0.71583533
0.7060153
0.73212945
0.8923722
0.914887
0.9133617
0.9178696
0.8943871
0.8754691
0.8025499
0.8584894
0.8843295
0.7909955
0.7764313
0.6680077
0.62680763
0.7128476
0.7284989
0.7460825
0.85439265
0.8728292
0.8639957
0.82454985
0.8691639
0.88387096
0.8990512
0.8239718
0.8727655
0.8863398
0.87904054
0.8711866
0.83124954
0.70266205
0.7453642
0.7959856
0.82372653
0.8533724
0.75175345
0.79351753
0.7396091
0.8662761
0.8276222
0.81499165
0.8457356
0.7886493
0.76538867
0.8231247
0.8271255
0.7619928
0.6489163
0.59286886
0.5199016
0.4889155
0.40429378
0.33745655
0.40905198
0.31285337
0.4422814
0.40019947
0.41127482
0.39717573
0.4803264
0.58930236
0.5078144
0.52999485
0.4975325
0.342119
0.3217049
0.53298926
0.5229248
0.62164545
0.4736012
0.39251748
0.3414256
0.4788435
0.48806807
0.5435968
0.56608945
0.4589591
0.6048337
0.6180132
0.5376919
0.51284754
0.54216796
0.54266906
0.4454364
0.36452135
0.54253256
0.7335203
0.7614064
0.8317153
0.77028495
0.6842973
0.74907035
0.69685304
0.9063349
0.9230223
0.84642977
0.858316
0.79190165
0.79711026
0.89530075
0.9511454
0.8902392
0.73959726
0.70778084
0.74839085
0.7439076
0.7546913
0.6911532
0.79428834
0.6632298
0.75995123
0.67820245
0.68417895
0.72543174
0.6917252
0.60721076
0.7793695
0.82854795
0.85435826
0.858601
0.82756054
0.8312063
0.8323668
0.82450485
0.92500484
0.9390707
0.95017934
0.94920146
0.9031667
0.95417994
0.894776
0.8925837
0.89599305
0.9204656
0.92654914
0.9231794
0.83381987
0.8335308
0.86205864
0.8432296
0.84057623
0.77160835
0.676238
0.6996979
0.6677265
0.6896143
0.5937523
0.66975856
0.6507128
0.7931952
0.8420826
0.8506812
0.90136784
0.8042349
0.75564885
0.857394
0.87510705
0.8926657
0.847671
0.7788236
0.78974634
0.80333537
0.6248298
0.5582564
0.53214103
0.3798015
0.3393198
0.2409531
0.26124704
0.2899852
0.30935904
0.2582376
0.23632888
0.29791358
0.35682002
0.31519485
0.33408737
0.3191092
0.3603027
0.47348362
0.3546082
0.47493148
0.5336896
0.67672133
0.50737387
0.40162736
0.2694334
0.24178831
0.24737097
0.33261803
0.36064544
0.35443658
0.3063271
0.3309178
0.14201707
0.23899052
0.28610793
0.28410813
0.37197673
0.29929763
0.5000244
0.38893723
0.32332534
0.21204646
0.3386555
0.3371818
0.31756935
0.27390456
0.23530057
0.23869297
0.25442857
0.30999646
0.30060682
0.26022902
0.3083125
0.30559912
0.29510638
0.3201787
0.36465323
0.3461375
0.37389183
0.42697805
0.38184744
0.27887407
0.36297524
0.2711325
0.25978103
0.3446195
0.22639686
0.3245551
0.31164074
0.34072322
0.39705393
0.4270757
0.37050766
0.4824206
0.4820043
0.5431424
0.54704136
0.53319097
0.53456956
0.6027428
0.5874422
0.25182387
0.34122324
0.3664591
0.5905959
0.71883917
0.6917767
0.5941587
0.63694495
0.6187972
0.49591765
0.52584714
0.38456827
0.3734997
0.36758277
0.4399391
0.48253053
0.44448435
0.5227935
0.48843378
0.35795102
0.2868673
0.19545682
0.32057172
0.30317032
0.31389788
0.25109586
0.5276923
0.5506699
0.40183827
0.3022165
0.4123938
0.5210872
0.45195735
0.21041985
0.26374027
0.3803564
0.40692502
0.49139923
0.35839468
0.36988014
0.35150504
0.25278214
0.1966116
0.095843226
0.08265836
0.5404102
0.57868665
0.2363251
0.18380475
0.19204204
0.17000866
0.16966861
0.27893367
0.15322854
0.1936875
0.17392716
0.17818157
0.14230534
0.08216375
0.1654072
0.13396022
0.054924008
0.12021809
0.21574536
0.24322607
0.18625487
0.26072446
0.13764736
0.15945229
0.1324387
0.16669062
0.19406793
0.1476968
0.12332403
0.17617871
0.2481062
0.1633238
0.11417584
0.18978961
0.24750003
0.27353102
0.21318103
0.15229638
0.13382572
0.08347043
0.07414147
0.050452705
0.041404482
0.119499
0.12156877
0.12472103
0.18976752
0.091375254
0.11260581
0.1375143
0.14578177
0.10465484
0.042376943
0.0070390156
0.006903583
0.016326813
0.060462613
0.0705721
0.05454232
0.19688924
0.13995454
0.40833765
0.3373891
0.26083773
0.31996825
0.43728605
0.38642856
0.39220926
0.37389737
0.3852292
0.6265473
0.48253047
0.40015557
0.50794035
0.33827978
0.4057611
0.2980824
0.32626966
0.223586
0.35100892
0.31912863
0.31211212
0.26394522
0.26444328
0.37419122
0.48071283
0.43716735
0.5478434
0.51836586
0.410876
0.47890827
0.43846583
0.35043868
0.34027147
0.3041935
0.3333668
0.23051096
0.25376964
0.2910279
0.22621273
0.2601111
0.11230541
0.5539754
0.5777686
0.5536101
0.42050126
0.4003709
0.42902336
0.42058024
0.45019877
0.3321032
0.34494835
0.3262138
0.24510117
0.3064987
0.395567
0.43424585
0.33562574
0.46786577
0.5188077
0.28215283
0.5445542
0.8020877
0.49111453
0.44246504
0.54588616
0.6275688
0.5073512
0.4520473
0.40797117
0.5242622
0.6069734
0.5948407
0.78216976
0.7395907
0.21930164
0.4686765
0.42543945
0.52173525
0.5050265
0.3972173
0.7194213
0.71125644
0.7034412
0.81495285
0.8431661
0.6155895
0.73540354
0.7649752
0.6368249
0.7967326
0.8348987
0.81887084
0.81253237
0.72055507
0.80054486
0.7954277
0.8070564
0.70533895
0.670046
0.6835363
0.8015191
0.5853086
0.6191085
0.30400229
0.4053213
0.57372
0.53195465
0.54132044
0.6558234
0.5967886
0.8022399
0.8974977
0.8507037
0.70409185
0.7080741
0.5385396
0.5492783
0.53496885
0.4909654
0.36865622
0.30118382
0.28157336
0.28357023
0.33131647
0.35879612
0.23738809
0.3049146
0.38315436
0.47154498
0.4427993
0.6565233
0.6269113
0.68827176
0.6784935
0.6887699
0.60376215
0.83063066
0.8712104
0.66412145
0.66168267
0.6753337
0.5747976
0.5420618
0.6494367
0.5896103
0.7132919
0.53005767
0.5363124
0.5465932
0.6485705
0.36662358
0.509053
0.5744533
0.5792254
0.6938102
0.66151077
0.6834808
0.5401655
0.49685106
0.3178615
0.20999493
0.16720943
0.15173517
0.14987387
0.3088292
0.29881534
0.26264727
0.36796552
0.44537327
0.5342732
0.5500146
0.6332332
0.54626054
0.4910157
0.5335431
0.56200826
0.6403179
0.7130499
0.6650915
0.6690302
0.67094046
0.56006557
0.6564945
0.77664256
0.80919147
0.7255998
0.7193948
0.7668268
0.7610991
0.77596813
0.81224436
0.7266226
0.7545387
0.6576071
0.74756247
0.68093795
0.569781
0.6929062
0.760566
0.9115375
0.8644862
0.803742
0.825206
0.76502186
0.82934284
0.7844484
0.71955925
0.7246008
0.6914071
0.7639818
0.81591934
0.70883745
0.56943834
0.72290796
0.5724535
0.66843265
0.6628039
0.575712
0.71335644
0.53097844
0.59795827
0.64816064
0.60873836
0.60923105
0.5255575
0.36352554
0.2450207
0.17465441
0.40021002
0.31101385
0.29864854
0.40556422
0.42997822
0.5000886
0.7146452
0.6932672
0.62144095
0.68581045
0.6662648
0.5770975
0.53952795
0.42950955
0.41898653
0.36433417
0.37438565
0.45118237
0.2505048
0.31855196
0.45854256
0.42336226
0.375915
0.49862817
0.51853645
0.39561513
0.48113894
0.48220992
0.5178431
0.5425369
0.508605
0.5537452
0.6179417
0.5472343
0.61502784
0.504346
0.56737703
0.55894756
0.4689056
0.31123123
0.22879201
0.15834859
0.20105748
0.1547569
0.16952671
0.118288286
0.13279656
0.21542206
0.17672963
0.1766914
0.15297213
0.21589525
0.16354468
0.13036498
0.1370743
0.12756963
0.10448
0.106314816
0.07263673
0.064949326
0.06409971
0.14632224
0.16413522
0.34004843
0.26112568
0.28406087
0.43242055
0.4158193
0.44232494
0.46778604
0.4992047
0.4154772
0.49797428
0.4385602
0.349879
0.3014942
0.29209968
0.3568484
0.37066576
0.13830112
0.27854806
0.2823254
0.21805055
0.2299397
0.15219653
0.36466232
0.4936178
0.25479868
0.12113139
0.1388605
0.21534972
0.055950988
0.06927856
0.06729347
0.16998683
0.42670122
0.41683984
0.35394686
0.2611612
0.09214473
0.044768848
0.042376846
0.056770172
0.14917563
0.045393743
0.7004409
0.6747037
0.66072005
0.8554054
0.59020865
0.61420083
0.35706052
0.4208551
0.38819084
0.39077654
0.3701912
0.5236177
0.43559298
0.45199212
0.6477519
0.70852286
0.7322271
0.6624845
0.684703
0.6230808
0.64435315
0.6658822
0.59713596
0.50925195
0.52742124
0.41681513
0.48342553
0.5246592
0.53079695
0.65346605
0.5658136
0.38553908
0.36658463
0.39225534
0.45928943
0.48584488
0.56363547
0.61810005
0.57707626
0.60106313
0.69541454
0.6705055
0.5777992
0.70119303
0.6915276
0.65426654
0.63913786
0.6302402
0.62965626
0.68308127
0.6859052
0.65924364
0.8617825
0.80078524
0.7508944
0.82453364
0.8707551
0.89085966
0.8722873
0.92267394
0.8004684
0.6857482
0.7600705
0.8475677
0.8909119
0.8528985
0.8696592
0.90782434
0.8917187
0.93227184
0.85072595
0.85585445
0.8818408
0.7939999
0.735276
0.5790325
0.8008905
0.7353314
0.79221183
0.7144762
0.8037432
0.7114676
0.67709315
0.68850386
0.6711852
0.43298006
0.42545715
0.36059773
0.28060955
0.2434357
0.2617536
0.45439944
0.38994962
0.44402155
0.40595454
0.27590147
0.5339194
0.53311104
0.32170597
0.44958153
0.47299036
0.38320228
0.24166164
0.31115642
0.39970288
0.39128318
0.5824445
0.51826227
0.4826122
0.43950504
0.3458192
0.32231468
0.35678062
0.3494641
0.4681547
0.40022895
0.3683384
0.5285009
0.51611
0.6379649
0.5323844
0.3150746
0.30724755
0.3314912
0.4056632
0.5066251
0.45664373
0.6253515
0.6841536
0.5132048
0.42248207
0.5292912
0.4442416
0.42258692
0.4594809
0.53304666
0.53295153
0.4277383
0.4365799
0.32521197
0.21395905
0.21286504
0.24034806
0.28990433
0.40566623
0.3085555
0.27012637
0.31934273
0.13777739
0.17075615
0.3126628
0.31532744
0.41214657
0.31052697
0.27211845
0.27953434
0.19607905
0.273905
0.29684827
0.31145456
0.3821136
0.28896526
0.1991035
0.1977696
0.16414817
0.212441
0.16942021
0.15986575
0.1508677
0.1924812
0.22658974
0.25445902
0.32023495
0.30098543
0.2664425
0.15596908
0.16259314
0.17256026
0.22795255
0.1877964
0.16736254
0.19353022
0.29792178
0.15489888
0.13009423
0.08799579
0.09031574
0.12695716
0.11383784
0.090414815
0.11544296
0.14990798
0.23386697
0.21581225
0.3323292
0.4122006
0.33315825
0.38043064
0.293922
0.24458712
0.34872547
0.29771885
0.27687058
0.152035
0.20308235
0.19731219
0.10224861
0.11241012
0.18930113
0.13236062
0.20585527
0.30692118
0.298318
0.22909755
0.3018009
0.3457006
0.32197714
0.32169682
0.34263802
0.26911128
0.26131284
0.22442195
0.21636665
0.21055758
0.20283604
0.18981591
0.16989627
0.14037292
0.118829854
0.147994
0.1530299
0.13482219
0.16950329
0.18559341
0.24066158
0.29299238
0.19437474
0.1690448
0.16278732
0.19665878
0.24675468
0.23221903
0.2756143
0.24521482
0.21930306
0.1941431
0.19618966
0.24499546
0.13435322
0.13454491
0.14559509
0.15150942
0.11454092
0.23084241
0.23162746
0.19095917
0.2494983
0.27272797
0.18189035
0.17255475
0.19169489
0.286663
0.18756227
0.11697461
0.13111006
0.13557355
0.08800494
0.18896313
0.05164428
0.022794852
0.03215765
0.028640423
0.06233045
0.069121614
0.0449561
0.22515617
0.14551242
0.055390112
0.06733473
0.20000939
0.2318039
0.18918444
0.20486309
0.27079815
0.22492447
0.20341878
0.080987304
0.305222
0.13926017
0.1959326
0.22532138
0.13695425
0.07546672
0.15964392
0.10804025
0.094435796
0.046819784
0.09204968
0.059049282
0.06545984
0.23832084
0.2183967
0.2836792
0.30355757
0.18001662
0.24371517
0.16546033
0.06359157
0.22641483
0.11521335
0.13865061
0.08587208
0.11905991
0.1174519
0.05134228
0.04863988
0.017952172
0.017753946
0.015999317
0.01956145
0.009629805
0.012164725
0.0034280398
0.009424565
0.01321986
0.0087864725
0.007323066
0.007719688
0.004972271
0.0030394418
0.0051377295
0.0046249833
0.006241265
0.008676909
0.0052901413
0.005434932
0.009048472
0.0073820064
0.0076662004
0.00644996
0.0071370155
0.0073899203
0.01179531
0.011204409
0.007069988
0.015709085
0.024279676
0.034872126
0.044190835
0.04404083
0.042464435
0.055277515
0.06399673
0.08147873
0.08547847
0.0816156
0.039058957
0.043129478
0.037883528
0.048308928
0.035798796
0.046411064
0.026704894
0.024425192
0.02786762
0.017488899
0.0210795
0.03460955
0.039375477
0.075477816
0.061327647
0.03695479
0.034434646
0.020719761
0.026256727
0.022012712
0.012078403
0.025983986
0.048268855
0.044507414
0.049342394
0.07994536
0.17542139
0.041589383
0.059144683
0.06661636
0.16505767
0.24443103
0.23157276
0.10415936
0.13221104
0.119821124
0.14598478
0.18042108
0.20941153
0.41134205
0.4648994
0.6443283
0.5764859
0.48681274
0.6448238
0.40694007
0.44064757
0.35621893
0.4198086
0.49317065
0.5208877
0.5743235
0.5859372
0.63080144
0.59611875
0.4970942
0.63930154
0.485756
0.6264308
0.6182926
0.39687526
0.45760384
0.436586
0.43657255
0.43136764
0.4433797
0.33125648
0.37172478
0.39377084
0.36153337
0.46435106
0.56173617
0.36980426
0.45786124
0.39056206
0.82786715
0.8659005
0.8111298
0.7349999
0.5904494
0.5546644
0.37633055
0.41464078
0.40433168
0.5663807
0.5629995
0.5966596
0.41556492
0.3904982
0.44123766
0.6022541
0.4686079
0.4508615
0.36034343
0.44150773
0.47193193
0.52621007
0.4003888
0.50770324
0.38212997
0.6101957
0.5871484
0.577304
0.45275182
0.5132715
