1
0.9984732
0.9982395
0.99728155
0.9962442
0.9944699
0.9952362
0.99528426
0.9949898
0.9968851
0.99739635
0.99673635
0.99768627
0.99716884
0.99660325
0.99705124
0.99605006
0.9966029
0.99633056
0.9951891
0.99583036
0.9930831
0.99332243
0.9907052
0.99149114
0.987849
0.9888099
0.9892055
0.9871077
0.99257785
0.9933663
0.993276
0.9933863
0.9884044
0.99105763
0.9875058
0.98859394
0.99069744
0.9892446
0.98863155
0.98807317
0.9887229
0.9864001
0.9867518
0.9897288
0.9850374
0.9865377
0.9881506
0.9878135
0.9916317
0.9922692
0.989714
0.98991066
0.990594
0.990875
0.9905098
0.9887706
0.9872584
0.9856205
0.9846859
0.98553514
0.9833438
0.9869113
0.98821497
0.9859512
0.98789793
0.9895718
0.9912499
0.99207765
0.99211144
0.99381846
0.994288
0.9958311
0.9942167
0.99621457
0.9968708
0.99631435
0.9958254
0.9961104
0.9954276
0.9918473
0.9882123
0.9904835
0.989047
0.99477285
0.99375486
0.9877523
0.97928166
0.98976594
0.9851719
0.9849547
0.96368563
0.9530634
0.96881336
0.9633446
0.96355593
0.96570635
0.9652143
0.9730012
0.9810285
0.979532
0.98082936
0.9785921
0.9828918
0.98289907
0.9736559
0.9744786
0.9674174
0.96993625
0.97125936
0.9546526
0.9609744
0.9755273
0.9718218
0.9722859
0.9706472
0.983913
0.98373014
0.9888631
0.97894704
0.98122096
0.98676234
0.98307574
0.9895704
0.9881692
0.9880827
0.98583895
0.9947743
0.9939355
0.9831745
0.9829413
0.9892631
0.99210876
0.9905377
0.99158716
0.9891284
0.9850418
0.9897418
0.9883404
0.9948014
0.99520856
0.9946084
0.99179685
0.98901105
0.9780011
0.9874593
0.97377735
0.9812936
0.9719595
0.9611258
0.9629187
0.9539152
0.96417236
0.9468969
0.9586358
0.9469043
0.92799944
0.94651496
0.95366573
0.95816827
0.9509236
0.9439656
0.9486691
0.94455385
0.96181554
0.9833656
0.98296726
0.9823774
0.9908297
0.9858974
0.9847104
0.9773956
0.97466
0.98468494
0.9715774
0.9696247
0.9428061
0.92681015
0.89521253
0.90304005
0.8873753
0.86883473
0.82244015
0.77476877
0.7466025
0.7042943
0.5485859
0.5306615
0.6919326
0.6264271
0.58793396
0.5407933
0.6663913
0.6489679
0.582003
0.7548746
0.73591083
0.79405445
0.7641909
0.7269558
0.75618905
0.66583914
0.5873331
0.46310467
0.5698354
0.50957274
0.55140483
0.43238693
0.61799395
0.5082325
0.40502614
0.4621925
0.34139827
0.22198486
0.29290977
0.33696595
0.3924393
0.42938298
0.39948612
0.42726833
0.3263402
0.24637154
0.13627887
0.33399427
0.22551668
0.40527683
0.25262713
0.23646139
0.22025463
0.2313342
0.2315869
0.14696322
0.13848932
0.14174527
0.21740822
0.13595821
0.12487883
0.16385129
0.08671752
0.15527391
0.14547594
0.05001411
0.059358027
0.070629835
0.056984495
0.044727758
0.12003661
0.06528596
0.06806799
0.06476804
0.05947952
0.028925007
0.021963758
0.008874875
0.00869352
0.009654637
0.005992474
0.008000935
0.011193421
0.024155727
0.015723245
0.041686773
0.04434751
0.027090015
0.01719346
0.010828322
0.01768118
0.0051120166
0.005601964
0.003901394
0.0075946986
0.0030596443
0.00408155
0.0053734193
0.004269258
0.0018275768
0.0034236638
0.0016518324
0.0037830449
0.016276987
0.0044899783
0.0035130423
0.014572996
0.012563924
0.013912161
0.012668594
0.015874425
0.021836845
0.031782296
0.027984306
0.017595824
0.023726247
0.051571973
0.0752439
0.05740165
0.029546145
0.016403954
0.02980776
0.022949502
0.12523915
0.3583133
0.16385016
0.07159641
0.13760966
0.10709898
0.07113424
0.03229175
0.024415614
0.042481683
0.033353638
0.050280217
0.05600967
0.055523388
0.106750235
0.17787804
0.1147965
0.24687338
0.12775862
0.25035352
0.40036273
0.1503582
0.1448717
0.41130877
0.34143206
0.560129
0.5021591
0.22643635
0.29656604
0.33892938
0.518702
0.3496618
0.25121534
0.37292936
0.36606395
0.39611676
0.41322127
0.41784164
0.51032346
0.7685521
0.79361445
0.9368815
0.890036
0.83383626
0.85524917
0.79480344
0.8735585
0.9104418
0.86270064
0.88491553
0.88871384
0.8546551
0.8823469
0.82460153
0.8639513
0.8836491
0.905737
0.8389175
0.7950288
0.6969755
0.59820145
0.51123095
0.5423625
0.62799424
0.59754795
0.75934756
0.8639791
0.9276544
0.7007524
0.84837097
0.751874
0.72285485
0.7094904
0.6014686
0.58585775
0.6964527
0.78594035
0.7506136
0.81550115
0.79996973
0.7471696
0.81498975
0.8098759
0.8374156
0.77598155
0.7832494
0.799486
0.84998095
0.8737034
0.8510584
0.8634409
0.8712844
0.8693788
0.8120085
0.8073451
0.8560515
0.61969703
0.78788316
0.73485464
0.80290633
0.8841405
0.898638
0.8840153
0.8824264
0.9041416
0.8655879
0.9050833
0.8740284
0.86733174
0.8802701
0.87774205
0.89307207
0.9032609
0.88134944
0.8825383
0.8426088
0.85892856
0.9294085
0.90649337
0.89966697
0.90629476
0.8927566
0.9400446
0.93372244
0.8937124
0.9020367
0.8906113
0.92224514
0.9160544
0.9064894
0.86617714
0.9208546
0.88299954
0.86665523
0.87673485
0.8904634
0.95262575
0.87660897
0.9357515
0.8495704
0.9529385
0.87507224
0.8952096
0.9682235
0.91485155
0.9105056
0.9139986
0.91324973
0.9244185
0.90070415
0.9026704
0.88821775
0.88353974
0.93563724
0.8560761
0.88661456
0.92161125
0.8760337
0.83491963
0.9028412
0.877932
0.88872993
0.8919468
0.7758985
0.81515604
0.7857414
0.8672238
0.8659972
0.88819206
0.8541185
0.9131076
0.84024614
0.79905075
0.83057636
0.7241792
0.6551523
0.69801974
0.46375704
0.6893062
0.6294126
0.6479747
0.57826775
0.83896524
0.7396747
0.85219204
0.8113902
0.86884195
0.86130935
0.8786058
0.80998874
0.8473183
0.8378461
0.8202931
0.8975058
0.9528532
0.9221669
0.77485865
0.6769219
0.65277654
0.72909343
0.8170179
0.777485
0.8017853
0.82527655
0.7125349
0.6996963
0.7299329
0.6718583
0.6645519
0.669812
0.5324156
0.61402315
0.5023234
0.56239927
0.74689597
0.6569143
0.6883825
0.7153454
0.7175551
0.740884
0.8070777
0.8044691
0.7881624
0.70556754
0.8341572
0.8306211
0.7594936
0.8057526
0.82230663
0.8396065
0.7854918
0.8303336
0.81852514
0.7695915
0.7757374
0.71153796
0.78120565
0.79725313
0.7408267
0.71621114
0.6107666
0.42946663
0.48816597
0.49533874
0.5651267
0.56407285
0.56617945
0.5130974
0.6943781
0.606365
0.5596781
0.5074232
0.59828717
0.52996767
0.49327543
0.46128657
0.40612894
0.51438475
0.35853428
0.4467149
0.4300558
0.5669229
0.83404917
0.82051665
0.82023764
0.8675739
0.7339306
0.74746335
0.7352427
0.7216866
0.7393119
0.80385447
0.827058
0.8214508
0.78779763
0.73526275
0.6886286
0.7187517
0.74192727
0.7235446
0.7531819
0.79837656
0.7857244
0.82315516
0.821378
0.79718524
0.72482747
0.8170364
0.8203376
0.80773515
0.6508993
0.766542
0.7347853
0.68000066
0.7869107
0.79456705
0.8087869
0.82851064
0.8681319
0.86313474
0.9059852
0.90363497
0.90437126
0.82785237
0.78794956
0.76409775
0.7991069
0.83247256
0.8900988
0.9150084
0.9516531
0.9431605
0.952056
0.92458785
0.913713
0.93562186
0.8340258
0.8475572
0.7740884
0.65309525
0.7578234
0.64147395
0.64942634
0.6356204
0.51768225
0.61893344
0.5887307
0.648184
0.5933452
0.59427226
0.68556327
0.56576496
0.57626283
0.58755225
0.67625463
0.6327562
0.6323934
0.6168054
0.62930244
0.70835894
0.61773485
0.7404545
0.7090195
0.74994963
0.7086203
0.7061298
0.69797623
0.5773206
0.5563551
0.6228229
0.47849026
0.57337976
0.62876576
0.5494726
0.6103826
0.6403144
0.78472936
0.6664977
0.7405683
0.8542702
0.8539055
0.9050931
0.8467669
0.73999906
0.7808797
0.7842828
0.6674731
0.7078292
0.63307
0.6006939
0.33869275
0.41228414
0.43998677
0.46835306
0.58902884
0.75389624
0.7528827
0.748838
0.7970757
0.73547584
0.71721
0.7881927
0.7851523
0.7790474
0.8285554
0.7725606
0.7701565
0.8069905
0.83846354
0.8116799
0.9039908
0.9019393
0.74385744
0.8807044
0.81483686
0.8241003
0.75055987
0.7620007
0.7735906
0.70424145
0.74563164
0.7454345
0.76551527
0.7944471
0.8253936
0.7252607
0.73189837
0.7523144
0.7813511
0.8488506
0.896735
0.90537363
0.83471334
0.8838463
0.8781496
0.8835642
0.8113563
0.8307879
0.7555087
0.65791655
0.62646055
0.61235595
0.628419
0.63787574
0.5884843
0.73225397
0.8171197
0.86039203
0.82446265
0.8457762
0.8124618
0.86340606
0.8099598
0.7327061
0.74212843
0.75486714
0.86114687
0.7810677
0.7994791
0.92915857
0.8231407
0.8742552
0.85657287
0.7645995
0.6363586
0.7462859
0.7754283
0.7566395
0.81675047
0.7984073
0.77987
0.68097866
0.72035694
0.6372848
0.51660365
0.5855243
0.5905344
0.57825464
0.42059657
0.45675755
0.39435822
0.3465031
0.312317
0.27445716
0.36026093
0.51626974
0.57441926
0.57542765
0.65303177
0.65242827
0.7832416
0.8046073
0.8044684
0.8117619
0.7540946
0.64822954
0.61120206
0.32723784
0.3177801
0.2578999
0.265098
0.27869892
0.3614013
0.4098733
0.25639874
0.15233697
0.26569796
0.36912894
0.33162215
0.3212495
0.32214165
0.2140604
0.23764853
0.8125896
0.9004908
0.85656446
0.8154752
0.75817984
0.50261366
0.49663314
0.46989942
0.37255836
0.4125244
0.41793317
0.44453508
0.4110388
0.4655214
0.55097777
0.43956795
0.48506987
0.44320464
0.52127105
0.65244186
0.65160173
0.52307063
0.4575588
0.48826888
0.4256669
0.45255384
0.33517313
0.38238654
0.348288
0.4421306
0.3794622
0.27592793
0.44316557
0.28939673
0.26529783
0.55111086
0.5333746
0.6218886
0.6009947
0.5638894
0.5235788
0.49967116
0.61754066
0.53363967
0.62827545
0.63877773
0.65935814
0.684072
0.5551663
0.6133946
0.53855145
0.59904885
0.46151847
0.49185437
0.5460892
0.357021
0.517184
0.5202983
0.45762363
0.56693834
0.381642
0.4281849
0.39216298
0.36343834
0.4060284
0.41944122
0.35808864
0.34986636
0.33670864
0.2582323
0.18344969
0.29305577
0.3195974
0.2665285
0.32207584
0.28972468
0.3693202
0.39253327
0.51135224
0.40588886
0.49065393
0.52088493
0.54968345
0.32987246
0.2492661
0.31404606
0.17634808
0.51378995
0.491632
0.5563995
0.6691506
0.79275745
0.8131148
0.830206
0.73920316
0.7767829
0.60388416
0.65566146
0.62506205
0.6090007
0.6657786
0.6137885
0.5882674
0.6513232
0.57654804
0.74290043
0.67249924
0.759605
0.74157214
0.73182005
0.76815337
0.74664897
0.6965132
0.6831402
0.6542553
0.6017801
0.58142066
0.70414966
0.7091058
0.6099913
0.7374631
0.7352514
0.8931029
0.4552791
0.7820662
0.51069117
0.53057563
0.54187435
0.6530893
0.6489658
0.82107466
0.7602043
0.5416974
0.7195858
0.70286983
0.7412873
0.6100532
0.52428716
0.22745565
0.12464358
0.3974984
0.31749815
0.4030664
0.32523283
0.2775228
0.38708258
0.29849058
0.22668393
0.21112946
0.2301148
0.37459728
0.5089163
0.5538218
0.3782571
0.6014498
0.5364038
0.48096442
0.4746968
0.57623404
0.5749604
0.6824894
0.49076608
0.45462298
0.51105714
0.4888473
0.53887093
0.5704736
0.57756126
0.6132537
0.7086426
0.82017946
0.84627485
0.7976584
0.6030419
0.60200036
0.4939677
0.46162364
0.5234824
0.58539253
0.4770652
0.53556705
0.56401485
0.55037135
0.6017125
0.543074
0.51185256
0.53888583
0.5927134
0.60251576
0.5940717
0.6270053
0.6687252
0.5616305
0.5974479
0.59403664
0.70685595
0.7178992
0.4707019
0.65346223
0.7481945
0.58139914
0.52499634
0.6720015
0.42404264
0.5021527
0.7318967
0.46441096
0.4374758
0.3791837
0.45449734
0.5509055
0.34221736
0.3959482
0.6340376
0.57691324
0.66040856
0.4630618
0.44658613
0.42112297
0.114224695
0.23764835
0.2492011
0.3004436
0.5940344
0.8167807
0.8517205
0.760906
0.7316833
0.77202106
0.56815684
0.5694825
0.3888883
0.52854466
0.6820296
0.63813895
0.6117506
0.54731226
0.59506816
0.6611249
0.77259713
0.8632845
0.76514935
0.68166924
0.59953237
0.5950999
0.6570991
0.78132075
0.7914835
0.8826152
0.8436268
0.9056832
0.7776316
0.5199489
0.6897688
0.70951724
0.796964
0.72843134
0.80260444
0.8705971
0.77453035
0.6480563
0.6183671
0.7467603
0.6651858
0.7154445
0.72621346
0.80076385
0.70349276
0.8244072
0.780862
0.8419634
0.7369453
0.72597176
0.3063016
0.5470519
0.62523293
0.6206974
0.33927622
0.2744064
0.4193342
0.5710607
0.5764264
0.5022742
0.5596596
0.66860014
0.5047567
0.6444104
0.76680577
0.7252716
0.5884545
0.5100386
0.34411436
0.17958336
0.22999476
0.14991552
0.24215697
0.21884055
0.20945035
0.3720901
0.369726
0.25672993
0.38154572
0.32677433
0.4359979
0.38727248
0.31516567
0.28453705
0.3104862
0.35271063
0.22746399
0.391192
0.38288498
0.53859776
0.34668395
0.48955652
0.52753735
0.3340966
0.38428697
0.41329342
0.42877716
0.36210743
0.4619359
0.510778
0.48389837
0.52261907
0.42383215
0.38342398
0.35927257
0.37079304
0.40052998
0.3194443
0.28840557
0.24755731
0.32177672
0.40074083
0.40898156
0.26035362
0.3104335
0.14349775
0.19193645
0.21066351
0.2742028
0.17355402
0.26472792
0.3577423
0.19853473
0.18426566
0.1617562
0.3376006
0.36885363
0.21984455
0.27472582
0.14144179
0.24210957
0.13732898
0.26977044
0.21062309
0.13939887
0.20038502
0.3335804
0.11569321
0.36365613
0.29316223
0.32040668
0.49655423
0.4012127
0.43615454
0.36810204
0.35185602
0.4670791
0.2193145
0.17101708
0.21875301
0.13688667
0.14029741
0.32199553
0.19582129
0.12575221
0.11366644
0.16600887
0.112339735
0.24492851
0.13064839
0.31270084
0.3820028
0.27205315
0.3084016
0.29924548
0.2584844
0.27208808
0.25119686
0.41937888
0.4170647
0.4577
0.39671278
0.29348043
0.34139395
0.31653053
0.33939838
0.34174383
0.23983862
0.22399534
0.20653006
0.1138514
0.020646278
0.2179871
0.17984702
0.42153582
0.3815064
0.3739067
0.3385043
0.4795552
0.3807886
0.5236416
0.5797767
0.6163786
0.43753695
0.39186886
0.30580217
0.2099205
0.29180253
0.15469073
0.16178489
0.077137195
0.17423414
0.2849231
0.23148721
0.30587697
0.27413154
0.26351202
0.16831818
0.52033895
0.44949496
0.6023966
0.70415545
0.80156195
0.6985451
0.7026516
0.59676623
0.66910946
0.70758647
0.5134762
0.07757168
0.22815505
0.20378321
0.15659624
0.15019152
0.20554087
0.14919363
0.23372233
0.27894455
0.16495723
0.20130347
0.21722598
0.23979466
0.21568242
0.14991093
0.28121078
0.1756349
0.42298275
0.20394108
0.15709113
0.19611527
0.23666194
0.24762118
0.36096182
0.18709646
0.21490766
0.29520142
0.18715285
0.2093302
0.14394295
0.19649585
0.14638889
0.18076272
0.16421889
0.21233955
0.1337492
0.16708897
0.19184871
0.18871073
0.20747218
0.18927467
0.25001922
0.4049432
0.254628
0.19733946
0.22169237
0.2005915
0.26758108
0.3520721
0.30120352
0.29107073
0.48004994
0.37999213
0.20665304
0.20794964
0.24283417
0.2627884
0.19503303
0.32514602
0.2092255
0.28975126
0.20797387
0.15349907
0.06704256
0.11372504
0.13341267
0.17762099
0.18314469
0.17530188
0.14134097
0.2778882
0.21930908
0.13776684
0.21573849
0.24219055
0.268189
0.25712204
0.16942792
0.3558829
0.25423944
0.20491253
0.20564957
0.5329582
0.31551015
0.22505069
0.24609537
0.35335416
0.3941619
0.19932488
0.1689904
0.34787917
0.30352858
0.24362363
0.35210305
0.4062426
0.303189
0.32978743
0.2798675
0.14605582
0.21360229
0.2729521
0.34054297
0.3379333
0.31561688
0.30477595
0.19848916
0.19652976
0.21996023
0.353592
0.4451487
0.50516343
0.44101068
0.36211917
0.59513485
0.6388339
0.57495695
0.6444974
0.7047507
0.6402711
0.6937415
0.53626317
0.4250978
0.6320815
0.51343215
0.40611392
0.3427951
0.43999416
0.5394048
0.3985107
0.43224153
0.5656638
0.65783083
0.6431617
0.59189546
0.52197224
0.5094267
0.5298597
0.50958717
0.59749633
0.4330237
0.3871998
0.36685824
0.44993013
0.48274356
0.40828058
0.4287191
0.3779279
0.50120074
0.42600363
0.46482217
0.3833312
0.40638655
0.45359588
0.5741894
0.46048796
0.5360495
0.5264244
0.48971707
0.47491086
0.5835959
0.5103653
0.635785
0.5333668
0.28253016
0.45469302
0.5021077
0.3842307
0.52756643
0.3296656
0.4513056
0.41592827
0.4234122
0.5273632
0.5237999
0.40529928
0.4898206
0.71870965
0.8080844
0.77034414
0.7319785
0.7084106
0.7723241
0.73721105
0.6446645
0.41453996
0.51678
0.4100774
0.4804619
0.3238196
0.3157319
0.27798727
0.34970522
0.51907414
0.54216826
0.4730624
0.4063483
0.42936864
0.482885
0.37119743
0.4308965
0.22513337
0.56276965
0.7907673
0.81782526
0.9186754
0.7483342
0.59692544
0.09526601
0.2661794
0.15657514
0.5897389
0.49599236
0.73280925
0.6765087
0.8358167
0.70637566
0.79060584
0.7225835
0.6244449
0.51702976
0.29684243
0.5337243
0.7605131
0.79828423
0.60741353
0.33643886
0.32522255
0.75451875
0.6748386
0.41748568
0.426903
0.7910499
0.5647241
0.4423029
0.22383763
0.4853363
0.54633766
0.36350572
0.21053289
0.29595715
0.41059366
0.4492802
0.36833447
0.4962224
0.6220898
0.4427909
0.17871197
0.5515873
0.5684101
0.5625168
0.47586268
0.5774076
0.47058672
0.49711844
0.6887504
0.6418946
0.73256755
0.742861
0.57363564
0.6280576
0.50835526
0.47415602
0.50508034
0.2035372
0.4285509
0.5631235
0.41100276
0.27326086
0.37079436
0.6469363
0.81561863
0.71143436
0.35470822
0.343169
0.34664798
0.23861808
0.3892009
0.39011765
0.43977842
0.43517944
0.34983477
0.4989282
0.4815906
0.591952
0.47635606
0.5069962
0.5010829
0.5201233
0.46223876
0.35211283
0.34649703
0.21052715
0.2621177
0.33483753
0.16644672
0.27636346
0.24895318
0.2620185
0.32495174
0.25814632
0.1140156
0.08984361
0.10872952
0.17658754
0.10709707
0.17714776
0.18632717
0.15882862
0.2735451
0.32794008
0.44762447
0.518534
0.27919728
0.23406684
0.27691334
0.20607471
0.18999572
0.23235244
0.34293455
0.28420165
0.1771996
0.43517557
0.35045394
0.3789745
0.2964387
0.22426598
0.26565123
0.30680263
0.38713712
0.26813024
0.37086818
0.27914703
0.3284058
0.07853152
0.041535098
0.06565155
0.07577482
0.07753631
0.20999746
0.35408893
0.22799718
0.3494328
0.3588543
0.23655261
0.13857163
0.3182477
0.30451208
0.3145343
0.35279214
0.47203216
0.38255656
0.19728471
0.1888552
0.30699384
0.4078115
0.24886802
0.35746506
0.46505702
0.32689023
0.27950346
0.2762528
0.35649818
0.3858437
0.23670988
0.10213395
0.2251208
0.17875794
0.22634292
0.26215902
0.3198509
0.21573524
0.28123254
0.31788048
0.283599
0.26405832
0.256298
0.18983737
0.37799904
0.2221882
0.35937053
0.34994313
0.19316153
0.30247095
0.31849268
0.2278252
0.2811814
0.3121053
0.36855087
0.18689373
0.28920752
0.43629625
0.08054398
0.06284549
0.14725356
0.25739303
0.23967399
0.16397773
0.3100234
0.32473794
0.36222228
0.31854445
0.4032084
0.3790543
0.26286015
0.19337423
0.1637576
0.20246787
0.33956808
0.22363879
0.34421676
0.21396723
0.21161044
0.16829275
0.1270513
0.12510134
0.19120063
0.16330203
0.11525084
0.13427983
0.07452314
0.11447696
0.08525298
0.13993861
0.23658265
0.17946158
0.26504704
0.13908139
0.3505728
0.246201
0.2526468
0.3438299
0.37742707
0.22742373
0.3387126
0.4114752
0.2842105
0.2226642
0.30123296
0.57607394
0.2992288
0.40444428
0.51401037
0.44059956
0.6149739
0.48706365
0.4067956
0.5049492
0.3778839
0.49758375
0.46402746
0.5157631
0.34346065
0.31308252
0.3427143
0.3926244
0.43695024
0.27294528
0.21420145
0.20410646
0.51164216
0.16062193
0.24796622
0.3032703
0.41622695
0.51473004
0.5199534
0.37468415
0.52312964
0.4849177
0.47635254
0.6074852
0.4552612
0.49801546
0.68365026
0.3369973
0.5838891
0.20997076
0.6104016
0.39674455
0.44987282
0.33540553
0.5073984
0.4035154
0.26581952
0.44329846
0.4356167
0.3524332
0.5704481
0.48323005
0.7371515
0.46816608
0.5244031
0.4943832
0.14345904
0.1506724
0.1731062
0.36423227
0.20152196
0.27505884
0.38446212
0.42698574
0.64284986
0.21101317
0.24641861
0.10921845
0.18159358
0.22704552
0.17911297
0.25878343
0.24639653
0.34989482
0.19784816
0.32069945
0.17394003
0.33943215
0.41297358
0.24588427
0.30289257
0.49310994
0.40318856
0.32873827
0.368172
0.4210247
0.5518965
0.37913907
0.5532161
0.23828715
0.49422994
0.4934326
0.37243366
0.3939725
0.42963853
0.57488966
0.3072941
0.28484318
0.50652444
0.5420459
0.5591373
0.6007067
0.62933236
0.73962003
0.6592212
0.6698034
0.71639144
0.68916386
0.839589
0.7975419
0.7919647
0.86911434
0.9015613
0.7698577
0.6808976
0.58709925
0.32601595
0.51160127
0.42577255
0.2089378
0.18832424
0.19986267
0.11595455
0.22382918
0.20704648
0.22266448
0.20923992
0.40140894
0.5072262
0.4695119
0.515996
0.5076987
0.5108408
0.56544507
0.5544143
0.5272152
0.5596112
0.59509355
0.48904982
0.6050381
0.38059878
0.42636603
0.5332822
0.43424937
0.52888227
0.45117417
0.3243413
0.23599526
0.0050181183
0.066728905
0.035504013
0.11591611
0.27016515
0.32099566
0.44897833
0.57619053
0.7081898
0.23349363
0.15206566
0.46818426
0.48937303
0.3080276
0.38857362
0.65558547
0.78744304
0.6498131
0.65298784
0.65859985
0.8243046
0.82531184
0.5795448
0.47361815
0.40898246
0.53756994
0.59016085
0.68398386
0.7307045
0.50826573
0.8462441
0.8427613
0.70598865
0.49284437
0.3755585
0.39210495
0.45303878
0.43769246
0.63313544
0.43666384
0.5171492
0.41731778
0.54914564
0.57998997
0.5250832
0.46386835
0.64942414
0.41043305
0.57097864
0.53799856
0.5375168
0.4826686
0.5136174
0.5332208
0.5351185
0.5435517
0.7023924
0.7155598
0.5976733
0.61215204
0.7243956
0.7975481
0.81736875
0.85912293
0.6851097
0.659704
0.68468124
0.68959767
0.31824932
0.1662339
0.19849123
0.34466922
0.5329888
0.665133
0.8191703
0.8165616
0.6664446
0.30784652
0.37138802
0.65231085
0.6187276
0.70865154
0.6633806
0.6722137
0.52141887
0.5628029
0.65119356
0.770528
0.5735139
0.7146901
0.67445844
0.7045711
0.69998515
0.6934395
0.78733313
0.678688
0.7254901
0.6699819
0.5116463
0.5708262
0.5385643
0.6336542
0.6507505
0.686702
0.39293933
0.2896078
0.5048964
0.5549973
0.47053045
0.49439168
0.2534806
0.37935963
0.7015172
0.62426925
0.6122244
0.5174507
0.51175857
0.6770043
0.66575027
0.57063055
0.69758534
0.5349196
0.5246727
0.40912527
0.4397515
0.5555307
0.39352602
0.3881321
0.45507127
0.47991002
0.629031
0.64902633
0.5397397
0.6542133
0.55892533
0.38942114
0.28011915
0.16222075
0.16822043
0.1757268
0.15236007
0.19605583
0.18019375
0.2652033
0.24093866
0.33042046
0.31702632
0.43440542
0.37740505
0.40262586
0.5755252
0.44401726
0.2939356
0.48840117
0.50600153
0.55475396
0.34087676
0.3628924
0.37978274
0.36278597
0.37442085
0.38834858
0.44445282
0.3802668
0.38447472
0.46914616
0.45742297
0.45324826
0.5819409
0.5989378
0.5990545
0.65285456
0.51788735
0.601232
0.53876746
0.48801845
0.5169341
0.60394096
0.63580745
0.61914086
0.6766757
0.68840265
0.6792555
0.6181019
0.6521093
0.66879237
0.62298495
0.48416156
0.5992392
0.5150622
0.5341896
0.62057227
0.5627135
0.5876436
0.6721655
0.5679624
0.60808945
0.5671542
0.5979659
0.5057407
0.5616534
0.5090575
0.55752504
0.5503096
0.6376386
0.69823456
0.58086705
0.58270544
0.5711566
0.48267728
0.57940555
0.50048643
0.63608617
0.58201694
0.49787822
0.5558154
0.46663788
0.43737724
0.4867461
0.47872046
0.39082834
0.3656022
0.45790657
0.41566432
0.4334726
0.42623553
0.4508675
0.6114111
0.646281
0.63621956
0.6187031
0.6008566
0.53294
0.48257172
0.5329944
0.33605167
0.5404261
0.40613243
0.27514312
0.32532343
0.3180867
0.42493033
0.35291374
0.23561028
0.36133927
0.5221436
0.6095378
0.5951727
0.61840045
0.56439555
0.47645527
0.43660292
0.38046724
0.49265423
0.4380674
0.4059206
0.44690213
0.505467
0.3819185
0.43626133
0.4551108
0.52848
0.36507913
0.4481236
0.49261644
0.49790916
0.46965724
0.44742206
0.46398133
0.4124472
0.42573595
0.37960076
0.39102855
0.45107698
0.43140143
0.47337997
0.33893433
0.36821246
0.63086146
0.5815695
0.5503397
0.58172697
0.545326
0.6095859
0.54847634
0.4218551
0.47926748
0.607645
0.5611413
0.51069486
0.5623863
0.6771635
0.6094314
0.53755087
0.62349504
0.47601253
0.57541484
0.68590206
0.67408246
0.6774376
0.6662051
0.69444275
0.6689304
0.58836126
0.5148165
0.49113822
0.49340543
0.47652727
0.37733373
0.5657824
0.51914036
0.49514875
0.5505252
0.78681815
0.7864426
0.8449492
0.74351877
0.53899235
0.6793324
0.7634751
0.6683739
0.46508145
0.6387847
0.6390723
0.72879636
0.7822134
0.7503148
0.693455
0.7070635
0.46577084
0.5616352
0.6686918
0.742758
0.637392
0.55121195
0.7373575
0.33220232
0.73032725
0.790212
0.7364923
0.57629764
0.7055203
0.5695993
0.7148477
0.5616484
0.6191998
0.6728418
0.7536363
0.71857387
0.60647005
0.6792325
0.6348852
0.5345022
0.5433371
0.65264094
0.4928522
0.6619586
0.6818483
0.6449292
0.4602862
0.5394169
0.5294184
0.6598759
0.5764084
0.7559287
0.72281784
0.8515837
0.7891377
0.80891085
0.5642103
0.7548555
0.65335476
0.68980944
0.61271113
0.6854742
0.6361496
0.57152325
0.50681806
0.529789
0.5407586
0.43919453
0.4308597
0.7707465
0.6337802
0.49565503
0.36749017
0.44315135
0.59172463
0.48249388
0.34734875
0.4741798
0.57469153
0.7923798
0.7921357
0.82991374
0.71767765
0.6334755
0.7791031
0.5891457
0.6706679
0.53770244
0.6146955
0.5002299
0.33944264
0.490854
0.45884416
0.4862698
0.56714106
0.44844735
0.5379695
0.546973
0.5633712
0.6129754
0.55381703
0.49308997
0.4382776
0.4291237
0.34255508
0.27167842
0.44519448
0.47497028
0.5538706
0.35706672
0.32178777
0.5024712
0.6000855
0.48954654
0.24837303
0.32624763
0.33630523
0.35948595
0.30746964
0.46769786
0.42202574
0.40304807
0.35663694
0.20376691
0.2593608
0.23887081
0.2042625
0.25611243
0.2859097
0.3134924
0.42927897
0.48630032
0.52141607
0.58067197
0.41910017
0.6426898
0.43810722
0.5102338
0.57960033
0.39014995
0.4098601
0.39688566
0.46285987
0.39899284
0.5740969
0.37817702
0.49080503
0.33117428
0.46235153
0.2772367
0.36022088
0.36977312
0.3513741
0.40315673
0.28487793
0.4522579
0.51438284
0.37853712
0.37335047
0.50716674
0.5769202
0.5177574
0.5249231
0.60843074
0.5377928
0.543727
0.5253021
0.5832018
0.49523526
0.49700463
0.57521975
0.42954472
0.5060565
0.50638485
0.52297586
0.46534413
0.4114213
0.46889994
0.47216922
0.44411924
0.43097302
0.43983665
0.30147365
0.40911886
0.41527018
0.41471863
0.38990015
0.5429989
0.43512
0.46050453
0.5249035
0.44521326
0.5025879
0.38891417
0.5027688
0.41770986
0.50427
0.43503955
0.4725063
0.5221683
0.50725305
0.48330125
0.5069092
0.5256172
0.5724074
0.52260375
0.4394512
0.47663763
0.39779973
0.43370655
0.39956394
0.50699973
0.34413105
0.4530397
0.38830993
0.4450036
0.4440662
0.36999413
0.41601965
0.48817292
0.4633812
0.38992494
0.63624424
0.48094
0.49551934
0.23384081
0.5816175
0.61372006
0.41578335
0.4093261
0.5605477
0.6326612
0.4898395
0.48817465
0.5848431
0.33474803
0.53791696
0.4529759
0.5516758
0.43425593
0.2606384
0.35476878
0.32899743
0.38237956
0.19815667
0.06290806
0.31274268
0.36300135
0.24425788
0.2657082
0.2197228
0.17927337
0.2597323
0.290518
0.35677075
0.36400163
0.22750011
0.29882345
0.17010047
0.21905659
0.2427212
0.22569194
0.21168417
0.3436195
0.31683657
0.2655617
0.18338849
0.20021
0.3122159
0.32237113
0.1740582
0.3077631
0.23082015
0.29890043
0.25854734
0.36406556
0.3722369
0.36662456
0.18930331
0.28602442
0.37812343
0.44120944
0.5937339
0.47846016
0.5468974
0.5251187
0.4353705
0.43796423
0.590284
0.51340836
0.45711124
0.47572738
0.37114954
0.38918817
0.27473307
0.4708277
0.39605337
0.39145392
0.3569285
0.4701336
0.32391566
0.30239257
0.3312805
0.35927376
0.3422914
0.32415545
0.3301108
0.25282973
0.3444641
0.3613775
0.3207471
0.38019785
0.37211275
0.38457224
0.27926794
0.25242707
0.4024778
0.37592798
0.33969375
0.4288996
0.39472717
0.29701224
0.29232264
0.3806963
0.33226708
0.4072162
0.3812732
0.4770131
0.37772274
0.294183
0.39695904
0.41056114
0.31782392
0.2600082
0.2697835
0.3036515
0.34381285
0.3007585
0.35928607
0.2181582
0.2535525
0.18617815
0.31750566
0.20749798
0.29353705
0.3895292
0.2897322
0.28468716
0.27901226
0.2644481
0.3762891
0.27747077
0.1604826
0.25837833
0.25306335
0.3280874
0.27247405
0.21750198
0.38928866
0.26550964
0.43580717
0.43571448
0.28182748
0.332801
0.36440805
0.34967092
0.3398247
0.28023502
0.34772518
0.37147215
0.30641595
0.37022898
0.37107015
0.40884018
0.40312162
0.2583136
0.20706643
0.35944685
0.33980432
0.36097902
0.19281223
0.33044648
