1
0.9999752
0.9999695
0.99996245
0.9999652
0.9999589
0.9999546
0.9999218
0.9999033
0.9999454
0.99989176
0.9997428
0.9995664
0.99953103
0.9995921
0.99932885
0.9986785
0.9994404
0.9985868
0.99887353
0.9983125
0.99739933
0.99495304
0.9950781
0.99863833
0.99492717
0.99152803
0.9963716
0.99379927
0.99363494
0.99331456
0.9936233
0.9872285
0.9860271
0.9849015
0.99108666
0.9938984
0.9918636
0.9888166
0.98549217
0.9843423
0.9825335
0.97769415
0.9331967
0.9714714
0.9412282
0.97005546
0.9701075
0.9810797
0.97734934
0.98564106
0.9610261
0.95910496
0.96848404
0.9721994
0.9740397
0.96538246
0.98127216
0.97049564
0.9791759
0.97487926
0.98784864
0.95706797
0.974959
0.98331547
0.9820771
0.9786497
0.99336267
0.9889015
0.990252
0.9779845
0.9916065
0.9930102
0.99291056
0.98138016
0.99303436
0.9857124
0.99311876
0.9777908
0.98038703
0.9809683
0.98971564
0.99157846
0.9876274
0.9955199
0.99099076
0.987739
0.9916393
0.9885417
0.99160975
0.9898948
0.98715776
0.9866671
0.98841596
0.9897351
0.9909582
0.9893472
0.9917597
0.99066705
0.99071586
0.99340504
0.99406624
0.99294996
0.9872937
0.99010944
0.9906809
0.9896908
0.99045205
0.9926286
0.99598145
0.99796677
0.9957593
0.9956216
0.9971615
0.9952916
0.99778724
0.9952571
0.9972824
0.9931636
0.9942373
0.99465203
0.9949962
0.9930211
0.9961498
0.9947429
0.9952295
0.996488
0.99674416
0.99583274
0.99567044
0.9966012
0.9960402
0.9925184
0.99714226
0.99835026
0.99847347
0.99512357
0.9961754
0.9960479
0.9968064
0.99589336
0.9974087
0.9975625
0.9979578
0.99909484
0.9984049
0.9965198
0.9969682
0.99762064
0.99703777
0.9969528
0.9952636
0.9953082
0.9944718
0.99335676
0.98656785
0.9909684
0.9896157
0.9793346
0.9857373
0.9853674
0.98343074
0.9826279
0.98475987
0.9745734
0.97631437
0.97818714
0.98522276
0.98876035
0.9876165
0.98385864
0.98277515
0.9791566
0.97413844
0.9708802
0.9633787
0.97041804
0.96883225
0.96486616
0.95613134
0.9489864
0.9496466
0.9370143
0.9427537
0.9432304
0.94007754
0.9409175
0.9272994
0.9354348
0.9487228
0.9662624
0.9717604
0.97244734
0.98297966
0.9931058
0.9846704
0.990185
0.9836114
0.9810193
0.9869982
0.9867113
0.9847076
0.9892926
0.99150014
0.9893857
0.99349535
0.9858635
0.98227686
0.96341646
0.973204
0.97998226
0.97471493
0.976319
0.9792858
0.97443795
0.9658951
0.9673354
0.9708947
0.9698702
0.9739624
0.9565653
0.9597038
0.9576526
0.9750318
0.9665776
0.96099216
0.9655708
0.9649396
0.9706214
0.975128
0.963876
0.9655006
0.9764317
0.96295255
0.9796101
0.97248375
0.98035634
0.97376096
0.9748352
0.9744915
0.9733994
0.98867255
0.99414176
0.9954367
0.9963246
0.9960394
0.9915139
0.9918297
0.9920141
0.9926416
0.9920602
0.99119735
0.967928
0.9566358
0.95797634
0.9574679
0.9780789
0.96394277
0.97074133
0.9708862
0.96026677
0.9767099
0.96876097
0.9834485
0.98922133
0.9850536
0.9787378
0.9731355
0.9872558
0.98293185
0.98386455
0.97371805
0.96830654
0.9761505
0.9750497
0.960033
0.91553605
0.90329444
0.94268394
0.8585587
0.8156919
0.79651105
0.850288
0.85852236
0.9051884
0.90575117
0.95733964
0.92395645
0.9436164
0.9361131
0.9554138
0.97036576
0.9522012
0.9468547
0.9602069
0.9498367
0.9537106
0.96770734
0.9723875
0.9572992
0.93536127
0.9432386
0.97573495
0.9707602
0.9256414
0.84264445
0.8610071
0.8112033
0.77699465
0.8762548
0.92995554
0.86355424
0.8109812
0.8536272
0.854661
0.8470612
0.92995286
0.940843
0.8905571
0.7225649
0.785294
0.8772472
0.8854829
0.7841241
0.8480151
0.8825068
0.7763494
0.691116
0.67803925
0.9823079
0.9458459
0.9685168
0.9732945
0.9746352
0.9782963
0.96046793
0.97774655
0.9398416
0.91408646
0.74790126
0.860913
0.9059596
0.8905795
0.92212266
0.91732943
0.9584794
0.938324
0.95005614
0.8689301
0.83547556
0.71671075
0.5925733
0.64210284
0.63363135
0.42690778
0.40971634
0.54199326
0.48751035
0.41636124
0.82741964
0.9267861
0.87738574
0.9033553
0.9478958
0.96755904
0.9743455
0.9635195
0.9554046
0.96969795
0.95645034
0.96663195
0.9714286
0.91495675
0.92326087
0.9547833
0.9429411
0.95856076
0.95655525
0.9731602
0.9599164
0.9690776
0.95011055
0.9766441
0.96256614
0.9597763
0.97384155
0.9650728
0.96910214
0.93408716
0.956679
0.9418363
0.8668296
0.8928486
0.924543
0.9366009
0.9397181
0.95256054
0.8817316
0.876039
0.80840236
0.7277867
0.78662336
0.80709887
0.869879
0.84681
0.9159692
0.94434065
0.919364
0.95647967
0.9630787
0.9558809
0.94569254
0.9482086
0.95967376
0.9514412
0.949555
0.967252
0.96112627
0.9479407
0.96083784
0.95482236
0.9780805
0.97560716
0.9260037
0.98377085
0.9788063
0.97721684
0.98104787
0.9556768
0.9743711
0.97088695
0.96117425
0.96474797
0.9310532
0.9343332
0.9491406
0.9413517
0.9360022
0.9591059
0.96616894
0.953175
0.94016886
0.9209219
0.8920185
0.9101143
0.9321756
0.96529204
0.9630432
0.94235355
0.95885926
0.9654258
0.9454445
0.9146347
0.8938896
0.87018734
0.9344481
0.922286
0.9624216
0.95582557
0.9662662
0.9717135
0.9761705
0.98165476
0.9834562
0.9946214
0.9903099
0.99126035
0.98812705
0.98614013
0.979982
0.98258626
0.9921582
0.98611253
0.9712246
0.98015505
0.9937435
0.9805397
0.99377054
0.97972953
0.97875434
0.96976995
0.977794
0.9822869
0.98758286
0.9956369
0.9909209
0.99028265
0.971347
0.9690699
0.95895725
0.8513992
0.89937496
0.7749728
0.87690985
0.8923772
0.88626623
0.94292945
0.93703884
0.9165266
0.8732523
0.8505844
0.8962399
0.8823356
0.9581929
0.9586424
0.96406096
0.96624017
0.96727806
0.96047133
0.9250096
0.9535574
0.9447079
0.9201986
0.9059837
0.9101356
0.919714
0.9306186
0.7372771
0.5445612
0.4736811
0.2912447
0.16560566
0.103925385
0.17531082
0.25462043
0.18552284
0.94011116
0.8405493
0.9665083
0.9638609
0.9767122
0.9700881
0.94065744
0.9243592
0.90892106
0.87137514
0.8858298
0.8934903
0.82399267
0.78187907
0.829516
0.7127403
0.7072427
0.6864516
0.80761063
0.7803201
0.82771754
0.89263403
0.9419286
0.9174209
0.9183412
0.8637364
0.9111955
0.81555897
0.6750507
0.8422257
0.8751599
0.8916641
0.84782845
0.6755179
0.4488498
0.48815656
0.5578295
0.5817034
0.67226416
0.69550467
0.6437976
0.6203332
0.6207066
0.69630706
0.72395265
0.64805
0.62317616
0.71422255
0.68599397
0.64688396
0.5967764
0.52915335
0.50135523
0.4045136
0.5489615
0.55943674
0.723165
0.76895976
0.85439533
0.85905176
0.83273125
0.92245007
0.90215683
0.8477877
0.8637872
0.8331924
0.9205191
0.8216004
0.8497356
0.79480845
0.80021614
0.8527237
0.8575084
0.82780266
0.8658722
0.82917285
0.8263908
0.82039326
0.8444722
0.8757599
0.8951101
0.8421886
0.7993845
0.8497336
0.91696537
0.83739495
0.9243358
0.7699746
0.833954
0.90018934
0.88520736
0.86005485
0.7553861
0.8755045
0.87199086
0.8174473
0.7842439
0.7282793
0.73945165
0.70979947
0.620435
0.68495697
0.90014136
0.8662078
0.8659777
0.74108106
0.83720386
0.9111459
0.85169023
0.91321474
0.89170164
0.8767171
0.7871211
0.76938474
0.89440274
0.88632286
0.9006807
0.90539426
0.95338047
0.9361109
0.93989354
0.92946637
0.8311582
0.8945243
0.8700414
0.9143246
0.9244395
0.93786085
0.78156036
0.7098175
0.5553022
0.4236264
0.55391586
0.47058868
0.39299873
0.3561633
0.7326976
0.51300603
0.47312376
0.66614497
0.6092131
0.806802
0.859759
0.8352322
0.7611854
0.643685
0.8331476
0.6734071
0.5992727
0.6786998
0.73079234
0.55215526
0.41066715
0.55573225
0.29577854
0.2883471
0.3047149
0.2687055
0.25315708
0.33448675
0.51707464
0.42521602
0.26116368
0.1748074
0.31877065
0.33072507
0.5804148
0.40839902
0.420307
0.36504066
0.6009113
0.58403134
0.68443996
0.5192921
0.6086476
0.49270627
0.7471606
0.65828514
0.56990373
0.43776757
0.38189933
0.26937073
0.31205234
0.17062679
0.18729265
0.15092526
0.08787757
0.103752315
0.41959637
0.39078513
0.2544616
0.08469521
0.042586967
0.22359517
0.17660002
0.07631728
0.043777574
0.07059547
0.10208755
0.29418808
0.18536945
0.40144378
0.5027894
0.6284704
0.70759153
0.61577296
0.52717847
0.5653641
0.39716676
0.28723451
0.30626988
0.36127537
0.4304342
0.37169012
0.44241658
0.38657224
0.42169854
0.5436437
0.3808921
0.5103668
0.54855794
0.5847649
0.53137803
0.46858543
0.5450458
0.54005927
0.58471686
0.6118791
0.7080894
0.7860359
0.7572053
0.7139866
0.5961479
0.6709842
0.61288404
0.5043627
0.3542764
0.33400738
0.3031812
0.3175976
0.3320753
0.3369457
0.35151234
0.63333786
0.63565373
0.5010296
0.48718694
0.65123296
0.62298363
0.70861375
0.7213823
0.7409615
0.7789108
0.8089517
0.7620241
0.78262615
0.7632092
0.76606244
0.6746875
0.7297523
0.6821549
0.6166789
0.7517078
0.6363535
0.4063002
0.5270736
0.44808272
0.48656052
0.7472177
0.5840932
0.74698675
0.64819574
0.55793947
0.67986345
0.39710674
0.59069836
0.6976185
0.5340629
0.5030491
0.5945857
0.57360226
0.6247714
0.6650362
0.60263985
0.60063726
0.67994773
0.59474707
0.51012367
0.47331518
0.33159214
0.550128
0.6565331
0.579195
0.57698333
0.4018233
0.29517847
0.20166354
0.050091505
0.0073646195
0.74476194
0.66432965
0.6664893
0.7496664
0.7095297
0.7772832
0.7089934
0.59714246
0.66006273
0.62701476
0.5977402
0.6037645
0.5367498
0.459926
0.36237124
0.36418453
0.30079147
0.34603667
0.39279765
0.38472325
0.4238855
0.52228266
0.44182628
0.4899554
0.38342696
0.4878897
0.5337603
0.6783906
0.7619773
0.7208173
0.77149343
0.82549226
0.7684425
0.7529388
0.67606467
0.703762
0.5967347
0.66488206
0.57259715
0.6639145
0.5999974
0.67036885
0.5889911
0.6367875
0.69855595
0.6380203
0.64542973
0.7408504
0.71249145
0.68287635
0.6652189
0.6638066
0.73285013
0.8431849
0.80210024
0.76347107
0.7869068
0.75170124
0.664961
0.7245554
0.7561784
0.79046535
0.70014334
0.6909205
0.69134814
0.7100105
0.7717134
0.650823
0.6629912
0.5672805
0.74158186
0.8179736
0.67711234
0.64642215
0.58934635
0.6802987
0.5946314
0.5302028
0.57863903
0.6002063
0.6737529
0.52167857
0.690066
0.71304584
0.6188807
0.62052333
0.5602115
0.64271855
0.6442611
0.6428925
0.47731334
0.72660637
0.62193424
0.6487141
0.6759685
0.7846545
0.6892241
0.7448747
0.7402261
0.84980637
0.70608765
0.644421
0.79072857
0.7002487
0.7283121
0.71764827
0.7356972
0.6814132
0.70618737
0.70767266
0.7475274
0.82763183
0.7808342
0.7829046
0.8158371
0.75261366
0.793463
0.7326139
0.8477695
0.85427636
0.8253839
0.8647749
0.9043238
0.9218863
0.9103861
0.92474544
0.93086755
0.9290491
0.9678478
0.94373846
0.9664151
0.9228355
0.9638358
0.94040847
0.93982214
0.93986994
0.92997986
0.9177677
0.86562777
0.85337657
0.8601013
0.9194422
0.95376813
0.89756286
0.8905079
0.84452987
0.924903
0.8672924
0.8172673
0.54761267
0.751133
0.71190614
0.7993512
0.9491638
0.94759816
0.904067
0.8700928
0.69227743
0.6735274
0.6969787
0.45946017
0.3629159
0.62564105
0.59520143
0.73630136
0.9375378
0.93977433
0.93099844
0.97600037
0.98535085
0.98545027
0.9594641
0.97792983
0.9372778
0.9623456
0.9761945
0.9574387
0.9291746
0.93824494
0.94860053
0.95962256
0.92520523
0.89679253
0.9355294
0.93350565
0.9555291
0.9708328
0.98464406
0.9789514
0.9335089
0.90963054
0.87385994
0.96698517
0.9809511
0.9828027
0.9718237
0.9735337
0.9738269
0.96141034
0.9620807
0.955158
0.9524447
0.95928407
0.96599555
0.95272505
0.9453016
0.9672189
0.95798105
0.97081
0.92668283
0.95493716
0.9277921
0.9367093
0.92548895
0.93569297
0.95688707
0.9496941
0.95912564
0.9676371
0.9775194
0.9795538
0.9749349
0.96071976
0.95805657
0.9461089
0.9813518
0.97266555
0.97972816
0.96444094
0.973475
0.97184193
0.9801697
0.9815677
0.96900284
0.9428015
0.97643363
0.96382946
0.94736713
0.9746746
0.93959874
0.9580049
0.9650149
0.9620124
0.9117337
0.93894976
0.9286655
0.90520287
0.96327645
0.9226603
0.9604606
0.9278757
0.93382835
0.9406133
0.9641116
0.9360079
0.91200876
0.9521403
0.93727696
0.8589939
0.8730686
0.8874635
0.74586457
0.8617652
0.93662715
0.90164745
0.9411982
0.8844162
0.9003158
0.90062416
0.94109243
0.9339188
0.9140775
0.92582566
0.9390759
0.9557529
0.94801086
0.97017205
0.9721839
0.9852372
0.9892456
0.98277307
0.9753964
0.97594744
0.96502566
0.97521985
0.97142226
0.9536702
0.97463846
0.95559406
0.9742081
0.959724
0.97752076
0.9838704
0.99011654
0.9768539
0.97524476
0.97171664
0.96826214
0.9777099
0.95399934
0.9609646
0.98430365
0.9686317
0.9767144
0.97578627
0.98073214
0.97410744
0.9637863
0.9680434
0.94508696
0.9450394
0.9395116
0.8796566
0.8389426
0.88080156
0.8240238
0.6840862
0.790512
0.8378947
0.81318563
0.83474606
0.8913075
0.87375873
0.86193275
0.7610263
0.8059144
0.83502346
0.8658654
0.79086196
0.86226374
0.8920323
0.8438729
0.8605705
0.8436083
0.8919519
0.9199434
0.9171687
0.9090341
0.85149086
0.801259
0.96962243
0.97097033
0.9575234
0.9271317
0.9311084
0.9429181
0.94711256
0.9630274
0.949614
0.94289035
0.9315701
0.95902246
0.9508172
0.9670693
0.96734744
0.9736806
0.9710363
0.97696894
0.95646703
0.9674277
0.9702322
0.97840786
0.97734106
0.9794956
0.97794276
0.97965825
0.98568916
0.9763956
0.9783608
0.9779823
0.9775147
0.9679115
0.95943975
0.9596739
0.95059067
0.9344841
0.955498
0.93238693
0.92638665
0.9297363
0.91131526
0.96012354
0.93712837
0.9498198
0.9218304
0.94254404
0.9610798
0.9655165
0.9515799
0.9032712
0.92404896
0.9384027
0.86594343
0.93787426
0.91313165
0.9282583
0.95177233
0.9529317
0.94251066
0.8470304
0.93067116
0.95728475
0.9217067
0.8790916
0.9140209
0.9457833
0.9524277
0.89791447
0.9400637
0.9448643
0.9438061
0.9593131
0.8990171
0.9181387
0.94141316
0.9434062
0.91764754
0.9335785
0.93608344
0.9330083
0.96806484
0.9683424
0.96920985
0.95120406
0.96160907
0.9282474
0.9496502
0.90206856
0.9103927
0.9097943
0.90282166
0.9059047
0.9450594
0.89532864
0.87292695
0.87403584
0.8954218
0.895993
0.85439205
0.9190321
0.8072949
0.90000296
0.83223045
0.8889955
0.91043246
0.92951345
0.916861
0.938922
0.95030326
0.935667
0.95924914
0.9466815
0.96373683
0.96150345
0.9653329
0.9431742
0.94484085
0.9761138
0.9515797
0.9167421
0.94442356
0.8469666
0.789097
0.82162434
0.7911793
0.78630614
0.8357601
0.8139725
0.8184411
0.83518696
0.8752586
0.8704633
0.90512425
0.91868263
0.8857978
0.8973743
0.8660697
0.8104608
0.83920103
0.7195401
0.79892737
0.78585047
0.768611
0.83246267
0.82358724
0.82111454
0.79912436
0.7721167
0.7433026
0.80155325
0.647133
0.5195812
0.41854876
0.48413253
0.549438
0.5437484
0.7037434
0.74101883
0.89472264
0.92570466
0.92422754
0.92013323
0.8959035
0.87994933
0.7499974
0.7671025
0.6868462
0.7281822
0.7523152
0.66349506
0.65802395
0.6642299
0.67191887
0.64958155
0.7354319
0.7376584
0.80718833
0.7764443
0.792236
0.8855775
0.9016902
0.787536
0.8392167
0.6821528
0.75631636
0.6497849
0.79287636
0.84341395
0.85793424
0.9234362
0.9480987
0.93693167
0.88782
0.8860177
0.89782894
0.9560617
0.9206549
0.90369415
0.9147946
0.905113
0.8614988
0.9059471
0.922324
0.92452854
0.9256093
0.91929156
0.93317443
0.9113753
0.88138366
0.9482134
0.9562305
0.9556358
0.9036903
0.9002846
0.87570685
0.8633787
0.83622235
0.8941606
0.9131769
0.9023192
0.8847937
0.8648527
0.7933868
0.84202355
0.8100441
0.83186996
0.8920982
0.8980889
0.81272453
0.6801339
0.6789302
0.55580443
0.59536994
0.5325086
0.5630913
0.56019247
0.3690263
0.2831392
0.10828786
0.21229495
0.2317886
0.24825816
0.20997547
0.14622246
0.28838634
0.32195178
0.22216651
0.14040332
0.20319465
0.10980054
0.06333983
0.15596855
0.15876494
0.29381546
0.32390124
0.27206686
0.35486206
0.3760361
0.38938573
0.56023026
0.48254144
0.45074978
0.41600636
0.36190546
0.51565826
0.21270384
0.3599373
0.3831793
0.53955203
0.25938043
0.5264277
0.5586608
0.45319137
0.5926265
0.419034
0.63392663
0.6439138
0.51663643
0.5807812
0.6177034
0.4625292
0.72813505
0.79930604
0.8453081
0.82963085
0.76304984
0.7525316
0.70674986
0.68319786
0.6216674
0.706036
0.5497691
0.6027128
0.6767092
0.5446175
0.65094775
0.7704427
0.7572513
0.70362896
0.7301708
0.7509389
0.7101354
0.7461559
0.738929
0.6384201
0.61146206
0.7536568
0.61616784
0.6680164
0.72460026
0.6620463
0.8019223
0.9099255
0.78479224
0.72783184
0.8764446
0.9017626
0.94333005
0.93809617
0.9045247
0.92155516
0.92681897
0.9281842
0.9323167
0.9616659
0.93819153
0.9668422
0.9742138
0.96163905
0.9544123
0.9636914
0.95405924
0.9573771
0.96644586
0.9636554
0.96522266
0.9362012
0.95421064
0.93028915
0.91329527
0.9261614
0.9022494
0.77985424
0.8287471
0.68266475
0.71431786
0.9213786
0.901195
0.93686974
0.9275519
0.9232215
0.9221436
0.9585114
0.9456156
0.8982314
0.90870476
0.9093473
0.9294222
0.95201856
0.8836285
0.8822806
0.83988327
0.8299394
0.7676197
0.90484536
0.9145681
0.87750477
0.8970088
0.89712876
0.81049234
0.65321726
0.72063315
0.5191181
0.6623559
0.63046426
0.67219865
0.6670906
0.65218526
0.5605114
0.3870355
0.34734023
0.31276447
0.3029498
0.26302117
0.28747308
0.2492183
0.27671635
0.293888
0.34020188
0.293793
0.38599303
0.43740207
0.4580141
0.5848191
0.47369754
0.24582331
0.20927952
0.18038714
0.14352824
0.18034588
0.10782613
0.14176576
0.1022826
0.20859353
0.14222004
0.26691774
0.26044157
0.4836373
0.39001724
0.39841324
0.2726616
0.3933127
0.25915548
0.24784322
0.26620242
0.38696513
0.26614034
0.348399
0.41310206
0.55980235
0.60234386
0.5515432
0.72318375
0.57771456
0.56708574
0.783585
0.71675587
0.7084365
0.72983515
0.86198944
0.8591253
0.8484493
0.84306246
0.7731048
0.57128274
0.5754413
0.69109344
0.8450681
0.78768945
0.88086927
0.82329726
0.64871985
0.6015014
0.43115005
0.46319473
0.57141954
0.78037983
0.7230807
0.81499213
0.7095202
0.7751635
0.46154436
0.35458753
0.44729522
0.46605647
0.35673386
0.25639147
0.10505366
0.28172487
0.083442084
0.16461557
0.28975993
0.18324023
0.20325324
0.00042614347
0.00020502567
0.00019455809
0.00033028366
0.00051325076
0.14450458
0.17001759
0.13160236
0.0008850295
0.16594027
0.17315227
0.23726279
0.26256806
0.17357105
0.20124207
0.28084236
0.46281028
0.43337893
0.37588587
0.68619823
0.6575346
0.8090698
0.79407656
0.7915582
0.75656146
0.74315
0.74775904
0.7820452
0.81663173
0.84297246
0.7444024
0.8376943
0.8809579
0.79806256
0.7837177
0.8113447
0.6803693
0.777331
0.686114
0.63067365
0.6529934
0.5493024
0.4364905
0.527035
0.38515937
0.51196796
0.41635862
0.38845888
0.3759308
0.2691563
0.25091732
0.35819605
0.2526911
0.15688735
0.15251702
0.3105775
0.27240038
0.2672241
0.34744662
0.26082224
0.43512776
0.39323747
0.45987082
0.36281046
0.31940752
0.32232738
0.32881448
0.2599491
0.36944002
0.20058934
0.24612914
0.34427133
0.51166904
0.45190397
0.40229344
0.28965273
0.3455549
0.27193645
0.272878
0.34891373
0.49798524
0.4214795
0.4606133
0.36822987
0.33886454
0.39799756
0.47024432
0.5099979
0.46478078
0.67338616
0.5430494
0.53213346
0.45495418
0.5719515
0.5126743
0.5041397
0.51540744
