1
0.9996038
0.9995346
0.9995303
0.9996948
0.9996419
0.99965024
0.9996675
0.99936634
0.99899346
0.9994394
0.9995296
0.999559
0.99942625
0.99947673
0.9994797
0.9991429
0.99910283
0.9986633
0.9989844
0.99812466
0.99815756
0.9989039
0.99805284
0.99827564
0.9984242
0.9979638
0.99750274
0.9987973
0.99822754
0.99769455
0.99886274
0.9985403
0.99917895
0.99883693
0.9983902
0.9988281
0.9990056
0.9989673
0.9988568
0.99948657
0.9993568
0.9988261
0.99886
0.9991647
0.99708647
0.9979602
0.99833655
0.9978835
0.99645543
0.9978714
0.9976497
0.9966163
0.99722445
0.99927956
0.99824405
0.99842644
0.99765223
0.9971418
0.998131
0.99808586
0.99774534
0.99884146
0.9981211
0.99825007
0.9957755
0.9935783
0.9927516
0.9937382
0.98880965
0.9907231
0.9945985
0.99505204
0.9929826
0.9887473
0.988792
0.98706156
0.9823187
0.97946346
0.9709103
0.9421113
0.9621669
0.97536975
0.98376393
0.98222613
0.9746797
0.9693461
0.9647875
0.94411826
0.9455638
0.96649194
0.9497528
0.96930355
0.9871682
0.9906899
0.98388034
0.9907622
0.9963652
0.9965777
0.996687
0.99785006
0.9976833
0.9954946
0.9963832
0.9912047
0.9913936
0.99143934
0.9935801
0.99068683
0.9921887
0.9919801
0.9931607
0.98441225
0.9713614
0.96708983
0.977817
0.97987807
0.9598422
0.9723355
0.9535448
0.97555655
0.99248546
0.98176885
0.95932627
0.8550688
0.6269061
0.8142665
0.8275826
0.8319076
0.87621737
0.74791694
0.8241797
0.6471349
0.65250784
0.41987485
0.4555536
0.30183375
0.24194708
0.5723351
0.4812767
0.7859771
0.8409462
0.7780885
0.6169586
0.5724001
0.8284228
0.92235017
0.84362686
0.889694
0.8424667
0.9435047
0.88894343
0.8537778
0.8856426
0.9129758
0.9517358
0.9459302
0.97887266
0.98610246
0.9768593
0.97657883
0.9711329
0.9877071
0.9917943
0.9840717
0.97885907
0.9789773
0.95205003
0.9833068
0.9799274
0.98734736
0.98357093
0.9821379
0.9874795
0.94646305
0.957758
0.9678926
0.9722989
0.9773767
0.972995
0.9743901
0.9745412
0.9704292
0.95572644
0.95407665
0.9523295
0.95424384
0.9618987
0.9600673
0.9660353
0.97468024
0.97874445
0.98862934
0.968634
0.9623752
0.97233295
0.9402532
0.9166529
0.9099895
0.9381954
0.9160463
0.9291419
0.9407402
0.942586
0.96112967
0.9140093
0.9462476
0.93444395
0.91248196
0.85580486
0.8827275
0.89019734
0.83498585
0.8434707
0.8027977
0.84134835
0.8169961
0.81697845
0.84160376
0.8629745
0.88346004
0.9144433
0.9317251
0.9166994
0.93602484
0.96907437
0.9623009
0.9380554
0.94191307
0.9335059
0.8443269
0.91608065
0.8337026
0.8473677
0.8836563
0.89488995
0.907908
0.93077266
0.9235037
0.9072581
0.7917205
0.85507256
0.7014862
0.71821064
0.686219
0.6864543
0.64359426
0.7680896
0.5905774
0.57713866
0.6662121
0.8557331
0.7410819
0.5604533
0.63208073
0.7415756
0.5738187
0.58749413
0.7426934
0.7105514
0.45958114
0.68177915
0.55596507
0.44441092
0.46280664
0.2916008
0.42186514
0.54680693
0.6014372
0.5427493
0.7732273
0.88327014
0.87686896
0.85444504
0.89714825
0.90304667
0.9531118
0.9476845
0.95449674
0.9649975
0.9623708
0.93224263
0.8850825
0.9317159
0.8999441
0.78695303
0.7985683
0.8827663
0.8032587
0.78568846
0.8132034
0.84434575
0.6915293
0.47825125
0.8372232
0.6532661
0.71721864
0.8008137
0.82643664
0.71426684
0.5338001
0.5917067
0.76553804
0.7822564
0.81381655
0.90713876
0.7578501
0.73609465
0.70815027
0.57366437
0.7118773
0.9141651
0.853624
0.89015216
0.76481915
0.93279225
0.90978205
0.91715443
0.8080822
0.7890701
0.73805386
0.75514865
0.68691003
0.5326822
0.5905134
0.48922467
0.4568611
0.5364773
0.6167218
0.6154928
0.58338743
0.5208417
0.68711615
0.75230855
0.6661114
0.6486863
0.6718943
0.67308074
0.75945
0.8174915
0.8206826
0.7747854
0.65215546
0.51023495
0.67566204
0.61962485
0.5579207
0.78030556
0.80830973
0.86493343
0.81974083
0.8665722
0.89862293
0.8840975
0.9503886
0.9655403
0.96231866
0.88675827
0.81316525
0.836612
0.9549732
0.9086133
0.9368783
0.9365947
0.95677
0.9434227
0.95386714
0.91547745
0.8089893
0.7918141
0.67560655
0.7765527
0.73798096
0.61040074
0.64850086
0.5968153
0.75416017
0.76910436
0.6766649
0.86636084
0.8611606
0.8596074
0.80749255
0.8973472
0.8772606
0.82077616
0.83584684
0.80996186
0.8126566
0.8932369
0.84301
0.93159235
0.9554405
0.9650876
0.95114684
0.9586538
0.9736598
0.9343873
0.9755309
0.9577717
0.89987147
0.9712452
0.9772259
0.96455574
0.9105277
0.82515115
0.87801135
0.7764141
0.7832647
0.6915136
0.7694218
0.8215783
0.91676253
0.86257106
0.8180205
0.9328829
0.91940784
0.87422734
0.9223039
0.9246474
0.9266339
0.9483993
0.9486492
0.9411728
0.95103174
0.9526904
0.95259804
0.95237994
0.9752661
0.96562374
0.9727643
0.99077046
0.9908438
0.9945311
0.9885522
0.97649175
0.9894484
0.9890683
0.99334383
0.9919103
0.9787427
0.9816049
0.9876632
0.96818584
0.9731174
0.95989424
0.9773561
0.98659444
0.9872147
0.9890325
0.9929825
0.9947378
0.9915006
0.98628193
0.9873936
0.98646253
0.9911849
0.9934016
0.9881605
0.98801756
0.98842174
0.98375875
0.9891832
0.990446
0.9845766
0.9764682
0.96911186
0.9697261
0.9702895
0.96944124
0.9758187
0.96452004
0.98031
0.97663486
0.9878229
0.98406994
0.9845196
0.98543465
0.9885693
0.9943498
0.9966543
0.9949714
0.9942092
0.9960924
0.9963948
0.9899884
0.98729116
0.98619473
0.9880536
0.98646265
0.98705393
0.9886001
0.99103165
0.9887811
0.9957754
0.9940567
0.99158126
0.9933561
0.9900572
0.9854203
0.9903837
0.9259811
0.9477911
0.91562855
0.9194254
0.91294134
0.90758497
0.88736
0.88881713
0.90371424
0.90045565
0.9136671
0.8659445
0.8935896
0.903258
0.9189571
0.96398664
0.96635944
0.97353923
0.94776344
0.94026846
0.94905716
0.96042746
0.9418792
0.9767086
0.977091
0.97912824
0.9713846
0.96958613
0.97955036
0.97583085
0.980808
0.986784
0.9730099
0.9745885
0.9777129
0.9820701
0.99076265
0.98973477
0.98880625
0.9883624
0.9908159
0.9909986
0.9832955
0.9767378
0.93163145
0.9632612
0.98038715
0.9859401
0.9691917
0.97586185
0.98514026
0.9168195
0.85798
0.75198233
0.7012207
0.7407451
0.7930164
0.69077736
0.8283023
0.8336886
0.87515754
0.8401876
0.87431353
0.87042683
0.9191377
0.9569696
0.95906395
0.95754135
0.7011506
0.71314204
0.63430774
0.34513354
0.46316963
0.48008594
0.60111034
0.79851186
0.90478724
0.73140174
0.6883057
0.85799986
0.8876433
0.8412454
0.8326373
0.71956784
0.6460915
0.7039453
0.7742141
0.7208309
0.61317444
0.5353904
0.66098064
0.64445955
0.61296225
0.38843003
0.4167448
0.42073798
0.58171594
0.5705775
0.45652193
0.48239297
0.4809697
0.24628404
0.37733364
0.45030892
0.43353036
0.48308414
0.5098462
0.5831939
0.5631571
0.5715922
0.5826613
0.69510376
0.76669025
0.7099949
0.7060152
0.5839891
0.5782658
0.56711
0.5441373
0.40843776
0.26610222
0.2571046
0.23351692
0.1726948
0.26818088
0.33284092
0.20688681
0.28343648
0.13490987
0.26170233
0.32184547
0.21696796
0.23397948
0.25376722
0.21187516
0.24392015
0.28322753
0.30155724
0.3034492
0.17240308
0.22351569
0.2168468
0.20920524
0.16810158
0.092629895
0.037532736
0.12495079
0.04302971
0.09928142
0.10751176
0.11863016
0.22928864
0.19139889
0.2729427
0.25161874
0.15683813
0.33773547
0.2736734
0.29864743
0.25999302
0.17809476
0.16186948
0.22727303
0.30859846
0.26783547
0.17572483
0.15610702
0.1398883
0.088334784
0.09052948
0.13934241
0.108569324
0.06593851
0.0521948
0.1516544
0.12008568
0.08785367
0.09659207
0.21944591
0.2732791
0.15599144
0.26545948
0.313963
0.45241788
0.45138407
0.30761173
0.21685492
0.1883898
0.11821529
0.108162485
0.0637045
0.08345099
0.043419972
0.01574393
0.008772166
0.5035588
0.6279004
0.6604246
0.5782554
0.5557789
0.5181574
0.4409481
0.3637145
0.28643647
0.3310055
0.2823275
0.26906866
0.3226532
0.19278863
0.32358196
0.37112257
0.3519983
0.4193525
0.6588345
0.43437794
0.13223432
0.13541116
0.2528776
0.23016089
0.21574678
0.10257796
0.048898876
0.10970372
0.2685786
0.34059885
0.16317798
0.32854134
0.19590962
0.21823262
0.4048737
0.2310867
0.33527786
0.38480407
0.32213098
0.3577588
0.2805636
0.31815618
0.44561505
0.29553336
0.14582643
0.1515904
0.1350174
0.019201037
0.023596624
0.06813425
0.049972188
0.14431389
0.24079229
0.20517254
0.09420486
0.13094486
0.22538082
0.17469503
0.116788484
0.023973677
0.027365744
0.0961912
0.02252758
0.014241057
0.089545935
0.013571938
0.15191199
0.11686081
0.09005682
0.16051097
0.1147033
0.18456557
0.19940332
0.16332786
0.14885378
0.17547339
0.17329916
0.17712392
0.17785595
0.0661801
0.11050508
0.05681719
0.33126757
0.36506853
0.3538666
0.243049
0.21413122
0.13908403
0.18406253
0.42776126
0.34076023
0.5443574
0.5658939
0.6282057
0.49707413
0.39648268
0.3911276
0.29993105
0.25871414
0.19013013
0.1850821
0.27757558
0.37179914
0.2214314
0.25279826
0.31345555
0.30600938
0.3400421
0.4045688
0.2937124
0.33744392
0.6051142
0.49027115
0.263045
0.23526256
0.21330196
0.21058272
0.14464134
0.18833189
0.2248613
0.29237893
0.2579161
0.20491609
0.23991685
0.18174303
0.19313332
0.17695205
0.20196758
0.22521468
0.34884557
0.47995207
0.49789482
0.49665755
0.30760846
0.3987148
0.40839034
0.65009946
0.6123971
0.4184991
0.6315758
0.304615
0.51572406
0.6391571
0.6845998
0.72640985
0.78267086
0.7806987
0.76003593
0.84155464
0.62851346
0.6323118
0.7728379
0.7842151
0.79929656
0.7694286
0.7072288
0.6467901
0.5127479
0.564325
0.59642303
0.31889382
0.53492534
0.49665484
0.5336871
0.52047396
0.47811553
0.42479113
0.3820276
0.4580123
0.4362534
0.49226373
0.42450848
0.39047375
0.38987327
0.290153
0.26952496
0.08723276
0.07882836
0.120800525
0.18014723
0.15317664
0.09900898
0.12773533
0.19863403
0.13962959
0.11386763
0.09631695
0.06114748
0.061897967
0.066232234
0.038316395
0.029574726
0.060174745
0.04140807
0.0426434
0.05095721
0.06931143
0.065988004
0.062070966
0.14646897
0.23338896
0.24442051
0.33963686
0.41300166
0.49305266
0.46938297
0.3026536
0.23881716
0.05750557
0.06768492
0.044103947
0.03413938
0.037843496
0.027548045
0.02646521
0.032110296
0.022504603
0.014544544
0.010903259
0.008059551
0.0042344932
0.003528857
0.004144921
0.0046240524
0.0068476256
0.013131754
0.00564642
0.7971349
0.7148913
0.6166159
0.39982292
0.41762444
0.60090804
0.39101744
0.31362423
0.5995063
0.6885952
0.46188304
0.37981173
0.41741052
0.64456
0.75781614
0.698381
0.752396
0.7627784
0.794502
0.71979827
0.56790584
0.45646012
0.3832464
0.6007615
0.49069312
0.56234944
0.5544057
0.5841875
0.57873905
0.5358164
0.35802135
0.48106638
0.3814058
0.59315586
0.69234276
0.7320016
0.6395943
0.68780357
0.76307076
0.47733366
0.5597878
0.59848326
0.73124254
0.65639454
0.74297374
0.69601876
0.6092966
0.6688017
0.8718149
0.8447732
0.7663883
0.7311422
0.7164555
0.72270447
0.8116512
0.8156301
0.8944145
0.8613657
0.77171785
0.71045357
0.6484161
0.68357754
0.6361476
0.61374235
0.677423
0.6960106
0.5677455
0.51058453
0.5858502
0.54421806
0.32609046
0.45751828
0.6771945
0.70757306
0.9003869
0.8928757
0.7774658
0.89463913
0.8821425
0.8927879
0.7611142
0.73810047
0.81308234
0.8581211
0.888401
0.878425
0.7742518
0.7946627
0.6745554
0.72858346
0.77921605
0.73762465
0.68203646
0.8367607
0.864076
0.76657295
0.9228989
0.8319712
0.82568187
0.9147155
0.8824454
0.9246938
0.9404875
0.95152724
0.8962154
0.9335056
0.9622126
0.9682501
0.98870695
0.99122745
0.9691841
0.97285074
0.9570484
0.97715294
0.920585
0.8913985
0.8892975
0.82950324
0.7962311
0.6048682
0.71314186
0.76771146
0.6680245
0.816027
0.8253364
0.81867784
0.86484134
0.85292804
0.8428782
0.7740408
0.77660143
0.7559134
0.76759964
0.78732884
0.87778926
0.8710586
0.7070961
0.66313976
0.45792115
0.45420018
0.5414839
0.633852
0.57228535
0.5570641
0.61984575
0.642853
0.72200304
0.779421
0.8569063
0.8111417
0.83749115
0.8516258
0.8840808
0.8741597
0.9094449
0.927567
0.9005935
0.89199215
0.9122972
0.92213887
0.8437997
0.81177694
0.8395897
0.8111018
0.77928513
0.7565735
0.82807726
0.65526485
0.7903479
0.82811135
0.8112328
0.90784454
0.87497693
0.8361227
0.8261616
0.8792882
0.8751765
0.81538266
0.5843353
0.6392278
0.6040898
0.5574057
0.45640826
0.53233296
0.5528115
0.55263054
0.48587734
0.65786016
0.58962893
0.7162377
0.648108
0.68058664
0.76692253
0.8084715
0.8076934
0.7400758
0.76213264
0.8683211
0.7544195
0.76002294
0.54011166
0.3326552
0.26580292
0.22650607
0.33446002
0.3378418
0.29698387
0.44193968
0.5744472
0.62205786
0.5986516
0.74104
0.6929633
0.5679295
0.5905263
0.692685
0.80361086
0.68001354
0.49718508
0.54002315
0.692889
0.60890836
0.60046417
0.5964054
0.62726766
0.6157448
0.6910442
0.6548352
0.6249408
0.60528255
0.56800365
0.6938365
0.5866618
0.57694584
0.6071225
0.5799924
0.6031638
0.76581305
0.7529147
0.6862087
0.70496964
0.7034989
0.8201852
0.71914995
0.6075085
0.58981234
0.8080682
0.63585997
0.4905455
0.6064246
0.61084694
0.61033326
0.73041135
0.73710155
0.73818636
0.810471
0.826058
0.7259606
0.7592508
0.77654034
0.7927879
0.8021628
0.83024216
0.82124
0.5473933
0.6871059
0.6468565
0.6421515
0.37433928
0.4499022
0.49049413
0.47131592
0.5752935
0.6601863
0.71161747
0.63950634
0.46440154
0.46979138
0.60569334
0.64273894
0.6209358
0.6777234
0.85855776
0.9539657
0.9501745
0.9352234
0.9441934
0.9024694
0.8979273
0.8946339
0.92258155
0.92553616
0.80708265
0.8100393
0.8029509
0.7412765
0.6679353
0.66344535
0.68782437
0.54993397
0.6669347
0.5176007
0.37350896
0.33378598
0.33611706
0.44969603
0.4603707
0.5055587
0.42357484
0.26408496
0.2506284
0.18569088
0.12517513
0.15876427
0.108476505
0.145724
0.20014389
0.14889735
0.11979136
0.09241227
0.16207537
0.20999055
0.28605005
0.32169202
0.45690593
0.451993
0.35021693
0.29701418
0.20678473
0.08024232
0.23179126
0.2810364
0.28648874
0.35112157
0.23344317
0.26678586
0.47478652
0.3006267
0.23990372
0.40357918
0.4016068
0.37095726
0.25186872
0.20402186
0.06397746
0.14973904
0.102287196
0.107836775
0.04520061
0.012717085
0.08267402
0.24183491
0.22081746
0.21976611
0.11610535
0.03253627
0.2598668
0.29455313
0.21192689
0.29236755
0.15968788
0.119136974
0.11919776
0.066418625
0.071396686
0.057683147
0.041216023
0.029178279
0.013480224
0.0057206564
0.003571883
0.010826089
0.0129845925
0.011905078
0.013636963
0.011762074
0.0071809944
0.014087574
0.011716921
0.011873546
0.00556711
0.007637206
0.009011201
0.011726648
0.014693116
0.020209491
0.014247752
0.015566004
0.014370032
0.013199362
0.0106840255
0.011244561
0.010808165
0.007540269
0.012283852
0.009373284
0.011934467
0.009368347
0.010816897
0.01221431
0.01431722
0.015217027
0.0180557
0.024768885
0.027739959
0.04900854
0.111189984
0.086756185
0.16560872
0.2643473
0.37282023
0.39466792
0.5127544
0.49384552
0.47132048
0.49361557
0.40255317
0.37503383
0.4932168
0.307789
0.379771
0.46289733
0.5336326
0.37292415
0.40332407
0.44923264
0.46016407
0.47806355
0.53253496
0.47321442
0.4696698
0.27438015
0.43932572
0.35025916
0.4121707
0.33976918
0.27711284
0.2662287
0.31320083
0.2636461
0.34394413
0.33627146
0.24341781
0.16824564
0.23717454
0.32115307
0.13343489
0.09578432
0.19426729
0.1490872
0.19175479
0.24696374
0.26024997
0.1175436
0.2580292
0.14083984
0.23765244
0.12723365
0.3138096
0.7961434
0.527385
0.50091237
0.6099277
0.67433923
0.6538625
0.8120438
0.7284816
0.60359883
0.5385161
0.3114702
0.55335236
0.6068059
0.46061823
0.33878604
0.29064453
0.098352425
0.110367276
0.14632097
0.65648216
0.83604366
0.8029692
0.85455155
0.81268644
0.8561025
0.83081585
0.8352713
0.6514407
0.58413357
0.5785497
0.6179174
0.5115991
0.38682747
0.3464785
0.2173981
0.4999186
0.5635066
0.49797955
0.60082275
0.53357583
0.6266658
0.4015746
0.39110747
0.26835167
0.36149547
0.23789686
0.4240513
0.39641708
0.24285917
0.35818136
0.6841176
0.38735116
0.39389533
0.5867548
0.5006767
0.32982767
0.18586524
0.22415453
0.24356863
0.43117845
0.25406766
0.5265046
0.63722765
0.5549206
0.7005851
0.7491929
0.6617397
0.7762692
0.8200535
0.8016737
0.9079316
0.85590225
0.9250754
0.9585227
0.90574855
0.89820236
0.8080559
0.76039433
0.73287857
0.7522601
0.6211613
0.80989575
0.8290431
0.8928341
0.9289571
0.92234534
0.8047064
0.8566698
0.87367326
0.9274186
0.9255473
0.95508784
0.9419165
0.8546238
0.9345686
0.95162815
0.8099256
0.8731512
0.7148025
0.7735113
0.79289585
0.9002917
0.7972504
0.87627923
0.85971475
0.8676644
0.8151594
0.70690453
0.7521807
0.8101454
0.62026805
0.73470396
0.49592215
0.49756366
0.47199646
0.47472048
0.3958913
0.34328455
0.47529972
0.59884983
0.5859886
0.59549403
0.58115494
0.54744935
0.51863736
0.6065397
0.7221316
0.6767256
0.66455907
0.72139496
0.65415066
0.6463501
0.5256461
0.5288707
0.6405186
0.5089262
0.56038904
0.62648976
0.69820565
0.8107826
0.84565294
0.7584849
0.73568636
0.69980216
0.64125013
0.7788677
0.6621473
0.59537846
0.6807009
0.68170696
0.70393
0.6834483
0.6824201
0.6749521
0.6204642
0.61953443
0.65797526
0.66905004
0.51120853
0.5206955
0.48370633
0.5363285
0.39432386
0.45466292
0.31030062
0.262992
0.37302503
0.4073029
0.42292616
0.34802434
0.41294533
0.5099822
0.473525
0.5924892
0.5513498
0.39323258
0.27800438
0.28661236
0.19007076
0.2015773
0.25076953
0.1862459
0.23742497
0.21954478
0.24482842
0.23063938
0.27358323
0.11767954
0.23936494
0.19837695
0.22264904
0.105721846
0.04053585
0.09932167
0.11217428
0.282645
0.1685736
0.08323711
0.14892332
0.14620246
0.14572588
0.09970958
0.13564375
0.19594955
0.2961994
0.31411293
0.29433036
0.25876766
0.21124907
0.20620148
0.1822945
0.22823456
0.27814212
0.079942234
0.09573554
0.09732916
0.07049354
0.07119994
0.045144387
0.1390388
0.22030546
0.09012138
0.13825174
0.19334713
0.23700882
0.12698863
0.06780643
0.015383836
0.015451383
0.10019437
0.07157581
0.0147985695
0.011127684
0.085273564
0.34254825
0.3979675
0.5335278
0.24097137
0.20178759
0.3557078
0.33154947
0.28104585
0.29042888
0.15403241
0.050906345
0.042971507
0.34309462
0.3321572
0.41365263
0.3103794
0.15070719
0.2009784
0.17237988
0.24890922
0.2190634
0.21850151
0.1974018
0.20643854
0.27052012
0.17413773
0.14762613
0.15378024
0.06710198
0.058488917
0.047658537
0.039350234
0.041343786
0.041261762
0.044097565
0.04286973
0.03670251
0.030514058
0.032992687
0.0698042
0.19322105
0.18800786
0.15110965
0.19167392
0.1855901
0.08851577
0.16048056
0.1031166
0.21917738
0.3309422
0.3505242
0.36824626
0.23611595
0.38486058
0.3709493
0.50477874
0.49225843
0.5664775
0.52124745
0.4562217
0.46677604
0.42793706
0.36448807
0.35476714
0.29130083
0.24345039
0.33368263
0.32602972
0.3415187
0.14148109
0.11554073
0.08694881
0.13630313
0.066008754
0.0877998
0.19088206
0.16155255
0.22309281
0.37754783
0.38623413
0.3871849
0.51796395
0.5121606
0.3793419
0.52654225
0.31848952
0.4077271
0.44238845
0.5180919
0.52252173
0.49214974
0.5465812
0.27377036
0.2706254
0.26488015
0.55309784
0.4395891
0.62775946
0.518571
0.5258536
0.55548877
0.55539805
0.46238518
0.6366687
0.51964474
0.4164443
0.42879325
0.34673035
0.27090502
0.33712134
0.37152144
0.44173884
0.4265385
0.3937861
0.42671478
0.56408614
0.66390455
0.60527056
0.61316675
0.57094127
0.58623713
0.49351534
0.45868814
0.64584696
0.53659004
0.6238138
0.6769843
0.633871
0.5369384
0.4720883
0.56139195
0.65384793
0.68515736
0.7617607
0.6269597
0.65425205
0.62472355
0.67954284
0.5475064
0.5563409
0.63660693
0.5405938
0.54675126
0.6237425
0.6061474
0.72893333
0.68802685
0.6053957
0.75490487
0.64426285
0.65702033
0.58187306
0.720418
0.6678503
0.7920848
0.7698184
0.63382244
0.79083455
0.82193583
0.804803
0.81863105
0.7613856
0.74757606
0.7233824
0.62322134
0.8087182
0.7794011
0.67276984
0.6771838
0.60291654
0.26427788
0.8221611
0.8574197
0.7542917
0.8330349
0.90550685
0.909058
0.9037443
0.82708746
0.55140465
0.38137132
0.3672247
0.41527954
0.6750475
0.85286736
0.7399975
0.7922016
0.8185017
0.8730803
0.76523226
0.9003754
0.92702216
0.9177081
0.9362476
0.9756935
0.9798391
0.90299076
0.9337725
0.8878244
0.9598366
0.944707
0.8247154
0.7695951
0.77533996
0.8470886
0.78043973
0.91287726
0.94756657
0.97613084
0.89786565
0.6551447
0.39943364
0.44739684
0.36385655
0.17032373
0.16468376
0.18585187
0.32213685
0.20134638
0.22275388
0.25032467
0.14889516
0.18185094
0.1176792
0.13993111
0.11775444
0.22177027
0.2398984
0.3695131
0.4797449
0.2822034
0.40800604
0.6119137
0.6331933
0.4496474
0.66873074
0.59296274
0.738197
0.7194196
0.58861214
0.47651392
0.39304832
0.5931116
0.3195683
0.29391107
0.2927039
0.21759081
0.21727219
0.23181239
0.19235815
0.2266415
0.20158374
0.12761983
0.1313167
0.18063058
0.083350345
0.10348976
0.26680195
0.12608804
0.060316145
0.049204152
0.016265677
0.04153889
0.22481121
0.30503893
0.15369202
0.14800462
0.113030866
0.088609315
0.21352826
0.20842208
0.23828693
0.44344378
0.37444448
0.5199444
0.5154808
0.49957088
0.3870643
0.53448033
0.54357547
0.37893072
0.42513007
0.45200452
0.3688324
0.2762503
0.23523048
0.2674089
0.18109491
0.2515212
0.3347459
0.39580026
0.30561554
0.27552962
0.88915795
0.8814854
0.807068
0.7567253
0.6335278
0.7366224
0.8672571
0.5576762
0.7314675
0.5788354
0.5109749
0.4502621
0.25716546
0.22003336
0.2841858
0.21033268
0.32332683
0.19855553
0.2359795
0.21760698
0.2864057
0.07432074
0.15928628
0.15065296
0.7321015
0.8898231
0.9254315
0.9367126
0.84585655
0.8681691
0.8228934
0.88064706
0.86636287
0.9176921
0.84813035
0.4936649
0.31077036
0.24902861
0.10881097
0.27403694
0.40419877
0.38937697
0.51232785
0.67687726
0.7631254
0.8517437
0.76159924
0.86846125
0.7909068
0.45940432
0.54558045
0.5923185
0.3515451
0.53352064
0.594988
0.42203227
0.6069897
0.48422116
0.4759927
0.5537343
0.59670705
0.6215353
0.5208495
0.47225663
0.58393866
0.55851203
0.42515996
0.35438493
0.4585331
0.3597136
0.30521777
0.49440944
0.4002114
0.31686425
0.39389482
0.2743821
