1
0.99974674
0.99972445
0.9996082
0.9993531
0.99954057
0.9994591
0.99954
0.99949825
0.9996747
0.9996172
0.9996228
0.99953175
0.99956197
0.9995834
0.99954104
0.99954057
0.9996234
0.99973065
0.9997782
0.9997837
0.9996307
0.99949133
0.999676
0.99970883
0.99975103
0.99946636
0.999713
0.9994723
0.99970007
0.9997304
0.9996935
0.999783
0.99956244
0.99966896
0.9996283
0.99955255
0.9994444
0.99956936
0.9994641
0.9993992
0.99954873
0.99957913
0.9994956
0.9992118
0.99967635
0.99928576
0.99944335
0.9995473
0.99952185
0.99956006
0.9995963
0.9996086
0.9996768
0.9996846
0.9997036
0.99970776
0.999778
0.99973875
0.9996762
0.99970347
0.99972385
0.9997975
0.99964905
0.9997477
0.9997669
0.9996526
0.9997415
0.99965584
0.9997831
0.99966776
0.99980265
0.9997305
0.99979943
0.9997466
0.99972254
0.9997079
0.9996617
0.99961025
0.99954104
0.9996176
0.9995983
0.9994985
0.9996146
0.9995946
0.99954504
0.9996166
0.9997907
0.99954814
0.99962986
0.99964845
0.9997321
0.9997292
0.99968505
0.9996158
0.999696
0.9996723
0.9996331
0.99946886
0.99961734
0.9996556
0.99969244
0.9997693
0.99970585
0.99971527
0.99941444
0.9993137
0.9992644
0.9992085
0.9991885
0.99919873
0.9988701
0.9991755
0.99913836
0.9989901
0.9993193
0.9991732
0.9989876
0.9991559
0.9993273
0.99948466
0.9992501
0.9994437
0.99931943
0.99941564
0.9995074
0.99929225
0.9995882
0.99947053
0.9996443
0.9995747
0.99971133
0.99963164
0.9989189
0.9989507
0.9993717
0.9987692
0.99912935
0.9991875
0.999017
0.9991479
0.999081
0.9987645
0.99930537
0.9993432
0.9994282
0.9992694
0.99884725
0.99816364
0.9975795
0.9982097
0.998418
0.99832755
0.9986833
0.99845886
0.9990313
0.99908864
0.9991837
0.9990772
0.99907315
0.9991271
0.9991892
0.9990096
0.99876803
0.9985373
0.99857926
0.9985708
0.9984425
0.99873716
0.99846673
0.99881566
0.9988267
0.9983596
0.998283
0.9983719
0.9977156
0.9982147
0.998536
0.9986507
0.99891734
0.9984242
0.9984849
0.99801505
0.9976058
0.9974548
0.99718297
0.9969317
0.9947072
0.9971546
0.99666923
0.9978694
0.9983473
0.9983334
0.99805343
0.99820566
0.99876595
0.99874026
0.9985109
0.9979073
0.9972072
0.99651223
0.9957054
0.99607
0.99777216
0.9976793
0.99871576
0.99874604
0.99809784
0.99870384
0.99828976
0.9989698
0.9988254
0.99949694
0.9992945
0.9990252
0.99855465
0.99806684
0.99736494
0.9973636
0.9976699
0.9978783
0.99747247
0.9955509
0.9915053
0.99204785
0.98385555
0.9847927
0.9853892
0.98498595
0.98465204
0.99215275
0.99124956
0.99387544
0.9931243
0.9938793
0.9919853
0.9906465
0.99500644
0.9942631
0.9941169
0.9928005
0.99235755
0.99166006
0.99136
0.9932908
0.99340546
0.9865009
0.9899914
0.98051476
0.98744696
0.9746265
0.98621017
0.9548027
0.97460574
0.96574426
0.9462771
0.95464796
0.95486635
0.9215497
0.9555083
0.9555763
0.9424182
0.92678857
0.8653464
0.79800344
0.8022064
0.77113366
0.6729273
0.8685452
0.82523507
0.7195776
0.8457924
0.83503336
0.8079791
0.70806897
0.82885545
0.6521286
0.56608796
0.5876976
0.59465444
0.49612725
0.52265143
0.5528939
0.6117874
0.6355854
0.74031156
0.4723268
0.47140923
0.7240401
0.56327426
0.6317439
0.6140983
0.5080578
0.68209565
0.536432
0.53677195
0.7428619
0.54758465
0.6572136
0.65776956
0.6659238
0.44386047
0.571465
0.49056405
0.42062023
0.3209973
0.2565122
0.33920696
0.32920513
0.2097563
0.34015802
0.24235019
0.3618655
0.32184482
0.11481477
0.2311179
0.15611169
0.08286332
0.16966116
0.12784408
0.1404902
0.082483314
0.10924666
0.10848541
0.28328395
0.24525152
0.178256
0.1741331
0.41928402
0.16637887
0.29792947
0.30369133
0.26217222
0.20580558
0.22137149
0.12996139
0.21455295
0.24200818
0.29024476
0.18081535
0.3218947
0.24965544
0.29133564
0.36081988
0.46731058
0.5650098
0.63948315
0.7179859
0.49592587
0.6296335
0.52098256
0.73885053
0.7266465
0.5705041
0.6480265
0.6776624
0.7432861
0.838585
0.8017678
0.6669653
0.7808766
0.5992999
0.69585365
0.8110906
0.7874694
0.8378536
0.75548667
0.64011574
0.5457234
0.50003856
0.45764413
0.56126136
0.34018448
0.49191576
0.34623948
0.3832317
0.31054017
0.35529846
0.33926374
0.48715776
0.44888732
0.36107236
0.32948193
0.35053024
0.26733208
0.2771715
0.33972472
0.2556824
0.24628292
0.16858543
0.19548191
0.14104636
0.28733867
0.08029378
0.094779074
0.12460619
0.1679458
0.15372954
0.19070724
0.09442326
0.16280209
0.21992536
0.22360015
0.15759553
0.111512505
0.148208
0.17582165
0.13198476
0.12450557
0.15240946
0.077893324
0.07682082
0.20461957
0.13355824
0.16937909
0.09865548
0.21009515
0.15339816
0.2200514
0.19906126
0.49060848
0.26181558
0.24477163
0.16998695
0.28625134
0.26890534
0.25741404
0.47710776
0.46689627
0.37003094
0.41737324
0.63143414
0.43295032
0.49611175
0.6214457
0.4471311
0.5632037
0.4478166
0.42947817
0.26161182
0.2923364
0.29898983
0.41712818
0.31544766
0.37303492
0.2631777
0.29381612
0.205837
0.19611561
0.20419899
0.3185139
0.14668928
0.30102542
0.22173095
0.25110215
0.30599186
0.4900816
0.33233628
0.39282218
0.47859663
0.4462656
0.28053325
0.35494253
0.31278652
0.31459752
0.24516416
0.30658826
0.32269472
0.36278293
0.29504874
0.44007865
0.4267939
0.44091642
0.45153242
0.563493
0.47106618
0.47769067
0.58928096
0.5516315
0.5424348
0.63816893
0.67442906
0.5460003
0.40424648
0.29508388
0.3667416
0.21448807
0.2637316
0.39523467
0.46462873
0.4518959
0.3717404
0.4001065
0.60193324
0.44157845
0.4124966
0.3878188
0.6211374
0.5703053
0.42023823
0.47710535
0.55254763
0.54902154
0.56531143
0.5285214
0.6636808
0.5214314
0.5010485
0.42019776
0.58790576
0.43445748
0.3488284
0.4070633
0.41948012
0.35093528
0.3714314
0.4201715
0.5519782
0.26442844
0.17327732
0.11181203
0.15638494
0.1107117
0.14040186
0.15880886
0.21066879
0.18715084
0.13052152
0.21114473
0.13057333
0.06935374
0.11558778
0.10555606
0.11774782
0.15034343
0.15769419
0.106057264
0.087272756
0.10647636
0.075136766
0.11156251
0.123544626
0.259268
0.17415093
0.1701757
0.17008482
0.12965386
0.16014561
0.17059155
0.2817263
0.32870197
0.43801096
0.28900516
0.28404576
0.36480924
0.4919526
0.3614289
0.6114071
0.5524215
0.37921587
0.5538012
0.5920933
0.5519928
0.5403625
0.67504555
0.596777
0.4784463
0.54264855
0.44088596
0.61080074
0.7016466
0.66274077
0.5740213
0.60476273
0.5152606
0.629124
0.6742039
0.6012577
0.52505213
0.5783958
0.5629246
0.48670965
0.559957
0.5715269
0.49918616
0.5575393
0.51392865
0.48155043
0.45738065
0.42009252
0.3570158
0.3448502
0.5965542
0.46623212
0.4539013
0.4332791
0.34801674
0.4062589
0.3685997
0.47872663
0.33246985
0.44142294
0.5128231
0.51787543
0.587338
0.45806557
0.46872783
0.49512354
0.6249099
0.5859831
0.5884093
0.54544884
0.63519263
0.6244883
0.668242
0.66280943
0.63885945
0.6714275
0.5134673
0.7025838
0.6371257
0.7135085
0.6893204
0.6809547
0.7115617
0.6358437
0.8004262
0.79508615
0.6720604
0.78807896
0.7391027
0.75658715
0.7331456
0.80466926
0.81926626
0.8064413
0.7721972
0.72639453
0.7094714
0.7739308
0.80887717
0.8315779
0.79299957
0.7647061
0.79489094
0.8277036
0.8280284
0.8346694
0.8288735
0.87553483
0.8773173
0.8133733
0.876326
0.84723145
0.72519636
0.7812625
0.8122072
0.81592274
0.84062386
0.90437907
0.92138886
0.86147654
0.91302294
0.8568553
0.909013
0.8705344
0.93722206
0.9092391
0.90527266
0.9317403
0.86506903
0.83985853
0.9235219
0.9238907
0.897781
0.9306705
0.9272059
0.9342403
0.89335215
0.87440884
0.87557906
0.93552506
0.8977807
0.9076614
0.9205019
0.9113985
0.8799308
0.8761069
0.85837543
0.89665604
0.89714307
0.863304
0.88834995
0.87501025
0.89377356
0.8587409
0.896773
0.90164727
0.9126201
0.9387373
0.94396925
0.9151562
0.8635085
0.89375937
0.87317854
0.90453035
0.8938767
0.8666775
0.9081541
0.9290345
0.8963483
0.8967522
0.8590217
0.8190782
0.8948176
0.86298716
0.7994159
0.86046076
0.7853518
0.751059
0.84544265
0.83657485
0.7678794
0.75228596
0.7908946
0.88496506
0.75618714
0.7663294
0.7684186
0.74532264
0.7693853
0.65949845
0.5629621
0.68537897
0.6251247
0.66951966
0.35233724
0.56902105
0.6381808
0.6120675
0.5469111
0.4537433
0.341853
0.31818604
0.3735797
0.37540877
0.5002149
0.64393467
0.5880571
0.6999895
0.6642176
0.58211154
0.60055745
0.67014563
0.56604874
0.6105421
0.51758176
0.5724479
0.46072644
0.54248345
0.5300679
0.48448026
0.5873303
0.4138192
0.34672713
0.31863248
0.4946622
0.43751687
0.4708507
0.28277323
0.63067126
0.47924516
0.3903351
0.48926303
0.49679258
0.6351542
0.5335484
0.28116
0.4341377
0.22819176
0.44094527
0.5514389
0.34721783
0.40234265
0.5104924
0.49055874
0.5129778
0.4351294
0.22821221
0.2932964
0.20723495
0.19149184
0.11466629
0.10215595
0.09445744
0.12723683
0.106467605
0.10813624
0.14568114
0.19130929
0.23945275
0.20689677
0.26108947
0.30551213
0.25806725
0.361812
0.39327863
0.28491232
0.33232507
0.4022792
0.43183616
0.2899416
0.25438046
0.28094828
0.3066885
0.29706427
0.33403307
0.28215712
0.294227
0.23291762
0.11688721
0.19419405
0.10858525
0.18547402
0.10303298
0.1406798
0.07096186
0.06248441
0.061271504
0.040622946
0.05744002
0.07518542
0.053556696
0.035319638
0.014757927
0.012272582
0.041236985
0.01549798
0.021889756
0.03484854
0.073673524
0.22728287
0.16157609
0.0710886
0.15955004
0.1491693
0.30022064
0.3543539
0.5192006
0.34438828
0.15051371
0.5093401
0.3129204
0.45230445
0.29696172
0.30528492
0.37311813
0.18852493
0.13406496
0.16124442
0.26930177
0.32099524
0.14360984
0.15942043
0.08312009
0.110505745
0.48864883
0.38927448
0.5062477
0.54886305
0.49218756
0.57319814
0.49520925
0.64068943
0.6925686
0.8206162
0.69526756
0.7561385
0.79008186
0.7263843
0.8009327
0.6891241
0.7268892
0.7996888
0.6160368
0.56902665
0.6974237
0.49144426
0.5108959
0.38695526
0.36419427
0.46339425
0.38543412
0.31867117
0.41624486
0.53794223
0.75241905
0.39532244
0.35004535
0.6472937
0.53878915
0.57602257
0.5139991
0.28919518
0.39742488
0.26319858
0.21456447
0.31157285
0.42213154
0.29862946
0.27417645
0.19544287
0.22593388
0.27551013
0.30701008
0.22097002
0.25562364
0.2513506
0.35699365
0.36756793
0.17227569
0.13425891
0.45366466
0.25427815
0.2977999
0.18902063
0.24805614
0.5078376
0.46165383
0.58478487
0.4161526
0.47353736
0.40795088
0.6671887
0.5184956
0.69401914
0.71686596
0.3052048
0.22529931
0.18045881
0.15695037
0.19974941
0.1739679
0.2406015
0.32261598
0.32441548
0.19693497
0.1785448
0.40394282
0.27313712
0.21169852
0.31793886
0.34519234
0.29917073
0.32486272
0.41104996
0.42145494
0.49111992
0.45339215
0.30102968
0.22868489
0.14274618
0.13706702
0.21957651
0.30191067
0.08378475
0.09975517
0.08626167
0.070488356
0.10626319
0.13641402
0.083903894
0.07508204
0.11066635
0.07262415
0.09462095
0.1195794
0.11760774
0.059554026
0.03430903
0.02398872
0.011307141
0.01294836
0.042320333
0.020941542
0.030842178
0.043424718
0.014753359
0.018708706
0.016170714
0.018963385
0.013839854
0.026653297
0.010276261
0.010090825
0.012032243
0.028410025
0.021451363
0.023124475
0.050612155
0.028764296
0.025595687
0.013770929
0.37643188
0.354984
0.42813408
0.26033714
0.29578277
0.29533246
0.303948
0.16054364
0.16175567
0.11666386
0.29367536
0.14816557
0.31795636
0.28147438
0.109134674
0.068083696
0.11106638
0.11644504
0.06779525
0.031106392
0.019078938
0.0124207605
0.04068549
0.04140176
0.025643291
0.014504514
0.02816432
0.03963762
0.061515506
0.07396648
0.020614928
0.009581158
0.017470963
0.0067679207
0.008626054
0.0044532474
0.0024622516
0.002381469
0.008988079
0.054112777
0.040399253
0.025339663
0.030554587
0.026532952
0.02002306
0.017520068
0.012302762
0.032040324
0.09247894
0.15927605
0.13895094
0.20575912
0.11078652
0.17489447
0.16642874
0.18315397
0.27286705
0.32879406
0.41866457
0.45101032
0.41640353
0.52993476
0.49935734
0.46498826
0.3902187
0.4089575
0.44277164
0.46533647
0.55188173
0.6113479
0.5774221
0.62305766
0.6089897
0.7236062
0.6695918
0.5756641
0.27772596
0.5868907
0.5237262
0.53431517
0.3389122
0.26903015
0.23188254
0.13461706
0.03576422
0.034371365
0.023659967
0.09546267
0.112344295
0.10808888
0.2560795
0.17127948
0.14147763
0.1674527
0.148585
0.2719212
0.26572967
0.34658748
0.43911216
0.27911413
0.37133902
0.49844027
0.3689332
0.50640905
0.6763144
0.8852717
0.80836475
0.7715614
0.7336474
0.7943093
0.77697265
0.732762
0.5698489
0.6605354
0.62032926
0.60635066
0.6366488
0.71873564
0.7707808
0.58274853
0.6565961
0.4607862
0.7246208
0.72995377
0.8319169
0.88324666
0.80781084
0.7516997
0.862905
0.88449717
0.8648847
0.8707737
0.8973034
0.7779363
0.7557929
0.70435387
0.7441167
0.78014904
0.69583106
0.5434978
0.4831646
0.4253413
0.22216757
0.26557392
0.30100763
0.21959384
0.11481256
0.11769461
0.100094415
0.09390028
0.30539903
0.21435313
0.3787967
0.2512299
0.38825628
0.15944718
0.14726847
0.45285636
0.36118865
0.28812268
0.28640443
0.31395963
0.12356422
0.09067972
0.18398426
0.14230992
0.22367977
0.29624015
0.45225185
0.21183172
0.2510591
0.30429906
0.29826006
0.2773265
0.3235079
0.41826102
0.4015448
0.32213452
0.6311236
0.36230505
0.532432
0.3204165
0.24092859
0.45351398
0.6952201
0.34617084
0.5098111
0.5972258
0.6206246
0.4001047
0.42843738
0.4601411
0.30241147
0.2916346
0.5198476
0.35523406
0.40564653
0.27577838
0.46818307
0.42818907
0.12650172
0.13961229
0.16783582
0.15627344
0.1695137
0.12684709
0.13836643
0.14896286
0.10390374
0.22596608
0.31510204
0.3438746
0.30603167
0.2843857
0.3536917
0.4317903
0.2656095
0.28060403
0.3765865
0.36018828
0.38327745
0.4768003
0.6715543
0.5026429
0.40621775
0.36882153
0.47650552
0.5025972
0.47222608
0.47907472
0.45865318
0.6240979
0.605276
0.51858276
0.49567872
0.48328254
0.6393196
0.6343444
0.7550807
0.62501615
0.65969396
0.68585193
0.74498874
0.75046974
0.7762681
0.6830653
0.6284526
0.63839364
0.5970613
0.58630174
0.683068
0.6481854
0.65673447
0.54370594
0.5912353
0.39353916
0.6675912
0.7022462
0.7681317
0.8065594
0.73378825
0.78253293
0.7419531
0.8001819
0.81657827
0.75297195
0.7475815
0.7954527
0.8068008
0.7526015
0.77370095
0.5992843
0.6984948
0.5916893
0.5457603
0.44982967
0.48117766
0.3804762
0.435198
0.2432845
0.2824567
0.33835337
0.18141042
0.14169033
0.25310388
0.24593408
0.31990278
0.30554718
0.33557
0.39459002
0.08554978
0.29122838
0.14747468
0.16924053
0.1883324
0.03771642
0.010608548
0.09287541
0.048779704
0.14447486
0.08806489
0.22137617
0.14974977
0.1625261
0.25123513
0.20642388
0.15817831
0.2054029
0.31633234
0.3082978
0.28579304
0.20639898
0.42179295
0.33025143
0.48315784
0.24973884
0.3096443
0.48565874
0.33505994
0.23865917
0.25111583
0.13979293
0.08075207
0.07404782
0.191191
0.18559699
0.11979144
0.35212052
0.102126345
0.20052591
0.1085454
0.13648117
0.118284725
0.032187313
0.43539676
0.08597882
0.007898692
0.27109623
0.32413355
0.15171364
0.08088511
0.29152268
0.25627264
0.27778757
0.2531008
0.2744637
0.24864689
0.27714086
0.47955045
0.28432623
0.15036935
0.30306762
0.3233521
0.31279746
0.2069444
0.20828003
0.1647101
0.2868746
0.14214478
0.100614585
0.15922914
0.11548501
0.266911
0.12269767
0.1653061
0.1771242
0.22921519
0.33275953
0.22146577
0.14070883
0.2178492
0.20154226
0.07429951
0.25558472
0.26634395
0.4038556
0.3584078
0.46191755
0.17989752
0.36217958
0.38992196
0.3338481
0.5994333
0.28420648
0.43101808
0.40493485
0.36951625
0.31792936
0.41207138
0.44502527
0.4279064
0.39230058
0.3509048
0.425381
0.3750937
0.36596042
0.4856308
0.500802
0.44217807
0.37950075
0.4505337
0.40201068
0.41534862
0.54033756
0.38276377
0.39898604
0.49760646
0.48478
0.50207525
0.476127
0.42327067
0.55445325
0.4379925
0.477231
0.42237896
0.42719862
0.32754013
0.315161
0.3583036
0.30673456
0.38450748
0.41312343
0.24791001
0.34074768
0.18980937
0.14057693
0.29424247
0.113285296
0.16551366
0.13703589
0.24086827
0.12304961
0.11499151
0.27948898
0.355646
0.42174485
0.23749544
0.28065488
0.4720531
0.28997502
0.45297888
0.29037264
0.43818584
0.40131593
0.3344232
0.49412534
0.50004816
0.37959749
0.3340992
0.37118876
0.37097323
0.34882522
0.20908386
0.27082717
0.25890508
0.2505112
0.18809345
0.27941856
0.24620885
0.31849304
0.24118361
0.24704193
0.3709572
0.5042465
0.25843248
0.39832047
0.32150382
0.30785358
0.37465048
0.41821277
0.5884956
0.31167552
0.24152476
0.13134901
0.12585734
0.29702732
0.21053916
0.29881003
0.33315077
0.54236645
0.4678738
0.5576811
0.37189546
0.4096899
0.6052832
0.6010175
0.5155919
0.36838102
0.2588983
0.473947
0.6187537
0.49682218
0.47321278
0.49583137
0.5319572
0.35183027
0.31736413
0.32595855
0.34691972
0.43769276
0.37859333
0.32437885
0.33419365
0.24372417
0.36760575
0.37911507
0.36339435
0.48470786
0.2880259
0.42233205
0.2408553
0.3913889
0.3401454
0.4287211
0.60011876
0.4074411
0.45245472
0.4075317
0.56998545
0.5090471
0.59285367
0.59564334
0.5275344
0.53863454
0.6464627
0.55715746
0.7125718
0.5510592
0.4859072
0.29879615
0.33334494
0.3013014
0.40884355
0.39559832
0.3822321
0.38769093
0.24544199
0.37964338
0.31721437
0.28630826
0.330371
0.28479716
0.30272606
0.19165671
0.24823774
0.250065
0.36090165
0.26398584
0.26510218
0.21102053
0.29213035
0.2186955
0.1972311
0.4302403
0.55054146
0.44432724
0.5173455
0.65746707
0.561069
0.53902256
0.57113475
0.67605305
0.65878516
0.7280209
0.70905787
0.6094952
0.6224056
0.5488694
0.7546094
0.6595242
0.7848545
0.6872134
0.71125376
0.6741781
0.647963
0.7022386
0.678989
0.5107115
0.53112
0.62564087
0.571345
0.56948596
0.57649845
0.36212695
0.59209204
0.57197934
0.5016926
0.5246717
0.47745517
0.47824165
0.4767225
0.37521526
0.43538836
0.41859454
0.27918726
0.3385312
0.3849796
0.36324012
0.4402635
0.3472677
0.405716
0.2687685
0.30107316
0.2887405
0.29409352
0.3623674
0.2695256
0.2658497
0.3413721
