1
0.99971026
0.9997143
0.99946433
0.9994355
0.9993419
0.9994516
0.99953246
0.9995654
0.999762
0.9994803
0.9994324
0.99948287
0.99964035
0.9993186
0.99943787
0.9995963
0.9993826
0.9990169
0.9995801
0.9994025
0.999511
0.9992046
0.99931157
0.9992378
0.9996277
0.9995926
0.9991009
0.999044
0.99901044
0.9982868
0.9986456
0.9989895
0.998589
0.9983662
0.9988262
0.9986835
0.9979037
0.9980136
0.9994836
0.9993137
0.9990959
0.9993297
0.9980976
0.996549
0.99455464
0.9963044
0.99709344
0.9963398
0.99489105
0.9970884
0.998216
0.99608433
0.9986186
0.99913424
0.99880373
0.9990871
0.9992894
0.9992879
0.99958056
0.99971277
0.9998678
0.9997465
0.9997867
0.9998908
0.99979454
0.99963224
0.999721
0.99942684
0.99899274
0.9991025
0.99934274
0.99861157
0.99899775
0.999126
0.9989053
0.99927336
0.9993617
0.9994301
0.9986111
0.9993368
0.99893755
0.9974504
0.99881846
0.9980459
0.99758935
0.99589044
0.996707
0.99559253
0.997684
0.99813217
0.9985065
0.9978846
0.99791425
0.9987465
0.99898905
0.99880576
0.9989328
0.99787104
0.9988851
0.9990823
0.9986688
0.9978288
0.99877125
0.99848133
0.9962334
0.99734193
0.9977331
0.99663574
0.99327385
0.9941624
0.9959353
0.9933641
0.9952113
0.9962308
0.9974214
0.99792576
0.9980888
0.99823064
0.99929225
0.99937147
0.9993135
0.99926704
0.99902
0.999198
0.9993056
0.9995813
0.99948406
0.9996599
0.99943346
0.9994497
0.9991685
0.99944526
0.99954873
0.999608
0.99932563
0.99898154
0.99922323
0.9989976
0.99928397
0.99865437
0.9974069
0.99785054
0.99779105
0.99773216
0.9964018
0.99606556
0.99329776
0.98882526
0.98250866
0.9935713
0.99126863
0.98812705
0.98672915
0.977409
0.9899921
0.9819279
0.9926737
0.99364245
0.99502337
0.993891
0.99800795
0.99344504
0.9985769
0.9973494
0.997003
0.99578935
0.9962769
0.998494
0.99669635
0.99823797
0.9981647
0.9960931
0.99519557
0.9960865
0.9948013
0.9892889
0.99231344
0.98981434
0.9877238
0.986772
0.99170554
0.9934228
0.9972907
0.9978655
0.99842024
0.9972193
0.9974809
0.9962053
0.9981018
0.99751955
0.99344
0.9957112
0.99778205
0.99710876
0.9959532
0.99526715
0.9925938
0.99643624
0.9970993
0.9967338
0.995684
0.9960937
0.995297
0.9912246
0.9918045
0.98696
0.9880774
0.994406
0.9920368
0.9952247
0.99243104
0.99412787
0.9878323
0.96421814
0.9835518
0.9902768
0.9874879
0.99455833
0.98964065
0.9933543
0.9929128
0.9886053
0.9926087
0.99260277
0.99314237
0.99394304
0.99158704
0.9960849
0.9954586
0.9965938
0.994313
0.9901384
0.9939761
0.9882265
0.98967147
0.9937272
0.99446
0.9869357
0.99655616
0.9870026
0.98453784
0.9828724
0.97588986
0.98525006
0.9895607
0.97434515
0.972559
0.98199296
0.9792563
0.9785599
0.99168044
0.99823725
0.9933582
0.99552214
0.9922593
0.96005785
0.97216356
0.985634
0.98758334
0.9887729
0.9877117
0.97484946
0.9883823
0.97181726
0.9370043
0.9520616
0.957454
0.9634715
0.96991223
0.9750497
0.96355826
0.9713708
0.9701503
0.972628
0.9672257
0.9723112
0.9835381
0.98633283
0.9919121
0.9938617
0.99059206
0.99373215
0.9904669
0.9933066
0.9925534
0.97674495
0.9723504
0.98857147
0.9570354
0.9804095
0.9905868
0.98150647
0.98048395
0.9835777
0.9773867
0.97229743
0.9834396
0.9610781
0.9532039
0.96095777
0.9487958
0.9584536
0.9775044
0.94338334
0.9748683
0.97195315
0.94757366
0.9348373
0.93046457
0.93586016
0.8250304
0.8889032
0.8833036
0.8048528
0.7991371
0.8331619
0.8121795
0.8366692
0.8778726
0.9306319
0.9166473
0.89806396
0.9184007
0.9581159
0.93519026
0.9557698
0.9285188
0.9249046
0.89457035
0.92328626
0.92895156
0.9164066
0.96273
0.9411622
0.9578645
0.9629152
0.95335066
0.9514749
0.95997125
0.9549925
0.92040974
0.950489
0.96219265
0.9324154
0.9333543
0.93313134
0.91038346
0.9404168
0.9358796
0.87166244
0.916184
0.9044712
0.9400947
0.9517077
0.8977413
0.89493805
0.9186775
0.92641634
0.9708782
0.9568345
0.9519839
0.9521746
0.97228956
0.9704981
0.980893
0.9546473
0.97190213
0.94206846
0.94956744
0.9666845
0.9654897
0.97110593
0.9415965
0.9356634
0.92048126
0.9015709
0.8984542
0.81330436
0.9241476
0.92430127
0.82098305
0.9040895
0.93803185
0.90476954
0.9147123
0.9411694
0.907876
0.92152095
0.9655492
0.94153035
0.90723854
0.90218896
0.95699394
0.92190003
0.8847473
0.91503626
0.929007
0.84765565
0.8937153
0.95573264
0.94540864
0.9636945
0.96738887
0.9170391
0.9537073
0.94927686
0.9550652
0.92723304
0.9294447
0.8872982
0.9505648
0.9197013
0.9210524
0.7927616
0.8285476
0.7855609
0.75450563
0.8342826
0.84254247
0.8520572
0.9163412
0.9059189
0.88598603
0.89334077
0.9108087
0.92788404
0.9296108
0.95188075
0.9515496
0.9651621
0.96536106
0.97426945
0.98001283
0.9774459
0.9678285
0.9522984
0.9506215
0.937429
0.95840406
0.9131856
0.9107586
0.9234946
0.8938266
0.94615465
0.9436489
0.95074147
0.9460951
0.9431488
0.94334644
0.9346836
0.9226832
0.95804036
0.9366695
0.9822321
0.97550017
0.9626007
0.9740242
0.9658924
0.96440357
0.9588636
0.9425716
0.911557
0.9334989
0.9413214
0.9241075
0.9246147
0.8428938
0.871275
0.8209661
0.87569726
0.8173585
0.8276469
0.85597837
0.811697
0.8445847
0.78034145
0.7420071
0.8046222
0.83075005
0.8690796
0.92917156
0.8873288
0.8790249
0.9365703
0.9104293
0.92381644
0.89774823
0.8892561
0.85481566
0.8195525
0.7776193
0.6883271
0.4982861
0.7316695
0.48308134
0.566888
0.5148754
0.61441606
0.62304896
0.70542216
0.72024536
0.7062268
0.78555536
0.74844384
0.8226052
0.7934791
0.6856256
0.7186718
0.7843792
0.75638777
0.7146667
0.64536273
0.61632365
0.5990601
0.6205109
0.5670567
0.5657612
0.58634686
0.45516714
0.3793528
0.37591332
0.45925063
0.43340763
0.44449845
0.5121447
0.51562
0.44895184
0.55644274
0.6718791
0.5719384
0.6363608
0.598866
0.65253407
0.53103715
0.35576776
0.26353496
0.51564085
0.4123006
0.42184368
0.22246723
0.21808901
0.18743818
0.12293173
0.19985358
0.15156917
0.185958
0.09834285
0.042194568
0.11498528
0.27898213
0.4769994
0.46184224
0.5152669
0.40018797
0.4957915
0.58215
0.5172045
0.6097183
0.5161464
0.45149785
0.329828
0.09571932
0.12171029
0.10672177
0.13448957
0.15324338
0.08606519
0.11479439
0.09862048
0.12930961
0.08453538
0.44815555
0.3263035
0.3950223
0.441241
0.41178617
0.47671068
0.634993
0.71319085
0.7259645
0.67193085
0.6866186
0.7492318
0.7291555
0.7860741
0.6396536
0.6267706
0.63535196
0.6147727
0.59192425
0.66922146
0.61803406
0.6552359
0.6493596
0.6506281
0.667043
0.54054946
0.6573564
0.5099517
0.48873603
0.39765462
0.1808569
0.16422829
0.06446381
0.117448725
0.12925977
0.058299016
0.10946534
0.071384706
0.06820232
0.11136015
0.115201846
0.23382427
0.13600342
0.22050956
0.11717349
0.21847735
0.27921325
0.2037463
0.33321193
0.38549405
0.39970988
0.47967702
0.4416383
0.45780137
0.35440826
0.26802915
0.35220027
0.27715477
0.23241067
0.19257097
0.2176933
0.30702215
0.29318184
0.39667302
0.47761002
0.5561478
0.51032406
0.50080484
0.55306584
0.5876369
0.61665696
0.5746277
0.690865
0.6004958
0.5250995
0.3280906
0.4922874
0.34346968
0.55634516
0.5519521
0.120096646
0.24296698
0.08801874
0.01574723
0.26516217
0.6457946
0.52672553
0.47803405
0.48079896
0.45282435
0.39843377
0.46887702
0.501678
0.62149864
0.5649667
0.6489912
0.5716727
0.59132826
0.48343045
0.43615705
0.68973863
0.70002323
0.37510723
0.27066398
0.21700895
0.21091722
0.17711052
0.5061863
0.6423658
0.57758284
0.37636718
0.28314802
0.22542936
0.16369955
0.16388845
0.13940026
0.2030651
0.17231397
0.2610301
0.29540312
0.18931744
0.20995617
0.27906194
0.05590148
0.08893329
0.07285665
0.17643034
0.116448924
0.05783982
0.04535558
0.050307665
0.047096062
0.021006357
0.022179682
0.011212351
0.0035884804
0.0015893
0.002079078
0.0042778915
0.0036198052
0.0033387742
0.0052278996
0.004449288
0.0055790255
0.006656317
0.025491754
0.010271592
0.01048342
0.04558924
0.02935095
0.02624544
0.03907589
0.052760854
0.53028035
0.5542168
0.5333509
0.5834769
0.6525398
0.5947531
0.8278342
0.6212636
0.63322407
0.75054455
0.710067
0.80457306
0.8205743
0.73248994
0.7878139
0.72487706
0.7227829
0.5997345
0.49968958
0.45748755
0.41205612
0.39300814
0.56477076
0.4484553
0.3959798
0.49029824
0.38858858
0.21299522
0.20013851
0.0871077
0.20175573
0.10677107
0.13814513
0.07340257
0.10639959
0.11415018
0.3891605
0.5362092
0.42658147
0.23549652
0.30047867
0.18730733
0.22209519
0.31936535
0.53660554
0.52437764
0.5917805
0.507531
0.4077015
0.36141682
0.45807362
0.5474264
0.51862186
0.460457
0.48629832
0.37371913
0.4901128
0.28158757
0.37472248
0.168155
0.19896376
0.07783481
0.08820607
0.029881233
0.06815086
0.060831413
0.11641078
0.30408454
0.05998182
0.17851545
0.10159418
0.049867317
0.118569665
0.07023158
0.019721733
0.0139294425
0.028969629
0.012885164
0.01441813
0.012506667
0.017902683
0.056046184
0.10023518
0.09591912
0.10811881
0.113438144
0.04106188
0.040150803
0.036192384
0.025329264
0.019930648
0.026490813
0.038866688
0.035686627
0.07106841
0.066084385
0.23019323
0.23180275
0.1370549
0.19883859
0.2706271
0.34877956
0.4573937
0.5091112
0.4468162
0.3574217
0.41238436
0.514766
0.378464
0.30931488
0.30480707
0.19904463
0.2704572
0.26475438
0.21722741
0.1601736
0.15585129
0.09944163
0.061955377
0.034585476
0.08055231
0.054130424
0.08302191
0.022927854
0.5442145
0.5997869
0.42165953
0.46851113
0.37229106
0.34770998
0.38286772
0.46150056
0.4405714
0.5464642
0.5499432
0.50508565
0.49346828
0.5724875
0.54959613
0.5107798
0.45375025
0.59905356
0.4266132
0.43056387
0.45293456
0.47582045
0.398097
0.5237852
0.4234844
0.5127435
0.47749013
0.6322276
0.63087714
0.68902874
0.65719116
0.7582182
0.6706402
0.7085583
0.76463366
0.76747596
0.82229346
0.83245987
0.8279551
0.73467404
0.7424485
0.79066294
0.73497057
0.6491382
0.75662595
0.71128786
0.5020856
0.7259678
0.44590878
0.2413766
0.71993667
0.58953226
0.5455881
0.38999048
0.26286075
0.06743448
0.09645101
0.03650676
0.074671805
0.09632243
0.20676942
0.22974169
0.14467376
0.18571113
0.21642111
0.36614493
0.3953352
0.33704957
0.16403532
0.15642487
0.11656537
0.12356691
0.040090498
0.053697687
0.15923262
0.11543403
0.117666684
0.12344761
0.108069114
0.07778396
0.1419091
0.09531134
0.23771125
0.30491564
0.29562804
0.31211495
0.19705728
0.2800819
0.2601293
0.20328233
0.32319415
0.31200874
0.2593663
0.30746067
0.2270055
0.1916028
0.20927739
0.1771657
0.20087393
0.1282944
0.10086541
0.07100387
0.08341223
0.046200633
0.048932597
0.08719632
0.21830308
0.16664943
0.19970804
0.22788154
0.24032496
0.26873738
0.2997185
0.29430094
0.38008046
0.32902265
0.37957337
0.3741677
0.33909845
0.32063764
0.21652474
0.27198458
0.2551897
0.22032256
0.23254116
0.28616038
0.23496777
0.17154914
0.20591831
0.26481202
0.15977141
0.18667379
0.09136591
0.14841254
0.1612215
0.060094446
0.09149354
0.13984445
0.18587278
0.18720493
0.14418063
0.17996427
0.18034983
0.16435558
0.13832518
0.17437942
0.25399962
0.2564436
0.21713486
0.12736899
0.15438522
0.15149336
0.18934584
0.0909338
0.11893067
0.1542867
0.18013741
0.32325754
0.32528654
0.26421583
0.46529213
0.44193387
0.38166943
0.50661004
0.35935467
0.37453157
0.37812638
0.39666018
0.32356298
0.19324951
0.13825703
0.04631614
0.10521539
0.12037856
0.110398635
0.10077604
0.19420137
0.13382104
0.09390902
0.05416173
0.0904353
0.24559411
0.29213473
0.31750047
0.3320563
0.2811004
0.2434285
0.410689
0.29886794
0.5089799
0.56956834
0.47530606
0.46524575
0.48548073
0.27205408
0.3301225
0.42773607
0.3293337
0.26363048
0.17924136
0.16078478
0.13164172
0.13734974
0.15161225
0.1898322
0.17569655
0.055880744
0.12783994
0.040673748
0.13010207
0.039792925
0.038664088
0.013558501
0.014568388
0.060182095
0.038120534
0.22296786
0.093628846
0.08717469
0.099370055
0.22325441
0.3539938
0.5013126
0.46271932
0.5988821
0.7695946
0.53035426
0.61553127
0.4578415
0.58128124
0.42237923
0.424012
0.67096883
0.31098694
0.24745826
0.6406553
0.789035
0.79097307
0.6250006
0.7710788
0.7374207
0.7131745
0.610862
0.68526906
0.8244175
0.7655449
0.732836
0.44193962
0.47307405
0.2936908
0.027086047
0.07267095
0.26932317
0.28157812
0.24719709
0.21419287
0.026099818
0.06277083
0.23957527
0.28808877
0.24252522
0.14627807
0.21293272
0.34575135
0.3356304
0.30791208
0.36496705
0.50664485
0.38971052
0.36262885
0.41831732
0.16608146
0.20565961
0.041849922
0.08596311
0.04775822
0.056049947
0.118516155
0.09067928
0.024555756
0.010384893
0.0117593855
0.021669745
0.027306944
0.01869335
0.023102293
0.03898055
0.038683645
0.097585805
0.07538915
0.079483226
0.05166436
0.027023168
0.042469177
0.11628727
0.04235758
0.016138982
0.009830162
0.0046346076
0.01197832
0.0028874686
0.006768988
0.0035877728
0.014040142
0.009934064
0.0012929498
0.010841844
0.026866823
0.032979883
0.0162553
0.004175069
0.013285452
0.0057304692
0.0019599462
0.014223501
0.003862927
0.005185328
0.008265791
0.010556843
0.009239025
0.00060467335
0.0031028
0.0038747818
0.0017268946
0.0077753696
0.011389369
0.043479923
0.0037850512
0.0038285693
0.0031091888
0.004592606
0.042785034
0.0055953567
0.012502049
0.038284656
0.020932697
0.023115102
0.09325206
0.16202907
0.15053491
0.08021023
0.02094513
0.027969848
0.066225834
0.05790474
0.05962095
0.008275889
0.0015839604
0.009084277
0.049984153
0.070748046
0.037879232
0.05044346
0.07480606
0.26093036
0.04984135
0.062932245
0.006093128
0.016735448
0.063867874
0.13825166
0.18003295
0.06938326
0.059919015
0.09429196
0.01933499
0.022487247
0.006632219
0.014456913
0.011519465
0.045703012
0.142359
0.08192669
0.18746747
0.013834667
0.20989148
0.014899754
0.012794735
0.12663977
0.12654886
0.09783882
0.2086957
0.016952666
0.06845662
0.07129543
0.042502962
0.25761303
0.5646952
0.3203699
0.07971594
0.0710516
0.04231125
0.06454383
0.012841237
0.011007501
0.0055159237
0.032627407
0.145653
0.05177828
0.19075601
0.1331056
0.17798822
0.10368409
0.17471357
0.026284466
0.2139316
0.10130834
0.07698438
0.4175638
0.27643397
0.15090472
0.44424704
0.23791218
0.3395596
0.11031907
0.04948426
0.018735781
0.023340702
0.017843222
0.021439081
0.022750774
0.011909465
0.01991729
0.00887734
0.0099399835
0.008398781
0.012684469
0.027167222
0.019548971
0.012918114
0.0146832345
0.016824497
0.05384834
0.10845023
0.022995383
0.012880299
0.014353447
0.007185041
0.02753302
0.0091546625
0.009450955
0.033721384
0.014066351
0.016963605
0.015879976
0.07291376
0.076075576
0.023605295
0.015619163
0.10424983
0.046894476
0.109328255
0.048971888
0.011310176
0.0022830986
0.0011512756
0.0022858994
0.013773993
0.016512528
0.026756389
0.009987455
0.037102897
0.0075925244
0.051644415
0.026874144
0.016645174
0.024356917
0.007547316
0.0025011017
0.043930527
0.018192872
0.012520089
0.010631058
0.010656995
0.015313773
0.009922074
0.0039211996
0.007417751
0.01232928
0.005510152
0.0018047042
0.011230308
0.029570526
0.053253297
0.106263936
0.13178077
0.026681567
0.13942578
0.19184689
0.21557124
0.054896332
0.08841784
0.113426276
0.1645967
0.28391823
0.16328016
0.13798712
0.09039194
0.1033534
0.09786551
0.08545537
0.040445417
0.3035713
0.36177373
0.22460273
0.26396838
0.43988654
0.46913165
0.4171829
0.5411475
0.3203893
0.33969742
0.17424704
0.42671627
0.36544406
0.36168027
0.40479288
0.23172247
0.2777673
0.311011
0.39437562
0.34410045
0.07139869
0.09480264
0.08456305
0.012789171
0.007816658
0.1756751
0.10520147
0.109220624
0.19622324
0.17788336
0.26869592
0.25160792
0.42582664
0.5258877
0.15781634
0.16774452
0.0690178
0.08675681
0.018596217
0.020884654
0.014356092
0.25716153
0.1871708
0.33221325
0.13451147
0.17877863
0.09455985
0.12795389
0.2452861
0.20964248
0.22154792
0.16871318
0.2781465
0.20964125
0.11237886
0.043469403
0.045709543
0.0597978
0.023090586
0.019178746
0.099151514
0.010844096
0.0054208823
0.008869728
0.009411188
0.06631673
0.007860081
0.00047938153
0.001896669
0.0011287526
0.0008398928
0.0011351515
0.00019377735
0.00066808285
0.00076785823
0.0011307887
0.0016636113
0.0016885092
0.001659236
0.0014397673
0.0029200008
0.001901166
0.0013302153
0.002634374
0.0023235152
0.00333767
0.0032174399
0.003957168
0.001292706
0.0031456894
0.002148205
0.0040373337
0.020414693
0.0015354566
0.003791043
0.00408582
0.0017220752
0.13262142
0.20632385
0.013543076
0.104497045
0.20669286
0.20932397
0.18722242
0.23206274
0.03650104
0.06853601
0.17955557
0.09741258
0.08668872
0.11205404
0.0685652
0.024969788
0.013997398
0.013970594
0.013584085
0.0069152312
0.0013599776
0.0060026743
0.036256146
0.0042307638
0.016775042
0.014457381
0.19961524
0.2155324
0.20118456
0.07920493
0.17255801
0.029116519
0.06012571
0.015029727
0.099836625
0.1059658
0.04306338
0.025798498
0.079571865
0.06455832
0.13473141
0.12277628
0.1210282
0.060728706
0.07343787
0.05473597
0.10894905
0.11587272
0.19744627
0.13765323
0.05009247
0.025510313
0.11965901
0.051234175
0.04738104
0.056952294
0.057440847
0.030603012
0.011479246
0.0856239
0.028450005
0.01094672
0.03606834
0.004308052
0.008683675
0.065493226
0.08091158
0.0934881
0.093581036
0.1013494
0.14160782
0.07171392
0.14802706
0.11756321
0.097623035
0.13292703
0.029729487
0.058734417
0.102542676
0.024036769
0.0673182
0.10336735
0.0066710375
0.040706247
0.17817709
0.26109272
0.20464951
0.35076717
0.07715604
0.077253334
0.08870571
0.056065135
0.07588744
0.06712835
0.4853436
0.36128974
0.16453224
0.48660833
0.46953866
0.41645327
0.78282684
0.5268293
0.22424269
0.0094698835
0.16220239
0.13161342
0.12437806
0.0601197
0.0287806
0.049735688
0.09297692
0.012866412
0.0050270087
0.004774597
0.002591846
0.008098774
0.025659366
0.16836669
0.18214782
0.16230105
0.15794545
0.17348643
0.23413728
0.192781
0.30949235
0.26748922
0.28106707
0.33837324
0.05397463
0.28091404
0.1660221
0.23854443
0.15566278
0.31177637
0.2992927
0.36923674
0.30730262
0.18681909
0.30301338
0.2959891
0.26503298
0.12672871
0.15240751
0.20985034
0.07410156
0.055582456
0.10288148
0.0353904
0.048049312
0.1216155
0.047538448
0.0452026
0.07709213
0.03555782
0.023213586
0.0101773115
0.0192484
0.01462561
0.011050429
0.011957965
0.013027882
0.0027881265
0.030707473
0.103788
0.30581042
0.22455256
0.101621434
0.117855944
0.06967492
0.044607226
0.04639336
0.14330088
0.04704021
0.025983559
0.03461967
0.028595604
0.021511463
0.00996324
0.014109706
0.024018507
0.011699481
0.013399454
0.010752348
0.030406445
0.022939794
0.018933102
0.024189742
0.008769648
0.016756594
0.02200018
0.00599677
0.015879812
0.015457856
0.022503445
0.023838595
0.032058932
0.044204608
0.020821493
0.0076354574
0.027904682
0.038550742
0.08227431
0.04838819
0.1300385
0.038554173
0.017388336
0.011320242
0.0025697995
0.00092285255
0.0012095319
0.0009833253
0.0029656668
0.0016597131
0.00074177975
0.0016046423
0.0109565025
0.002787848
0.002173433
0.0066971504
0.012757613
0.017602148
0.030266002
0.016422039
0.022853917
0.008492535
0.004318229
0.009800739
0.0068754144
0.013099751
0.0024131841
0.013039082
0.005709079
0.012721666
0.0054334975
0.014160545
0.0040902584
0.015134366
0.023872713
0.017251233
0.010561953
0.022578474
0.014375504
0.011015187
0.0031584306
0.0205528
0.0018223485
0.0032891654
0.0061102672
0.003849963
0.006887596
0.0022282475
0.0019351302
0.004972936
0.006666458
0.008685949
0.0023413294
0.004346173
0.004752646
0.009015405
0.006928884
0.018505657
0.023178754
0.031158827
0.026839454
0.048777755
0.019896083
0.0057679913
0.006272221
0.0047138548
0.025289373
0.024121942
0.04496261
0.07186876
0.03250307
0.06289101
0.10628109
0.12429456
0.14709212
0.17657731
0.10836005
0.03806103
0.04643539
0.026999254
0.051243983
0.024496512
0.016577886
0.03711551
0.02293093
0.11488897
0.034946524
0.01619598
0.013248455
0.023980333
0.012451606
0.018699083
0.011840913
0.00266393
0.004247474
0.03037467
0.009260939
0.030601593
0.02164595
0.0022803934
0.042235214
0.016908184
0.021502864
0.025981093
0.08153136
0.048944835
0.019903636
0.039324064
0.05153921
0.035430234
0.024214532
0.01549088
0.03692302
0.023519164
0.023260092
0.1324809
0.15019782
0.011166153
0.075774014
0.06398619
0.13059299
0.08501931
0.017850753
0.073642604
0.0598751
0.012337064
0.019601123
0.15188049
0.074555054
0.06442971
0.08378971
0.05593143
0.027463658
0.019294094
0.008641653
0.0092223445
0.14625715
0.0025917506
0.007895525
0.0018965211
0.0020275514
0.0054336083
0.0068499865
0.009293667
0.007616707
0.011918727
0.018126102
0.005007376
0.0077340924
0.014114059
0.016572585
0.010913537
0.005980236
0.0076277875
0.016616492
0.02373988
0.019012999
0.12084179
0.0066516334
0.0052136425
0.011122595
0.00078702334
0.0012096117
0.00591927
0.018367335
0.010631926
0.007298171
0.06677519
0.011016744
0.013563073
0.0392118
0.1054996
0.19112855
0.41098255
0.282033
0.30951485
0.256533
0.24606735
0.37115848
0.29404038
0.28842402
0.35065734
0.37578255
0.17820218
0.2241431
0.14636739
0.25514293
0.2184784
0.2295771
0.24430192
0.17005412
0.08979383
0.06026561
0.021668227
0.03209902
0.018140621
0.0062410873
0.0021420403
0.0013670621
0.00033212075
0.006481483
0.004147173
0.0037751426
0.016951952
0.016504908
0.025675109
0.033959184
0.014567052
0.026251009
0.009316062
0.0017717859
0.016720902
0.035209794
0.38779965
0.35650173
0.47083598
0.4259981
0.44440547
0.3042022
0.10042945
0.26603016
0.10438635
0.028084312
0.09913214
0.20368797
0.04141333
0.030219082
0.06907935
0.1452625
0.07728879
0.10215106
0.18162332
0.08554449
0.32902673
0.119071186
0.1119939
0.16244406
0.12697372
0.07685571
0.053775374
0.41367725
0.24340892
0.41254506
0.21045744
0.3108974
0.29398298
0.24254592
0.13015972
0.22390494
0.09417219
0.35104665
0.3584254
0.4781513
0.57309985
0.33193496
0.48948103
0.44561356
0.3797518
0.4780065
0.37095788
0.30130458
0.41591778
0.37203243
0.306957
0.49356288
0.2307039
0.06874836
0.07441314
0.028892914
0.025054775
0.011225841
0.054321222
0.028004237
0.048545532
0.23823795
0.091947116
0.06964304
0.12984186
0.05702086
0.09421812
0.035062883
0.012988957
0.0929191
0.04591026
0.07015868
0.102567226
0.2033477
0.061345056
0.15747273
0.07223143
0.042018265
0.024582947
0.04896711
0.041678116
0.113625124
0.08624584
0.06709141
0.17194547
0.20888455
0.16030635
0.20234111
0.021913193
0.13332258
0.16578574
0.22370486
0.26564685
0.32221833
0.30207574
0.32573488
0.56897676
0.013164749
0.0077317622
0.039964214
0.01819213
0.09577148
0.11271104
0.09591991
0.0944249
0.122041896
0.14270501
0.06261591
0.11436269
0.09189995
0.011447532
0.006073868
0.008594703
0.057325557
0.05437403
0.11084727
0.23306179
0.051608298
0.042986605
0.12789968
0.057824805
0.07171299
0.017449547
0.031119294
0.008341157
0.0063061365
0.015075544
0.08902929
0.034020104
0.019970838
0.14858194
0.093142286
0.111081444
0.032678887
0.1681884
0.20109981
0.26461938
0.35796207
0.21209654
0.38347015
0.20852323
0.3433265
0.34684786
0.24123003
0.100703955
0.11753646
0.0817327
0.07026684
0.23321964
0.0722334
0.06807157
0.051410235
0.030260295
0.016653793
