1
0.99909294
0.99921036
0.99851173
0.99855894
0.99891317
0.9991698
0.9987935
0.99886
0.99827623
0.9987758
0.9988304
0.99882835
0.9976405
0.9986796
0.9984865
0.99852693
0.99684227
0.99642843
0.9955323
0.9941606
0.98817444
0.98645693
0.9835321
0.9844125
0.986371
0.99608
0.9950355
0.9873116
0.9791053
0.9922156
0.97712725
0.98721075
0.9778111
0.9860811
0.99078417
0.9875301
0.99233353
0.9929015
0.9952762
0.9914649
0.99242365
0.9950878
0.99654776
0.9945688
0.9983253
0.9955388
0.9957605
0.99675083
0.9898296
0.99278957
0.99439335
0.9939666
0.99056095
0.99227506
0.9902687
0.9893429
0.99454737
0.99515355
0.9961898
0.99317753
0.9928226
0.99483997
0.99259114
0.9935602
0.9929777
0.9927866
0.99018633
0.9886967
0.99293065
0.9923779
0.99472505
0.9937162
0.99544805
0.9923994
0.9892629
0.98320794
0.98843926
0.9905958
0.98362654
0.98069054
0.97467256
0.97515327
0.96112865
0.9721306
0.97626865
0.98482287
0.987623
0.9903362
0.98756754
0.99032927
0.98831207
0.9917176
0.9926722
0.9941168
0.99176836
0.98796123
0.984426
0.9890704
0.97129303
0.9773401
0.97520185
0.966601
0.9686321
0.9643091
0.94441354
0.9520963
0.94162124
0.95312655
0.9603707
0.96968186
0.9560542
0.9646163
0.9668737
0.9676012
0.9746697
0.9806464
0.98169476
0.9845399
0.9903679
0.98451984
0.9880387
0.9874019
0.9918487
0.9878298
0.994177
0.9900922
0.98415333
0.98465955
0.9916855
0.9872787
0.9924725
0.9939334
0.9944917
0.99043804
0.97968686
0.98113054
0.9778566
0.98348916
0.9833967
0.978195
0.96290445
0.9704816
0.9687706
0.97154284
0.97903776
0.97275114
0.9825654
0.9853661
0.99051183
0.97070843
0.987102
0.98570955
0.99152243
0.9681102
0.98723185
0.9666804
0.97951496
0.9763071
0.95656747
0.9741062
0.94886607
0.9875125
0.9854334
0.98220426
0.9845812
0.9774391
0.9781804
0.9784761
0.98540014
0.96025664
0.9616622
0.9552634
0.96025443
0.97075844
0.9654605
0.97048306
0.97243404
0.9494114
0.9675692
0.9772769
0.97318923
0.9785039
0.9742396
0.97846186
0.9556886
0.9408103
0.96607
0.96893835
0.97692627
0.9707619
0.95637816
0.9240318
0.91392154
0.94456476
0.9384238
0.9557782
0.950231
0.94511145
0.9648212
0.9242096
0.9535628
0.940868
0.9127108
0.8798415
0.9074723
0.91078544
0.91717756
0.8692853
0.9333989
0.935302
0.9502987
0.94552594
0.9517328
0.8960395
0.9267997
0.9150741
0.89302653
0.8377923
0.6586766
0.76175934
0.7963986
0.8742531
0.8275265
0.80923045
0.8940189
0.88879764
0.89559066
0.9125541
0.8749954
0.95485985
0.884321
0.86462754
0.8368652
0.83841485
0.8655651
0.93017423
0.891471
0.8235272
0.81501955
0.874959
0.8540052
0.76405203
0.72271687
0.6220969
0.6881432
0.578811
0.5818846
0.6621747
0.48517287
0.47446454
0.6327918
0.4900487
0.49488628
0.2583537
0.43405494
0.3418388
0.43112966
0.46264338
0.421312
0.43507463
0.44226804
0.3264492
0.46765256
0.5092326
0.29961267
0.28792366
0.4599909
0.30007148
0.21501458
0.26217607
0.24531797
0.28257275
0.24597977
0.2933152
0.25642878
0.19320352
0.33963126
0.33343032
0.40686652
0.43100542
0.46324492
0.43049142
0.46914217
0.46822444
0.41359887
0.4185278
0.4376682
0.5806822
0.4715607
0.42238286
0.3995647
0.35671332
0.3573585
0.41503862
0.46875396
0.36624926
0.39228848
0.48105398
0.4131725
0.5529476
0.36030805
0.5357488
0.46763086
0.48611537
0.35647273
0.38386115
0.42550328
0.45810148
0.5320821
0.59126925
0.5560361
0.54329956
0.3735257
0.43605644
0.625065
0.5003992
0.5940504
0.4906114
0.5995057
0.5878836
0.5357024
0.5932342
0.55995303
0.48234272
0.6796971
0.66964257
0.6106965
0.69314563
0.6391392
0.5802285
0.5500419
0.51674205
0.5746503
0.6091358
0.5175078
0.6204882
0.76025337
0.73045826
0.68416995
0.7666279
0.66928756
0.7037856
0.6661811
0.6846688
0.69767743
0.73321015
0.809206
0.6196504
0.7208939
0.6391272
0.74464715
0.7722453
0.69471174
0.6858555
0.71868134
0.6554723
0.73905474
0.6604738
0.6935406
0.7403867
0.7584754
0.7909864
0.79730034
0.75227016
0.6573295
0.7285625
0.7089264
0.7610214
0.77260065
0.72149295
0.6895317
0.6890526
0.7627441
0.7492626
0.6930638
0.7386647
0.7436879
0.69225574
0.77375853
0.76622176
0.77418154
0.7420915
0.7429504
0.79441595
0.82009864
0.8314811
0.8361541
0.7580146
0.7568337
0.7306677
0.7199954
0.6952127
0.7587923
0.7671261
0.7760213
0.7476836
0.81823844
0.75747496
0.8410015
0.8378328
0.8139859
0.81449723
0.7773085
0.78825885
0.77457285
0.75809103
0.7797782
0.7166817
0.7946253
0.8095902
0.7564756
0.7515481
0.72393286
0.6928882
0.7036296
0.8106611
0.8292732
0.8232013
0.837659
0.8272756
0.83324355
0.8022403
0.8111479
0.7836571
0.7632671
0.65052974
0.6569815
0.7522807
0.8565261
0.8127424
0.6608049
0.70880437
0.642957
0.6430652
0.6251166
0.6227268
0.8023106
0.8226691
0.7632178
0.71008015
0.7638871
0.78177345
0.757029
0.8233783
0.8227243
0.62894714
0.7526145
0.8167548
0.7459189
0.8182877
0.8477323
0.8629621
0.85329497
0.761481
0.89209306
0.8789021
0.8670326
0.82050055
0.72139335
0.61226976
0.86328244
0.79767984
0.8064185
0.79172057
0.7959408
0.8916147
0.816696
0.7917707
0.7700359
0.603309
0.73424196
0.8073096
0.7704314
0.83576095
0.7486783
0.7907855
0.8792188
0.8647897
0.8430564
0.7422103
0.74062425
0.7912729
0.6965836
0.78973436
0.74018764
0.7472471
0.7415015
0.7510938
0.7829993
0.8151162
0.7595261
0.7348184
0.73511094
0.7552123
0.720979
0.67185134
0.8034461
0.77713764
0.79203343
0.8385952
0.78894246
0.764243
0.6864256
0.43919572
0.6230568
0.49564934
0.59442264
0.67932904
0.6999411
0.7255729
0.7075796
0.75717795
0.7057512
0.7164978
0.5971227
0.69422793
0.7797523
0.72980565
0.75509334
0.7533447
0.7624165
0.7211481
0.7559344
0.77637315
0.7454857
0.68803847
0.74272305
0.610939
0.78942716
0.6729312
0.6053326
0.75110817
0.8361458
0.8285934
0.71345097
0.79074293
0.7649807
0.7013765
0.6968911
0.52003604
0.4837885
0.37358868
0.42103598
0.4917926
0.42832848
0.4549762
0.3601223
0.4354522
0.4657289
0.43318856
0.46172702
0.41152146
0.36356002
0.42935902
0.3968377
0.47774503
0.43328547
0.38749832
0.6689393
0.8098753
0.76163334
0.72257864
0.7735413
0.69428676
0.7256092
0.6862759
0.6608483
0.5328932
0.48477998
0.633291
0.5463766
0.6558032
0.68981504
0.6902476
0.69820243
0.503974
0.5917428
0.49440712
0.56251276
0.6046755
0.501883
0.5987432
0.6623898
0.5560637
0.6074836
0.64301777
0.6734556
0.5953023
0.7476634
0.6790345
0.83077127
0.79626447
0.7208036
0.7282035
0.7026282
0.7948472
0.835695
0.8828958
0.88136643
0.9236011
0.74002546
0.55406517
0.4802269
0.6687515
0.5634673
0.6367233
0.52678674
0.59338945
0.59233636
0.6149403
0.75121474
0.70497346
0.62253475
0.7671043
0.6399746
0.7487045
0.70724726
0.62801015
0.75622004
0.94937724
0.9028877
0.80941105
0.5749443
0.61469704
0.51065785
0.54591376
0.55479693
0.38636243
0.36970946
0.2722721
0.5641791
0.58047473
0.58042943
0.61166626
0.55756515
0.8381735
0.6484791
0.627893
0.51308143
0.5386367
0.7217942
0.6648145
0.6956348
0.7859247
0.64457494
0.79786235
0.718703
0.7704772
0.80149025
0.6286727
0.65756726
0.510497
0.6217239
0.73659617
0.6944882
0.63543606
0.6121651
0.4373304
0.6031875
0.6394184
0.6306594
0.608781
0.7816021
0.867457
0.77873474
0.67698735
0.691639
0.54018664
0.5439901
0.6070994
0.66681165
0.50035435
0.33836955
0.5960945
0.7043914
0.63209826
0.5438745
0.64327496
0.52976793
0.47692642
0.49447396
0.48732775
0.5021019
0.73641944
0.75920165
0.74759585
0.7150687
0.72993773
0.66914374
0.8010772
0.8030107
0.7239993
0.7805818
0.7657773
0.7257144
0.6536931
0.7387774
0.73298347
0.7771267
0.7071333
0.79081273
0.7820634
0.85334677
0.8411213
0.71765244
0.78922087
0.777572
0.7436095
0.7343644
0.74431324
0.75390613
0.7145414
0.77985203
0.76845616
0.80815214
0.8262764
0.8218717
0.8273995
0.77274495
0.75773364
0.7448293
0.805048
0.7669335
0.8187667
0.8101183
0.62434864
0.45490313
0.65111566
0.8705981
0.8368117
0.6780422
0.41584888
0.26933292
0.33885399
0.47788468
0.49594668
0.7452644
0.71794873
0.5635686
0.6385115
0.1425585
0.5581072
0.70604664
0.87849206
0.8112936
0.64519274
0.816403
0.670702
0.7071021
0.7024424
0.7021805
0.73326385
0.69504607
0.6252812
0.59931314
0.70468247
0.7740089
0.47956935
0.541626
0.49769998
0.44474643
0.49104077
0.5960494
0.5930245
0.6164044
0.33488205
0.57971776
0.3768929
0.43286505
0.45238715
0.51564217
0.6502207
0.6593473
0.6797357
0.5547249
0.49565718
0.1887389
0.64332414
0.6067239
0.77090317
0.59088594
0.50643325
0.4287453
0.64896524
0.41634962
0.5169768
0.5194448
0.30148405
0.38041875
0.4199955
0.641553
0.4821343
0.5749458
0.70644075
0.68787366
0.5968728
0.45856854
0.30408043
0.64936894
0.74402696
0.74723655
0.51334447
0.50975347
0.753728
0.49083227
0.58358157
0.5159028
0.75571835
0.77044225
0.8164977
0.76568156
0.659595
0.59807026
0.75184685
0.7495644
0.60021985
0.5664675
0.5543685
0.7333869
0.61512715
0.67199695
0.6748758
0.6983735
0.59975535
0.6896281
0.7121983
0.6953411
0.8182453
0.89079285
0.8339024
0.8730082
0.8922595
0.86513203
0.72818106
0.8424377
0.7586528
0.8130625
0.8193911
0.75338376
0.74631995
0.84231895
0.7539419
0.79816645
0.67022574
0.70236725
0.67543685
0.6764472
0.78481364
0.44917738
0.48100686
0.5941929
0.58678466
0.644703
0.6093961
0.69273055
0.68907845
0.70830876
0.7818091
0.61103725
0.6020091
0.5844016
0.68292904
0.5353368
0.5592362
0.7276952
0.6587267
0.5941119
0.49551794
0.3797299
0.7144196
0.5732315
0.64040464
0.8221746
0.6843094
0.64427173
0.55235815
0.5896149
0.61386836
0.32402003
0.5910198
0.8145224
0.4915436
0.34605244
0.45683122
0.61722684
0.6103877
0.5763242
0.48622993
0.65687513
0.660194
0.7359324
0.701154
0.58704406
0.37526932
0.49327633
0.44310904
0.55711496
0.5894308
0.5528372
0.44853806
0.4434022
0.6393353
0.6326244
0.44164386
0.63232785
0.7461564
0.44945544
0.5794685
0.43546188
0.6531912
0.66196567
0.6020497
0.59681064
0.76903504
0.6518016
0.39321938
0.4613025
0.527449
0.6402463
0.71771574
0.6343267
0.70831615
0.5154068
0.64251137
0.79603714
0.66036445
0.56022143
0.71347815
0.75131905
0.77153057
0.66586834
0.5002308
0.7179169
0.7369916
0.6890174
0.6383974
0.7834176
0.71635735
0.8200016
0.747933
0.70044607
0.57254165
0.6462483
0.7155446
0.6607051
0.8325266
0.73043483
0.8061253
0.67797416
0.73680466
0.55445695
0.77310926
0.79993033
0.8943979
0.7834101
0.67703724
0.6580597
0.57525116
0.647737
0.6300132
0.78654385
0.7258637
0.6140938
0.8070917
0.57835567
0.8445436
0.78919786
0.4256803
0.71979374
0.7821107
0.6103821
0.6264776
0.7151459
0.8652356
0.80534387
0.86430043
0.8229965
0.6331021
0.7465038
0.6685168
0.61746645
0.62709635
0.85753447
0.83563226
0.7072379
0.77778804
0.72998005
0.68695533
0.7419902
0.82919234
0.85544145
0.752682
0.6427156
0.6836834
0.68763983
0.7650361
0.6767767
0.80487096
0.8194653
0.5452651
0.79857904
0.7852056
0.7996362
0.84920937
0.84902275
0.6038754
0.6394845
0.8341099
0.71102333
0.78958374
0.81660134
0.7498689
0.72168267
0.85286945
0.89532214
0.6736665
0.70755357
0.6625251
0.8160815
0.6592221
0.8026072
0.6837738
0.63393104
0.89220804
0.90925515
0.71583974
0.78680795
0.61555374
0.74706143
0.7470167
0.6455535
0.8583793
0.88698965
0.75526696
0.5663065
0.7286501
0.8366139
0.7884811
0.81261575
0.77819353
0.8473658
0.75293183
0.87144357
0.8002831
0.80027896
0.8240456
0.8898075
0.84004796
0.79853237
0.67460996
0.65354663
0.5822044
0.6705528
0.89132905
0.63966995
0.6958434
0.7986969
0.681102
0.6102652
0.6191889
0.5237057
0.53566635
0.56042176
0.5358765
0.5299775
0.65246415
0.6442818
0.40758783
0.49136397
0.5580189
0.45591947
0.63608664
0.6002167
0.5758863
0.45709184
0.556781
0.46258453
0.6246763
0.7934416
0.6387247
0.5539366
0.4735913
0.48274553
0.45058948
0.45882058
0.5918998
0.5045737
0.52722675
0.57665527
0.45765707
0.41802105
0.42237502
0.5861784
0.4930311
0.47343817
0.42274594
0.3068636
0.311406
0.41168225
0.35378075
0.4596202
0.3291148
0.46199444
0.38161075
0.61369884
0.26444066
0.36073104
0.24628334
0.36693618
0.48999128
0.37972924
0.3077193
0.42747003
0.2697562
0.6343897
0.38406843
0.59925175
0.51124674
0.38163528
0.41090015
0.37361374
0.49899578
0.2878828
0.5357303
0.58923435
0.45495763
0.4463417
0.41918027
0.5322383
0.39251533
0.52539414
0.4645026
0.48533884
0.5656691
0.52129114
0.54754275
0.4689015
0.58211744
0.5079341
0.70293236
0.5987661
0.41791022
0.54828584
0.617174
0.5736725
0.48876867
0.5345913
0.7780206
0.47265503
0.24637148
0.18000613
0.14008439
0.26437843
0.5147894
0.5241901
0.60565376
0.71854424
0.8488604
0.8065331
0.5488533
0.7717247
0.66936725
0.60525274
0.552914
0.28305516
0.52223206
0.4835512
0.6929696
0.5621264
0.4671497
0.55936956
0.6167262
0.4855804
0.6125213
0.71109426
0.77367324
0.78450143
0.25361824
0.27280438
0.24115807
0.4519854
0.39475253
0.27889448
0.3498978
0.41739535
0.2787349
0.5792557
0.45607734
0.40392253
0.3300619
0.7137018
0.7904589
0.78737116
0.51585203
0.68473524
0.82132405
0.72027546
0.7462289
0.7185736
0.36614168
0.61545724
0.4661777
0.6491287
0.7812543
0.5710334
0.53577614
0.3104368
0.51735556
0.58371484
0.35751188
0.41428837
0.3230655
0.4583701
0.39571977
0.26259032
0.49446973
0.79108316
0.8597781
0.7826201
0.75234973
0.802704
0.74608034
0.7788647
0.7665727
0.6374635
0.76097965
0.83379424
0.5762126
0.43763682
0.6703777
0.48267132
0.7800597
0.71803254
0.7183617
0.61419815
0.5147325
0.60193324
0.5379746
0.49702418
0.8335624
0.8757676
0.7835418
0.5502162
0.6644155
0.53052586
0.6210893
0.78720313
0.76291865
0.8267556
0.7982395
0.7994824
0.811524
0.7653678
0.8584256
0.78970516
0.7218016
0.7832245
0.78699
0.77305305
0.5916309
0.6859749
0.6912434
0.5258722
0.597427
0.59701467
0.5285917
0.76496065
0.81586176
0.92575085
0.83217734
0.7771056
0.83265674
0.72645736
0.5422153
0.39296558
0.7159396
0.6361292
0.6500639
0.55526143
0.55668646
0.56140345
0.5967005
0.65108746
0.6525262
0.7100382
0.6785825
0.59725785
0.58327895
0.7308277
0.7737609
0.5134221
0.79719394
0.6795658
0.64563006
0.69172245
0.667373
0.7411505
0.6891087
0.6579221
0.5614202
0.56108147
0.6678737
0.53915495
0.6321117
0.7195629
0.62745726
0.74596864
0.63001084
0.62758017
0.67568576
0.7549014
0.51494485
0.6511623
0.6874675
0.6320493
0.6753151
0.65117437
0.65957206
0.676946
0.79618376
0.7004523
0.6713523
0.6294575
0.6889265
0.71019775
0.7691146
0.7899778
0.7601328
0.73029834
0.7811004
0.7568439
0.385714
0.7571424
0.72529596
0.6931364
0.7559526
0.8183124
0.9151238
0.73919
0.64307994
0.42465246
0.76266646
0.6089741
0.5792621
0.5589912
0.6149919
0.6295471
0.7322341
0.7916604
0.71463346
0.76524276
0.36286417
0.56126165
0.60398847
0.32950243
0.60490733
0.8070773
0.72978723
0.76161176
0.6684078
0.6070187
0.62765324
0.6155649
0.62442625
0.79443437
0.6061363
0.72752744
0.63744634
0.69257385
0.6785561
0.81598467
0.73974055
0.60998696
0.7840019
0.66577965
0.76215535
0.7393265
0.71348834
0.6621975
0.5362048
0.5303485
0.73960805
0.6365005
0.746363
0.70230854
0.58596873
0.6337044
0.46505433
0.5955787
0.7334082
0.7111762
0.46453363
0.42612508
0.5342208
0.5347489
0.19061236
0.58484685
0.8028384
0.6566054
0.45529696
0.44485617
0.44547305
0.57896894
0.6117175
0.6551787
0.63805306
0.48845726
0.7043859
0.82242465
0.6885868
0.5822279
0.5787931
0.6538547
0.76988435
0.87088704
0.84974
0.9176712
0.8846037
0.86842763
0.9052789
0.78176105
0.8673749
0.89634234
0.9209239
0.82494974
0.8704282
0.8821862
0.88593906
0.8632552
0.9075504
0.82227355
0.8626741
0.7455795
0.7507679
0.65814775
0.745638
0.7889767
0.710797
0.871441
0.87864035
0.90239954
0.93428564
0.9271327
0.7896664
0.74806714
0.81705624
0.8330333
0.8214879
0.76286334
0.6393563
0.6949597
0.67212826
0.6831599
0.7157531
0.76075166
0.5543595
0.77482486
0.7937868
0.8391068
0.819112
0.73638695
0.67707556
0.8083526
0.72473854
0.78029984
0.85278344
0.7890093
0.5818739
0.5169164
0.689641
0.4440191
0.6326261
0.7945738
0.945115
0.9525468
0.9272217
0.72526073
0.84914714
0.7894163
0.7466715
0.77128226
0.8056531
0.738167
0.753236
0.63418984
0.6245498
0.701625
0.7402593
0.78275985
0.6732322
0.77723664
0.75225616
0.7940314
0.8444802
0.9515418
0.9571131
0.9718949
0.7300745
0.7676245
0.70221025
0.71318966
0.4439623
0.48229754
0.5651475
0.4824131
0.7595943
0.5630187
0.48549098
0.2670272
0.18810143
0.23334263
0.25661406
0.23880546
0.20385458
0.15108803
0.016381752
0.052190084
0.031425156
0.018689867
0.026942892
0.015700664
0.0101446705
0.0097557455
0.0084291315
0.0125406915
0.03840689
0.02841469
0.06520655
0.055539645
0.048204374
0.06119164
0.12972826
0.046102487
0.053390138
0.011356974
0.048484452
0.060445175
0.026259886
0.015703859
0.020093527
0.020236745
0.012343399
0.07708048
0.0668448
0.06973997
0.110679306
0.033826657
0.073594935
0.06184949
0.06892866
0.13465191
0.08090949
0.025978632
0.06542094
0.050574135
0.07861894
0.052343544
0.04024737
0.033957846
0.03817584
0.059271745
0.04676983
0.05139503
0.23450792
0.123448044
0.14018841
0.265918
0.301474
0.29610714
0.57633156
0.4971642
0.39399096
0.40151814
0.66566753
0.6575415
0.7416675
0.8131273
0.79220676
0.64860463
0.5961412
0.57112634
0.683222
0.47325483
0.42720896
0.59532213
0.7539345
0.72441596
0.604092
0.4475628
0.25131363
0.35606122
0.37817404
0.32537407
0.4217907
0.43598658
0.505222
0.6296967
0.71200025
0.72445554
0.6611278
0.5299508
0.5643074
0.64453435
0.6649676
0.5935803
0.6729806
0.7180285
0.64414823
0.65153676
0.6734419
0.5974638
0.54071015
0.82481074
0.7275151
0.6336733
0.63076967
0.5577031
0.61639917
0.6295865
0.51867133
0.43143693
0.38053387
0.680986
0.64062375
0.74183184
0.75813305
0.764192
0.7981599
0.7285195
0.44416764
0.42748514
0.5358164
0.42117321
0.5060233
0.5372916
0.6185553
0.5709848
0.49437565
0.443002
0.50696176
0.599683
0.65599656
0.7240583
0.5734732
0.7168432
0.7581785
0.74552464
0.7075406
0.6351272
0.7264187
0.7320746
0.5823046
0.59577614
0.6301884
0.79106915
0.503515
0.6653154
0.53485566
0.637707
0.67816746
0.68184143
0.64092964
0.8217192
0.83180314
0.65741515
0.7247149
0.48238698
0.5851005
0.650029
0.65311116
0.48336893
0.52414745
0.4405463
0.546426
0.47117525
0.49894023
0.59892625
0.5282683
0.6216825
0.5192701
0.46118358
0.5503382
0.5298874
0.46413365
0.49200392
0.5976399
0.8197881
0.8250285
0.6509004
0.658215
0.6660988
0.6725042
0.7060494
0.8157786
0.46921766
0.6468398
0.74338937
0.67342967
0.71938396
0.7737755
0.72080606
0.54307055
0.63202924
0.8230901
0.75969964
0.7229874
0.78685635
0.8572246
0.86809844
0.5874524
0.62634027
0.5935558
0.76184464
0.74759674
0.8456231
0.5866632
0.66452897
0.720757
0.7825703
0.84486014
0.71188724
0.6982492
0.54741484
0.7151005
0.6042043
0.7997336
0.7647485
0.8491282
0.85797167
0.7969981
0.87607175
0.8664723
0.92886317
0.93615144
0.9429033
0.7730688
0.7773298
0.8208091
0.80203235
0.6898169
0.6686408
0.63487977
0.778082
0.7753371
0.6924678
0.6660159
0.7160356
0.5660452
0.6732124
0.85823643
0.71051615
0.6212488
0.7937468
0.7807111
0.7751115
0.76336664
0.88394874
0.82994986
0.6793087
0.73373634
0.64756536
0.7093869
0.64678293
0.7113195
0.88826925
0.84763116
0.85669637
0.8891839
0.67443234
0.8481631
0.83500016
0.78989786
0.7942842
0.7448606
0.7503744
0.7968288
0.83487743
0.8671683
0.82763314
0.9020718
0.7176575
0.786124
0.7639895
0.72135395
0.86117595
0.87874913
0.96302927
0.95265454
0.8433888
0.89679456
0.9528955
0.9009364
0.8252459
0.9146505
0.7683132
0.85494137
0.90853363
0.94558245
0.83930445
0.6376623
0.37267575
0.5180131
0.3128794
0.53572124
0.50147253
0.5849218
0.59443784
0.4258717
0.7350781
0.80460167
0.6267905
0.713625
0.6262259
0.47635102
0.47216615
0.45781353
0.48742667
0.36124495
0.5201355
0.6102141
0.8163765
0.752171
0.59807044
0.5458763
0.81577647
0.85929763
0.6111701
0.7201751
0.6590336
0.8061717
0.6369047
0.7483588
0.8270387
0.7620452
0.73878163
0.74335355
0.7682861
0.8597918
0.79630566
0.7524506
0.67659116
0.65616083
0.7364228
0.75913024
0.74311227
0.79435873
0.64284235
0.62264395
0.5903336
0.6867664
0.8112832
0.800125
0.75282574
0.50392765
0.5197452
0.5158466
0.70364016
0.60825586
0.5434997
0.546095
0.66068256
0.5267173
0.6020775
0.6509776
0.5861874
0.64808595
0.63923174
0.79520005
0.85613877
0.8318612
0.7194312
0.77998763
0.7988486
0.83506924
0.68035734
0.6972939
0.7480564
0.8240573
0.6737732
0.68490547
0.7851605
0.71755004
0.7706692
0.76366144
0.7615262
0.72709846
0.7182812
0.88034225
0.86889577
0.82824755
0.88800436
0.8538856
0.81420046
0.84090877
0.84544325
0.76697457
0.8010516
0.8069665
0.82099956
0.733099
0.7129464
0.73756355
0.7810817
0.80490047
0.8197894
0.7676702
0.7629172
0.7649844
0.8502124
0.8334183
0.7876996
0.7225458
0.67481494
0.66836214
0.6833534
0.7442707
0.8576356
0.6273196
0.74518245
0.83920807
0.8756641
0.9187051
0.8487792
0.84585255
0.9189436
0.9040289
0.9374233
0.9154962
0.9450806
0.91038907
0.9236195
0.9379878
0.83423805
0.95028496
0.77668315
0.7580327
0.71397895
0.637414
0.89270204
0.7941566
0.83256376
0.8473754
0.87314045
0.93460447
0.861879
0.8024659
0.83706355
0.7892146
0.69016355
0.88932735
0.8036181
0.7262175
0.86814433
0.57501715
0.7376386
0.8221621
0.75016993
0.89615744
0.8271806
0.9818459
0.9259997
0.9136057
0.9204445
0.8616436
0.90080965
0.8323334
0.9372832
0.8757171
0.83393884
0.7854646
0.72656065
0.80201083
0.8055345
0.8311818
0.75667995
0.8076639
0.83118135
0.8535089
0.83865196
0.90389866
0.9320131
0.93360114
0.95895004
0.92004913
0.9395458
0.86596555
0.93836945
0.8770126
0.915029
0.913494
0.92668587
0.92982113
0.93650347
0.9121589
0.904485
0.8726104
0.8576335
0.9212766
0.9022032
0.93232614
0.9095042
0.93886644
0.94036955
0.88240945
0.92411697
0.9561184
0.90234023
0.9086067
0.9489966
0.94246125
0.93193066
0.95586336
0.935572
0.9189693
0.945864
0.9071284
0.9068553
0.8774667
0.8146235
0.86873853
0.9406049
0.9160212
0.9225348
0.9025422
0.9218038
0.8972266
0.92391
0.8864679
0.9304308
0.9279367
0.92203933
0.86291444
0.86026067
0.82206666
0.90418464
0.85283303
0.8802626
0.80874366
0.86597645
0.90184456
0.929487
0.89530677
0.90404916
0.95434785
0.7885538
0.81532246
0.8538837
0.79451776
0.8006664
0.5809254
0.67349935
0.6343171
0.5143473
0.58631074
0.70690304
0.65495205
0.3629463
0.22359553
0.2667046
0.48032093
0.53488904
0.78787535
0.21383691
0.26669678
0.13450448
0.25036624
0.3112477
0.40859926
0.07878442
0.062805876
0.10673334
0.4885881
0.08981717
0.1559911
0.120571315
0.17028058
0.46058536
0.20012242
0.2784058
0.15264621
0.0010796892
0.37229824
0.14459652
0.1770755
0.09802581
0.19999413
0.0457054
0.11036497
0.41137886
0.21127303
0.29029545
0.22621906
0.33880526
0.35588777
0.23300111
0.18603794
0.25874054
0.24415061
0.25466558
0.07263745
0.08892786
0.32760566
0.044534463
0.10616239
0.08862622
0.08268027
0.16761532
0.36784193
0.21464217
0.14513712
0.35111803
0.16938896
0.25695452
0.14358819
0.102829665
0.15491842
0.08957349
0.10655973
0.23302889
0.1844253
0.15509667
0.17535226
0.17330855
0.09061993
0.24075246
0.2123922
0.033639118
0.12993076
0.059581008
0.26787868
0.06994147
0.41270852
0.15049753
0.33483195
0.21422206
0.07683461
0.08319786
0.09436786
0.18488044
0.41191933
0.6535627
0.5751498
0.5339902
0.6607084
0.3667711
0.4141638
0.58702815
0.56901956
0.51109964
0.42105532
