1
0.9992131
0.9986539
0.9984485
0.9986914
0.998823
0.99794334
0.9984711
0.9977608
0.9984798
0.99879825
0.9981679
0.99829274
0.9979861
0.9966763
0.99721956
0.9962119
0.99774146
0.99705863
0.9971317
0.99721247
0.99745303
0.9982816
0.99615026
0.9975184
0.99741447
0.99705005
0.99645716
0.9953798
0.99524516
0.9942291
0.9940597
0.9930587
0.99245054
0.99302024
0.990921
0.99291456
0.9939991
0.9948284
0.9937815
0.9967951
0.993834
0.9945346
0.9935167
0.9924286
0.99487644
0.99797696
0.9965413
0.99614346
0.9961957
0.9970829
0.99528164
0.9952974
0.99463403
0.9946102
0.9933664
0.9938313
0.9911992
0.9951499
0.9940428
0.996478
0.99620515
0.9964825
0.99676883
0.997177
0.99709785
0.9972606
0.99679273
0.99686486
0.99672407
0.9973677
0.9976325
0.9969266
0.99405175
0.99547654
0.9927919
0.9874113
0.99019474
0.98733693
0.9919275
0.98151684
0.985562
0.9800473
0.98177135
0.97513074
0.9850588
0.99220955
0.99580896
0.99554527
0.99709177
0.99706084
0.9960945
0.9957294
0.9967145
0.9966853
0.99679476
0.996024
0.99628407
0.99491006
0.9963936
0.995612
0.99351704
0.99506843
0.9929246
0.99380094
0.99355185
0.9939366
0.99268484
0.99002695
0.9889676
0.9868716
0.99082994
0.9911573
0.9885848
0.9885987
0.9893829
0.9902047
0.9908694
0.9895963
0.9910356
0.99132127
0.9931143
0.996761
0.99371755
0.98879296
0.9846346
0.9806128
0.99028265
0.98022
0.98581344
0.9867279
0.9829385
0.9799367
0.9795522
0.9623149
0.98122567
0.97802496
0.97190756
0.9667695
0.976935
0.964331
0.9648045
0.97155964
0.9735423
0.9459886
0.9652627
0.9673821
0.9583074
0.9758734
0.948123
0.95971483
0.8902012
0.89269286
0.88319385
0.8437086
0.8698635
0.6995088
0.86165166
0.8666902
0.86453545
0.9031501
0.86397076
0.8691995
0.9018523
0.84808105
0.9337271
0.93922675
0.90370953
0.9264508
0.91834646
0.90899956
0.8897248
0.9707652
0.895008
0.9525781
0.955342
0.9155581
0.86835736
0.8866881
0.80372393
0.6915487
0.5476461
0.31719634
0.61334103
0.5568564
0.51607716
0.5178933
0.50925004
0.726812
0.6030944
0.5291339
0.606988
0.5607893
0.5188792
0.46472695
0.5805322
0.54429376
0.52169454
0.3412239
0.4985148
0.50378305
0.5310615
0.4693653
0.5801165
0.5552253
0.5946937
0.48211223
0.62172866
0.6000136
0.5999712
0.5447156
0.6606228
0.5792991
0.6250231
0.6194981
0.63197464
0.7122929
0.7104993
0.6949961
0.67996746
0.7516773
0.6678476
0.63007987
0.7804264
0.79280174
0.8171143
0.787957
0.7976044
0.75990415
0.8024248
0.75642294
0.7385612
0.78487855
0.7831036
0.7594394
0.7726696
0.79897904
0.78109443
0.7084365
0.6882147
0.7282519
0.6886128
0.586856
0.6322647
0.5563101
0.5779981
0.5674496
0.62094253
0.6353875
0.56035024
0.39096603
0.57021457
0.5706449
0.7145196
0.7491436
0.7019224
0.64216244
0.6198911
0.6656445
0.7508287
0.69124216
0.658982
0.7358106
0.70994437
0.81229156
0.8023499
0.7290515
0.77792037
0.7283282
0.8469301
0.75015694
0.66621363
0.87719923
0.85972035
0.9241992
0.8576223
0.80236804
0.69277626
0.6877807
0.66708636
0.68214804
0.6327747
0.54654837
0.8070953
0.75038874
0.5354165
0.79101944
0.87586725
0.8563844
0.8214056
0.897719
0.832223
0.88656753
0.8461468
0.80953485
0.8119012
0.74504995
0.72172815
0.6895723
0.76955307
0.6072719
0.5778883
0.46424732
0.3803671
0.4481631
0.51242816
0.489928
0.6819297
0.7801321
0.76784647
0.7795105
0.70075136
0.6819971
0.64901257
0.8347721
0.82373977
0.80828
0.898758
0.8660793
0.8583615
0.88860047
0.8720595
0.8643963
0.82926166
0.8582878
0.86398923
0.7659275
0.7425064
0.73232293
0.76319456
0.7667438
0.7912614
0.7789531
0.7727288
0.73471195
0.8204181
0.6811553
0.70752114
0.77758956
0.7836979
0.7128014
0.70565534
0.761769
0.7280484
0.7164165
0.70354325
0.7717834
0.73025876
0.66659504
0.7270026
0.6613644
0.74401736
0.7296227
0.68229955
0.6479655
0.57809174
0.70366156
0.8651445
0.7817826
0.8280632
0.88546824
0.8126559
0.8459338
0.9133551
0.819958
0.8261034
0.82882917
0.87217736
0.8859609
0.90424365
0.88983357
0.8351667
0.821534
0.7619192
0.8374116
0.87208295
0.84056044
0.78329015
0.80361426
0.6954486
0.7821747
0.8021318
0.8665711
0.84933877
0.6651378
0.7640708
0.78383094
0.732966
0.63771504
0.7133351
0.6079582
0.5435371
0.7053075
0.6870616
0.74063617
0.5598858
0.5824253
0.5368103
0.55835044
0.70662826
0.4966952
0.45024177
0.51040685
0.6904813
0.5089415
0.665753
0.5345298
0.60538507
0.70994514
0.5106413
0.6193387
0.6299725
0.65487516
0.38897362
0.66314214
0.5908544
0.5645781
0.64847106
0.7054904
0.74910045
0.74629146
0.7498117
0.8407358
0.79721516
0.809712
0.7189735
0.7876139
0.7124311
0.7409965
0.73889977
0.54675907
0.48350987
0.8865325
0.8047786
0.6765218
0.5786572
0.62545365
0.38925338
0.29678336
0.44540882
0.39649308
0.40803328
0.23835014
0.5170337
0.57977486
0.64413613
0.5221479
0.68229157
0.69941777
0.6007789
0.5884547
0.6606469
0.63802785
0.65810066
0.7916003
0.77257067
0.55092764
0.72524637
0.44061235
0.6029833
0.44595182
0.6657694
0.6281626
0.60393703
0.6679833
0.6618985
0.6470741
0.42349407
0.51328707
0.59481716
0.5383039
0.74889475
0.675184
0.6860643
0.72260225
0.5904751
0.7417061
0.64681435
0.8139055
0.7969755
0.50659156
0.7185573
0.8376692
0.8514827
0.81058526
0.692014
0.6246197
0.7953157
0.5999602
0.7647691
0.7602995
0.839572
0.45051807
0.55378866
0.73914444
0.6540273
0.79572093
0.7843376
0.84408593
0.79249763
0.7168824
0.69461906
0.7038772
0.7659875
0.8487313
0.5785635
0.5167677
0.5800451
0.5800867
0.69881004
0.8128407
0.7680792
0.75875586
0.8456449
0.7714429
0.8433902
0.808269
0.655197
0.77077043
0.6987992
0.75511384
0.770491
0.7507532
0.7988605
0.6873506
0.84661376
0.88568026
0.88719887
0.8730171
0.7833842
0.82641435
0.6463735
0.63799125
0.6063419
0.8487585
0.86630386
0.9047832
0.69644076
0.6165005
0.8737861
0.9406443
0.7776201
0.32864308
0.17451428
0.40922928
0.50789285
0.42204988
0.5695497
0.63516116
0.49172214
0.71147466
0.5351566
0.5171568
0.46963894
0.6577085
0.6519725
0.39559016
0.5417431
0.6906816
0.44600657
0.69543856
0.6439189
0.5536364
0.7688253
0.5425773
0.8386377
0.8334483
0.7098652
0.8002663
0.708223
0.7066667
0.62419665
0.8002493
0.90090305
0.9137933
0.70806384
0.7417663
0.54268336
0.29520813
0.16995107
0.13278957
0.22566265
0.14151782
0.30095932
0.33851853
0.2441775
0.32723984
0.47393426
0.67360485
0.8792354
0.759062
0.79620975
0.75988305
0.8200407
0.82708263
0.7807902
0.74811745
0.52197903
0.75514835
0.7216694
0.5099827
0.38133883
0.49708468
0.3560598
0.46263254
0.37449062
0.31875357
0.36125296
0.35832438
0.6019213
0.51647437
0.74046266
0.742045
0.7453808
0.77783346
0.7830753
0.79196924
0.7641244
0.7353813
0.8231111
0.87178034
0.81273615
0.7947315
0.7706869
0.70204633
0.6379517
0.47209045
0.4676798
0.28293753
0.40420097
0.7181633
0.6642878
0.68622446
0.48946238
0.4439145
0.49786094
0.39277795
0.69046086
0.66215885
0.5977435
0.6509002
0.63612515
0.56781906
0.6343962
0.14400432
0.6359488
0.6381032
0.4682116
0.67326033
0.6551131
0.5614531
0.3863457
0.33221892
0.304807
0.23212308
0.55273324
0.19571055
0.06392504
0.017307198
0.24993156
0.38746926
0.6860195
0.7549324
0.6459021
0.69700795
0.6544211
0.5372507
0.68878865
0.74180055
0.46222314
0.7998274
0.13381417
0.26670513
0.8813878
0.8322884
0.720827
0.6182772
0.7404762
0.8835071
0.5864943
0.658643
0.76730216
0.66426796
0.7573013
0.8132074
0.90854263
0.8597357
0.85411376
0.7053444
0.5237758
0.75770915
0.60799146
0.64595544
0.69037515
0.70887524
0.5474363
0.35960627
0.31105468
0.14703222
0.37782335
0.3924744
0.18309315
0.10854755
0.043881625
0.10259001
0.17324127
0.36435744
0.3120349
0.45944783
0.85492605
0.82673734
0.71982604
0.8952304
0.83120817
0.8095107
0.75427496
0.82455146
0.8092448
0.6029847
0.6830801
0.69882613
0.7186813
0.6869082
0.8230582
0.8424622
0.75553006
0.46928716
0.4302844
0.66305184
0.6619794
0.82552195
0.74335223
0.61025006
0.51279587
0.4696907
0.7432276
0.7001582
0.52728325
0.57123643
0.76456285
0.8369172
0.7155128
0.79314905
0.6914511
0.8373316
0.7949155
0.8118036
0.5941021
0.72122896
0.6349661
0.7764678
0.75339454
0.8767604
0.8788013
0.73232937
0.7043317
0.9409465
0.7383247
0.70523334
0.67918307
0.6667498
0.6456056
0.4945066
0.47911647
0.55262005
0.44179422
0.6054037
0.60305494
0.71706855
0.43045887
0.27658513
0.33030695
0.5851904
0.27808592
0.57519895
0.43036288
0.6909908
0.46109197
0.11724053
0.1800371
0.20863125
0.5022832
0.6044322
0.3826272
0.35566083
0.47503582
0.5514134
0.57063437
0.24036232
0.73688555
0.09728687
0.20009151
0.6736198
0.0702377
0.1135818
0.25391537
0.3023982
0.19219577
0.14985096
0.25732058
0.3633804
0.60247487
0.71225893
0.8525153
0.6008086
0.7273825
0.7175045
0.67539227
0.59437406
0.68563014
0.86956596
0.74613655
0.771961
0.7376497
0.7659147
0.76085377
0.695451
0.6571958
0.5202538
0.46270075
0.6669464
0.72547877
0.6760538
0.4165896
0.65355104
0.6593496
0.8006174
0.715557
0.6867659
0.5054028
0.41610792
0.649466
0.56127083
0.6653801
0.88396925
0.5269512
0.4764757
0.31922257
0.5372796
0.6064964
0.77977765
0.7900635
0.8400256
0.7343794
0.730992
0.7648537
0.712898
0.66699296
0.85198873
0.65719146
0.65358436
0.88270456
0.80126
0.67665976
0.8090661
0.72304636
0.7402542
0.59180903
0.57352537
0.4151691
0.5592691
0.28593352
0.16715045
0.52942574
0.07148997
0.15165567
0.25358698
0.21696348
0.3441466
0.34576735
0.50988954
0.6737033
0.5394616
0.707825
0.49218357
0.44285777
0.5913827
0.7479774
0.5134853
0.46603248
0.83086646
0.83928394
0.75903285
0.7005097
0.7146515
0.64374876
0.82378167
0.57564604
0.7940622
0.82733667
0.6579121
0.6919386
0.06575422
0.07766912
0.03256662
0.02214646
0.015832013
0.013435223
0.022634516
0.07104672
0.15205154
0.1178329
0.078798294
0.052644722
0.09067874
0.24984102
0.23537046
0.2781696
0.18589194
0.30973825
0.35129184
0.40257573
0.1572507
0.4869656
0.13711096
0.17157847
0.15653038
0.13181655
0.22289222
0.13392408
0.16007595
0.14673139
0.07491083
0.08237007
0.111043826
0.10130845
0.11590264
0.061444677
0.07954624
0.07324997
0.08283242
0.21817704
0.19094238
0.2192518
0.25425076
0.5006718
0.52242625
0.35899025
0.27119225
0.29162848
0.4974716
0.4442584
0.43037227
0.37139082
0.36092645
0.39399424
0.31315115
0.3686738
0.90675384
0.8139198
0.84526026
0.8222849
0.8618441
0.7584772
0.8378182
0.72063696
0.8030693
0.8260986
0.9494799
0.8468702
0.67856216
0.81928986
0.5515387
0.74143577
0.88095266
0.6926661
0.7172846
0.6591161
0.80444187
0.7127817
0.7268514
0.77548665
0.6834071
0.63374025
0.62401074
0.56233346
0.5264887
0.62858915
0.4745205
0.5805288
0.44682744
0.5331095
0.780608
0.74889034
0.27492645
0.45864975
0.3014305
0.70036906
0.42645946
0.4369467
0.8054873
0.64255214
0.7426135
0.78587496
0.55866176
0.5242419
0.5899111
0.6600054
0.6232771
0.77896446
0.26747838
0.38792238
0.36758518
0.3924412
0.33393186
0.25321347
0.28103012
0.6292305
0.6821825
0.5332195
0.2841321
0.39835674
0.49333015
0.27695417
0.5615671
0.6846069
0.77021253
0.7424255
0.75800866
0.7632483
0.77719665
0.58087593
0.641865
0.7383127
0.62517685
0.8043954
0.606367
0.737504
0.94343764
0.92342675
0.8588836
0.872257
0.7184444
0.64188594
0.6141323
0.6389569
0.7139234
0.80724984
0.8253408
0.82371116
0.8042719
0.798973
0.8366295
0.7365139
0.6832019
0.9220038
0.7969525
0.6954153
0.8502589
0.82173395
0.9160705
0.8590928
0.9049846
0.92251563
0.8730825
0.71504134
0.68424296
0.70248055
0.6909651
0.52618057
0.45147914
0.36069617
0.28998587
0.2599452
0.30078614
0.45301047
0.21085106
0.14382908
0.29683292
0.20130545
0.29838175
0.23980485
0.27773258
0.17879005
0.3108687
0.53322434
0.5644198
0.6900415
0.7686324
0.70795894
0.29415622
0.3446257
0.3012872
0.34946278
0.23376094
0.3085805
0.6724951
0.30778173
0.31326935
0.35239053
0.21803784
0.19615899
0.11367363
0.100585595
0.3312649
0.13104714
0.16547707
0.16805156
0.13133807
0.10791586
0.08190102
0.10330113
0.16671102
0.22491996
0.36782593
0.5059363
0.4794428
0.49990177
0.20996869
0.2949437
0.23183234
0.24915847
0.09951071
0.21504335
0.28353652
0.24048254
0.3419797
0.2688371
0.18642096
0.15046576
0.17438087
0.1690826
0.41936296
0.35669
0.340093
0.41924247
0.27282444
0.25119266
0.34803122
0.3441548
0.32085103
0.5238682
0.15721004
0.13562372
0.06793699
0.16613169
0.18010373
0.30630037
0.18131611
0.33685598
0.28325525
0.38996604
0.17829682
0.19810098
0.25561592
0.15301685
0.24785684
0.28131074
0.118647724
0.15809228
0.23816079
0.40719453
0.5567087
0.35749325
0.30776373
0.28778628
0.33113784
0.288055
0.5775959
0.55086774
0.5281573
0.5057371
0.69770974
0.4348729
0.8635268
0.76160455
0.7384714
0.9208096
0.8937203
0.9466334
0.87002814
0.8948147
0.9553371
0.825092
0.89002156
0.953889
0.8826664
0.83354485
0.8329247
0.837137
0.9510183
0.842714
0.887365
0.92051345
0.90711856
0.90593594
0.8799032
0.91482615
0.89423925
0.9312485
0.7484372
0.71616745
0.87134427
0.8696341
0.8596923
0.8742881
0.82946724
0.83114374
0.87649953
0.93466043
0.73458457
0.8548058
0.8467803
0.80391794
0.8428768
0.83877826
0.82911825
0.8578223
0.7768336
0.88367075
0.9291358
0.9277154
0.9112928
0.8575469
0.8875446
0.79413074
0.8649429
0.8539255
0.87915504
0.909587
0.8629534
0.93589294
0.8219905
0.73264194
0.84704393
0.7487845
0.7382498
0.9164189
0.8558525
0.8239184
0.864223
0.75204366
0.6769728
0.744813
0.7720529
0.85822237
0.7826992
0.7893363
0.7780998
0.8727475
0.9051908
0.8660124
0.8362227
0.8448729
0.8292457
0.8617555
0.78355
0.7905353
0.5681685
0.3710203
0.64465696
0.65637815
0.50997436
0.78971636
0.8331552
0.9089652
0.9455074
0.87134236
0.8304979
0.85595244
0.88878536
0.86817694
0.8298466
0.8746171
0.89475405
0.73214453
0.8598562
0.94538873
0.9277128
0.77357465
0.7985394
0.6670926
0.38860565
0.38100883
0.57361454
0.7039702
0.62019247
0.7702757
0.7951124
0.8159214
0.73545843
0.5808513
0.50076836
0.22007295
0.51136976
0.7156447
0.7790024
0.8629703
0.8780156
0.77537626
0.6156355
0.54849243
0.5759371
0.7016193
0.64068425
0.77814716
0.6313222
0.7179856
0.6687832
0.6158511
0.67571473
0.7793808
0.79070365
0.5978777
0.66931677
0.7506843
0.8277793
0.68371886
0.60748523
0.5786445
0.46708968
0.8233172
0.6679281
0.5624418
0.7334553
0.59885454
0.600858
0.5893158
0.7406423
0.45928583
0.5985872
0.603734
0.7081371
0.8554737
0.67347455
0.8742155
0.63246095
0.43849522
0.6211455
0.73688906
0.7998946
0.79211867
0.7707735
0.8634432
0.78347856
0.6628517
0.3582262
0.5149678
0.45887235
0.33108276
0.6107662
0.6997098
0.64001805
0.75397086
0.62678176
0.5849271
0.5664113
0.65660435
0.78173643
0.71476966
0.639544
0.54558754
0.005588982
0.021158122
0.070791624
0.025267594
0.09159232
0.08583532
0.13288178
0.20976378
0.03480928
0.15489665
0.15415183
0.48407716
0.05659209
0.23817956
0.08648282
0.04506213
0.06943447
0.0282323
0.34556454
0.081377625
0.08176368
0.17221697
0.0737855
0.014660672
0.04294003
0.27969414
0.040497147
0.213722
0.09596656
0.081073195
0.28111276
0.2853196
0.20967793
0.20110634
0.22360532
0.43981075
0.16032399
0.12723584
0.32907888
0.17705274
0.109432824
0.20764348
0.18826249
0.25539467
0.12063019
0.1276709
0.21939638
0.053552177
0.6727233
0.082974896
0.14412029
0.38814557
0.0885921
0.07340244
0.09126201
0.21307872
0.012888852
0.30318004
0.42754707
0.03278302
0.2548236
0.13149165
0.28095293
0.17928691
0.36604857
0.29804116
0.015128667
0.2699442
0.14077416
0.19023158
0.14664064
0.10622747
0.025524747
0.16907388
0.20735982
0.25787207
0.07199902
0.13528232
0.058486685
0.1508807
0.3594213
0.2252267
0.07279995
0.17228733
0.19617563
0.062509775
0.21739034
0.0456731
0.17059061
0.13916683
0.062165022
0.058110397
0.13599393
0.12388499
0.07461915
0.14453915
0.12741223
0.080390915
0.17030004
0.09951255
0.14172618
0.22854547
0.079564355
0.16720684
0.13294785
0.06886904
0.15454343
0.035363253
0.13605772
0.016208848
0.196916
0.25106224
0.08437373
0.05061315
0.12150029
0.04037763
0.2681775
0.03815613
0.055125326
0.1614606
0.26879418
0.1527821
0.37641126
0.17381959
0.041193135
0.044818323
0.1061219
0.05499526
0.06764357
0.09915623
0.025582144
0.020939024
0.05363056
0.048029933
0.024184396
0.010044185
0.017832078
0.05024172
0.017935863
0.025673628
0.041738465
0.13203576
0.016549017
0.029091699
0.10251089
0.083898015
0.18788366
0.5304962
0.5232521
0.6590589
0.30716282
0.07321425
0.0030233643
0.12386632
0.5173924
0.00082644424
0.30007812
0.32883635
0.00250116
0.0042764177
0.009721955
0.05996203
0.0034044727
0.00053473975
0.0007022249
0.32860765
0.13280578
0.008296304
0.5010287
0.55833626
0.5419961
0.679517
0.09118358
0.50539213
0.622605
0.6600971
0.75363773
0.84054106
0.58516145
0.6437186
0.57305163
0.6544182
0.6462977
0.5379934
0.18088707
0.5991284
0.5495667
0.42317837
0.4412355
0.5126411
0.61757886
0.21492182
0.3684812
0.38337272
0.011910121
0.37546295
0.065307125
0.00093061745
0.12620726
0.059408925
0.05577378
0.010059518
0.7158338
0.77273035
0.6326015
0.547666
0.52455294
0.71174645
0.7014399
0.84267247
0.5124705
0.7052585
0.7841216
0.838058
0.7004389
0.602862
0.6958449
0.9686428
0.97923905
0.9236522
0.87980646
0.9283093
0.92820686
0.94154346
0.9357154
0.81093717
0.8342622
0.8388905
0.39720583
0.70571315
0.8683011
0.76662403
0.833364
0.7353858
0.80384237
0.576743
0.30692098
0.7141724
0.904326
0.7626274
0.64445966
0.80427
0.73147
0.735512
0.5271868
0.7774191
0.88055867
0.8360279
0.8566555
0.8433011
0.6653762
0.7738511
0.780024
0.9645604
0.9506571
0.9125817
0.8857118
0.89194924
0.87787646
0.85985255
0.8654612
0.9220436
0.9363593
0.9090054
0.89042383
0.86467516
0.8314018
0.6338593
0.73291993
0.6733631
0.8049748
0.8568572
0.8006656
0.85025084
0.8263609
0.8276656
0.8396745
0.7765347
0.8218271
0.7781158
0.58328635
0.66812366
0.50145024
0.6979915
0.8012456
0.81553835
0.8721594
0.8684182
0.88766974
0.8704223
0.8514683
0.8800358
0.7436952
0.8517865
0.6860098
0.82623166
0.8017887
0.84934795
0.78948766
0.8219773
0.8079249
0.7718449
0.73530805
0.7333096
0.69538116
0.6619387
0.7068794
0.5398138
0.7140685
0.7555684
0.65066403
0.6549181
0.5803101
0.6670845
0.72716445
0.6469307
0.6383728
0.71663207
0.6808565
0.8589155
0.8661242
0.5981895
0.51950955
0.8227886
0.8569514
0.62733716
0.7754841
0.69152397
0.7305284
0.57408196
0.7500552
0.25277078
0.36922622
0.34241778
0.7776647
0.6058525
0.5300017
0.80000705
0.90197873
0.7460216
0.7927606
0.76280653
0.771618
0.7617909
0.6856668
0.76749176
0.8164718
0.7721237
0.81320894
0.72776
0.76493335
0.49174637
0.8060711
0.6324039
0.6475234
0.62001747
0.78455323
0.78302664
0.82368124
0.82826245
0.74721223
0.84051985
0.9374569
0.82290393
0.85169095
0.7413052
0.84705085
0.84659356
0.883239
0.82111454
0.8266956
0.9093251
0.9157223
0.8407274
0.92377514
0.8836364
0.8142933
0.8316888
0.60593754
0.5984956
0.82055205
0.8873647
0.85738677
0.85266286
0.7588268
0.8304023
0.77453434
0.76156735
0.58496845
0.7056523
0.78224444
0.86736035
0.89839923
0.86426485
0.9192727
0.87344056
0.79965883
0.9823559
0.8839743
0.93020415
0.9355469
0.938013
0.90987676
0.8859662
0.8321235
0.90419906
0.9191165
0.9250354
0.9184491
0.89733875
0.90028363
0.9081824
0.8288814
0.9580745
0.9018942
0.90707386
0.9666163
0.908341
0.9221831
0.86209524
0.9516786
0.8904378
0.8228677
0.8550837
0.7924108
0.8348797
0.8859184
0.90654373
0.86496127
0.930055
0.925676
0.91086495
0.9279213
0.96558094
0.9538928
0.9612269
0.94748974
0.8815008
0.9399624
0.9026973
0.9044093
0.89832187
0.8054365
0.93109655
0.694957
0.38472262
0.3096601
0.5368731
0.60892147
0.75987583
0.06905305
0.20569247
0.42490503
0.34947526
0.21001157
0.4325303
0.3312935
0.40298796
0.55210644
0.4069476
0.4092174
0.6511159
0.17234753
0.38391635
0.47462562
0.70862675
0.46553645
0.35627598
0.15408312
0.54085624
0.6261954
0.6769719
0.4835567
0.61438626
0.48904833
0.54652584
0.6062491
0.5623976
0.57886505
0.56938887
0.6002083
0.6395666
0.61929774
0.5800313
0.78598213
0.6862552
0.68984586
0.7096692
0.776617
0.55436444
0.7879029
0.77562404
0.81331444
0.73443675
0.62408245
0.7909234
0.67132884
0.67865044
0.77954954
0.74038213
0.6848615
0.65448934
0.62539804
0.78794533
0.7248936
0.61691236
0.8497031
0.7508167
0.7933666
0.70604086
0.6421255
0.7109074
0.5556437
0.7849541
0.52632433
0.6443171
0.7375643
0.46049356
0.47334743
0.58678675
0.59756434
0.5050174
0.5465794
0.65629846
0.72263366
0.79509026
0.5764673
0.42489433
0.61787623
0.48814267
0.72441155
0.55388296
0.41931102
0.65305734
0.6105902
0.4740106
0.6925237
0.5740878
0.6780965
0.65979224
0.7102714
0.68297756
0.5901118
0.6860509
0.71201044
0.69163525
0.57810473
0.5819716
0.49134195
0.51201993
0.60608214
0.7378922
0.5196214
0.61382943
0.5931699
0.67894715
0.6222923
0.56218994
0.6022654
0.53363967
0.71971786
0.49346846
0.48986956
0.70071757
0.530214
0.546335
0.66797143
0.6373221
0.66690844
0.6485557
0.48254994
0.7434623
0.81392586
0.53263915
0.60494536
0.65435517
0.5580651
0.612328
0.47544995
0.73546785
0.4194406
0.59121454
0.504582
0.71045387
0.64341146
0.40212736
0.55486035
0.810703
0.5790663
0.6336334
0.60522157
0.67623013
0.5119296
0.5455627
0.30149588
0.6570565
0.5349653
0.6845251
0.6014078
0.5751499
0.63122016
0.55963033
0.45017427
0.6079512
0.6038165
0.560704
0.7058646
0.5593802
0.49975058
0.76753694
0.551644
0.47655976
0.6532187
0.60363805
0.46183443
0.38813767
0.45090848
0.540776
0.6839125
0.5848839
0.7179316
0.57638204
0.5782948
0.71388936
0.54152805
0.630277
0.7013782
0.578971
0.5898173
0.46270213
0.5817181
0.5362722
0.6783037
0.5771283
0.5086396
0.69077766
0.5869781
0.55069715
0.5912007
0.596603
0.6111726
0.49520457
0.64491767
0.6107621
0.7101021
0.5114889
0.6094435
0.62639695
0.41012916
0.6027387
0.7153387
0.6074984
0.4797345
0.5379922
0.46469724
0.48261395
0.53035533
0.7007479
0.57138807
0.5468175
0.73068804
0.5525431
0.36946845
0.5825778
0.46719968
0.56082016
0.6109616
0.6308561
0.5783847
0.70217454
0.6239962
0.72263044
0.37414324
0.5736967
0.7052995
0.70121884
0.70198035
0.5046504
0.60048485
0.6175233
0.54487884
0.6804976
0.47040367
0.5065778
0.6198449
0.6181667
0.66603327
0.6513758
0.5805149
0.5945713
0.6096805
0.6289327
0.43835247
0.8302943
0.6145707
0.44660643
0.576793
0.6577047
0.66018957
0.66904145
0.6439911
0.5299995
0.52978885
0.65311235
0.7296309
0.6728532
0.72492343
0.68238723
0.5841794
0.6124507
0.41267174
0.61977017
0.5065772
0.59807736
0.5922166
0.7071846
0.5653512
0.6435455
0.6272137
0.7454509
0.7561026
0.737227
0.4881821
0.87192786
0.7274198
0.75792265
0.72632
0.4801632
0.65826696
0.57678616
0.70880455
0.6809994
0.8255911
0.5760872
0.8258765
0.733684
0.836822
0.6367609
0.7010534
0.73347396
0.77170783
0.64302737
0.74905324
0.7430594
0.7389279
0.89183414
0.7765669
0.7941112
0.745086
0.7955495
0.8061695
0.918434
0.83136785
0.5730897
0.8761387
0.549078
0.72267985
0.7157798
0.856305
0.66775537
0.71371484
0.71428216
0.62995213
0.68703806
0.5848163
0.7289597
0.6934602
0.6931649
0.5837874
0.62158185
0.8076114
0.646781
0.4760551
0.6759896
0.4033564
0.5600435
0.6445135
0.34680548
0.32497564
0.71795547
0.61478376
0.4959004
0.51281923
0.65894717
0.38412875
0.55747074
0.3739417
0.4983451
0.5134024
0.5232997
0.45786452
0.36459285
0.49300733
0.5145737
0.6673966
0.7030316
0.521531
0.6153748
0.64204746
0.69449174
0.84333086
0.8210751
0.7829741
0.38556993
0.34108222
0.3881862
0.536183
0.08697586
0.013085543
0.04246582
0.0743008
0.22755834
0.3416346
0.2458642
0.20367132
0.34970564
0.560446
0.7656795
0.77775145
0.69994575
0.85988104
0.777584
0.809895
0.69296235
0.50157964
0.3617464
0.46616533
0.53911847
0.73389584
0.63383436
0.664992
0.5539068
0.43178937
0.557102
0.6670019
0.736415
0.5324411
0.46713537
0.695261
0.6274989
0.5474385
0.54355925
0.5230191
0.5799852
0.39173853
0.5518608
0.65761447
0.64181143
0.8020851
0.78197116
0.823818
0.81833917
0.7512505
0.6620166
0.7420107
0.6923255
0.48721212
0.65326387
0.5712153
0.6175774
0.4845918
0.51585996
0.5256267
0.6645069
0.7235594
0.75300354
0.7347906
0.6580131
0.73664975
0.6091062
0.64831954
0.41471148
0.61377376
0.7101387
0.6744452
0.70355743
0.75708085
0.7161164
0.6905349
0.82329535
0.73601246
0.7460582
0.7840619
0.7442889
0.61849034
0.7558092
0.5814065
0.5517274
0.7318927
0.6526383
0.677146
0.6302547
0.6336056
0.6623515
0.3145361
0.5163384
0.5103465
0.3245205
0.56713337
0.34610176
0.6328396
0.65714216
0.72205406
0.70086074
0.66550636
0.4779704
0.43581325
0.36542046
0.28397635
0.46256688
0.5982507
0.539494
0.32832897
0.48399115
0.416131
0.20097834
0.35322848
0.29261357
0.19187333
0.2974945
0.12531817
0.22554879
0.24113192
0.31239334
0.23068942
0.3532357
0.5129339
0.4283393
0.3710435
0.36580956
0.398292
0.33756253
0.32621068
0.1806452
0.36826625
0.4474431
0.5061652
0.30385673
0.31782147
0.51295006
0.60610735
0.62497234
0.6117555
0.34981743
0.42469186
0.3635732
0.4693005
0.12337521
0.178105
0.3574551
0.3729469
0.24154569
0.39718026
0.416083
0.42017975
0.40164948
0.36528322
0.5199577
0.51410437
0.5408631
0.45287767
0.20898102
0.3654621
0.19098367
0.2809116
0.14919433
0.16510682
0.11295049
0.18871365
0.08835907
0.32120657
0.21648549
0.18880694
0.20352386
0.29991186
0.22278214
0.24024442
0.19846915
0.22071432
0.3245966
0.47634086
0.27326337
0.33012453
0.23495562
0.5361225
0.57528245
0.6608023
0.39801687
0.34102106
0.4535463
0.44844338
0.36626878
0.31953922
0.29996446
0.27996594
0.27300242
0.5766067
0.30975428
0.46720564
0.6528453
0.6821692
0.55749017
0.47025096
0.42420605
0.6265473
0.50936323
0.3760327
0.5170227
0.6747435
0.5530083
0.34531462
0.4140344
0.19853956
0.61615074
0.33396265
0.35307893
0.4790925
0.38888234
0.2664905
0.28921038
0.3188534
0.23706363
0.4485166
0.55226326
0.4617213
0.7250555
0.6340333
0.75641876
0.75672454
0.7356025
0.7803651
0.6467434
0.477303
0.3547659
0.27551475
0.5725566
0.39914405
0.020197846
0.0117454305
0.04157956
0.022180328
0.020282181
0.012568049
0.00765471
0.0030699186
0.008094826
0.017922692
0.05109705
0.01944627
0.018552238
0.018454144
0.03633116
0.18993454
0.1887412
0.6856809
0.77962255
0.5561091
0.40303034
0.59254473
0.53878355
0.51060396
0.47402194
0.50367767
0.5081167
0.60904974
0.5025584
0.5533283
0.44733694
0.4366226
0.37076408
0.49717802
0.50631446
0.41383663
0.29084238
0.6046
0.47320193
0.51950866
0.48415264
0.4733846
0.6458103
0.4621598
0.46643603
0.4409612
0.5780027
0.4967314
0.36388573
0.45923918
0.66409314
0.58708346
0.7207992
0.109467424
0.060262606
0.058388837
0.102810375
0.030481668
0.044763662
0.12282796
0.10258255
0.06313044
0.11410231
0.39618492
0.47748557
0.7443234
0.19702506
0.31634083
0.3047129
0.47393775
0.71920264
0.6382505
0.7871393
0.378125
0.15969291
0.14288148
0.07684561
0.10836312
0.1448821
0.057164785
0.049621314
0.07623223
0.17919517
0.72332
0.6396518
0.6038144
0.56768686
0.50771344
0.5714937
0.44758165
0.3113522
0.28486422
0.10468012
0.1849182
0.2195714
0.12797971
0.36758685
0.2881091
0.15938495
0.42008743
0.70738405
0.5756297
0.7918436
0.64438033
0.66799563
0.67444545
0.6625023
0.6904661
0.68672514
0.6092951
0.64321905
0.6925661
0.70279896
0.60479915
0.61077
0.67622834
0.56896263
0.67135006
0.6516254
0.31967497
0.43337193
