1
0.9980307
0.99650395
0.9962368
0.9968405
0.99604106
0.99514705
0.99563235
0.9952615
0.9955348
0.9951546
0.9966274
0.9965419
0.9957858
0.99633276
0.9979367
0.9961904
0.9941968
0.9961074
0.9964735
0.99487644
0.9959204
0.9971635
0.99708754
0.9957486
0.9965791
0.9959859
0.9967272
0.9974711
0.99729925
0.9975568
0.9977952
0.99745685
0.9972262
0.9977494
0.998102
0.9980276
0.9980944
0.998052
0.9970387
0.99801886
0.9981255
0.9973648
0.9969176
0.9963006
0.9969336
0.9959459
0.9965419
0.99642867
0.995845
0.9938176
0.9953968
0.9952727
0.99362355
0.9947929
0.99492127
0.9947607
0.99193746
0.99442357
0.99523145
0.99574184
0.996203
0.9955283
0.99452424
0.97873986
0.9912608
0.9949628
0.9948684
0.9958359
0.9940101
0.9943268
0.99572515
0.99547064
0.99577624
0.99641067
0.99190253
0.9955101
0.99296135
0.9893612
0.99232215
0.9929402
0.98891175
0.98749113
0.9811413
0.9760029
0.9734171
0.97866195
0.9808233
0.9609398
0.97294915
0.9702628
0.96921664
0.9570471
0.9641871
0.9633813
0.97041243
0.95456994
0.96561587
0.9444557
0.94426954
0.88226235
0.9441557
0.91088045
0.8850552
0.8883753
0.8983365
0.88147277
0.90738153
0.92390954
0.82312113
0.7878209
0.8437627
0.84375703
0.80404717
0.8941484
0.89810413
0.895322
0.90764916
0.89238894
0.88405734
0.9243692
0.9148768
0.9266052
0.9307059
0.9251763
0.9216611
0.9141219
0.9433251
0.90894836
0.94809395
0.9179017
0.92331374
0.9358014
0.93648034
0.9380441
0.95947516
0.94840777
0.9668578
0.9644862
0.97087806
0.9694929
0.9631142
0.9689389
0.9704202
0.9731958
0.9736734
0.96207047
0.96242666
0.9527362
0.95462763
0.9546309
0.96815467
0.97088796
0.96562904
0.96280575
0.96379447
0.9567618
0.9396795
0.9487104
0.95720994
0.9375688
0.94923276
0.9412506
0.95835763
0.950272
0.9471589
0.9659643
0.97320706
0.97981673
0.9703985
0.9690216
0.98020315
0.9642659
0.97296876
0.98026407
0.9803403
0.98395294
0.97509944
0.96420306
0.97119194
0.9698939
0.9583606
0.9632682
0.959223
0.93444705
0.9260479
0.90527064
0.855362
0.84701127
0.8450096
0.8509406
0.80980843
0.8195014
0.80150986
0.6909686
0.78948843
0.777764
0.608389
0.6784296
0.6559293
0.7377326
0.67656136
0.6731709
0.6448757
0.5865344
0.49995703
0.47756445
0.559108
0.6442484
0.5267816
0.6413294
0.5106992
0.6345911
0.48428607
0.44765183
0.43561798
0.50597584
0.11646403
0.047524586
0.018060746
0.043763123
0.03086715
0.041402563
0.016074833
0.0251857
0.032991134
0.03178135
0.03873309
0.02945856
0.042622022
0.03685703
0.05553682
0.057931717
0.06313213
0.0928052
0.7603738
0.74429464
0.6388194
0.604637
0.7451232
0.67285764
0.6824201
0.8165683
0.7079465
0.629352
0.70304376
0.8133864
0.6457016
0.70194715
0.5493679
0.61548567
0.5242832
0.45663995
0.3605991
0.4975385
0.49630696
0.50615025
0.6780543
0.7196
0.6711919
0.73241127
0.7449112
0.87537944
0.826347
0.79282784
0.9545945
0.958878
0.96099246
0.9637122
0.9622264
0.9526069
0.9468491
0.943923
0.91760325
0.91002584
0.93045795
0.9152436
0.96471554
0.94910794
0.91435665
0.8897945
0.9040545
0.9052185
0.92168427
0.89343494
0.8967224
0.8821666
0.85455376
0.89533275
0.8580047
0.8646083
0.8812754
0.8526069
0.77069765
0.7895031
0.85636985
0.743488
0.7493432
0.8107978
0.77437305
0.7859259
0.75940293
0.76340723
0.6397013
0.73017144
0.69409895
0.7384459
0.66493434
0.7563355
0.6548885
0.6859352
0.7462612
0.72390103
0.6932182
0.63991916
0.6588368
0.8308995
0.8015996
0.72963744
0.6780446
0.76071286
0.7794732
0.8184225
0.87963927
0.79418534
0.73188347
0.73353785
0.8589747
0.8411607
0.9383369
0.9223068
0.9357066
0.9410959
0.9183547
0.8723406
0.7800204
0.7303778
0.7777676
0.83896726
0.7584255
0.8420402
0.829381
0.6945156
0.83920187
0.8647297
0.88172054
0.8797213
0.8666314
0.89096403
0.88546944
0.89652073
0.8711458
0.81761295
0.91516507
0.9026795
0.8992602
0.9135823
0.9435332
0.8669747
0.86490667
0.8901055
0.8895706
0.9095402
0.89674306
0.89023453
0.9219765
0.94039446
0.88302106
0.9173062
0.9294949
0.9106493
0.9207873
0.92045105
0.9534789
0.9126801
0.9388017
0.92166513
0.9135263
0.90487105
0.9301981
0.9132795
0.89499146
0.8455017
0.8240865
0.7747207
0.8385049
0.8430231
0.75122416
0.8181512
0.71200204
0.6000721
0.58482254
0.47536165
0.31859496
0.2531087
0.1686005
0.32472435
0.44045988
0.38573152
0.2867032
0.123927586
0.05167687
0.14323498
0.08825
0.0778719
0.0975498
0.12882826
0.03576039
0.050292492
0.0654728
0.010513807
0.02809539
0.061455935
0.037174635
0.016482037
0.023353484
0.010405052
0.5522267
0.5650236
0.66071695
0.58599186
0.7654139
0.81501657
0.7996518
0.93248844
0.9100523
0.9307999
0.89457417
0.91742176
0.90874946
0.91815174
0.9120947
0.9155643
0.9456699
0.96688294
0.9750412
0.96205825
0.90814275
0.9383459
0.9659105
0.9138027
0.9201188
0.948976
0.87770575
0.915634
0.9242702
0.861051
0.9186562
0.8805767
0.804893
0.8203158
0.8127044
0.75653154
0.775902
0.76638263
0.67895037
0.8325853
0.84716755
0.88088244
0.8378286
0.90098983
0.90095615
0.91234946
0.8362816
0.8534716
0.86269474
0.9086649
0.8717918
0.9174918
0.9406222
0.9297205
0.94829273
0.95889914
0.9596657
0.9671281
0.9501535
0.9383522
0.9347038
0.95134
0.9745677
0.90881306
0.9329301
0.918913
0.95075065
0.936687
0.93495333
0.8893395
0.9151481
0.9266868
0.90169746
0.9159888
0.75225
0.7556371
0.82851875
0.86885554
0.85662717
0.88990504
0.8725541
0.8498731
0.8743105
0.9029299
0.78404593
0.77080077
0.84842354
0.8274592
0.88963145
0.8975404
0.8929834
0.88395655
0.907769
0.93363065
0.88361484
0.9324805
0.9335941
0.94319355
0.9270924
0.90937907
0.91994876
0.961374
0.9628881
0.94953144
0.96501696
0.976107
0.9812851
0.959906
0.9739247
0.9422932
0.94936025
0.9604256
0.9493671
0.9376762
0.9271341
0.9031961
0.9256548
0.92187196
0.9195584
0.91274565
0.8863055
0.90929663
0.8779042
0.9333672
0.9156548
0.90035504
0.912202
0.8587619
0.8310105
0.909614
0.9366948
0.91222
0.893063
0.88648957
0.9078809
0.9193174
0.94113433
0.94609916
0.9403325
0.93783367
0.9392416
0.9339429
0.9307359
0.9228777
0.8736669
0.87304485
0.7892176
0.8607726
0.84283525
0.78367037
0.8113411
0.8197694
0.8372104
0.8851636
0.89672506
0.90205884
0.8974535
0.9247871
0.9148946
0.92516947
0.9042617
0.9191758
0.94215435
0.93502045
0.9282137
0.9428325
0.8941621
0.8935197
0.86971074
0.80200934
0.91143364
0.8405131
0.8824296
0.90065277
0.88463455
0.91531223
0.9233686
0.88127285
0.8990896
0.90046716
0.89609414
0.87566006
0.916109
0.91671485
0.91782725
0.9013175
0.8523624
0.8846788
0.8935426
0.9021021
0.88839036
0.89875674
0.90092844
0.8768784
0.9071479
0.91765183
0.8913321
0.9127983
0.8543141
0.8775202
0.8251168
0.8395388
0.7969937
0.7332658
0.74619174
0.68263346
0.6290486
0.5802045
0.6397532
0.6505547
0.66168875
0.6377128
0.6756024
0.70056325
0.7587281
0.6953792
0.6487219
0.72509325
0.7257577
0.6570696
0.7188736
0.5558459
0.50330085
0.5983318
0.42051277
0.5916237
0.631258
0.41287243
0.57152486
0.52886033
0.63662165
0.57195145
0.47402725
0.5099399
0.61319774
0.59870607
0.7571437
0.78671765
0.7783957
0.88664156
0.87891036
0.9090625
0.92961264
0.89999795
0.86766976
0.90375715
0.8763575
0.8950191
0.8638702
0.8723017
0.8556138
0.88447076
0.9149677
0.88520277
0.943487
0.9446739
0.92789984
0.9510748
0.9373782
0.91890734
0.9611397
0.9304444
0.94175
0.8779164
0.9376607
0.93382823
0.91102844
0.9442641
0.94114435
0.94255984
0.9567397
0.92834944
0.947481
0.9402403
0.95101863
0.8925184
0.8402938
0.89889795
0.8462077
0.86036116
0.8773838
0.8866912
0.9062495
0.90482557
0.91190016
0.9105197
0.9477481
0.91214716
0.9054656
0.851145
0.9046196
0.8767841
0.9143235
0.9361307
0.916645
0.878535
0.9001088
0.89805984
0.87862515
0.8230508
0.80159146
0.6187035
0.60974073
0.5435913
0.6349265
0.6234045
0.6247955
0.7251948
0.62343854
0.6972834
0.7531907
0.4627791
0.49485672
0.43637577
0.36577126
0.48987594
0.1964391
0.29920933
0.4414937
0.40836555
0.5786329
0.6344784
0.6457776
0.7649882
0.68884486
0.6629127
0.6185201
0.72735673
0.6880131
0.68388397
0.6291447
0.7793963
0.60774374
0.73934823
0.6198558
0.47158432
0.6651471
0.4528821
0.4220192
0.5741459
0.62794685
0.5724531
0.68162405
0.63687587
0.64135206
0.67537546
0.75825495
0.77887017
0.73440707
0.78893465
0.721063
0.6019241
0.20424938
0.3210494
0.24030422
0.4643501
0.46661556
0.46050635
0.39109305
0.44687966
0.22672603
0.32958943
0.38663873
0.28690168
0.15935123
0.15274489
0.32588914
0.17635955
0.19381458
0.38331273
0.27734262
0.26376894
0.22412449
0.24104057
0.12461302
0.08436274
0.10539688
0.07872811
0.08182622
0.055675533
0.043420248
0.06072335
0.09016205
0.12745774
0.12640414
0.10981305
0.1816461
0.91716003
0.88894975
0.93859684
0.857978
0.84402776
0.7187824
0.80407315
0.76207
0.7145238
0.69144696
0.6343367
0.6173469
0.68185604
0.698248
0.6415885
0.78660846
0.78444654
0.8558923
0.79979116
0.73927534
0.5640217
0.56780154
0.33814174
0.81846154
0.8393685
0.8422327
0.79963535
0.8145306
0.8866727
0.86536264
0.8772487
0.73463184
0.4603594
0.39570913
0.4757807
0.47950476
0.5687216
0.46884245
0.29045072
0.4133324
0.40714002
0.4467474
0.42677504
0.3857161
0.3171011
0.3767526
0.46915188
0.3834185
0.1435551
0.28686395
0.4455026
0.4416055
0.5287055
0.28458866
0.20582521
0.35131502
0.70996207
0.69268566
0.508218
0.6675477
0.57738125
0.6296793
0.62368125
0.6398594
0.67344457
0.7988824
0.6150289
0.6468278
0.7585936
0.79888535
0.80431855
0.7607832
0.801084
0.79444325
0.76291025
0.81941044
0.86306405
0.9166245
0.9325988
0.90298164
0.91565543
0.9256978
0.8327264
0.8752973
0.83532155
0.8036099
0.78762233
0.7506629
0.73109674
0.7007392
0.55217713
0.5179136
0.4859509
0.40252808
0.53913236
0.47932246
0.54384416
0.85532933
0.5930091
0.36675218
0.07447256
0.38830975
0.36958423
0.28582254
0.5411658
0.4510754
0.45902345
0.54889685
0.4614996
0.3321101
0.35233864
0.48426142
0.3135069
0.3138799
0.3079567
0.24893315
0.3592087
0.3210375
0.2231416
0.2954104
0.15540293
0.12355765
0.2162929
0.21060525
0.18815945
0.20985647
0.24771306
0.2708844
0.27208787
0.24376489
0.38031027
0.24432197
0.31242353
0.20484257
0.4085795
0.41854498
0.24212122
0.10439804
0.104091816
0.067658156
0.07741263
0.058354996
0.47313932
0.4667059
0.56234884
0.68299335
0.71636045
0.6903844
0.5754371
0.6714815
0.55868864
0.41768652
0.5142242
0.6429161
0.5131243
0.48815316
0.48744857
0.4482724
0.6610399
0.5473201
0.38031217
0.5373966
0.5378187
0.6343443
0.70172495
0.7560529
0.7835759
0.74576735
0.7252075
0.77302146
0.71858674
0.7623898
0.8588611
0.8200988
0.7561506
0.8051043
0.8373655
0.8372486
0.7911543
0.7778211
0.696579
0.69961166
0.6741427
0.68040854
0.77628624
0.75720066
0.8200305
0.8683079
0.83305913
0.70427614
0.798727
0.7909825
0.64215213
0.67260647
0.7477472
0.80009586
0.7447411
0.76516956
0.76898247
0.800611
0.8330162
0.87566364
0.8946191
0.95365906
0.95424503
0.9577285
0.95882726
0.9563115
0.9717136
0.9717714
0.96907467
0.96024036
0.9506374
0.95705456
0.9485795
0.9446817
0.9498167
0.95559883
0.9150891
0.9342587
0.9492882
0.9499689
0.9233194
0.9072624
0.9145757
0.919521
0.91935843
0.8824304
0.8852117
0.9318235
0.8973236
0.87104857
0.9315233
0.8764108
0.91934615
0.92817736
0.93189275
0.92825407
0.9639466
0.9737284
0.9774729
0.96900934
0.96727276
0.968902
0.97510695
0.97210455
0.968368
0.96402067
0.9594956
0.9537356
0.96219724
0.95422745
0.9593646
0.9716807
0.9806311
0.9834842
0.98141724
0.9842137
0.9838823
0.9834458
0.98081124
0.98305833
0.9773761
0.9737061
0.9638008
0.96281815
0.96818596
0.96166307
0.9618054
0.9613082
0.9619232
0.95809966
0.94073695
0.9673285
0.9329146
0.96482384
0.94387573
0.94777054
0.9387481
0.93689215
0.95054066
0.93526345
0.9178061
0.908881
0.89133173
0.90449697
0.86507356
0.879047
0.7791554
0.65023494
0.6989335
0.5595236
0.5185487
0.44608343
0.3651768
0.46072498
0.51630944
0.4928808
0.484243
0.36169633
0.45506528
0.4438671
0.39307964
0.4499087
0.5587429
0.49935356
0.3490973
0.31844303
0.15630107
0.2571887
0.29488125
0.23842429
0.3722176
0.43377906
0.38309383
0.4253822
0.24717115
0.15469298
0.20462722
0.20154658
0.12544264
0.19649135
0.0772143
0.05639563
0.033101663
0.07708761
0.254556
0.37092525
0.34359807
0.3310031
0.38802055
0.36309245
0.27649462
0.33531007
0.48024666
0.6846268
0.5306791
0.73668265
0.7687147
0.819849
0.8126244
0.8920515
0.9320978
0.95660186
0.9514346
0.9227989
0.9519636
0.9543568
0.9505999
0.9275951
0.8882814
0.8311725
0.78956306
0.7957513
0.6278297
0.79404455
0.7187199
0.7820655
0.77514553
0.7906427
0.6502111
0.71065265
0.7080404
0.6822048
0.64688003
0.73854786
0.8110038
0.7648032
0.78520983
0.82364017
0.726336
0.6269373
0.49803668
0.6882958
0.5768882
0.6975065
0.58478415
0.7302618
0.6349957
0.56565017
0.4601675
0.45569068
0.49122533
0.48915827
0.41525692
0.45637178
0.5567773
0.5346369
0.6044879
0.52499264
0.5579646
0.59253633
0.6757448
0.74596524
0.77561283
0.8593945
0.8179087
0.791844
0.8135694
0.76243776
0.7820803
0.7927156
0.6614349
0.54130596
0.46587574
0.4840377
0.4638908
0.32014465
0.2184911
0.43516192
0.41573042
0.42588457
0.33459523
0.21926576
0.36425194
0.41141754
0.44640782
0.49156874
0.42365932
0.43306822
0.35999453
0.40018138
0.550758
0.5180548
0.56309795
0.45987323
0.45070028
0.4148433
0.3728973
0.32699552
0.5355669
0.4454453
0.3448144
0.2918029
0.4480165
0.2879664
0.395561
0.3714749
0.47547507
0.32960942
0.35034207
0.29356334
0.320194
0.28568694
0.3085259
0.2946398
0.27263555
0.19849469
0.2078719
0.1831953
0.2832165
0.22714378
0.32788405
0.27489325
0.26366064
0.28060788
0.48136592
0.42792758
0.44412065
0.26598135
0.4612213
0.2852659
0.4531611
0.6694557
0.6424543
0.6885256
0.619821
0.55486566
0.70261836
0.51280993
0.62657905
0.6414182
0.6372927
0.64295393
0.7208138
0.6730622
0.6075243
0.7150264
0.72742563
0.7675473
0.70471436
0.6663915
0.68366224
0.61551857
0.71472824
0.7024743
0.59376585
0.6791067
0.62161493
0.64444494
0.5200738
0.6159759
0.43886623
0.3506767
0.40727925
0.47103938
0.44979137
0.4901749
0.26705393
0.35029674
0.423091
0.345973
0.28771213
0.436822
0.3564772
0.37956536
0.36563897
0.34076706
0.36427173
0.4314305
0.29993746
0.37062052
0.51095927
0.6035851
0.42978477
0.47998714
0.4178464
0.35864645
0.48302773
0.31170434
0.45162258
0.56984824
0.62648475
0.58343506
0.582452
0.62663907
0.67830694
0.5814372
0.44674316
0.4897803
0.49034697
0.4064956
0.37279785
0.47680244
0.41285327
0.4492688
0.48460189
0.4696213
0.49888244
0.30723098
0.42160064
0.35310113
0.44342035
0.35972762
0.4773474
0.43647864
0.5559068
0.5634846
0.5981225
0.66903484
0.6322657
0.66012496
0.7044433
0.4957676
0.68088734
0.5232659
0.5837284
0.6821659
0.7384859
0.54763746
0.51135826
0.6262771
0.5014039
0.47635257
0.34446627
0.47280782
0.39163172
0.33850667
0.32423663
0.282757
0.32229778
