1
0.9994605
0.9984195
0.99854904
0.99792576
0.99879766
0.99888843
0.9983278
0.9984251
0.99896896
0.9987821
0.99890625
0.99867356
0.99872154
0.9988747
0.99867177
0.9991627
0.998362
0.9987294
0.9988925
0.9981944
0.9991875
0.99867684
0.99857605
0.9988109
0.99882895
0.9990433
0.9987527
0.9989104
0.99918944
0.9980835
0.9990644
0.9982481
0.9990681
0.99893934
0.9987099
0.99901843
0.999164
0.9986951
0.9992281
0.9983224
0.99902
0.99853635
0.9989667
0.9987594
0.99870074
0.9989496
0.9983584
0.9989491
0.9987203
0.99850583
0.998831
0.9982383
0.99855524
0.9986939
0.99819845
0.9984566
0.99909866
0.99849594
0.9984339
0.9988072
0.9981724
0.9984617
0.9988424
0.99867237
0.9986665
0.99896336
0.99785453
0.99862945
0.998613
0.9983694
0.99865085
0.99854857
0.9984792
0.99781775
0.99813324
0.9971294
0.99595743
0.99816567
0.99642134
0.9954358
0.99510115
0.99496293
0.994839
0.99294657
0.9942532
0.994962
0.99531174
0.99706274
0.9942649
0.9952976
0.9945403
0.99457526
0.99202347
0.9900842
0.99300003
0.9901686
0.99104285
0.9815253
0.98923934
0.98312116
0.9942419
0.9879985
0.98006254
0.98636836
0.98200285
0.9888439
0.9853677
0.99479127
0.9947789
0.9938929
0.99678624
0.99864537
0.9985649
0.997529
0.9976497
0.998126
0.9980599
0.99663025
0.9936885
0.99618137
0.9959877
0.99069315
0.98796755
0.97246605
0.9516491
0.94295734
0.9713964
0.97253305
0.9780302
0.97502
0.93761617
0.9616091
0.9606477
0.95623684
0.97869337
0.9877582
0.98908037
0.99067897
0.99361044
0.9923005
0.9954176
0.9930729
0.9915705
0.9928517
0.9925103
0.9908071
0.98876065
0.9927401
0.99313885
0.98920435
0.98905563
0.9793744
0.98462045
0.98259974
0.9891306
0.99229914
0.99131024
0.98871464
0.9880334
0.9846992
0.9818126
0.98312736
0.98483753
0.9803591
0.9843551
0.9923701
0.99059427
0.9873126
0.99058646
0.97893804
0.9860255
0.97661895
0.97981024
0.9840831
0.9780863
0.9614001
0.95069903
0.9413457
0.8991444
0.96013916
0.95789605
0.9680052
0.9783306
0.9194248
0.94028246
0.93864906
0.95211464
0.93697953
0.96163
0.9216886
0.9447159
0.9463605
0.9200686
0.9373363
0.90275276
0.92240524
0.946107
0.9784333
0.9801031
0.9700856
0.93247193
0.9388173
0.9029572
0.8592137
0.75548863
0.8878402
0.90137744
0.86430043
0.90523636
0.91660386
0.9328861
0.909374
0.95128196
0.9677585
0.97187376
0.9704869
0.96544904
0.97676075
0.9526425
0.9693424
0.9802628
0.97187155
0.95348746
0.97398233
0.97404724
0.95773333
0.92256546
0.877997
0.826146
0.6630238
0.774601
0.76853055
0.80616266
0.875566
0.93030596
0.9101769
0.83467406
0.66797775
0.7391704
0.6602207
0.71136343
0.7498088
0.7076026
0.79760396
0.87187874
0.9120015
0.9064358
0.8528412
0.8941626
0.91366583
0.90830004
0.8925427
0.90085727
0.8475924
0.88591903
0.9074684
0.9558631
0.9365359
0.9533329
0.95191485
0.9063216
0.9424858
0.95932627
0.92722005
0.92282605
0.9504552
0.9552307
0.9375157
0.9626996
0.9340213
0.9298845
0.9633403
0.9310577
0.9090898
0.9772906
0.95995224
0.944632
0.93999946
0.94940615
0.9502615
0.9447954
0.95307267
0.9541223
0.9299975
0.9078542
0.9032591
0.9297181
0.895603
0.8589732
0.88734084
0.91023153
0.95535105
0.9331801
0.9472381
0.94595915
0.9367107
0.9012097
0.8807997
0.92772335
0.9354244
0.93076026
0.9471527
0.9479673
0.952845
0.9628544
0.9425575
0.93421894
0.9621192
0.9495353
0.91938835
0.8970589
0.9094466
0.95441127
0.9535991
0.96173394
0.94130373
0.96475893
0.9581236
0.9327997
0.9700493
0.930229
0.9440012
0.95200616
0.9208349
0.88735116
0.9000014
0.88601506
0.9121819
0.87119853
0.84901005
0.82507414
0.78520197
0.82308596
0.7065694
0.8200077
0.7000653
0.8034248
0.75707656
0.760945
0.7708978
0.8096085
0.766231
0.88688827
0.8078993
0.81817776
0.8433157
0.83547515
0.8817906
0.7494553
0.75589323
0.82050705
0.90157634
0.80499315
0.85468626
0.8407431
0.8374966
0.733442
0.7537042
0.8309408
0.7642603
0.8830508
0.8598434
0.8788656
0.821455
0.77473503
0.8599582
0.8141555
0.8681675
0.81885344
0.8553309
0.85836506
0.80229276
0.8464142
0.77272105
0.82491034
0.84091246
0.82075894
0.819293
0.81592596
0.76273584
0.7484237
0.7518633
0.74679124
0.8105037
0.7448441
0.74322313
0.72101665
0.7941331
0.76321477
0.8048321
0.7788874
0.7809134
0.7350255
0.77915865
0.8269282
0.71082973
0.78251106
0.8130638
0.76367587
0.8108807
0.76334834
0.83304507
0.79276764
0.68806106
0.78395057
0.7767834
0.74935395
0.84431666
0.7985106
0.8185917
0.7571509
0.7772553
0.68371964
0.7811272
0.7501852
0.74796575
0.7610322
0.7307995
0.6791042
0.76214254
0.73200905
0.7610207
0.76608753
0.7172721
0.7596181
0.8074203
0.75933874
0.66545504
0.61463535
0.75050896
0.7515763
0.7665465
0.6390974
0.7927905
0.63807553
0.6558047
0.75774944
0.7312124
0.83740187
0.805221
0.7904092
0.74991786
0.81519383
0.8352681
0.753904
0.89333814
0.87038934
0.8643783
0.88749003
0.8832503
0.9212962
0.9540332
0.9517208
0.93448454
0.97687757
0.9709684
0.9654471
0.9553736
0.93912023
0.8960592
0.94030344
0.9356888
0.9036729
0.8783156
0.9203843
0.8537723
0.90688497
0.9146966
0.9466899
0.9781933
0.9647766
0.96372664
0.9721958
0.9783092
0.97201353
0.98591876
0.9753219
0.9863338
0.9827753
0.99234265
0.98733634
0.9826775
0.98529017
0.98187065
0.9696181
0.96137595
0.98248786
0.97248554
0.96049875
0.9578836
0.9730592
0.97945386
0.976872
0.9805946
0.9647938
0.97326034
0.9664809
0.98555565
0.9754252
0.9836332
0.9863892
0.9706096
0.9792891
0.9876583
0.97902006
0.9725141
0.9532535
0.9432133
0.95139754
0.93532026
0.9450562
0.9419142
0.9516924
0.9743825
0.9734234
0.957971
0.98403984
0.9798211
0.9429622
0.90015256
0.8641312
0.8727442
0.865532
0.8921748
0.94387704
0.9579175
0.96175104
0.9640271
0.9631653
0.9119565
0.8542566
0.9362804
0.91734517
0.894108
0.9315154
0.96741015
0.9534362
0.93924516
0.9768555
0.97848517
0.9483879
0.9548807
0.9620956
0.98287946
0.9765777
0.9882004
0.9800345
0.99436426
0.99204457
0.97765166
0.98239374
0.9859751
0.98579234
0.9816714
0.974308
0.9742732
0.97711617
0.9760627
0.9497956
0.97621447
0.97907764
0.96792936
0.9769752
0.95307046
0.9267496
0.93650526
0.84105057
0.8804269
0.883671
0.9430378
0.8940393
0.8941925
0.85376686
0.8870388
0.9417579
0.92228204
0.9203417
0.8652812
0.82096887
0.7958331
0.7375946
0.7624995
0.70983255
0.67995775
0.78928906
0.87546504
0.84941196
0.9311263
0.97230184
0.9759563
0.93983406
0.94863045
0.9569004
0.9787241
0.9840917
0.98372585
0.9852975
0.98616564
0.9813364
0.9595058
0.97452897
0.98350936
0.98099774
0.96695495
0.96763784
0.9609017
0.9395609
0.95088214
0.94993615
0.9503874
0.97647035
0.9664573
0.9638355
0.9541297
0.968641
0.94334334
0.91736746
0.9335679
0.92752385
0.94598305
0.94297105
0.9538511
0.9746928
0.97722924
0.963652
0.95554924
0.9637129
0.9368041
0.9314412
0.9575339
0.96160984
0.9540156
0.9615203
0.95509154
0.96605176
0.959616
0.9436697
0.91506255
0.9248103
0.9401359
0.9460331
0.8996285
0.9168464
0.9229402
0.9091885
0.90901977
0.89787525
0.91552913
0.89164644
0.8907654
0.8966009
0.8596625
0.9519707
0.9090905
0.94966924
0.9557293
0.9151806
0.9250547
0.9290217
0.88039577
0.90419006
0.867111
0.9069342
0.89825237
0.91019094
0.9179298
0.9072797
0.87750816
0.860464
0.89887464
0.9277113
0.8957084
0.90341765
0.8899078
0.90761304
0.9223301
0.91340387
0.8043557
0.83078545
0.873834
0.81537163
0.8043054
0.8293039
0.7945051
0.79720324
0.7394057
0.7574783
0.8087857
0.84946495
0.867543
0.8652884
0.9028601
0.8573732
0.8193838
0.87181675
0.776608
0.89922535
0.94061136
0.9399569
0.9396035
0.89526355
0.86170423
0.8420501
0.84502417
0.8348786
0.8312671
0.78818583
0.9043084
0.8200883
0.84447163
0.9024233
0.87393886
0.8647035
0.9305485
0.79855806
0.7762507
0.7407529
0.7847027
0.7522185
0.9222686
0.95461935
0.95676464
0.95541686
0.91835415
0.9155203
0.7374367
0.609438
0.75174093
0.7140161
0.7021538
0.7646268
0.8286782
0.798707
0.69673413
0.78591216
0.72905
0.65137494
0.7318503
0.72570914
0.78023255
0.70728195
0.713393
0.7584028
0.77068144
0.71559864
0.6806674
0.58037806
0.7269487
0.72280693
0.77414006
0.71050614
0.7732871
0.7346672
0.79194045
0.82686156
0.8307467
0.8398409
0.840154
0.7182346
0.7631672
0.4841305
0.5814745
0.41100267
0.9006613
0.84359574
0.8530328
0.93093646
0.8398132
0.8849395
0.91606843
0.7553774
0.75479835
0.7698278
0.70354694
0.78450406
0.84826696
0.80258614
0.8717747
0.85513824
0.7985672
0.84299386
0.8179113
0.8148053
0.8328746
0.92205995
0.8705584
0.69110054
0.75036204
0.6988106
0.67041874
0.54790527
0.6890713
0.6158829
0.67974806
0.73389965
0.7369726
0.61533535
0.66606027
0.45906875
0.8546377
0.8817869
0.84832394
0.86274767
0.71531546
0.787096
0.7329826
0.7728318
0.6570796
0.754401
0.74417573
0.71247405
0.7296966
0.75819767
0.65498585
0.773224
0.7510146
0.67635524
0.81446654
0.6948498
0.65920955
0.6952728
0.638318
0.71191055
0.72892165
0.662039
0.58938366
0.61287564
0.6681193
0.55524766
0.5601209
0.60893154
0.48538974
0.5678741
0.6342139
0.39621872
0.46311086
0.5379313
0.48968124
0.5286387
0.51148635
0.6424421
0.4532346
0.36450177
0.43119842
0.350875
0.57765055
0.52100414
0.4954178
0.63807225
0.6696232
0.58906806
0.39162272
0.41824952
0.37155157
0.5701585
0.52913505
0.54804623
0.44655737
0.5621508
0.6594948
0.6347692
0.5456187
0.5227528
0.55008745
0.6260585
0.5760541
0.6480338
0.6832533
0.6336922
0.6428899
0.66412324
0.66554064
0.6909959
0.6454859
0.5997113
0.5647176
0.5186597
0.68394494
0.6157776
0.6613317
0.71128947
0.70614976
0.6682067
0.65866
0.64184487
0.55459416
0.6785322
0.7521659
0.6788114
0.63246727
0.7222457
0.64089775
0.6835942
0.6202425
0.6893183
0.4835769
0.6840256
0.52453053
0.48764953
0.63313943
0.63009477
0.6848675
0.6756781
0.6438017
0.64079386
0.5890986
0.5621167
0.5338506
0.56746036
0.61384016
0.51193255
0.6860871
0.63677853
0.6734853
0.65773755
0.61273533
0.64862
0.7083236
0.68837094
0.68351316
0.6527314
0.6037954
0.66805726
0.7578087
0.6764124
0.7486767
0.69379663
0.7069034
0.7229714
0.6993599
0.6095346
0.6004638
0.67962265
0.658943
0.6463111
0.69299525
0.61717916
0.6536883
0.75975233
0.5492003
0.677298
0.6382408
0.748622
0.68565667
0.632867
0.64708847
0.7433213
0.75701326
0.7012248
0.64323264
0.53101146
0.45139372
0.4737894
0.5611504
0.60032535
0.59257
0.68167555
0.6065725
0.69699997
0.6358344
0.6446894
0.71796817
0.7896681
0.78007895
0.71296614
0.7544254
0.84219533
0.882618
0.83749735
0.8219633
0.81166774
0.64961755
0.7353871
0.65920734
0.70227367
0.8053058
0.5898291
0.50537556
0.7580965
0.6674057
0.7957235
0.72112
0.7193104
0.8777528
0.891362
0.9620558
0.92452836
0.9567116
0.9003552
0.8744452
0.8802784
0.81148934
0.8208654
0.71603674
0.79865795
0.8325057
0.87814975
0.8965962
0.9465162
0.96198165
0.9707191
0.9662603
0.95058507
0.91733027
0.79148835
0.8609278
0.7851163
0.50502527
0.6015555
0.71348554
0.61125964
0.6557783
0.7197401
0.85181695
0.83796227
0.7415584
0.7686748
0.8357289
0.7408152
0.6489532
0.76163554
0.63154066
0.73590064
0.7431717
0.8926908
0.84017956
0.8849357
0.852946
0.6814085
0.64706874
0.59866166
0.58702344
0.7748032
0.7879129
0.74782425
0.69405884
0.7166041
0.85612446
0.848459
0.81355155
0.76384705
0.69673425
0.7119465
0.63890654
0.8257133
0.83527786
0.82794625
0.81080157
0.842235
0.87071913
0.87300897
0.87462693
0.7940417
0.8128896
0.7922198
0.60783386
0.6704144
0.7016852
0.67254263
0.7973657
0.77730465
0.70688283
0.80400115
0.87168056
0.71248597
0.89035314
0.7621944
0.69075483
0.6696177
0.65229183
0.38977617
0.4441244
0.33694702
0.16381852
0.40694225
0.6684327
0.59116626
0.53376865
0.51662654
0.5819121
0.71245694
0.7317355
0.7796719
0.8703001
0.80137765
0.6999003
0.7153485
0.64274263
0.778971
0.7366752
0.78300047
0.75784063
0.8064963
0.82710326
0.851106
0.8754616
0.87084293
0.84093064
0.8537621
0.92512
0.86084056
0.9073836
0.9136214
0.9565814
0.9386417
0.86263007
0.9224665
0.91924644
0.8907108
0.9441911
0.92686456
0.8339264
0.81007516
0.83933073
0.8757941
0.89155066
0.83131695
0.7885743
0.73887527
0.72325236
0.7778572
0.85330606
0.8535456
0.8603781
0.80744785
0.87688774
0.9066962
0.80700666
0.8044929
0.8550219
0.8040735
0.74790037
0.77676415
0.7377241
0.5731976
0.32658765
0.5714698
0.82009864
0.9001705
0.620848
0.48331118
0.6557396
0.8168392
0.9329831
0.9294625
0.9196964
0.9088293
0.83378494
0.5595292
0.6272254
0.40834728
0.39058843
0.14142396
0.08235177
0.07534037
0.23041113
0.24497567
0.2390226
0.24098267
0.2213572
0.21434598
0.56158584
0.21184373
0.2473847
0.22225478
0.30225003
0.42864177
0.48939732
0.38066426
0.36677015
0.7057976
0.8533383
0.93383294
0.96772575
0.9539563
0.8976242
0.6842312
0.38334262
0.44982377
0.3433411
0.47728708
0.69615537
0.8958568
0.8321108
0.9028331
0.68039733
0.58502567
0.65226185
0.5217314
0.64918596
0.43733814
0.71488476
0.7678014
0.70010877
0.49593404
0.34965685
0.16274951
0.16281609
0.15430817
0.15120745
0.14728515
0.20409726
0.22109297
0.065838516
0.16941026
0.13576756
0.13066988
0.1305228
0.16168296
0.18927675
0.14085855
0.27567002
0.23354249
0.07337715
0.15606056
0.1510995
0.058119595
0.111771636
0.07855735
0.17009598
0.26040703
0.11132163
0.2001244
0.2444957
0.09408564
0.20597063
0.08876108
0.2464039
0.32325828
0.39668214
0.40572703
0.39377937
0.45819637
0.57589734
0.60510004
0.7519106
0.7633236
0.48458672
0.5341005
0.45938218
0.60503316
0.5593144
0.7309043
0.6242277
0.4698501
0.34884712
0.4596941
0.49489284
0.54795396
0.6918161
0.8599118
0.9275983
0.9179573
0.56594706
0.67237616
0.65066195
0.5661073
0.7439204
0.8214672
0.8979258
0.9333084
0.9027023
0.9323736
0.9071945
0.8002241
0.7481307
0.5359033
0.20406957
0.13209487
0.089658685
0.23973045
0.16240218
0.22883026
0.6089013
0.51470584
0.28333077
0.27620667
0.13588807
0.27350542
0.15654835
0.12448118
0.113167465
0.08789517
0.10153344
0.13782948
0.22164612
0.19592977
0.2641668
0.42020932
0.48917216
0.3827771
0.33069316
0.50064194
0.44121072
0.5945126
0.67454267
0.623121
0.6237787
0.69880515
0.73546165
0.72003716
0.880816
0.8146807
0.5507069
0.14684631
0.15449363
0.14660688
0.16955736
0.56924653
0.60003227
0.5914396
0.55287355
0.6379583
0.72990525
0.7156359
0.7417547
0.6834302
0.70934767
0.8060722
0.7310906
0.7590793
0.87485105
0.7407448
0.61943936
0.55387735
0.61784786
0.52464706
0.5984762
0.4785512
0.35908234
0.43768
0.39343446
0.51634884
0.6908708
0.7455067
0.79779446
0.6501909
0.63969594
0.62262917
0.53056425
0.23543996
0.1297804
0.3467644
0.7268239
0.80947965
0.5803955
0.30947047
0.31651208
0.1771836
0.3292161
0.37884602
0.27857232
0.28809166
0.24902083
0.30644664
0.25895318
0.23572257
0.3535168
0.4185411
0.5686232
0.08164159
0.16451162
0.21018024
0.13360989
0.1007827
0.18052153
0.14263374
0.1401234
0.1679071
0.16956468
0.2925397
0.5200161
0.46570113
0.48701552
0.35793442
0.4176039
0.26919594
0.6040186
0.3519083
0.28738332
0.4508342
0.41974178
0.5233782
0.5888893
0.5793502
0.543298
0.40625685
0.4532749
0.6038902
0.36422145
0.25034973
0.29974604
0.15152057
0.19881451
0.54153925
0.17874342
0.025217798
0.15247971
0.036126208
0.048972055
0.01916529
0.039776675
0.008376187
0.031756442
0.122933574
0.027632078
0.09793896
0.057532117
0.09420213
0.2834377
0.3208952
0.24380298
0.14416933
0.17895627
0.25466603
0.11169555
0.2178496
0.22593105
0.29434273
0.2648092
0.27997413
0.32526994
0.33667633
0.3202317
0.2512321
0.27178222
0.27567264
0.22250329
0.18454742
0.1053921
0.055428945
0.021182152
0.013505173
0.020828191
0.0688715
0.05193579
0.10635214
0.07766336
0.12034504
0.12005597
0.035413507
0.054649927
0.06247234
0.03063298
0.055365104
0.0202137
0.010897074
0.009351024
0.026403867
0.049479153
0.012029557
0.046308663
0.044916037
0.052936763
0.05394759
0.04589015
0.039746378
0.026245026
0.017609363
0.009714163
0.002321225
0.002551728
0.0041680494
0.012286549
0.01398821
0.020161413
0.0100894775
0.028178368
0.01222873
0.0054173744
0.0070306947
0.008011857
0.014510547
0.022686249
0.022882601
0.021143924
0.019595014
0.02467924
0.022546323
0.03049523
0.015313485
0.008354115
0.005390886
0.0058342633
0.019019146
0.0775969
0.038220633
0.07646707
0.11094123
0.064641684
0.107214764
0.043667886
0.08875455
0.05603845
0.03292434
0.03646379
0.1709687
0.04116326
0.13941777
0.103558
0.20465301
0.33638394
0.6334302
0.8647245
0.8689318
0.9149723
0.8886963
0.88019943
0.80504805
0.40432096
0.3072446
0.39536357
0.36715746
0.5266112
0.7701252
0.6076704
0.45940122
0.5609847
0.46287873
0.47952437
0.6428374
0.60885733
0.73880124
0.6018239
0.63126254
0.51036537
0.41492167
0.4495117
0.43645632
0.47814286
0.51183325
0.43512964
0.4237573
0.53350353
0.42346007
0.49765605
0.503143
0.47794104
0.52808905
0.3868927
0.4672605
0.513792
0.40047964
0.45151523
0.5140893
0.4010822
0.46015805
0.5952204
0.57598525
0.57046723
0.5432798
0.45278418
0.5342254
0.5466687
0.66142416
0.5722869
0.5623357
0.5866143
0.59631586
0.5953187
0.6946455
0.6295646
0.5640375
0.6084276
0.6100254
0.63491213
0.72258765
0.61518073
0.7027316
0.6492834
0.6754138
0.6033464
0.7304323
0.6768389
0.6346869
0.6347685
0.7115565
0.6263167
0.62703514
0.7097658
0.73468393
0.68857676
0.6862601
0.7083876
0.68445367
0.58617556
0.44441095
0.47024617
0.46657133
0.5017727
0.3934285
0.39058986
0.43822017
0.42096692
0.40945816
0.59645647
0.3436578
0.3731525
0.295068
0.33094054
0.36248407
0.3083611
0.43706232
0.32800457
0.33677047
0.5109776
0.37156436
0.5353595
0.5517472
0.5175841
0.6057826
0.4939216
0.5380134
0.55872786
0.6262155
0.55453074
0.5981328
0.5355456
0.4889333
0.5763378
0.6025963
0.6671057
0.6876481
0.6765623
0.68444765
0.69845355
0.670951
0.687527
0.7091683
0.67128974
0.7048849
0.6827955
0.6515837
0.6946516
0.5223983
0.5601688
0.5652964
0.5760701
0.45976505
0.44004348
0.39489225
0.45652142
0.57151556
0.47287902
0.45098317
0.51383096
0.38429838
0.29539135
0.20704485
0.21107881
0.13940129
0.2436793
0.38361302
0.50167096
0.3584815
0.33409694
0.40576357
0.47288385
0.42622778
0.6363681
0.7479808
0.80364424
0.72281873
0.46429232
0.6565688
0.45319915
0.42611778
0.5410653
0.6080083
0.64088666
0.6402151
0.68832266
0.7214856
0.6738882
0.6320573
0.6702684
0.6250496
0.7136704
0.6098053
0.70941967
0.64554054
0.6287577
0.6034989
0.5067435
0.511362
0.5314133
0.5430596
0.462503
0.71351755
0.46362057
0.604536
0.59951997
0.4656488
0.50963783
0.58034486
0.592882
0.5666156
0.67911845
0.78343964
0.72543234
0.6567145
0.5351242
0.5897693
0.45519444
0.4810999
0.5325068
0.52965796
0.35402068
0.30229822
0.39574885
0.34684974
0.37873745
0.4244697
0.40744504
0.46539736
0.63283396
0.74605966
0.7504814
0.75963885
0.7497157
0.7525315
0.76221055
0.700878
0.68627214
0.70176464
0.7313164
0.64459246
0.47856933
0.5696922
0.46232474
0.5248836
0.5403636
0.5470557
0.5956662
0.5880247
0.6491029
0.57547736
0.49406952
0.58649975
0.60061044
0.59124637
0.5546939
0.6211602
0.45185578
0.54092425
0.45187172
0.45094496
0.5803022
0.5606501
0.5524369
0.57568026
0.5984667
0.5857042
0.616934
0.55879706
0.6044599
0.6672874
0.49882007
0.5430847
0.55938166
0.44636476
0.41876617
0.55867505
0.44014913
0.4167637
