1
0.9976084
0.9985844
0.9978847
0.99696904
0.99818087
0.99763846
0.99820733
0.9978162
0.9980014
0.9978028
0.99814487
0.9977581
0.9975768
0.9978855
0.9982212
0.99748826
0.997687
0.997995
0.9980028
0.9979584
0.99852437
0.9986401
0.998448
0.9990386
0.9981824
0.9988943
0.9983247
0.99899334
0.99862325
0.99819714
0.99857426
0.9986971
0.99865794
0.9985832
0.9983463
0.9981787
0.9978103
0.9973341
0.9968064
0.99752706
0.9976829
0.9978454
0.99773824
0.99714893
0.9976858
0.99781907
0.99823076
0.99853396
0.9984817
0.99847394
0.9988354
0.99869245
0.9984207
0.99779344
0.99782723
0.99854374
0.99754024
0.99822754
0.99684626
0.9964539
0.9979512
0.9980373
0.9977017
0.9984724
0.9979342
0.9985336
0.99807584
0.9986255
0.9977531
0.99837
0.9969893
0.9983797
0.99676347
0.9966008
0.99641824
0.99597555
0.9970394
0.99811375
0.99641365
0.9974679
0.99778
0.9975337
0.9981275
0.99819547
0.9976011
0.9969903
0.9981164
0.9967192
0.99372077
0.9948972
0.9926899
0.98858464
0.9877958
0.98441815
0.9801082
0.9884581
0.98682225
0.9888526
0.9824587
0.98817945
0.982454
0.9829311
0.9862367
0.98897725
0.9843317
0.98437023
0.9823194
0.98861957
0.9808374
0.98677397
0.9768265
0.9827474
0.9859853
0.97825193
0.9752669
0.9820877
0.98678803
0.98392606
0.9795507
0.986257
0.98426235
0.983916
0.9858394
0.99121326
0.9835495
0.9855742
0.9894889
0.98591435
0.98785037
0.98867
0.9816488
0.98633134
0.9904013
0.986129
0.98993695
0.9920169
0.9879851
0.99047416
0.9891073
0.9893783
0.99438226
0.9910416
0.99164456
0.99484986
0.9962754
0.9951827
0.99448013
0.9938215
0.9905239
0.9955806
0.9918726
0.9921674
0.99415296
0.99117106
0.9899719
0.98600835
0.9884723
0.9863832
0.98783714
0.98012596
0.9823271
0.9807773
0.98696405
0.9843412
0.9717136
0.974163
0.97789234
0.9799116
0.98129845
0.9855456
0.98398983
0.9894945
0.9902227
0.9909992
0.9952259
0.9933769
0.99275804
0.9912571
0.989437
0.9909203
0.9912442
0.9938187
0.9936745
0.9799423
0.98123425
0.9873301
0.98297864
0.9838223
0.96809834
0.97574735
0.9737432
0.9584271
0.9694557
0.9497128
0.91792077
0.9072363
0.9323831
0.9167721
0.90112597
0.88213515
0.8973345
0.9076188
0.90015197
0.91152304
0.9456959
0.917294
0.93096477
0.94534045
0.93512654
0.9132391
0.9108944
0.91891766
0.9300934
0.9131035
0.92705035
0.92547774
0.86180586
0.87301314
0.8836727
0.86444366
0.8786215
0.8711852
0.90105855
0.8920001
0.9003902
0.8896232
0.9039523
0.92819655
0.8643447
0.86646426
0.82352185
0.8187616
0.8028828
0.8533415
0.7987871
0.68499196
0.7601269
0.7090309
0.6516779
0.7022708
0.7582261
0.7240066
0.7981553
0.78127146
0.837111
0.8590832
0.93128073
0.92326415
0.85554296
0.85586417
0.8904297
0.81147134
0.8543126
0.7760491
0.8195869
0.8684363
0.81408936
0.8075388
0.8116403
0.75206316
0.6961001
0.6665083
0.6273927
0.60073143
0.5688641
0.56288403
0.53835976
0.54407096
0.67195714
0.6193592
0.5793042
0.5842563
0.58698314
0.54309875
0.5760062
0.7285316
0.714953
0.6605442
0.7468877
0.7036437
0.7226352
0.7110519
0.830603
0.69892615
0.7606376
0.6794258
0.919948
0.8911035
0.9468206
0.9608595
0.97448856
0.963687
0.95746714
0.95951664
0.92751163
0.92829067
0.9016996
0.9161565
0.89186394
0.96415675
0.92581135
0.9395851
0.9285842
0.94617236
0.96625024
0.96588725
0.9774684
0.91376066
0.9193005
0.9415161
0.9313809
0.9550764
0.9527258
0.9510064
0.9482712
0.95613116
0.90526485
0.9012196
0.8924677
0.91124433
0.94315267
0.92999697
0.8983707
0.9057744
0.8759746
0.8553787
0.88104856
0.90904003
0.93872774
0.9549402
0.9388994
0.9379747
0.9678385
0.9488304
0.9581316
0.7809845
0.89208037
0.7692812
0.75712603
0.6899877
0.88998896
0.7522546
0.8485535
0.9450166
0.94281733
0.915543
0.9206746
0.88052243
0.7998434
0.9119868
0.8110692
0.7968814
0.9116691
0.83196944
0.8556567
0.8336802
0.7883096
0.87013566
0.850551
0.47579283
0.80261946
0.82252765
0.71745
0.7730725
0.7309167
0.74140173
0.7666599
0.78105414
0.8819825
0.7433589
0.74975246
0.8527499
0.78273946
0.79635024
0.8297546
0.8391768
0.7117561
0.8585907
0.8060733
0.7082003
0.787482
0.73072517
0.82711333
0.8282174
0.8653939
0.79433686
0.8707662
0.74574083
0.8686036
0.8919263
0.8597046
0.86454177
0.8739232
0.83865565
0.871209
0.90939325
0.94079626
0.9477872
0.95291716
0.92202306
0.89903075
0.8658115
0.83279747
0.817131
0.91388273
0.8911233
0.87846905
0.8102374
0.85184896
0.82939374
0.855032
0.8873624
0.91857713
0.92152804
0.91960275
0.94196606
0.9254087
0.9075105
0.94606084
0.9239428
0.9538015
0.9471178
0.87030905
0.95468926
0.94235283
0.95216686
0.9578455
0.93390155
0.9362423
0.9317689
0.95747477
0.9543177
0.9430634
0.9676781
0.95777947
0.95016384
0.93947333
0.9601664
0.9669812
0.9405137
0.9356352
0.9382861
0.96331316
0.9516893
0.96216404
0.95818305
0.96506727
0.9336905
0.9408064
0.9422216
0.92811626
0.95422196
0.93179995
0.91169155
0.90547204
0.8958042
0.9031681
0.882461
0.86259156
0.85327387
0.8780209
0.8907145
0.8661522
0.9219018
0.82712424
0.87121016
0.8906635
0.94044316
0.8976243
0.9055695
0.89589363
0.9181715
0.9567933
0.93202126
0.94286853
0.9373629
0.9453933
0.95733637
0.93862563
0.9231215
0.90762234
0.945155
0.8915166
0.8720784
0.91775024
0.88550615
0.8603368
0.86424077
0.86180204
0.83607566
0.7712594
0.8208961
0.7873699
0.9107015
0.8043538
0.83046305
0.7095397
0.67010194
0.7377889
0.6608968
0.66748244
0.7350656
0.66412145
0.5770539
0.67036813
0.67365974
0.6775259
0.7181516
0.7614194
0.52713454
0.6422215
0.7705031
0.8141093
0.8328559
0.84263104
0.7726901
0.87930274
0.88938415
0.8421844
0.81459683
0.82989806
0.8161507
0.8772525
0.89505017
0.790754
0.8949012
0.9256023
0.9325221
0.90809435
0.8970768
0.8651768
0.8113243
0.8317401
0.8419881
0.8445448
0.91170573
0.8911305
0.9201621
0.8241012
0.5641476
0.60747087
0.574299
0.66141975
0.51498306
0.5771185
0.53755236
0.45362276
0.51878
0.4761024
0.5278729
0.48972553
0.58626705
0.712039
0.6417771
0.6653747
0.755858
0.6866148
0.7502063
0.84783924
0.5805885
0.54879206
0.7854571
0.7727005
0.9235416
0.9077574
0.91294324
0.86709076
0.8264695
0.7650623
0.8110505
0.8594095
0.69796145
0.7062364
0.7502074
0.77201444
0.80534154
0.74753666
0.778335
0.8288181
0.8247379
0.8817015
0.78453296
0.8009777
0.77775776
0.80666745
0.8123057
0.8579484
0.7900448
0.8449206
0.842221
0.8101246
0.81617343
0.8748841
0.8975638
0.85966426
0.83010304
0.8689856
0.81659853
0.83590335
0.85461414
0.9062482
0.8713563
0.9023423
0.84933907
0.8452881
0.7027071
0.8036557
0.74299717
0.62415445
0.67399466
0.6582623
0.7219029
0.7433945
0.62503207
0.56787765
0.6315375
0.6842866
0.6403744
0.5610037
0.7243093
0.64686376
0.744843
0.77873945
0.754209
0.82119656
0.7772724
0.79919386
0.8409922
0.85158813
0.86744153
0.87134
0.9129376
0.8766855
0.9109224
0.9408498
0.92817795
0.94473964
0.96056145
0.94504076
0.9078311
0.90192986
0.8992488
0.88856846
0.9032985
0.8833716
0.87012625
0.93228227
0.79581696
0.82290053
0.83857864
0.82354623
0.734527
0.73004544
0.73074174
0.68696296
0.7643595
0.7721737
0.7063177
0.7262025
0.84021163
0.8165525
0.9056214
0.89214724
0.91121185
0.8989385
0.8457839
0.87042195
0.82394964
0.5909709
0.609477
0.44780433
0.47007796
0.47994635
0.5114586
0.74596184
0.6288495
0.5204852
0.54340065
0.54012674
0.63377804
0.5895729
0.38231552
0.46612144
0.5768668
0.5454821
0.5301025
0.6361101
0.62805325
0.53319913
0.6004702
0.51207256
0.55803096
0.38156578
0.635057
0.47953054
0.4219778
0.32669386
0.59499204
0.46894035
0.4339765
0.47439408
0.3368135
0.5346432
0.45676193
0.4521623
0.70377064
0.7465776
0.7203694
0.8553847
0.67667574
0.7217291
0.8020356
0.8904576
0.88808674
0.9375362
0.90921426
0.82846045
0.81424105
0.883923
0.9051818
0.9215806
0.8695955
0.8928336
0.9299335
0.93658566
0.90354806
0.8980793
0.8391553
0.8995668
0.68258524
0.64213425
0.8284675
0.69802296
0.81689054
0.79495454
0.7555054
0.73991233
0.80317634
0.753202
0.8109475
0.7731658
0.8794363
0.7922794
0.8227203
0.8308278
0.78576344
0.790718
0.81564087
0.73664606
0.78724
0.75825757
0.7675706
0.7819324
0.7812588
0.75490665
0.8059512
0.72318685
0.68459415
0.72765243
0.54394585
0.5536535
0.5217386
0.65529394
0.6638789
0.5552717
0.37931362
0.6013213
0.66815287
0.64484686
0.72047865
0.78951776
0.6331075
0.745679
0.60276353
0.5335293
0.6000308
0.61342734
0.35048416
0.53378886
0.49245763
0.53732634
0.5088478
0.47672307
0.3274112
0.5270659
0.60052145
0.5263034
0.6697747
0.47956723
0.5665678
0.43186963
0.4991844
0.4133776
0.5214057
0.5288473
0.48252428
0.42276672
0.5276551
0.41385368
0.29537004
0.28795084
0.29587936
0.47410285
0.41369838
0.2933541
0.6557058
0.5614093
0.31922942
0.17055362
0.4424737
0.28563476
0.42885995
0.35449043
0.40653232
0.42395288
0.48599496
0.46906924
0.52401507
0.5823485
0.70218694
0.72228
0.77285755
0.7079712
0.70458305
0.74233
0.7396134
0.5964689
0.6748198
0.599496
0.5954077
0.74128306
0.6799364
0.65141267
0.64850605
0.59071535
0.6829928
0.5114589
0.47399575
0.5489768
0.5716938
0.6345777
0.6408425
0.5012207
0.4437867
0.47280532
0.48233318
0.4805883
0.46321666
0.5132346
0.50169027
0.5618718
0.52430034
0.4264939
0.41123444
0.45943666
0.51028264
0.362326
0.22875117
0.51330125
0.42095214
0.40677968
0.61143345
0.4638811
0.5155946
0.45464852
0.37045124
0.45597947
0.53011465
0.37835604
0.49327362
0.46692413
0.4215001
0.25960773
0.33595252
0.26554257
0.32615092
0.26553267
0.29604092
0.1424391
0.15309046
0.23630539
0.1841869
0.08769746
0.067239255
0.102122895
0.14189224
0.12508124
0.1546598
0.29951742
0.23262209
0.2764949
0.2868585
0.33035195
0.46985245
0.7344524
0.65996546
0.64678645
0.6023124
0.5681736
0.5422339
0.49392337
0.36848783
0.28340566
0.19110698
0.1803214
0.1800967
0.18176119
0.37673545
0.301065
0.24799241
0.23321706
0.2532111
0.34761786
0.23715368
0.21403211
0.24819766
0.2947463
0.28673232
0.25566262
0.343662
0.3541857
0.4406183
0.3486498
0.40239093
0.41803584
0.40922746
0.44181603
0.5268235
0.34410667
0.41362038
0.52755916
0.5027942
0.3978817
0.43401054
0.25983658
0.24123114
0.13476679
0.24306318
0.1814547
0.18407898
0.20370327
0.26468784
0.32494423
0.29652965
0.336906
0.27746534
0.3214987
0.22529948
0.36110264
0.3767674
0.35219508
0.36942434
0.29993206
0.37789312
0.5012982
0.4229568
0.27804062
0.4538889
0.4238299
0.35080528
0.4363511
0.325653
0.37379396
0.34926587
0.49190778
0.6370563
0.4769964
0.6744972
0.5568624
0.59573543
0.50392807
0.5930139
0.5811983
0.6379227
0.5583221
0.7459668
0.7960544
0.55499214
0.74627185
0.65127015
0.7067152
0.6776484
0.79198986
0.7575
0.8443831
0.7086123
0.7654553
0.75146294
0.79549855
0.6971898
0.8149238
0.6924135
0.6082389
0.63706064
0.6105171
0.62254786
0.7681629
0.86083305
0.91805756
0.9151583
0.8772939
0.7832084
0.74642
0.541793
0.47705907
0.50880104
0.14627752
0.054237347
0.31350932
0.6291724
0.75179523
0.8100937
0.83964086
0.8407144
0.7549971
0.832631
0.8590509
0.7605242
0.6405947
0.63898885
0.5746543
0.52616173
0.64698905
0.5970996
0.6733378
0.5056382
0.54461503
0.5137337
0.5749532
0.6987087
0.70328
0.7025755
0.56896335
0.59883744
0.71490544
0.6923612
0.65355223
0.65534866
0.6146987
0.50930697
0.63586307
0.5598555
0.7458228
0.6399654
0.52001256
0.658138
0.49391875
0.71484876
0.61935717
0.6509651
0.5531749
0.65325654
0.5651672
0.6487917
0.599359
0.66196966
0.5981112
0.65432495
0.5984321
0.5094464
0.48284784
0.4513332
0.44749203
0.416574
0.5304497
0.61303806
0.7511146
0.7350917
0.7738311
0.77801603
0.76401734
0.81908184
0.9219823
0.95036453
0.9099556
0.9467131
0.9200534
0.89535874
0.8948216
0.90712625
0.92500097
0.7915088
0.89939183
0.86830926
0.9363478
0.92650265
0.8731872
0.8126946
0.796371
0.7204819
0.7428088
0.8418459
0.7802014
0.5026764
0.4923726
0.40573385
0.38438386
0.6241391
0.49376446
0.58980864
0.56046915
0.49176937
0.58258975
0.5847274
0.673759
0.7421124
0.61873585
0.7894582
0.7920347
0.8399175
0.81888753
0.80550075
0.82583857
0.89430004
0.92084444
0.857629
0.9670875
0.9260822
0.91344756
0.90002364
0.9166659
0.9559942
0.8448231
0.82167226
0.7760235
0.7598382
0.9181861
0.8509666
0.9195559
0.93562657
0.9393311
0.9646885
0.9172219
0.87411827
0.7559345
0.8534789
0.8553861
0.88048494
0.8878639
0.86191416
0.84820133
0.8507506
0.8184713
0.81893367
0.8262782
0.84932834
0.8482449
0.87296444
0.8545744
0.8884446
0.89807934
0.91292715
0.85413635
0.76292336
0.7951274
0.6583747
0.66859543
0.6656508
0.74885195
0.64737076
0.5447601
0.47260356
0.5168034
0.4636518
0.4830592
0.38650087
0.37363586
0.3191357
0.4992994
0.3977963
0.55168164
0.34930402
0.4749628
0.45374763
0.41809934
0.54998887
0.6345336
0.60301334
0.6940734
0.69793236
0.7041921
0.59420353
0.7232868
0.76649916
0.64757526
0.5192472
0.6549671
0.39374876
0.75988007
0.6123686
0.63180596
0.5892804
0.6041647
0.31096968
0.49203184
0.39773157
0.40448055
0.55838877
0.60293067
0.48555908
0.5233871
0.5397978
0.5183071
0.48113406
0.48241335
0.45029014
0.48353717
0.4260002
0.2896782
0.15345772
0.15532507
0.1342535
0.25799146
0.23826672
0.16850314
0.1659594
0.3268798
0.44704413
0.26194897
0.40210524
0.5353318
0.53076357
0.52150923
0.553497
0.6037988
0.663235
0.7014882
0.7351246
0.646491
0.5063399
0.6011437
0.8830791
0.82747203
0.93761677
0.8881807
0.77513593
0.81043285
0.75949824
0.8006332
0.85759705
0.79316366
0.6114347
0.58777076
0.7575665
0.7442995
0.79885477
0.7600066
0.7870767
0.8158295
0.64628273
0.5894949
0.6027523
0.6779648
0.6338228
0.56232923
0.48853853
0.30867758
0.47907558
0.57704216
0.53972113
0.59650296
0.60534567
0.49279416
0.5836734
0.5832239
0.6706023
0.64718896
0.5732942
0.4905903
0.37441012
0.47991598
0.43256837
0.37444192
0.406445
0.3957306
0.64494526
0.82093465
0.58965135
0.6367711
0.7663866
0.70886344
0.8701252
0.9275147
0.84859437
0.72760075
0.7828538
0.70858216
0.6831341
0.7037777
0.8016289
0.75018245
0.803456
0.8493557
0.7542346
0.7007957
0.8147883
0.7575593
0.77557755
0.84268653
0.8202314
0.74683744
0.7458994
0.7749531
0.7315144
0.6969122
0.6928555
0.66406083
0.52731305
0.2603822
0.58679295
0.511167
0.504993
0.4744752
0.5427414
0.60890925
0.7468332
0.71198064
0.66734797
0.71855044
0.70652205
0.54503316
0.48958805
0.49910387
0.40520716
0.36673725
0.3976792
0.33759987
0.31136653
0.2802966
0.26356894
0.34920204
0.4830319
0.43876567
0.4229337
0.5362614
0.4250483
0.36964718
0.28097928
0.24663079
0.4167242
0.42979997
0.45541248
0.45343202
0.5333634
0.4840369
0.5296178
0.35211703
0.47250566
0.33119777
0.4612033
0.4906777
0.25187168
0.38852882
0.39830476
0.18531983
0.08653556
0.09546905
0.36902902
0.47049242
0.4697903
0.37979385
0.3035508
0.32660106
0.21208476
0.15159863
0.09230934
0.104190394
0.077000715
0.052461494
0.026511874
0.08900848
0.06478606
0.06839716
0.15800829
0.12872915
0.12632489
0.17348716
0.19851145
0.14877991
0.21095735
0.08300436
0.0359036
0.065817796
0.023477586
0.009359625
0.008091284
0.02603201
0.022839513
0.018411072
0.01757373
0.022659153
0.64910823
0.5371035
0.6230351
0.886807
0.91612685
0.8893931
0.86349905
0.8152504
0.787669
0.8371656
0.84406173
0.8240872
0.7945385
0.799679
0.85603905
0.81821245
0.7060868
0.81522083
0.7704431
0.7797562
0.8512435
0.6912314
0.78542674
0.6891433
0.6605137
0.6687022
0.74130684
0.7136467
0.6770279
0.6415872
0.60590273
0.77726865
0.39650175
0.41348204
0.37482777
0.42555723
0.3624269
0.39012048
0.25809327
0.32793474
0.31724483
0.36035043
0.39531106
0.22224233
0.33235806
0.26650184
0.25997832
0.33592674
0.39824474
0.3832704
0.4666509
0.32697192
0.4581147
0.5356166
0.48798248
0.3880914
0.39121178
0.3591149
0.24244867
0.22162655
0.33313987
0.5185807
0.46601123
0.45412558
0.4350013
0.21893989
0.33433044
0.24845159
0.33617514
0.3853291
0.6398053
0.4351844
0.5812994
0.67740124
0.49065438
0.39428702
0.38923815
0.35290468
0.25004277
0.2947813
0.19788848
0.14953567
0.103927
0.12443158
0.10481719
0.14297001
0.21814565
0.21242577
0.15168042
0.11367772
0.2246798
0.18859184
0.13772282
0.16369869
0.11416289
0.14952543
0.26056504
0.10943943
0.1291429
0.07776575
0.064607635
0.047301497
0.08142002
0.11160598
0.11893005
0.17298101
0.12307539
0.18327145
0.11683328
0.16097833
0.11834324
0.14981055
0.11794466
0.11875006
0.13922408
0.13393936
0.106796026
0.0793766
0.04357715
0.060336236
0.050165974
0.05487909
0.046477363
0.031931877
0.04947821
0.04558175
0.08672145
0.07818923
0.058947414
0.06696789
0.036086977
0.09258102
0.09123993
0.04197793
0.029055998
0.03498952
0.04639643
0.061456304
0.042780522
0.077736676
0.092803136
0.0997327
0.06586949
0.1036961
0.066668876
0.027314419
0.051785793
0.025485484
0.021788146
0.01605626
0.014284524
0.02270859
0.021324735
0.021557698
0.027826589
0.026034096
0.06134728
0.032045178
0.03549051
0.037022408
0.0625179
0.08305523
0.19434859
0.16305174
0.083518445
0.09211902
0.06236379
0.19077212
0.14405978
0.163915
0.14237219
0.11726358
0.13085638
0.09467762
0.1434219
0.11868702
0.12293027
0.10160346
0.15859795
0.18267025
0.13578363
0.12942994
0.1559878
0.19935726
0.21847187
0.2724107
0.29498705
0.26944694
0.27635106
0.2777946
0.31378594
0.35962874
0.38769394
0.44089916
0.37769493
0.35411102
0.33230415
0.2855647
0.24818814
0.2383821
0.20401292
0.2250767
0.25654835
0.3012492
0.28386417
0.19412638
0.21852063
0.17632
0.12261832
0.0923092
0.12691694
0.103614755
0.1326966
0.08438857
0.083531946
0.035014316
0.051506843
0.048874244
0.04540114
0.037831247
0.041170407
0.035999205
0.045260902
0.093600385
0.06372028
0.04738765
0.086060055
0.11572248
0.19159041
0.14203312
0.08250481
0.077023804
0.13081367
0.12655619
0.09290535
0.11372043
0.045153216
0.11379202
0.072268315
0.08685635
0.19958083
0.15989786
0.19481938
0.19440506
0.16420802
0.19481942
0.19091308
0.22453494
0.16237749
0.12864843
0.13430794
0.21000032
0.2039898
0.1738716
0.17562662
0.1924824
0.1693674
0.18648568
0.16411318
0.15742524
0.2056935
0.23671086
0.2508335
0.16331354
0.18582278
0.12559213
0.07801801
0.08001832
0.045955125
0.06962949
0.08953571
0.13014928
0.16957492
0.21951137
0.3286229
0.50022477
0.25276288
0.3300218
0.3763058
0.27730957
0.3137757
0.19524994
0.28238675
0.36137652
0.29973465
0.38124368
0.37875128
0.43640408
0.14408313
0.23443885
0.17104232
0.173
0.16488728
0.16036244
0.16107316
0.12565741
0.100204974
0.08320328
0.15343411
0.13264509
0.106563866
0.09695726
0.0990499
0.10832208
0.124361485
0.14568208
0.17270395
0.16634162
0.14753674
0.16836104
0.14674108
0.16911006
0.1878817
0.22342585
0.28635398
0.27519485
0.21406054
0.16018058
0.13573426
0.21190444
0.122663006
0.11958493
0.16159286
0.17694049
0.15372294
0.14359872
0.1288045
0.18533096
0.16956314
0.21380627
0.22716184
0.24452043
0.332209
0.19174819
0.24351902
0.19086784
0.22441839
0.17544957
0.11709523
0.1454912
0.1765478
0.17554428
0.1623219
0.20573407
0.2216888
0.24642996
0.2563358
0.20024987
0.24014631
